0,1,2,3,4,5,6,7,8,9,10,11,12,13,14,15,16,17,18,19,20,21,22,23,24,25,26,27,28,29,30,31,32,33,34,35,36,37,38,39,40,41,42,43,44,45,46,47,48,49,50,51,52,53,54,55,56,57,58,59,60,61,62,63,64,65,66,67,68
1.0,0.9480869048333349,0.9554757417548606,0.9509216410371254,0.9317197916681725,0.9010074538687824,0.8942248659322248,0.884075397764693,0.9044665733278429,0.8588962369386209,0.880323547481856,0.7675273161591277,0.8022869029182986,0.8856859886140328,0.9279318700459952,0.7759475765709927,0.8130788335756415,0.7671141053635846,0.7121778565677488,0.6956650667091554,0.818703331196234,0.7140926015049004,0.6784584724475973,0.5481271898325826,0.8116843553615462,0.8656530196423509,0.9345750692762735,0.9616644194077059,0.9559398098835306,0.9324687813629187,0.8913799672225068,0.4541072062156337,0.9411273144498005,0.9123874666658459,0.9228492581666262,0.9019705415270136,0.9113762376251958,0.9405990652474988,0.8838591905106741,0.6571830145461924,0.8966330377520499,0.8958611352678958,0.8784653627619401,0.679523174176967,0.8271054450459554,0.5581965595163383,0.7827453578682437,0.43973652064137747,0.8741260564483333,-0.9501404371481302,-0.039781365509085224,-0.4215674214847168,-0.36991436140296674,-0.11409490150508078,-0.3156686841175598,-0.23945573121757735,-0.2137798973190932,0.3718894607859275,0.32651438364910057,0.7548713884029115,-0.9461811180500072,-0.004464616041609206,-0.40526711173279817,-0.3422418333945463,-0.22283687964096724,-0.23203148873142784,-0.07213962287334773,0.3359137364730065,0.421948593289143
0.9480869048333349,1.0,0.9483580740607447,0.9551603140180838,0.9463740098555152,0.9192494971729072,0.9306452514075967,0.9361097096085685,0.9271297341711431,0.9038282792356782,0.8942600468902842,0.7417286891676217,0.8559789960473319,0.9155252224251096,0.9587751222164503,0.8054748395023706,0.8680835896896661,0.8079022361265715,0.7121800540832658,0.7382465154585742,0.8249808135986768,0.7812097531989793,0.7307149941445452,0.625646053331413,0.8523693039675121,0.902520223844495,0.9578916412083471,0.9421679907250482,0.9723558644871008,0.9524895804357677,0.8978529389832803,0.508214858666389,0.9677700373622757,0.9564131272419474,0.9601905140162297,0.9436548967756303,0.9593474810292542,0.9764194156810792,0.9404415284777854,0.7017006376409702,0.9231351160052487,0.9484740946768337,0.9244488420579037,0.7488027830593661,0.8820201028502428,0.6355326231298206,0.8317693389928624,0.47730530702871643,0.8808586055827424,-0.975725565541841,-0.04297158617902454,-0.42019068949299093,-0.46124170072912657,-0.12476565689594361,-0.3119556389121471,-0.17037969328882188,-0.16319059869174987,0.4364896592279206,0.2929368087248841,0.740172603949802,-0.9787812400184676,-0.0033020029875951446,-0.41090009776129804,-0.4215153003508761,-0.22677257714762114,-0.28210622032247573,0.007654672009563142,0.39468848607408213,0.4200413470452308
0.9554757417548606,0.9483580740607447,1.0,0.964496682151208,0.9165689649683295,0.8925239299334413,0.927002529228773,0.8881619166979726,0.9074262246269724,0.8568827583759981,0.8562151186321818,0.7414467941595388,0.784308735434616,0.8854748733812945,0.9316731812849842,0.7592404789525207,0.8464871818518279,0.7825823671568483,0.6862008938979138,0.7143324940734277,0.7718266367688178,0.6981123006195588,0.6721773726171735,0.5472859033014514,0.8038707140888527,0.9112244916465251,0.9300632050170203,0.9433821345379076,0.9537748395827325,0.9195093406609031,0.8553767715415184,0.44135838021157603,0.9273377490011749,0.9221120364002172,0.9196872003295207,0.9050458781127808,0.9268379472667991,0.9427121559974982,0.8962965445836487,0.6388142236051393,0.9015457695787304,0.899605258100447,0.8713110810571377,0.6765427264413824,0.8314914232263688,0.5907683060855731,0.7872571535327433,0.3857665129611481,0.8757226334838207,-0.9482660611703113,-0.12389457582977016,-0.43770657632253734,-0.4040617893259944,-0.14783247505833505,-0.3290494345944639,-0.21296659767128037,-0.22711080685923637,0.3841978230460413,0.2902616087987942,0.762963650233311,-0.9544372518246559,-0.09415998447782724,-0.44253980222849326,-0.3976729824085637,-0.24567401093821295,-0.2736673977328582,-0.09177982503239906,0.3131130511382738,0.4067151617882479
0.9509216410371254,0.9551603140180838,0.964496682151208,1.0,0.9232889332476949,0.9209303777194635,0.9019482918777108,0.8766226308182722,0.9286600390189101,0.866686376271685,0.848152556238845,0.7861788477526708,0.8149029197394518,0.87979782023804,0.9335008691829466,0.8109784788918603,0.8175730437109952,0.7735453781374368,0.7131962939435389,0.7625516094168888,0.829467518996024,0.7302634721343984,0.7014580530175528,0.5582467326086686,0.779771364644731,0.8757583075780955,0.9291089504351816,0.9418183359176695,0.9476343958383524,0.9376764700939414,0.8857133490082626,0.4222053983202474,0.9274818825263246,0.915345888551722,0.9295101684909887,0.9185011830756932,0.9248845089053245,0.9489431235212171,0.9028725304530137,0.6814337554191557,0.9054422140153268,0.8930534475007468,0.8672315047778124,0.6697993847049056,0.8276683132511227,0.5764471473118382,0.7654684691939888,0.439212756648555,0.8597244679049443,-0.9606740888930017,-0.08716829919954729,-0.39048194102427575,-0.3895392949391058,-0.14892335812433594,-0.31332454317416236,-0.19675056584154516,-0.26248823205330546,0.339087889107,0.2689142549000792,0.760898942825705,-0.96195602069625,-0.050429933446968604,-0.3902088681103094,-0.3807235837999729,-0.25262412201740964,-0.2502941331517673,-0.12536394655931454,0.2764436448861253,0.39161103197782987
0.9317197916681725,0.9463740098555152,0.9165689649683295,0.9232889332476949,1.0,0.9318359575227185,0.8816800221737834,0.9010607860990943,0.9008092079020643,0.8997124297071958,0.86022284625008,0.7383852803511436,0.8241115063034309,0.8826480014074078,0.9142496861563656,0.77140716285916,0.8142573241469054,0.7643482843919338,0.680008719362654,0.7222336201866446,0.8325814787756239,0.7278025275984177,0.673253770105829,0.5635665633511993,0.8153329818922053,0.8425890521417391,0.9183913118444699,0.9144257624404961,0.9367065868298453,0.9073232736969493,0.8570586734085156,0.4642644892333287,0.9518073598330697,0.9137016683430135,0.9140141159187518,0.8897407631796186,0.9137179128878438,0.9334530987615733,0.8849509682253449,0.634151876220734,0.8966520187429079,0.9001956466552735,0.8794127098097219,0.7083015638250647,0.8385885234514044,0.5681102382385638,0.7957009405358718,0.44231852546429146,0.8529459449296197,-0.9379132018268813,-0.02105383977913419,-0.397983112515771,-0.38510656258852327,-0.09359180201607992,-0.2684590077001509,-0.15320639333859343,-0.18039879821256347,0.4126136294848936,0.2757177359489426,0.7078233468369218,-0.939275730794418,0.01619052137173983,-0.3833798510209091,-0.34094589226942873,-0.20317572869932493,-0.2613045053993028,-0.014172081927008973,0.3849826269402775,0.3910529733973115
0.9010074538687824,0.9192494971729072,0.8925239299334413,0.9209303777194635,0.9318359575227185,1.0,0.8155431838785315,0.8406749827754332,0.8863059416932284,0.8933854300627803,0.7679116092992373,0.7536120640988929,0.8383409173216837,0.8158522337042045,0.8769084428707546,0.7775701094204733,0.7115568254211854,0.7302402790169651,0.7316244842545764,0.8236292012654157,0.8260919330493863,0.7011346824299204,0.6804945561285949,0.5288928644003519,0.7128409230673548,0.7722356791441072,0.8801838656123642,0.8940976264798759,0.8973945907230712,0.8702457932283443,0.8392574387928569,0.3636404924210624,0.9112525517385681,0.8590208910393153,0.8726661777292313,0.8458287105000196,0.8676479744342308,0.8984183293569877,0.8555748538932247,0.6219749935636043,0.9076601546759976,0.8612338977920836,0.8476485473797496,0.6950602711066279,0.807699307738618,0.5959657328858385,0.7020762611814964,0.46787365148066984,0.7805811211612396,-0.9115585412976261,-0.0031479634956842425,-0.3111392666183223,-0.32931578928199307,-0.06553464586202637,-0.24172853410883333,-0.17459752622922053,-0.2606536593275923,0.33103939710315766,0.29140888361905065,0.7200743660743575,-0.911617456272117,0.0822332074329591,-0.2917687379784233,-0.29017127796933495,-0.17633994709127887,-0.21961627533903905,-0.10936881609340582,0.3118615548436122,0.3760962137065513
0.8942248659322248,0.9306452514075967,0.927002529228773,0.9019482918777108,0.8816800221737834,0.8155431838785315,1.0,0.8834574274498618,0.8839326467909473,0.8271189004080491,0.8634809956872601,0.6088717282078581,0.7753984327598596,0.8671163093774336,0.9280728700833016,0.7143835754572951,0.9430754362516851,0.8512048403503162,0.6958273654690403,0.6475012408091588,0.70779654627552,0.7866328489378004,0.7240934755917273,0.5616399038716855,0.8621219706882628,0.9572378811061071,0.9093455937905237,0.8653664432157224,0.942004081054248,0.8787511798918262,0.8151364364199253,0.5470084391414245,0.8967284023042157,0.9203480567400777,0.9185608641581677,0.912911089965267,0.9223535533282594,0.9230609178260025,0.9085876343105571,0.6428204392028669,0.8334726035634005,0.9355482176276928,0.8935643178141772,0.654390536110882,0.8235065690851966,0.5918493902470459,0.8784071266267103,0.3552025894551974,0.8646130180841072,-0.91682084721767,-0.10398367509580815,-0.5498853637352044,-0.507934784916976,-0.21123638816689877,-0.3678438406374645,-0.18529399774959737,-0.17167320104579692,0.46596261590899024,0.20007531905945183,0.7361684054501413,-0.9379830505264062,-0.13599865670194125,-0.5620813523773893,-0.48136066496113156,-0.29610239807724403,-0.32362136111320844,0.005596741210916306,0.394817480629198,0.3341113034914435
0.884075397764693,0.9361097096085685,0.8881619166979726,0.8766226308182722,0.9010607860990943,0.8406749827754332,0.8834574274498618,1.0,0.8208687540018309,0.8715329156952001,0.9122712629066362,0.679725944025745,0.8228140051087327,0.9285252532131419,0.9290118222189553,0.7505209234050373,0.8343553915753329,0.7364174555146746,0.566952300090254,0.6099464035223631,0.7773199580686053,0.7094455611273567,0.6904407252986602,0.6370257215920792,0.9025568528040306,0.8738549081283976,0.9359785318753335,0.8761470134289461,0.9130898381461406,0.920325742055375,0.830468360362013,0.5097052551258541,0.9542444580357747,0.9654999777012455,0.9271030894349401,0.8855501999745308,0.9506731283739152,0.9437080179124079,0.9190517239091095,0.6497360248486557,0.8813342879391575,0.9067843868427016,0.8946588376698478,0.8445387393800327,0.880892919215925,0.6531959071200443,0.8419642419380596,0.43865595656075795,0.8714826514580077,-0.9207393771795772,-0.05433089683099282,-0.42824216582971575,-0.5114548356078484,-0.12112901526205472,-0.32155354128823666,-0.07962523995966546,0.04455504444165972,0.6018939561901743,0.31936246481901226,0.5916391910851222,-0.9326635980354089,-0.02915938471725276,-0.4033667871424999,-0.43843127553044803,-0.20784990813557938,-0.29116883343362937,0.22656896815519892,0.5661832271520305,0.46532420299853827
0.9044665733278429,0.9271297341711431,0.9074262246269724,0.9286600390189101,0.9008092079020643,0.8863059416932284,0.8839326467909473,0.8208687540018309,1.0,0.8612107755657282,0.803871633202721,0.723763730163811,0.7833012442835704,0.8392936211704926,0.8964892932240113,0.7707622410150551,0.8239753754339046,0.7580942906838096,0.7064993530669255,0.7453008157468297,0.7900392489845929,0.7473809629494825,0.6704412651227167,0.53910753605039,0.7556050776820373,0.8464434626911879,0.8848167663823063,0.8966333174958265,0.9221446696027008,0.8969367078396286,0.8632038213902543,0.46713573633448874,0.8910427847439317,0.8688470281476067,0.8983995234139179,0.908533881570373,0.8859351982135503,0.9164306419858564,0.8661568243741626,0.6648219262765619,0.8531665623618302,0.8889279203579564,0.8551692521649745,0.5871016419237945,0.8113403801049257,0.5786475755085617,0.7637014780397546,0.4328803341884125,0.8095193410248834,-0.9246016810908261,-0.06609978206104958,-0.3669217624885086,-0.3810485491957045,-0.10099045135535807,-0.2590330183062479,-0.1589210906869588,-0.30804769519491015,0.2783403891000738,0.210908349221285,0.7552061423001785,-0.9279682298723524,-0.03440608248909481,-0.3763562794846189,-0.3863658905359316,-0.20617306610054145,-0.22143460768222306,-0.18700042544183934,0.22759453533167287,0.32931308757865363
0.8588962369386209,0.9038282792356782,0.8568827583759981,0.866686376271685,0.8997124297071958,0.8933854300627803,0.8271189004080491,0.8715329156952001,0.8612107755657282,1.0,0.8050991144810576,0.7187996842147512,0.8163848386348636,0.8223903088920786,0.8620981167550643,0.7462409341170179,0.7776917980126773,0.7129404744068998,0.6015372888587189,0.73679427412284,0.8140035380497319,0.7077818665313959,0.6703439164931426,0.6142300185213517,0.7540453180381917,0.8188513474395013,0.8751387973740778,0.8726742572268624,0.8792852175789351,0.8644531188564094,0.8469049670362369,0.49914668790862515,0.9035283740011587,0.866598688625622,0.8807241016076052,0.874277685188439,0.8632829720909357,0.8923141192433585,0.8599631308241777,0.6528931516236376,0.8937982838807753,0.886409183619562,0.8986232215736324,0.780466550003186,0.8936614396539053,0.7298973820509062,0.7802981807788419,0.4868187334663629,0.7743576460606295,-0.8932424087125753,0.030859957885452212,-0.34669433428875174,-0.4404993846523743,-0.08800776662133736,-0.26618936701534396,-0.1439654637505269,-0.08990229980651669,0.4287924730938941,0.31315173490937886,0.6665939970891881,-0.8995432195617677,0.061028215141078486,-0.33180501489280156,-0.3781841677539242,-0.1973336422561625,-0.2885128376686419,0.08254879796662183,0.4067820866609404,0.44029239155054345
0.880323547481856,0.8942600468902842,0.8562151186321818,0.848152556238845,0.86022284625008,0.7679116092992373,0.8634809956872601,0.9122712629066362,0.803871633202721,0.8050991144810576,1.0,0.6543985782706883,0.8038164246062763,0.8636749744014841,0.8934771694244471,0.7342505928030968,0.8283766079430119,0.7477851652490877,0.629307039920422,0.48025504133080954,0.8008206975919944,0.7200339830247964,0.716240792163155,0.5947901962956114,0.8997453180233128,0.8524932608181125,0.9071206650996219,0.8723523763735216,0.8967673470821561,0.9144082175751885,0.8674612481092281,0.45447895158426094,0.9038003909976103,0.9080280251336166,0.9190549323372335,0.8706800517226727,0.8985275270471019,0.9100510415074492,0.9012851254683337,0.6754508089615376,0.8152328693189475,0.8744353142329059,0.8486495378675949,0.7346934455360831,0.8175630326530501,0.5661503766255365,0.8122979343798173,0.43904189845960934,0.8332515623691223,-0.8968199538263185,-0.013902084773804052,-0.41314754056580244,-0.442477390558837,-0.13538850648422596,-0.35067832787588993,-0.1527316288627548,0.010185387601098632,0.5090522005256611,0.296689346552426,0.6291940557755384,-0.8978539907337765,-0.0016514361898636646,-0.3959868678198673,-0.4062621165157284,-0.22992787429942096,-0.2855035061204485,0.16377486501243754,0.46895137341438586,0.4315559577005669
0.7675273161591277,0.7417286891676217,0.7414467941595388,0.7861788477526708,0.7383852803511436,0.7536120640988929,0.6088717282078581,0.679725944025745,0.723763730163811,0.7187996842147512,0.6543985782706883,1.0,0.6675662620920043,0.634511215906965,0.723320000362067,0.8385147681212413,0.5447551415434908,0.5488260828306001,0.5581021081228917,0.6948192845544703,0.7719139997938509,0.5474473364211438,0.624315724308954,0.48319821053112666,0.481427027469637,0.6235984543799883,0.7633434187209801,0.7978911230469757,0.7096015959764166,0.776171248684956,0.7712616525470019,0.35182826744438267,0.7443184727370131,0.6610581001764598,0.7126440410136492,0.7227119828779601,0.6721000800076058,0.7612227078246032,0.6770929865312805,0.6715880555677766,0.754206582893128,0.6246163314845748,0.677330210239333,0.6762099027352134,0.6981918190096175,0.4565445162055825,0.5457792176615921,0.5604123657088379,0.6458938374377424,-0.7918270103196906,0.12597064753762832,-0.291635403085299,-0.3005306761391075,-0.23524568517885652,-0.25163717640410865,-0.3812193619801099,-0.1308041987178752,0.22947340717907924,0.29253520800817984,0.5886448634660317,-0.7423073119936209,0.17358878395946348,-0.21857386741548931,-0.26615183499058515,-0.30977870878832575,-0.2039635464445107,-0.05394272658269883,0.13810321673353493,0.39237224527488473
0.8022869029182986,0.8559789960473319,0.784308735434616,0.8149029197394518,0.8241115063034309,0.8383409173216837,0.7753984327598596,0.8228140051087327,0.7833012442835704,0.8163848386348636,0.8038164246062763,0.6675662620920043,1.0,0.7527670221466648,0.8203428274708282,0.7765873243397541,0.6926942524026729,0.7159406374706728,0.7793767274179864,0.7217611326921284,0.7993093892503099,0.7678285392631853,0.8101690140575639,0.5209771422411386,0.7288839145618131,0.7631829151733885,0.836167750077379,0.7890269586479305,0.8223621167941946,0.8348240900893255,0.7992207549183414,0.3339361140719005,0.8422170344994375,0.8114306338409636,0.8518282855999284,0.8130094887761554,0.8260738623833679,0.8540042733321799,0.8857139437867245,0.6816014142761387,0.8340231396285429,0.8537224555560918,0.8646825802586298,0.7436778901855847,0.7505520641394376,0.6121602868609306,0.7292823714516992,0.48036884409584185,0.7305288409163394,-0.8557230448529161,0.03658882030783732,-0.3469739003671587,-0.4598227604517148,-0.121909586272147,-0.2834357743137412,-0.18562241023928228,-0.12073128554336605,0.4227734328685145,0.2755363746554454,0.5869986942578812,-0.8423060322786587,0.09934362015116227,-0.3099628857230019,-0.41144576747313866,-0.20740865714548518,-0.28774890161246697,0.0581019736242482,0.39839157032875644,0.41642751578959103
0.8856859886140328,0.9155252224251096,0.8854748733812945,0.87979782023804,0.8826480014074078,0.8158522337042045,0.8671163093774336,0.9285252532131419,0.8392936211704926,0.8223903088920786,0.8636749744014841,0.634511215906965,0.7527670221466648,1.0,0.8864108144689739,0.6672533185048748,0.8070313622046946,0.6733558219365582,0.5410925772691175,0.6008568675222498,0.7565789735420476,0.656902116845441,0.6008921020792966,0.5815509916897078,0.879280597704445,0.8369852056788697,0.8959143794993842,0.8590044859634816,0.9016336235853984,0.8954228529889439,0.8001498625576771,0.4810916324804318,0.9176829190177671,0.9486230499129263,0.8865461458717806,0.8741702309262385,0.9392483964610816,0.9170761213813227,0.8735723103505943,0.5786522421527943,0.8384096247774183,0.88034856945302,0.8502382208964624,0.7015626112415426,0.8201603139268198,0.570112666940272,0.7909389764182876,0.35967498847140456,0.8900342477786849,-0.8955004643261993,-0.14773086214963532,-0.38369186988067744,-0.4484421548920633,-0.02705146144653773,-0.30326668549630675,0.004335258494200796,-0.065240480672779,0.5180661264284997,0.2940988591678236,0.6089907518364305,-0.9086790578920774,-0.10054202163220877,-0.35630250435492555,-0.3883608508641223,-0.1073777530220316,-0.24137660375652292,0.10559184815767184,0.49016426421120307,0.38912156524755287
0.9279318700459952,0.9587751222164503,0.9316731812849842,0.9335008691829466,0.9142496861563656,0.8769084428707546,0.9280728700833016,0.9290118222189553,0.8964892932240113,0.8620981167550643,0.8934771694244471,0.723320000362067,0.8203428274708282,0.8864108144689739,1.0,0.810682692124068,0.8760451619176519,0.8018898860763506,0.6849138808796705,0.6724599071430506,0.7864134068845517,0.7732251680047759,0.7316022680075251,0.6010238391470758,0.8617728038174493,0.9002794835742712,0.9561201557913348,0.9103581423821749,0.9509369279385785,0.9330149477349533,0.8717110121420669,0.5368414525349177,0.9477300645592025,0.9526853721231182,0.9470332494649923,0.9285540949494533,0.9431452089283401,0.9619407923476945,0.9227798533777546,0.7070037631682288,0.8802102547846276,0.9206616288555795,0.8885079973351839,0.7425195276667133,0.8589302735008283,0.6186408414586153,0.8570424004483506,0.4627680333573293,0.8728656638341638,-0.9598777498518011,-0.015663028810387468,-0.48836743821177064,-0.48391368184090383,-0.20130620429025992,-0.359816336157826,-0.1679082443898092,-0.14845065937471968,0.43721504553368956,0.24061085267862173,0.70276457938218,-0.9672364270867543,-0.011704093429379381,-0.4847671637622204,-0.43478898439950403,-0.3031434342052412,-0.279575006970602,0.015112034141614581,0.3903927330931585,0.3841970315174807
0.7759475765709927,0.8054748395023706,0.7592404789525207,0.8109784788918603,0.77140716285916,0.7775701094204733,0.7143835754572951,0.7505209234050373,0.7707622410150551,0.7462409341170179,0.7342505928030968,0.8385147681212413,0.7765873243397541,0.6672533185048748,0.810682692124068,1.0,0.6487299233822642,0.6719527364245063,0.6713703943037426,0.6883360224740864,0.7464022329716593,0.7272023677959359,0.7730180632960587,0.5366765067933894,0.6249770982750623,0.7215097220565128,0.8311597812799613,0.7934130111184166,0.7714454251981394,0.8182172633334732,0.8011529933113082,0.3845946024117474,0.7940866998871607,0.7460238598858776,0.8070738296260829,0.8008097801021736,0.7586692283582884,0.8276029523262268,0.8000280653023217,0.8027899327717297,0.7630549872384884,0.7399352341975184,0.7537300102012707,0.7078408897794997,0.726151698068619,0.5032682417084826,0.6718429034813487,0.6105011994446639,0.7170034883620117,-0.844916307380613,0.11951370655720404,-0.38486185478248225,-0.41043506768319976,-0.240139882747654,-0.29709492257856884,-0.3239407050580419,-0.11924887483502579,0.34253938090594205,0.2498424957581764,0.6183027149350859,-0.8120539900650897,0.15028794810018756,-0.3182930504796856,-0.35882950722318785,-0.3352244516320362,-0.2627165098128571,0.004634163804869533,0.2509616799643711,0.40020429813292835
0.8130788335756415,0.8680835896896661,0.8464871818518279,0.8175730437109952,0.8142573241469054,0.7115568254211854,0.9430754362516851,0.8343553915753329,0.8239753754339046,0.7776917980126773,0.8283766079430119,0.5447551415434908,0.6926942524026729,0.8070313622046946,0.8760451619176519,0.6487299233822642,1.0,0.840788376247994,0.5887171444352499,0.5383924143247274,0.6460844063513353,0.7746857312298078,0.6679820971622867,0.5769531088721834,0.8375651434756018,0.9262774038497589,0.8539577303425274,0.7884247388657764,0.8747799937750421,0.8154803042773479,0.766414940117666,0.6631203127409994,0.8340716764384513,0.8697957631602258,0.8705490540186002,0.8797658807179185,0.8669196813624949,0.8626305302280397,0.8463273947809078,0.5871623460854454,0.7451294560661201,0.8912635243485298,0.8487129287087789,0.6180865787793842,0.8019305914194667,0.5712119696640703,0.9030078885258206,0.32304457870568665,0.8133956484507291,-0.8538784425724278,-0.051525467569461726,-0.603458805931069,-0.5896681062084763,-0.30878576624543413,-0.3728398616918179,-0.19030790399495034,-0.09195448240166855,0.45495852909469847,0.1062486341657552,0.6801366791606226,-0.8785501181615984,-0.13652420403684273,-0.6251533666036084,-0.5636343566946372,-0.3817634622173682,-0.3350483058243465,0.07694690040461073,0.37431711337794393,0.2860994859812166
0.7671141053635846,0.8079022361265715,0.7825823671568483,0.7735453781374368,0.7643482843919338,0.7302402790169651,0.8512048403503162,0.7364174555146746,0.7580942906838096,0.7129404744068998,0.7477851652490877,0.5488260828306001,0.7159406374706728,0.6733558219365582,0.8018898860763506,0.6719527364245063,0.840788376247994,1.0,0.737010710823694,0.6198397083128788,0.6654168834969982,0.7943004505563359,0.7231199461461522,0.4973599919215922,0.7248601214905367,0.8223600266913853,0.8039299740806211,0.7462035747991738,0.809293793189256,0.7568494109998708,0.7662498297730062,0.4761477332430814,0.778145046932923,0.7577781166164249,0.8165687769470339,0.7615719694871675,0.7735543720252746,0.7938702440771749,0.8047326397909425,0.5307063406543869,0.7175103986540416,0.8009022272530802,0.7688899624423785,0.559659583200121,0.6904082282605647,0.4733520538962057,0.7472007904762202,0.449894127911801,0.7064023823907053,-0.8150110632636288,0.032028355386698716,-0.5517803625533554,-0.5232882986757201,-0.368973223943017,-0.32867555092377154,-0.29214186393176717,-0.23158640943911876,0.33317506122209994,0.14571440437861571,0.7285966178450365,-0.8175886027258981,-0.020242839583307796,-0.5761583010385682,-0.5353956827012005,-0.4569469059388635,-0.3167607479793273,-0.04625935101861071,0.24428003014336708,0.29564745259580166
0.7121778565677488,0.7121800540832658,0.6862008938979138,0.7131962939435389,0.680008719362654,0.7316244842545764,0.6958273654690403,0.566952300090254,0.7064993530669255,0.6015372888587189,0.629307039920422,0.5581021081228917,0.7793767274179864,0.5410925772691175,0.6849138808796705,0.6713703943037426,0.5887171444352499,0.737010710823694,1.0,0.6809994971990417,0.6650022283050665,0.739015729047564,0.7636287954662785,0.3326923752132813,0.5179827111586737,0.641984898724532,0.6761993840025942,0.6827861737095688,0.7214817077184914,0.6603076481989814,0.6998492524725805,0.2169830552852945,0.6503508939366882,0.6107971466287795,0.6907079039595818,0.6593906354263313,0.6370624009787551,0.6921909600566286,0.724620997873674,0.5942524263246685,0.655425828567106,0.7168390669251891,0.6849018600151365,0.43262985688738154,0.5231565535483842,0.3744525935100728,0.5635206972157405,0.4119813841338048,0.569871940585467,-0.7196790253399161,0.057547659420344,-0.36018366050435957,-0.2877334161771198,-0.15995557820269704,-0.2610814074274186,-0.3481431512895815,-0.3741825936362761,0.1763336673812634,0.19219969928103892,0.6881600390275688,-0.6982777540071339,0.14046373125184772,-0.3357994992981946,-0.3090453856011381,-0.2237291309822849,-0.2478483672477541,-0.22701979612527354,0.17407806038041282,0.2704058994855529
0.6956650667091554,0.7382465154585742,0.7143324940734277,0.7625516094168888,0.7222336201866446,0.8236292012654157,0.6475012408091588,0.6099464035223631,0.7453008157468297,0.73679427412284,0.48025504133080954,0.6948192845544703,0.7217611326921284,0.6008568675222498,0.6724599071430506,0.6883360224740864,0.5383924143247274,0.6198397083128788,0.6809994971990417,1.0,0.666588846004052,0.6427246667426205,0.5995795517873796,0.44162799055145896,0.42786735370713336,0.6126007132172763,0.6875128414347101,0.6981898028005427,0.6985733667755804,0.6700084330661892,0.6578985744924482,0.31693312356357867,0.691133363849213,0.6350252577219648,0.6623621708567329,0.6737548949656391,0.6531281711941302,0.7085879280878632,0.6782546789261577,0.5347592870797258,0.7647098994492163,0.6796917523984692,0.7157346605483003,0.5589360049215395,0.6459382782042172,0.4897165380688585,0.5126672743552992,0.4211473980015469,0.5767836926136921,-0.7378441172366849,0.034972667653156216,-0.28439118301282607,-0.3690419835201526,-0.12416789146550256,-0.1587986273117182,-0.2452163440226938,-0.3534193229521629,0.16629350511467156,0.18916151627499442,0.6267747576775289,-0.7213537537147133,0.12425676311110805,-0.2593332942100502,-0.3355667196077065,-0.1874419214357388,-0.18126934234965,-0.1965303455045887,0.13057307860277376,0.2708009701152404
0.818703331196234,0.8249808135986768,0.7718266367688178,0.829467518996024,0.8325814787756239,0.8260919330493863,0.70779654627552,0.7773199580686053,0.7900392489845929,0.8140035380497319,0.8008206975919944,0.7719139997938509,0.7993093892503099,0.7565789735420476,0.7864134068845517,0.7464022329716593,0.6460844063513353,0.6654168834969982,0.6650022283050665,0.666588846004052,1.0,0.6931499393335483,0.6645920126473277,0.47713013868890836,0.6932141912590027,0.6885583637150519,0.8029094224211828,0.8169440912126315,0.7936460204321623,0.8423447059210077,0.8797142078479974,0.3317971294840886,0.8300396627384578,0.7808505596838992,0.8185849579967158,0.7777054355214141,0.7792660705473974,0.8170367995474695,0.7955054300292188,0.6013638425655168,0.7960862207718723,0.7781346144936467,0.7879944138967485,0.6473206734123087,0.726946720979241,0.4844844243366213,0.6420919118137609,0.44684165505103013,0.7194038675841817,-0.8351734629198688,0.07596592093082545,-0.2953707434651948,-0.3443611521465858,-0.10737250279567928,-0.25910803047404124,-0.14686436449978146,-0.13348964877471337,0.3152091373807791,0.28727741958605135,0.6144845959056772,-0.8214456547464503,0.16245370840708845,-0.25812065354319136,-0.33852781499239354,-0.22405052611351373,-0.19733376125202878,0.0250254178683903,0.3187469609086544,0.39465306809064
0.7140926015049004,0.7812097531989793,0.6981123006195588,0.7302634721343984,0.7278025275984177,0.7011346824299204,0.7866328489378004,0.7094455611273567,0.7473809629494825,0.7077818665313959,0.7200339830247964,0.5474473364211438,0.7678285392631853,0.656902116845441,0.7732251680047759,0.7272023677959359,0.7746857312298078,0.7943004505563359,0.739015729047564,0.6427246667426205,0.6931499393335483,1.0,0.8050825590358808,0.5606618704622925,0.7170601177538823,0.742365256416408,0.7767841377066208,0.693269635086616,0.7692344916190976,0.7456649511891619,0.8145209129507656,0.6112702665419896,0.7493088019733211,0.733199898301936,0.7984428973217672,0.8103621718501017,0.7353849912185341,0.7822094645877696,0.8102526922904496,0.7258926254345873,0.6776815630286583,0.7895463040305779,0.790575259705674,0.5708981037015735,0.7007739679288475,0.4593489260886886,0.7747131858930848,0.5392340753896309,0.6670287194354566,-0.7800109054861474,0.11500493810817265,-0.5221134847294081,-0.5274091431376762,-0.28382483942495673,-0.3282076815573147,-0.21529915112111542,-0.1391492986613997,0.3585984547874881,0.11244738579467144,0.6815434566167332,-0.7845568820340749,0.10047429888029673,-0.5094511033741642,-0.47825407021119926,-0.36736776287266765,-0.3339959013846054,0.05445249505867051,0.3218260831122683,0.278739622932715
0.6784584724475973,0.7307149941445452,0.6721773726171735,0.7014580530175528,0.673253770105829,0.6804945561285949,0.7240934755917273,0.6904407252986602,0.6704412651227167,0.6703439164931426,0.716240792163155,0.624315724308954,0.8101690140575639,0.6008921020792966,0.7316022680075251,0.7730180632960587,0.6679820971622867,0.7231199461461522,0.7636287954662785,0.5995795517873796,0.6645920126473277,0.8050825590358808,1.0,0.4392304977607907,0.629594694876494,0.700397491005579,0.7464080183400145,0.6651259545414263,0.7078645292012075,0.7065789945656094,0.6954279008713053,0.34705336566812284,0.7086793970362432,0.6847130527158963,0.7409250366364398,0.7522467972316232,0.7025548517100539,0.7496885726396508,0.8344907146346857,0.7833058543080026,0.6813150260226587,0.7316379790244766,0.7492925638191998,0.620544537298864,0.6353670663612978,0.45164908923600344,0.7187203278863845,0.551212608643132,0.626185583813257,-0.7533814050798427,0.07019881341418346,-0.47373671998698336,-0.4797286644050148,-0.30528948771161274,-0.3926262968271344,-0.2867544385067867,-0.05482396557789064,0.42710261684032125,0.15354383255904358,0.597353543784087,-0.7399434994431318,0.07718736416423473,-0.4220607246021214,-0.41582705121793007,-0.3670633938022886,-0.3562138085235482,0.08403458647286309,0.3530706026689503,0.3273008320689005
0.5481271898325826,0.625646053331413,0.5472859033014514,0.5582467326086686,0.5635665633511993,0.5288928644003519,0.5616399038716855,0.6370257215920792,0.53910753605039,0.6142300185213517,0.5947901962956114,0.48319821053112666,0.5209771422411386,0.5815509916897078,0.6010238391470758,0.5366765067933894,0.5769531088721834,0.4973599919215922,0.3326923752132813,0.44162799055145896,0.47713013868890836,0.5606618704622925,0.4392304977607907,1.0,0.5764089900423519,0.572881317247864,0.6404984028418811,0.5979359934597096,0.610267640304838,0.6553607595729012,0.6060647620824565,0.6754650825436207,0.6184182678105631,0.6218334797157284,0.6259042650681371,0.6849176563852514,0.6147898613637606,0.6363378407178806,0.595177932733651,0.6111052783190466,0.5875635361700667,0.6039820499445595,0.6004219520945886,0.6225203278174691,0.6873566502091256,0.5705335985823429,0.5545562516617288,0.6930854328855237,0.5162776235576098,-0.6258319503443743,0.08261961001240595,-0.121840304303833,-0.36856200298088876,-0.11806542231494979,-0.1230045700071687,-0.1149954740702045,0.019140538287620145,0.2971103903798506,0.2139497399634332,0.34988844185706053,-0.6191451790107382,0.06825628394421153,-0.11444069491744016,-0.2721256916521283,-0.14425528656606548,-0.15336593097922036,0.16966335113564124,0.27186771678408317,0.3072969112251561
0.8116843553615462,0.8523693039675121,0.8038707140888527,0.779771364644731,0.8153329818922053,0.7128409230673548,0.8621219706882628,0.9025568528040306,0.7556050776820373,0.7540453180381917,0.8997453180233128,0.481427027469637,0.7288839145618131,0.879280597704445,0.8617728038174493,0.6249770982750623,0.8375651434756018,0.7248601214905367,0.5179827111586737,0.42786735370713336,0.6932141912590027,0.7170601177538823,0.629594694876494,0.5764089900423519,1.0,0.832851025116859,0.8754886383941536,0.7728851734764359,0.8531127712906684,0.8491732131380297,0.7764387818588953,0.5303679663928592,0.8768939730343864,0.9071243270066923,0.8755473508446706,0.8346148402993198,0.8849569877125846,0.8613181177390127,0.8590368850227459,0.5683156848255183,0.7412544594817025,0.8644065318140871,0.8177471479209905,0.683544743443643,0.7807605632734871,0.5598546100313517,0.839344791049771,0.3577613283130258,0.8228313262941727,-0.8347123758279348,-0.09326311811223234,-0.46414513521286666,-0.5129718285622411,-0.12007742892102773,-0.32720554120832185,-0.005063929193412824,0.04114435320126551,0.5612851993004914,0.22038462818999,0.559578698953029,-0.8612281119528777,-0.0841250688424558,-0.47778201779880963,-0.4513872590628026,-0.20990437498263642,-0.28913263176983456,0.2250968160449975,0.5326910882744884,0.3508066697981295
0.8656530196423509,0.902520223844495,0.9112244916465251,0.8757583075780955,0.8425890521417391,0.7722356791441072,0.9572378811061071,0.8738549081283976,0.8464434626911879,0.8188513474395013,0.8524932608181125,0.6235984543799883,0.7631829151733885,0.8369852056788697,0.9002794835742712,0.7215097220565128,0.9262774038497589,0.8223600266913853,0.641984898724532,0.6126007132172763,0.6885583637150519,0.742365256416408,0.700397491005579,0.572881317247864,0.832851025116859,1.0,0.8937016462388402,0.8533063904834676,0.9092070564642063,0.8608941780692709,0.7928483139081757,0.5269712083031163,0.8688055173139162,0.8973261717599512,0.900084793258354,0.8901902138197411,0.9005984592387698,0.9022083023674579,0.8922040671061653,0.6501415962400238,0.8215517215820585,0.9188756087601005,0.8958189406857897,0.6925874680338681,0.8222592958456418,0.611873187978292,0.8635233849922089,0.34808104777498877,0.8508430722263431,-0.8944606218654393,-0.09570354820280683,-0.5377105354558146,-0.535637301086226,-0.2200939323493382,-0.37957469668139504,-0.22952848519492938,-0.09680801405206972,0.5024179664070901,0.24158340545291443,0.706221620757462,-0.9112465486913076,-0.12412460429457237,-0.5528864752553113,-0.5113877035879855,-0.30237445472370544,-0.3303110220539011,0.07623085062415141,0.40530805903496747,0.37842353863460876
0.9345750692762735,0.9578916412083471,0.9300632050170203,0.9291089504351816,0.9183913118444699,0.8801838656123642,0.9093455937905237,0.9359785318753335,0.8848167663823063,0.8751387973740778,0.9071206650996219,0.7633434187209801,0.836167750077379,0.8959143794993842,0.9561201557913348,0.8311597812799613,0.8539577303425274,0.8039299740806211,0.6761993840025942,0.6875128414347101,0.8029094224211828,0.7767841377066208,0.7464080183400145,0.6404984028418811,0.8754886383941536,0.8937016462388402,1.0,0.9266886427084909,0.9478941840790824,0.9471850987300038,0.8917644615602033,0.529841350019223,0.9578212781190808,0.9444946652409337,0.9498575574672586,0.9305704174884386,0.9395952822111183,0.9666243363815006,0.9286528691667448,0.7163814612688986,0.8932418871458009,0.915457166890959,0.901636287009262,0.7862071129808733,0.87422159811239,0.6287392518229933,0.8409402249341288,0.5260024251796429,0.8655954640025978,-0.9673719126332644,0.012363249613732254,-0.46598189891351277,-0.5034183840582411,-0.21396094571680727,-0.3562131839241916,-0.20669584490588103,-0.1077570065843811,0.4596282479581577,0.28690351469639647,0.7164798182941817,-0.9654739404031921,0.044272457640076486,-0.4509872178710834,-0.45459288890295046,-0.3001952648626796,-0.32896226531548006,0.05950394596615898,0.3890521091583723,0.4165203080871144
0.9616644194077059,0.9421679907250482,0.9433821345379076,0.9418183359176695,0.9144257624404961,0.8940976264798759,0.8653664432157224,0.8761470134289461,0.8966333174958265,0.8726742572268624,0.8723523763735216,0.7978911230469757,0.7890269586479305,0.8590044859634816,0.9103581423821749,0.7934130111184166,0.7884247388657764,0.7462035747991738,0.6827861737095688,0.6981898028005427,0.8169440912126315,0.693269635086616,0.6651259545414263,0.5979359934597096,0.7728851734764359,0.8533063904834676,0.9266886427084909,1.0,0.9466907792752062,0.9396875646323009,0.9066033275703462,0.4393621734535386,0.9323203020926418,0.8950108914713685,0.9221885296953445,0.8955153069368512,0.8953578897939872,0.9360397153564778,0.8745287520866314,0.6792376977550817,0.9237447031344261,0.8840097379182602,0.8731296366535048,0.708439215727164,0.8521336174996317,0.5938071379975705,0.7418055708865949,0.4920554108921577,0.8349688539206216,-0.9444208424020785,-0.011204308580383881,-0.3405737279868268,-0.3272152017801092,-0.08252995881391814,-0.29128772940799463,-0.2534253500244457,-0.17287902319355478,0.3403055435948718,0.3779276055493927,0.7485322489234496,-0.9360957969186339,0.04144121393350156,-0.3235822808730708,-0.3079921156291534,-0.1878906508532673,-0.2346397124315825,-0.04319357480618457,0.30625045445438515,0.4705702054274345
0.9559398098835306,0.9723558644871008,0.9537748395827325,0.9476343958383524,0.9367065868298453,0.8973945907230712,0.942004081054248,0.9130898381461406,0.9221446696027008,0.8792852175789351,0.8967673470821561,0.7096015959764166,0.8223621167941946,0.9016336235853984,0.9509369279385785,0.7714454251981394,0.8747799937750421,0.809293793189256,0.7214817077184914,0.6985733667755804,0.7936460204321623,0.7692344916190976,0.7078645292012075,0.610267640304838,0.8531127712906684,0.9092070564642063,0.9478941840790824,0.9466907792752062,1.0,0.9443397977659075,0.8902827128409774,0.5045662946072761,0.951698078827181,0.9431925992521687,0.9514279224941404,0.9321247288902824,0.9441963602950011,0.9631384866691433,0.9231457529692016,0.679865583711601,0.9041762009188963,0.9404609878661139,0.9049108809854042,0.6995474453904719,0.8639454152317956,0.6179217464763761,0.8221733865691703,0.4493915407127193,0.8685406640252619,-0.9628169613795978,-0.07370331640990414,-0.41718043321750764,-0.40053866522538817,-0.10173269918832638,-0.3248726811763559,-0.1853738009372521,-0.19374517632406707,0.407362532890465,0.2992407866573188,0.7556061469557175,-0.9684505289118418,-0.04273254532495594,-0.4145474562360099,-0.37526029086590934,-0.20568343541010334,-0.2758486862724625,-0.030166852830757183,0.3690019483767686,0.396904462166359
0.9324687813629187,0.9524895804357677,0.9195093406609031,0.9376764700939414,0.9073232736969493,0.8702457932283443,0.8787511798918262,0.920325742055375,0.8969367078396286,0.8644531188564094,0.9144082175751885,0.776171248684956,0.8348240900893255,0.8954228529889439,0.9330149477349533,0.8182172633334732,0.8154803042773479,0.7568494109998708,0.6603076481989814,0.6700084330661892,0.8423447059210077,0.7456649511891619,0.7065789945656094,0.6553607595729012,0.8491732131380297,0.8608941780692709,0.9471850987300038,0.9396875646323009,0.9443397977659075,1.0,0.9220216015949594,0.4868339075751049,0.9442373241621226,0.9309981575339952,0.9505875654482785,0.9280314954256105,0.9301213161437601,0.9556760809379025,0.9159054455195665,0.7074720916943654,0.9010436561844399,0.8987719062592167,0.881365073588463,0.7435678677651099,0.863116160512336,0.6211073057365735,0.7837674730399583,0.5220982405343013,0.8541189961189368,-0.9569876732273579,-0.05609469510580717,-0.32161587089210253,-0.4083793007191889,-0.12061897772476535,-0.2985935563714227,-0.147115102442676,-0.12728270430623398,0.394096902544374,0.3067265389683649,0.6747256702075816,-0.9540233547469559,-0.025330808655661313,-0.30959144550685747,-0.3779829413563046,-0.22536352774353616,-0.2576910638942003,0.017746733074222684,0.3446766291978773,0.4525099834235367
