0,1,2,3,4,5,6,7,8,9,10,11,12,13,14,15,16,17,18,19,20,21,22,23,24,25,26,27,28,29,30,31,32,33,34,35,36,37,38,39,40,41,42,43,44,45,46,47,48,49,50,51,52,53,54,55,56,57,58,59,60,61,62,63,64,65,66,67,68
1.0,0.9075639453709035,0.893861878841918,0.8831098397879563,0.8833058873209313,0.8753439526672118,0.8682624503499823,0.832381412248374,0.8702927827873093,0.8298100009590421,0.8509525153974968,0.7678479641184136,0.8310767422180647,0.8893569674405385,0.8977060700185844,0.8090349610786733,0.8620600118090378,0.751174730172022,0.8088856912200517,0.8025958811305628,0.8347328632761473,0.7214664024945143,0.7096747987445223,0.7225366962315615,0.8774863925966871,0.8202391227568144,0.800694953525954,0.9449207926169305,0.9356189774401766,0.895005849703144,0.8539403987232358,0.504516003202979,0.8925984210859287,0.8744833733215602,0.8812202084111403,0.8742078636794378,0.8541519015076965,0.8853462853957157,0.8664078181683667,0.7067051764283808,0.7737477698188492,0.8824428042454436,0.814326741683712,0.528840728986215,0.705883669786208,0.7762050647965275,0.7952543905644361,0.22717397231756412,0.6054977385193768,-0.8684075212874811,-0.1214150831493182,-0.5906918405133732,-0.5391868433550083,-0.29390430846468024,-0.015438587228137946,-0.4849480472097539,-0.39774711010123176,0.30052266489468865,0.2806517702779498,0.5920350590048507,-0.9156460097745622,0.05539481029199783,-0.6793819509477438,-0.49142686032085636,-0.2800340477033414,-0.23575438421834638,-0.22092180852922066,-0.1039591584369229,0.2521543054469585
0.9075639453709035,1.0,0.9558882784290879,0.950454445352077,0.9306324909288916,0.94076490811815,0.9631603002867337,0.94172195612093,0.9172360184029299,0.9087738870018169,0.8565463241400503,0.733650432420858,0.937013911202269,0.9099423570592138,0.9368906238741861,0.9354857758323384,0.9452231840988528,0.8953477159743058,0.9301813076628889,0.8924510006641811,0.9086149666194899,0.8040036127426194,0.877306212931399,0.8505392094830704,0.9182851766196266,0.9177601600494416,0.9309584243139086,0.8997782037172587,0.9598518245788711,0.9614038999577157,0.9355940105149417,0.5262531956642261,0.96151094897591,0.9617443626921935,0.9606243567596708,0.9662488820380325,0.938612838124564,0.9733906434535752,0.961863340182175,0.8173944250076828,0.852122319686424,0.9645592475425366,0.9152659924036057,0.5909921238762377,0.8251505725787684,0.7944969260935325,0.9058726561190086,0.4028558327817101,0.5882474153527606,-0.9742471945302345,-0.13393462660544198,-0.7591627638334497,-0.7448214773171201,-0.4318001494607842,-0.032388686316871744,-0.4616343195508089,-0.48468051569635445,0.4085799028715204,0.41789164283287566,0.7605942676167975,-0.9639336091431079,0.212101538495451,-0.7660883938522439,-0.7093156427738727,-0.2796799025234827,-0.2655693608882497,-0.13366969580492852,-0.08003801204880799,0.19033993082149142
0.893861878841918,0.9558882784290879,1.0,0.9578505655466183,0.9082629945010828,0.916533621031137,0.9595682296424172,0.8981765558636859,0.8749604209493007,0.8586362979846149,0.8186732276362942,0.7155765298552702,0.9035974384372517,0.8939740190434046,0.9137498895512041,0.9227129809140632,0.9430178816259167,0.9158799566604343,0.9137122161827583,0.8921519731087467,0.8950753070065168,0.7946392689655538,0.8529742181890085,0.8128997047486427,0.8907269259193438,0.9238745405206823,0.9131621956724629,0.8846462050764123,0.9368894401768096,0.9499909859998132,0.9320870140254258,0.500800611059014,0.9364412294990165,0.9366878440328703,0.9327943342059373,0.9383401227259636,0.91094498494291,0.9462343201407362,0.9293423568831529,0.7871198475335747,0.815914384635807,0.9205860535333217,0.874301518195815,0.5199046403795585,0.7744064444032515,0.7592988003159451,0.8673515719097158,0.37253707698175476,0.570179291184886,-0.9522767068108176,-0.2157080128967424,-0.7309563879154366,-0.7179017475469495,-0.4333988240590448,-0.03285803006240592,-0.5175448067977562,-0.517921310253099,0.356021937016756,0.38330215490961556,0.7388134704113201,-0.9447870862657328,0.11691582658380752,-0.7513274521879058,-0.6954489267389469,-0.2875386370378779,-0.27887505784256117,-0.16492748967458995,-0.13628830411836848,0.15036911475394366
0.8831098397879563,0.950454445352077,0.9578505655466183,1.0,0.9162441324179563,0.9239025560193918,0.9466706282864157,0.884506849981607,0.8821234385059001,0.8585400840753147,0.7813430377614934,0.7219284179269115,0.9122958552368069,0.8620911098950069,0.9054857852713171,0.9281815145457871,0.92001459470265,0.901194308419899,0.9133667685711453,0.9028512111026407,0.9174810390376739,0.7919024414587167,0.8711333729659344,0.7832851801049976,0.8842467413201418,0.8959869645186125,0.9140861150904545,0.8743123540475393,0.9142141161752203,0.9411042524446649,0.9344450275058341,0.44328678008118133,0.9329510097896524,0.9282120305607771,0.9257634185868334,0.9231447410462599,0.8995619991694459,0.9349579236551746,0.9187670397789074,0.781657177126157,0.7972014143488575,0.9190296881818814,0.8567543216730109,0.48761925594177835,0.7574364088986614,0.7634641458336713,0.866004232993673,0.38571397879190333,0.4695217582531286,-0.9605675182041903,-0.2357185696520738,-0.7178310622448697,-0.7001202493044032,-0.44504606405672864,-0.0040426113414935546,-0.5095667617206237,-0.5197619168385467,0.3583425453195803,0.3809893676730244,0.7830858665249767,-0.9145022362940236,0.14566740204538828,-0.725568327467935,-0.6682459167525683,-0.23370064479178984,-0.2578967580364874,-0.14070096902596463,-0.12484909047848515,0.13853566998205546
0.8833058873209313,0.9306324909288916,0.9082629945010828,0.9162441324179563,1.0,0.9171048650895227,0.9023169439567225,0.879223374111915,0.8542649790731063,0.853058300256123,0.7979998196567909,0.7039945557559064,0.9002101930945491,0.8461508475396987,0.8614467512360557,0.892227895285109,0.8735720971406883,0.8150429676601575,0.8655181170994283,0.8456011479125524,0.9036223066509798,0.7375310171256464,0.8435943777976127,0.7852609672088939,0.8501156656009372,0.844598377846066,0.8693292438969039,0.896301688014304,0.897237915641273,0.9153451610625792,0.8855009172062415,0.44557059075529504,0.9162760244340058,0.9066115165026861,0.8982658470411813,0.8945482044584468,0.8859529955315658,0.9124369360774084,0.8934826675102356,0.7762840529985626,0.8299081799406287,0.9172193591173012,0.8767594699510152,0.5062691552307653,0.767178207131208,0.7227056689952369,0.8607975512250835,0.37386684007587956,0.45251218680730293,-0.9197181474666007,-0.19741248581410947,-0.7011892778837723,-0.6603562098559512,-0.3683673670147385,0.029718503857629353,-0.4396640190559616,-0.4427420113587012,0.40966163732089883,0.4085748988194793,0.7377667394049091,-0.8920988661909267,0.18842849278086152,-0.696756959929841,-0.6462790617563475,-0.19986125566506957,-0.23925277876345322,-0.09981528209380465,-0.05470563171436129,0.20305873804441715
0.8753439526672118,0.94076490811815,0.916533621031137,0.9239025560193918,0.9171048650895227,1.0,0.9107309140600972,0.9052729410348739,0.8887810229479735,0.8930995226608371,0.7814805132459169,0.7222680978004866,0.9400908974071621,0.8575846839126837,0.8914452250877759,0.9197624959512551,0.8799808205477349,0.8492192372767587,0.927694405923485,0.9033544540191377,0.9006883794899396,0.8081431100300361,0.8844161003553153,0.8410439449355828,0.8774638912530287,0.8434874357413177,0.8993607121765366,0.869549937083402,0.9063612570900154,0.9316902831697386,0.9092947249726051,0.513335130436955,0.9432272675534653,0.9251391297312039,0.9207488079001453,0.9210129541337072,0.9065610203732216,0.932800778616531,0.9230131340263267,0.8097577803225507,0.8571200928863336,0.9259325292032943,0.8948301106337908,0.5742430340188005,0.833232175117294,0.7809838947150882,0.9035663091177057,0.4336913989171517,0.5375215070993525,-0.9282711786281294,-0.11910083243693997,-0.7034709669412225,-0.6664606282589759,-0.35480761638230096,0.03705603896452109,-0.4017400874986724,-0.45416031096055776,0.44475072684661093,0.4264077343922807,0.7187818020960737,-0.9121274636442803,0.27200598480801663,-0.6977952064795973,-0.6499593744601438,-0.20738481556241514,-0.2238932974788724,-0.08157155978877922,-0.02235586167125973,0.23392803112785887
0.8682624503499823,0.9631603002867337,0.9595682296424172,0.9466706282864157,0.9023169439567225,0.9107309140600972,1.0,0.9037439190075495,0.8969194986562818,0.884314966628124,0.8230616258841765,0.6737489683963642,0.9161408380020712,0.8921312154843373,0.9010080864209212,0.9253739749118365,0.9712797242313651,0.9371160461533448,0.9306337063612043,0.9050824549591318,0.8906272015254835,0.8162454626425032,0.8713173728335863,0.8357235636659726,0.8902015542919941,0.9572252371705937,0.9279749342445304,0.8629475374540041,0.9332531210342906,0.9459242279661967,0.9365549973037982,0.5368337674296979,0.9369928476974634,0.9410512155119622,0.934985107736715,0.9523466641588391,0.9139946138842174,0.9505475816488986,0.9438551193733125,0.7932536606743801,0.8204940248330814,0.9519276565381133,0.9149436886746274,0.5124054887076364,0.7730954179739828,0.7892384979033347,0.8805828692708421,0.4007519969650665,0.5521602719724423,-0.9599203160001415,-0.16113422019593396,-0.741986794715402,-0.7476504210253939,-0.42484932944684956,-0.020124840374883553,-0.47845960955633526,-0.5051778604553052,0.35570788835479933,0.4132275175920159,0.7420871351104509,-0.9461189783561009,0.1612896642654556,-0.7501180169757969,-0.7164582571327831,-0.25434413326273253,-0.24785743820204378,-0.15831527829393216,-0.14906375322463994,0.13239602599012912
0.832381412248374,0.94172195612093,0.8981765558636859,0.884506849981607,0.879223374111915,0.9052729410348739,0.9037439190075495,1.0,0.8558281648299391,0.8937490244998334,0.8591197352427787,0.7306054062280254,0.9199073755861328,0.8836236675675391,0.9059927981434781,0.9254579915937254,0.878380292593238,0.8306657638671737,0.8862986361710712,0.8214027357485068,0.8654650305649467,0.7714204603412009,0.8753897427807733,0.8666268933377773,0.8882742833347308,0.8463340509905856,0.9127669114538001,0.8388913276431015,0.9024912177587479,0.9252881808091068,0.8874057565458783,0.49443645562263683,0.9372876875328893,0.9422801483804791,0.9422590959549287,0.9384102794845567,0.9171592038427532,0.9510696032216236,0.9423392603503484,0.8442942201495347,0.829537807291647,0.9127446466754672,0.8903886095213777,0.7049454526103427,0.896499153685394,0.7305748131699866,0.9058701855876137,0.45037191606409854,0.6007297105101074,-0.9330586102123661,-0.05286070520974083,-0.77885298766207,-0.7772451085794003,-0.4386864750763361,-0.029433489745329354,-0.3475358389471455,-0.4314972372454455,0.5478624211881625,0.49225610795687247,0.7330059145103005,-0.9270046796571826,0.3251667975278779,-0.7571949371063481,-0.7372327828738031,-0.2838369987911778,-0.2682683311368608,-0.0018374466032824938,0.0997007752922183,0.21281410739538595
0.8702927827873093,0.9172360184029299,0.8749604209493007,0.8821234385059001,0.8542649790731063,0.8887810229479735,0.8969194986562818,0.8558281648299391,1.0,0.8740235416266687,0.7898056157451654,0.7457794608357745,0.8836607106438431,0.8523242278354588,0.8846227969138211,0.8595184326457604,0.8871310072594306,0.8321613602921527,0.8693537955037347,0.8808899012785639,0.8698766495949204,0.819386180531427,0.8064405256445658,0.8071753051366874,0.8632375123214566,0.8416791554052974,0.8558750432694912,0.8560494357821249,0.8968262473717006,0.9056608080490727,0.8951577030843366,0.5923227979018705,0.8933100377973147,0.8821846485749815,0.9049536231387715,0.9140179744656839,0.8511919840108483,0.8957507889306551,0.905864491556856,0.7701985719983698,0.7802942101557913,0.9022646724708241,0.8308167018278269,0.49337176964647966,0.7396509915191966,0.8237094844092941,0.8272575604092198,0.41230092758052805,0.5689184607209825,-0.9001634034690654,-0.021972717720823823,-0.6529311277000374,-0.6380564894453178,-0.33768412129786235,-0.0012354159293190314,-0.4144253226743958,-0.427299490966062,0.31321359603122717,0.4006961851218913,0.6695471823435584,-0.9057867152508492,0.22217936234629512,-0.6730432240058528,-0.5790155327801605,-0.23879723292046567,-0.16644132107122428,-0.16634947783947324,-0.14280033940058373,0.16213394586206617
0.8298100009590421,0.9087738870018169,0.8586362979846149,0.8585400840753147,0.853058300256123,0.8930995226608371,0.884314966628124,0.8937490244998334,0.8740235416266687,1.0,0.8256822498100488,0.6810490979745901,0.9262546150763866,0.8384674698565453,0.8463392022039449,0.8631208056667429,0.8662206463247679,0.7936648784275094,0.8490246953988275,0.8424597171268428,0.8667513220442428,0.7909078796589617,0.8217685778245127,0.8497005531510637,0.8502348735602346,0.8295835780162788,0.8537925183111488,0.8380466731135507,0.8857943078904603,0.8959118680140312,0.8819989003966071,0.6017948573090135,0.893679540058906,0.8745232187416389,0.9043711331248561,0.9160166800797174,0.8465064373991009,0.9006756668238406,0.9057514747894507,0.8030629379395406,0.8172489053535634,0.912546319741316,0.8970632032849383,0.6446330746014302,0.8573576721832857,0.8389535525823857,0.8702466283882525,0.3964944874091068,0.5994085520741981,-0.8870189141862731,-0.008389762858301824,-0.6837259479359542,-0.6766314759103739,-0.3219295051821605,0.03283497646338349,-0.38017606590943426,-0.3913794575043434,0.4381148801073239,0.4463629893166349,0.6548448624717448,-0.9008642740647865,0.3133295783717864,-0.6821312511751367,-0.6778336786663088,-0.24196042513515165,-0.20935629644933398,-0.09297355699424831,-0.04046630562210651,0.1919782139039015
0.8509525153974968,0.8565463241400503,0.8186732276362942,0.7813430377614934,0.7979998196567909,0.7814805132459169,0.8230616258841765,0.8591197352427787,0.7898056157451654,0.8256822498100488,1.0,0.6795754340756992,0.8176275624214415,0.8663452895950443,0.8364455066126855,0.7779195831258661,0.8270811914160507,0.7063695655656034,0.7431064581100429,0.700603969536297,0.7696676587503425,0.7083809712721703,0.6953259085832247,0.7382139470462746,0.8180319867408101,0.7922655813294794,0.7598140839203984,0.8336820960290887,0.8776528090709247,0.850252494292838,0.8062311039101923,0.5138244881908369,0.838222783753853,0.8364619625449566,0.8649876773915348,0.8574125886387238,0.8256025370030219,0.861834214422649,0.8716573628774755,0.7311313931784548,0.7136305975045818,0.831826898571662,0.7973940372811431,0.6080715946431486,0.7302606076169527,0.7137579281364175,0.7825923370734947,0.26321668550755634,0.6738704614113377,-0.8090498893283655,0.03852774198313582,-0.5812224474077935,-0.635872567563678,-0.3007513064029279,-0.013543079062828702,-0.34013620595598437,-0.28903064527304906,0.380093610336853,0.34551100573056576,0.49772442125612193,-0.9027565372825926,0.1488258372481428,-0.6646145044600583,-0.5881819939553662,-0.3946345364023732,-0.23211274321157344,-0.12622634993687465,0.017005556653665543,0.2297447334593806
0.7678479641184136,0.733650432420858,0.7155765298552702,0.7219284179269115,0.7039945557559064,0.7222680978004866,0.6737489683963642,0.7306054062280254,0.7457794608357745,0.6810490979745901,0.6795754340756992,1.0,0.7185678752123659,0.7270551553458837,0.8265640129494479,0.6983246806988141,0.682964112675454,0.6161134474996681,0.6600967359448233,0.716823626438204,0.7759242290456722,0.7582500992799535,0.6473763080182482,0.6571594819475571,0.7698118514332974,0.5750261859794925,0.6820727621706925,0.7184418082373409,0.7470507346301796,0.7685328582575461,0.7497313225413129,0.5875996310982995,0.763559959198621,0.6959249548028622,0.7667046588375291,0.7357909079906914,0.6562377208018808,0.7303499009802622,0.7303914614177188,0.6992153930566277,0.5809558330479555,0.6788339061709986,0.5826442597887095,0.5718931499809288,0.6760714857952103,0.6795675277280266,0.6477849700730054,0.4561092506196093,0.44774565185976894,-0.7315455304216564,0.06244598099739574,-0.5131897408842152,-0.48230597404847914,-0.35535100621186616,-0.05325084554590056,-0.4189070261821121,-0.36284252212195367,0.2509667913770226,0.2444459047096278,0.5151953669616645,-0.7414828090950709,0.27298427267966535,-0.574823617028468,-0.39268994405149543,-0.23134376112084454,-0.12896789872569595,-0.15215275150100407,0.03161802349411856,0.15505638246569511
0.8310767422180647,0.937013911202269,0.9035974384372517,0.9122958552368069,0.9002101930945491,0.9400908974071621,0.9161408380020712,0.9199073755861328,0.8836607106438431,0.9262546150763866,0.8176275624214415,0.7185678752123659,1.0,0.8646355271381265,0.8789378043207359,0.9298933723548461,0.8974272050597506,0.8560254165262456,0.912031320442293,0.8933340893576669,0.923270412531303,0.8412798765271627,0.9070155686276035,0.8556150141120465,0.880318055300119,0.8544833380961807,0.9134711979900056,0.8260897714422042,0.8908367528584846,0.940650748985771,0.9282892936602049,0.5485774061210439,0.9416262272120383,0.9174925293322683,0.9335135672907359,0.9321283873381694,0.8987575486160262,0.9380119494917386,0.9451393813493343,0.8338736484335978,0.8100001342126781,0.9253005774518963,0.8979724442931224,0.6029423601525877,0.8502214016309094,0.7935563874360078,0.9107129285711504,0.4595707775555764,0.5239002254957837,-0.9324100784062868,-0.0808282926442091,-0.7214670530482862,-0.7292220965564234,-0.4072891402878653,0.05972183723159233,-0.38504185779762623,-0.44126099763977567,0.4432950168871495,0.47927383119924133,0.7248295297127787,-0.9129272507077976,0.3309276362233678,-0.6863598422955877,-0.7161497567698624,-0.2354745914822006,-0.2106934779663391,-0.04024654144099003,-0.021231353353752154,0.2009831302383013
0.8893569674405385,0.9099423570592138,0.8939740190434046,0.8620911098950069,0.8461508475396987,0.8575846839126837,0.8921312154843373,0.8836236675675391,0.8523242278354588,0.8384674698565453,0.8663452895950443,0.7270551553458837,0.8646355271381265,1.0,0.8954162395620044,0.8496978017858132,0.8941380561399733,0.8057754370274561,0.8311278954125424,0.8076427430262492,0.8380352493032422,0.7568643027676611,0.7707624805444906,0.7510874117606228,0.9043612203083288,0.8535096385279495,0.8801225295023851,0.8377017198631652,0.9035874326318207,0.9019542706243346,0.864022661941392,0.4911471872380852,0.9191628299604165,0.9123238194646777,0.898410180668492,0.8921524577823253,0.8962165974278298,0.92812035672759,0.9101371036846737,0.7281752074665622,0.7284253566416595,0.8794546555316886,0.8352385978931641,0.5738237982740773,0.7681688902829366,0.7719375017891378,0.829897574456304,0.31878095248535926,0.6029676414339302,-0.8856882958364264,-0.06709008033474233,-0.6629486976457248,-0.6715440188631487,-0.36046866274234446,-0.031067676814796566,-0.3739732314883149,-0.38889549876933655,0.3590658072082585,0.43170966868307836,0.6047994091482307,-0.9239430446381673,0.15475408423074302,-0.7063007337995356,-0.629627260546417,-0.33717507937924013,-0.24185300387636258,-0.06891557871609277,-0.08859832394403214,0.2016977886172331
0.8977060700185844,0.9368906238741861,0.9137498895512041,0.9054857852713171,0.8614467512360557,0.8914452250877759,0.9010080864209212,0.9059927981434781,0.8846227969138211,0.8463392022039449,0.8364455066126855,0.8265640129494479,0.8789378043207359,0.8954162395620044,1.0,0.8765050305035337,0.8973312428941639,0.8375000977225574,0.8657121488403218,0.8520501985762361,0.8719757291572623,0.7950133151252331,0.8121595141908754,0.7984521793460341,0.9161187918223533,0.8504299660830913,0.8836317955534316,0.8535352074295565,0.9222420840453271,0.9246348314259286,0.8932061708975336,0.5211202313277361,0.927138350379279,0.924930778706085,0.9316148165230753,0.9171138024578052,0.8995234089631103,0.9296156558403785,0.9211284701517211,0.7815231374956825,0.7690552025574985,0.890810271242095,0.8190516250850064,0.6051311557342184,0.7882362735294095,0.7858740538743032,0.8527075324700917,0.41733121073711243,0.5980264047892055,-0.9276145019268963,-0.07309369728033555,-0.6952092299428403,-0.6864538623214883,-0.4279267785886368,-0.05548017396232092,-0.45794336293216426,-0.47037491343689447,0.348967998042506,0.3632833323686918,0.6938272806034648,-0.9338768841906102,0.20150530472235925,-0.7366725747723646,-0.6184526629649623,-0.30783640346372754,-0.24642419585905392,-0.1638553776647601,-0.08506717359055001,0.20992020320219015
0.8090349610786733,0.9354857758323384,0.9227129809140632,0.9281815145457871,0.892227895285109,0.9197624959512551,0.9253739749118365,0.9254579915937254,0.8595184326457604,0.8631208056667429,0.7779195831258661,0.6983246806988141,0.9298933723548461,0.8496978017858132,0.8765050305035337,1.0,0.9045617510494728,0.9082371981944092,0.9201326657264723,0.8926400021740973,0.9155300722533586,0.8206533395472605,0.9325130541274405,0.844764389831374,0.8929992769357108,0.8680402390830665,0.9445430416699059,0.814429295104707,0.8736802308809714,0.9413784042305562,0.9308705372316836,0.48037558502267635,0.9385854000225705,0.9196750025083822,0.9368799907505496,0.9319587337399987,0.8870975291262407,0.9397976478450386,0.9320682700586677,0.8396874326327077,0.7988816769077097,0.9135672452551024,0.874757402450487,0.5407946652605073,0.826615061138938,0.7118188450688592,0.9026328389951672,0.5003299869019232,0.49093444539498987,-0.9551705450587894,-0.15566896158626653,-0.7888198282711598,-0.7827716280616096,-0.5056732599233524,0.011997188073590657,-0.4308609986895525,-0.5045384350827986,0.42734255958411077,0.4725463075216033,0.8081143080922262,-0.8998368438328173,0.2963565643305828,-0.7418234086223209,-0.7632259032485464,-0.2511096654753187,-0.26229297919817407,-0.006578119383053217,-0.04318748631254314,0.10743010918100697
0.8620600118090378,0.9452231840988528,0.9430178816259167,0.92001459470265,0.8735720971406883,0.8799808205477349,0.9712797242313651,0.878380292593238,0.8871310072594306,0.8662206463247679,0.8270811914160507,0.682964112675454,0.8974272050597506,0.8941380561399733,0.8973312428941639,0.9045617510494728,1.0,0.9351461569954767,0.8984685373186567,0.8904686695821373,0.8927539246664503,0.8417498633466436,0.8405558773554358,0.8184053369143557,0.8928640763082075,0.9495701761981206,0.9129429052373081,0.8431242972687095,0.9191489492473351,0.9451605602515967,0.9394354753948556,0.5801352923892938,0.9213331494789334,0.9208202388034202,0.9269290261332596,0.9396506342946069,0.896686955408701,0.9327845373337379,0.9332344662844686,0.7742273679921634,0.7652949689723151,0.9371365757555463,0.8883791961424237,0.47086822757709723,0.7473544580912148,0.7735986388962744,0.8577475841017158,0.3976492618052221,0.579328696784885,-0.939656176233598,-0.10494707503466931,-0.733071809661369,-0.7354617797454602,-0.4468663858099788,-0.04007290546201584,-0.46898913967108646,-0.5076586740507958,0.3019209889298613,0.39610957605075126,0.7109034891206408,-0.9427702009604559,0.1723780063485509,-0.7527835929439972,-0.7034251019904485,-0.3055674347873496,-0.24199262689592682,-0.15940687715140595,-0.1879329305871343,0.11820544746781698
0.751174730172022,0.8953477159743058,0.9158799566604343,0.901194308419899,0.8150429676601575,0.8492192372767587,0.9371160461533448,0.8306657638671737,0.8321613602921527,0.7936648784275094,0.7063695655656034,0.6161134474996681,0.8560254165262456,0.8057754370274561,0.8375000977225574,0.9082371981944092,0.9351461569954767,1.0,0.9162129649528234,0.8996702822397015,0.8537166348941991,0.8348446657476283,0.8846174709014091,0.7966209913004577,0.8395372274375449,0.9175269416535219,0.9029901296602852,0.7482271082258531,0.843201843980606,0.8955146553414717,0.9189964901824063,0.5184598328592787,0.8712199025990834,0.8689950506248693,0.8782764115364984,0.8983084311217105,0.845672915284392,0.8888562861372653,0.8896035636590931,0.7788775606147882,0.7382939994214122,0.8741151623189641,0.8455802313227742,0.4091397598448718,0.700739511360724,0.7024568741736474,0.8243058706020525,0.5027367270598937,0.4766985353337586,-0.9196534058285973,-0.20869887502193585,-0.7506650142319066,-0.7570896411834349,-0.4821836209440454,-0.05109360158940631,-0.48166246462685786,-0.5568129759556659,0.3062828108172834,0.3844521820966767,0.7803847361049046,-0.8640134142219921,0.17846038448882637,-0.7189779431292255,-0.7334960444383647,-0.2360477363266203,-0.23517616176274092,-0.11535702754239649,-0.18946587718138846,0.025473066037246205
0.8088856912200517,0.9301813076628889,0.9137122161827583,0.9133667685711453,0.8655181170994283,0.927694405923485,0.9306337063612043,0.8862986361710712,0.8693537955037347,0.8490246953988275,0.7431064581100429,0.6600967359448233,0.912031320442293,0.8311278954125424,0.8657121488403218,0.9201326657264723,0.8984685373186567,0.9162129649528234,1.0,0.9184591975761311,0.8683948202391876,0.82016289519876,0.9173137780979808,0.8424329590267868,0.8670893581699088,0.8795103218777031,0.9186362624127609,0.8041289514266786,0.8876813854716933,0.9170713800192779,0.9117763707892426,0.5087937102765703,0.918085508547321,0.9035576163008583,0.9028540650453311,0.917281510271885,0.8831733324437739,0.9218283205277343,0.9211403961311533,0.8136811739400128,0.8262803436602961,0.9193650050699107,0.892682776209528,0.5389939796455019,0.7851945656480144,0.7654453668414742,0.8931381321020374,0.5034363215851361,0.4913474743138586,-0.9338597148324786,-0.17498459520354956,-0.7408724530160518,-0.7244169808527638,-0.43055783577319806,0.009906003824406893,-0.42562539237475394,-0.5069510010758116,0.40762632781908104,0.42777227641932636,0.7551096608250593,-0.8854717726577715,0.2468588325789887,-0.6942352256177973,-0.698650575584307,-0.20310488341526275,-0.21425065480431416,-0.09064563791266148,-0.06398878310353948,0.1554866565046471
0.8025958811305628,0.8924510006641811,0.8921519731087467,0.9028512111026407,0.8456011479125524,0.9033544540191377,0.9050824549591318,0.8214027357485068,0.8808899012785639,0.8424597171268428,0.700603969536297,0.716823626438204,0.8933340893576669,0.8076427430262492,0.8520501985762361,0.8926400021740973,0.8904686695821373,0.8996702822397015,0.9184591975761311,1.0,0.8933001926945738,0.8880953414387914,0.8796332325698285,0.8227237409836299,0.840403090348793,0.834341159508247,0.8745326380265211,0.7891571372533557,0.8538780789020508,0.9061008877743696,0.9225870184787925,0.6077910953787015,0.8891496074250124,0.851039232873799,0.8801314215584636,0.8893063462273566,0.8176578121491512,0.870889686604278,0.8857881690981014,0.7939899980095634,0.7737348204807664,0.8734270607076049,0.8179973626068141,0.45030613054394564,0.7336863845432048,0.7991094809790041,0.8284435819996943,0.5202528439587772,0.470209985691195,-0.8980364086473657,-0.13219846896790252,-0.6532774813189289,-0.640995524493803,-0.3985658393838612,0.03648877187690095,-0.43824419227787603,-0.511262877793884,0.2749430546754305,0.385895513787604,0.7048792841925346,-0.8605584323292568,0.2382133059190541,-0.6505840769498413,-0.6400511045908402,-0.18395134526352952,-0.1631919874370867,-0.14894003143426054,-0.16356288916739406,0.11851094111889054
0.8347328632761473,0.9086149666194899,0.8950753070065168,0.9174810390376739,0.9036223066509798,0.9006883794899396,0.8906272015254835,0.8654650305649467,0.8698766495949204,0.8667513220442428,0.7696676587503425,0.7759242290456722,0.923270412531303,0.8380352493032422,0.8719757291572623,0.9155300722533586,0.8927539246664503,0.8537166348941991,0.8683948202391876,0.8933001926945738,1.0,0.8721938107444475,0.8759134559893069,0.8013904690567661,0.8720503634272561,0.8154172536791655,0.9047199249663498,0.8379296344602137,0.8610673224343401,0.9477588640803735,0.9466522715687798,0.5602542034171453,0.9201748012030891,0.8873430068683884,0.9143555213207119,0.897427246796088,0.8570196744501849,0.8981103324178261,0.9002204525029709,0.7840255627943271,0.7448040047814195,0.8929277864795861,0.8333616935381783,0.4440490398930974,0.7753364885656501,0.7318879564378882,0.8526307685935046,0.4668109727308026,0.4397030070036528,-0.9235830464316022,-0.06867011748393524,-0.7178790304462858,-0.6874095130730312,-0.4636972638616068,0.05588315363916415,-0.41293303975703344,-0.47404250277873344,0.34387679520846415,0.4500291326068947,0.7425413628540378,-0.8804276058014536,0.3289756548980536,-0.6896405154090407,-0.660435202894744,-0.24229779374202506,-0.2101256882846335,-0.05860157447110361,-0.11141202062050018,0.15746810215852222
0.7214664024945143,0.8040036127426194,0.7946392689655538,0.7919024414587167,0.7375310171256464,0.8081431100300361,0.8162454626425032,0.7714204603412009,0.819386180531427,0.7909078796589617,0.7083809712721703,0.7582500992799535,0.8412798765271627,0.7568643027676611,0.7950133151252331,0.8206533395472605,0.8417498633466436,0.8348446657476283,0.82016289519876,0.8880953414387914,0.8721938107444475,1.0,0.8328830971137628,0.807400876182942,0.7828464202998215,0.7225241342269497,0.7985310871617939,0.6970998180411551,0.7761230363330244,0.8741165941055361,0.909325266353483,0.7497506369732614,0.8230684138714097,0.7720284056406665,0.8381892288983662,0.8392776695399536,0.7391339934758165,0.7955513656647994,0.8452233143794389,0.7908175967469797,0.6429453841998934,0.7907090806074702,0.7418020661199395,0.4121396341223838,0.6964871466713171,0.7534177699484984,0.7672275689035118,0.6015733670660722,0.5202147485861295,-0.8060832301665501,0.099679376999189,-0.5951342829220614,-0.6088489103599218,-0.4289520780283196,0.04951912883960697,-0.3430472439487461,-0.4126437173975451,0.25592379544229193,0.389193232701613,0.564618469674657,-0.8158066975760689,0.3797334513797477,-0.5770550436035321,-0.5993557821579993,-0.28822191985897083,-0.12635309168988945,-0.1136823979941859,-0.10939417413742063,0.10532344082528355
0.7096747987445223,0.877306212931399,0.8529742181890085,0.8711333729659344,0.8435943777976127,0.8844161003553153,0.8713173728335863,0.8753897427807733,0.8064405256445658,0.8217685778245127,0.6953259085832247,0.6473763080182482,0.9070155686276035,0.7707624805444906,0.8121595141908754,0.9325130541274405,0.8405558773554358,0.8846174709014091,0.9173137780979808,0.8796332325698285,0.8759134559893069,0.8328830971137628,1.0,0.8484776233678364,0.8309526685585615,0.7922172374039976,0.9045337441521137,0.7249473222452398,0.7964901581056538,0.8861117604712352,0.8909175320451002,0.46297634763258944,0.8886873986511185,0.8641391060978086,0.879923891301011,0.8822336630744595,0.8416020659297446,0.8855804023007304,0.9028096734381488,0.86169463475207,0.7622725578820414,0.8589598198307146,0.8461816266170372,0.5091041867474774,0.7984710174452573,0.6963959988561453,0.8973633638919911,0.6383053451502508,0.3896151185587682,-0.904451584805949,-0.147011999534285,-0.7518267956808709,-0.7619471679606521,-0.4817950040541611,0.0813763694535505,-0.3655542727891374,-0.4746409759136181,0.4757740425344767,0.47985274222466656,0.7790483098028393,-0.8186258572745486,0.377797425086385,-0.6536205397324227,-0.7554238617943246,-0.18242604710988555,-0.20585801540951,0.03885616892433214,0.01580351868093699,0.10794784858003313
0.7225366962315615,0.8505392094830704,0.8128997047486427,0.7832851801049976,0.7852609672088939,0.8410439449355828,0.8357235636659726,0.8666268933377773,0.8071753051366874,0.8497005531510637,0.7382139470462746,0.6571594819475571,0.8556150141120465,0.7510874117606228,0.7984521793460341,0.844764389831374,0.8184053369143557,0.7966209913004577,0.8424329590267868,0.8227237409836299,0.8013904690567661,0.807400876182942,0.8484776233678364,1.0,0.7869615760807638,0.7701438399806751,0.8221211026246081,0.7534763284243716,0.8196571772641067,0.8534533234394174,0.8355099780643848,0.685571957370239,0.8500332584540672,0.8237988148349703,0.8483274700552963,0.8885967589024447,0.7873390078490577,0.8433044741490835,0.8546206070427952,0.8352287917982885,0.8282751943505688,0.8476227848965545,0.8330148915946245,0.6279065461960247,0.8503972643598645,0.733667137765739,0.8626523607123565,0.6310077313677006,0.5665014947869714,-0.8402464007853765,0.0019731505466885333,-0.7151338237693956,-0.6909159157074638,-0.377458314538954,0.0031694995685607108,-0.3573812819095075,-0.4544452459734323,0.4296602329959381,0.4419145390910676,0.6432290134283319,-0.8353960279463889,0.3885965175020742,-0.6693502031145925,-0.6790314113950278,-0.223831721665944,-0.20464185651167924,-0.048283402076941574,0.026213649745160907,0.1441047323534989
0.8774863925966871,0.9182851766196266,0.8907269259193438,0.8842467413201418,0.8501156656009372,0.8774638912530287,0.8902015542919941,0.8882742833347308,0.8632375123214566,0.8502348735602346,0.8180319867408101,0.7698118514332974,0.880318055300119,0.9043612203083288,0.9161187918223533,0.8929992769357108,0.8928640763082075,0.8395372274375449,0.8670893581699088,0.840403090348793,0.8720503634272561,0.7828464202998215,0.8309526685585615,0.7869615760807638,1.0,0.845861556534899,0.9233495096181188,0.8284038533159274,0.8915752159899284,0.920702409424756,0.8927501792411955,0.5013821035168159,0.9402780749138444,0.8898541717625829,0.9208061872371688,0.9097431488245814,0.866636947555404,0.9276431250077944,0.9105158980936929,0.7833402765306662,0.729838838610678,0.8970765062763763,0.8416808207458273,0.5851594945615822,0.804151858301738,0.7549474291674647,0.8628122671415005,0.4530306975733116,0.5377027932483512,-0.9226667443237788,-0.09214281001073292,-0.740912334288225,-0.6975960926798779,-0.44577327251660365,-0.047158717923365914,-0.4714613872925018,-0.49558640543043825,0.33408033852505187,0.42545456153545436,0.7404104905748046,-0.9017365072345852,0.2597638149383684,-0.740243649814848,-0.643017130424223,-0.2939608691963848,-0.28827054939087315,-0.052012746837390204,-0.10198746031484597,0.15057770492582326
0.8202391227568144,0.9177601600494416,0.9238745405206823,0.8959869645186125,0.844598377846066,0.8434874357413177,0.9572252371705937,0.8463340509905856,0.8416791554052974,0.8295835780162788,0.7922655813294794,0.5750261859794925,0.8544833380961807,0.8535096385279495,0.8504299660830913,0.8680402390830665,0.9495701761981206,0.9175269416535219,0.8795103218777031,0.834341159508247,0.8154172536791655,0.7225241342269497,0.7922172374039976,0.7701438399806751,0.845861556534899,1.0,0.879992205719461,0.8115771511528443,0.8939036125145464,0.8881965457329369,0.8764209997067429,0.4697975243207963,0.8784125580779821,0.8957552806731299,0.8827756206590538,0.9086869687139826,0.8761124574883992,0.9066956251996979,0.8908311426241345,0.7260851871128386,0.778486227858247,0.9104134742096782,0.8886145491966394,0.47160615216972235,0.7048280222990471,0.7237359815920408,0.8211766811192504,0.32066076710530383,0.5476153937695685,-0.9140803821237288,-0.2100781297603609,-0.7147960291326463,-0.7407509702507726,-0.39520609684002994,-0.05193598162152583,-0.4815683294955383,-0.49402409621372173,0.29861859552217784,0.36811092653119415,0.707879516301123,-0.9094344913135572,0.07154429399600178,-0.7366530339480375,-0.6940311566665159,-0.25919323881718087,-0.2544600690806538,-0.1765898903471141,-0.20060504800919404,0.0886464036562965
0.800694953525954,0.9309584243139086,0.9131621956724629,0.9140861150904545,0.8693292438969039,0.8993607121765366,0.9279749342445304,0.9127669114538001,0.8558750432694912,0.8537925183111488,0.7598140839203984,0.6820727621706925,0.9134711979900056,0.8801225295023851,0.8836317955534316,0.9445430416699059,0.9129429052373081,0.9029901296602852,0.9186362624127609,0.8745326380265211,0.9047199249663498,0.7985310871617939,0.9045337441521137,0.8221211026246081,0.9233495096181188,0.879992205719461,1.0,0.7880447798697683,0.8650093275050267,0.9333241860098798,0.9144180799997315,0.4646000785617909,0.9509351018071032,0.929993030978287,0.9219128689467001,0.9202647465521668,0.8991942594382418,0.9417613543098563,0.9243686116766703,0.7751932220314988,0.7634355672314478,0.9159696545854917,0.8798794423037145,0.5229640089935063,0.8257130363307255,0.7305767339196312,0.8960721722457097,0.47154456676663004,0.47211023608580666,-0.9538644521904129,-0.12333130885063912,-0.8075654823813468,-0.779249403814448,-0.509104681655865,-0.006310895242948727,-0.4088700710917034,-0.5134547807514274,0.41594754272549345,0.5371332396409731,0.8096786859939782,-0.8917101889812679,0.32444271766439237,-0.7500215502400734,-0.751521741770583,-0.25233661563580223,-0.27093325353154246,0.006164980075845622,-0.09676686957929333,0.11887791950340834
0.9449207926169305,0.8997782037172587,0.8846462050764123,0.8743123540475393,0.896301688014304,0.869549937083402,0.8629475374540041,0.8388913276431015,0.8560494357821249,0.8380466731135507,0.8336820960290887,0.7184418082373409,0.8260897714422042,0.8377017198631652,0.8535352074295565,0.814429295104707,0.8431242972687095,0.7482271082258531,0.8041289514266786,0.7891571372533557,0.8379296344602137,0.6970998180411551,0.7249473222452398,0.7534763284243716,0.8284038533159274,0.8115771511528443,0.7880447798697683,1.0,0.91995600612039,0.8838808681298786,0.8481079648094422,0.5140263899438846,0.8731050987672068,0.8642949501304851,0.862773715763492,0.8673311903510632,0.8402940368061258,0.8693571833659653,0.8516623071682238,0.7031526735655663,0.8371297427115764,0.8806607051428883,0.8320116758171949,0.5163069650959193,0.7257049180994861,0.7366384666257084,0.7947962599130266,0.24698124963561088,0.564467796170275,-0.864997795341262,-0.14713026779559654,-0.6256828368904391,-0.546797326119037,-0.29145641873174,-0.0017449598716337165,-0.478399013454624,-0.39989685092164157,0.34948593659028493,0.3218848829450624,0.6236744720811791,-0.8917509112527856,0.09687164431526905,-0.6760539193048549,-0.5043998580283545,-0.22743787089937434,-0.24129998538055594,-0.1849428446676655,-0.05093217066183808,0.2544503228972375
0.9356189774401766,0.9598518245788711,0.9368894401768096,0.9142141161752203,0.897237915641273,0.9063612570900154,0.9332531210342906,0.9024912177587479,0.8968262473717006,0.8857943078904603,0.8776528090709247,0.7470507346301796,0.8908367528584846,0.9035874326318207,0.9222420840453271,0.8736802308809714,0.9191489492473351,0.843201843980606,0.8876813854716933,0.8538780789020508,0.8610673224343401,0.7761230363330244,0.7964901581056538,0.8196571772641067,0.8915752159899284,0.8939036125145464,0.8650093275050267,0.91995600612039,1.0,0.9333983442863104,0.9038147326031462,0.5677915242725617,0.9253501253068914,0.9184255258471871,0.931445242737126,0.9399395280730444,0.8962478596284208,0.9399640582817624,0.9304261209081911,0.7808734026878295,0.8477267992151356,0.9387519452787265,0.8886309926042675,0.6113782915178693,0.7919096528441106,0.7918211736910178,0.8578478530362108,0.3349958866845804,0.6483337814217663,-0.9302210239510965,-0.1057546384687084,-0.7025720766664474,-0.6759062136819696,-0.38340157745834114,-0.05228660447532223,-0.5154134475948059,-0.4726202555873804,0.3503988957463962,0.31955327456191435,0.6711015394812493,-0.9618638692824522,0.13659533785464384,-0.7531389468689033,-0.6308163119325595,-0.3256966090357474,-0.2665949109018517,-0.23157552852481858,-0.07784818951195854,0.21416882873258586
0.895005849703144,0.9614038999577157,0.9499909859998132,0.9411042524446649,0.9153451610625792,0.9316902831697386,0.9459242279661967,0.9252881808091068,0.9056608080490727,0.8959118680140312,0.850252494292838,0.7685328582575461,0.940650748985771,0.9019542706243346,0.9246348314259286,0.9413784042305562,0.9451605602515967,0.8955146553414717,0.9170713800192779,0.9061008877743696,0.9477588640803735,0.8741165941055361,0.8861117604712352,0.8534533234394174,0.920702409424756,0.8881965457329369,0.9333241860098798,0.8838808681298786,0.9333983442863104,1.0,0.9691370392865577,0.5780904911313905,0.9589143194365086,0.9412041962184704,0.9617767036112299,0.9563497543072065,0.9119068339573244,0.9539132316681029,0.9541292537613228,0.8274685465611527,0.7967507672346833,0.9403836022007005,0.8894016557678703,0.537065848403147,0.8191892463521296,0.7787791671491715,0.9012133873771948,0.458525257588592,0.5780423645502414,-0.9574418847953338,-0.07577604898512635,-0.7420191617392342,-0.7261397898067966,-0.46948199993687345,0.008316823083845884,-0.44138629756152603,-0.4831633139128862,0.38217618621092725,0.4492099442085872,0.7264427359481617,-0.9542995726374331,0.26821850639174033,-0.7432354505419849,-0.6916346908149341,-0.31832058515204925,-0.25865110988240453,-0.10723977817050058,-0.09412300381756711,0.18419070976889612
