0,1,2,3,4,5,6,7,8,9,10,11,12,13,14,15,16,17,18,19,20,21,22,23,24,25,26,27,28,29,30,31,32,33,34,35,36,37,38,39,40,41,42,43,44,45,46,47,48,49,50,51,52,53,54,55,56,57,58,59,60,61,62,63,64,65,66,67,68
1.0,0.9445362444575424,0.9549776083678161,0.9508333276980174,0.9421180492730724,0.9008983697418594,0.9384547419076636,0.9141350926858373,0.9122315196934785,0.9221157197719555,0.9259980760964074,0.9357455722830996,0.9234533749014363,0.8980288107600692,0.9319242729214783,0.9022440130741184,0.9232792505307408,0.8763164471973351,0.8828426660203836,0.9093978042053839,0.8847709898277502,0.884309448535417,0.8924852759213732,0.7201052366229309,0.8665242458117148,0.9352582948659638,0.9183779230122023,0.9423687849699542,0.9555102641181477,0.942708205268898,0.8994811561638242,0.8335416941088296,0.924303683148912,0.9327653135479661,0.9275406219487033,0.8922885931922337,0.8750676880046434,0.9334833260810332,0.9271867873449178,0.8344965544231789,0.8689512527837745,0.9108938760000065,0.9113461650383942,0.748363306927883,0.8974493127011203,0.798767949610268,0.8952052415449075,0.7878316732050661,0.7690319211514706,-0.9281952871080466,0.2813748175958714,-0.7278456060117825,-0.6290175695513187,-0.5579613667568827,-0.3059834856557868,-0.5207228500598818,-0.7198719781122132,-0.15536101511894831,-0.2619544783439591,0.7939200033587442,-0.9376972224642343,0.1785719965666402,-0.7858085671697839,-0.6160568460240736,-0.5165127320122898,-0.2816207068403556,-0.6939821360716941,-0.15459553780770638,-0.10801302408635614
0.9445362444575424,1.0,0.9687819829137534,0.9569804722174675,0.9162210041871227,0.8870948503217474,0.9736731874670986,0.9673758750903351,0.9464645030092522,0.9483449028932301,0.9571999128419978,0.9283878300595082,0.9447583202038327,0.9530331274681533,0.9739964690153324,0.9393295693598523,0.9696095073254212,0.944322533178769,0.9202775073382562,0.9468691450929564,0.9017978776947363,0.9455557378225552,0.9324172177217555,0.7936313990750872,0.9079938683747384,0.9687279090222769,0.9668365652389154,0.9159153563573816,0.9737995207078014,0.9666859455041076,0.9484131091740228,0.9087385790474768,0.965680004405353,0.9730353831643336,0.9639293569749753,0.9539130651557156,0.9501939023623224,0.9742568660410359,0.9663675469957315,0.8696334634160909,0.8852663095765119,0.9575910595463278,0.9540055154153688,0.7832927959638635,0.9048734208600135,0.7775702644138012,0.9330951513577224,0.8267826327117895,0.8466092314280735,-0.9755742091772647,0.2666266296523481,-0.7740596190187427,-0.7178839993020013,-0.6117748340673737,-0.30492971402698704,-0.45804332016521954,-0.7532351004944507,-0.10355461054744508,-0.20334058292854246,0.8616686945732567,-0.9764224462578222,0.1675267781362917,-0.8031912522902505,-0.7240772042401787,-0.5818630253634618,-0.29700424015649723,-0.7201753489449897,-0.12282209197473558,-0.058267189390797315
0.9549776083678161,0.9687819829137534,1.0,0.9720888041561822,0.9339592777741533,0.904346096974595,0.9701463483399206,0.9485793843922883,0.9376597555566508,0.951334160578465,0.9493511027136607,0.9305618176909608,0.9397726274585093,0.9355126981686009,0.9627542509717353,0.9305217326507442,0.9611352676038434,0.9356796897880737,0.9218009312255357,0.9466270948593384,0.9027414239870909,0.9297327300969019,0.9257407068854618,0.7510039469556381,0.8910681245453664,0.962755516561556,0.9478331858811676,0.9304025569249623,0.9696011622816666,0.9591447583882254,0.9320479386965261,0.86609115380263,0.9547960490648093,0.9588666256641172,0.9489003172950341,0.93183106251924,0.9299446113927674,0.9599455901325121,0.9545930343817369,0.8441849157118443,0.8785389148143476,0.9329117477639268,0.9372002473891544,0.7607962857011176,0.9011546054288443,0.7925278660289514,0.9041942489656425,0.7873310644209474,0.8217850412228697,-0.9633624137043427,0.30592682999872295,-0.7410766389698203,-0.6744847340007462,-0.5893949467144991,-0.3191955199112308,-0.49329849980519014,-0.7650954741120208,-0.14518409979654062,-0.24629619839463346,0.8464875356108702,-0.9665632300152567,0.1839141696491192,-0.7891615378043422,-0.6787076728387321,-0.5623041525122779,-0.29397225657340514,-0.7380352790317106,-0.1573123546106782,-0.0961355396923483
0.9508333276980174,0.9569804722174675,0.9720888041561822,1.0,0.9180604844108627,0.8989416772182062,0.9643579845153389,0.9339774481634783,0.9338930814711651,0.9395015852872156,0.9355555543973042,0.9225594266913942,0.9397568234326971,0.9305627772026188,0.9555127719612883,0.9304187689581944,0.9556688127876914,0.9330988400451153,0.9095017919944322,0.9528316690312125,0.8940135865442743,0.9322093348975944,0.9090818908160306,0.7536710115445631,0.8854870014860925,0.9528252565524004,0.939401168532779,0.9178213576115933,0.9559127268734826,0.9554920321603666,0.9321614537828535,0.8662438957084109,0.9407434596325883,0.9510374791095153,0.9406446748561152,0.9252239459874627,0.9228203704111785,0.9521910157021785,0.9417870657124537,0.8460430199190955,0.8502332477698993,0.9178293115833743,0.9206085583975591,0.7375199572015488,0.8960359570453243,0.7961127175841265,0.8868943856390664,0.7853624486597566,0.8222016262927103,-0.9554004316294893,0.27533891862917087,-0.7347327040030145,-0.6711549285666817,-0.5903668084159167,-0.3092202511576039,-0.48913437117275727,-0.7745649162065814,-0.16619771391572674,-0.23250595917372052,0.8322006609820936,-0.9567070298293747,0.15806568966944481,-0.7837601389071112,-0.6763967912832229,-0.5683697016167665,-0.3018828294705278,-0.7479571736332207,-0.18664683810203092,-0.08180357887057489
0.9421180492730724,0.9162210041871227,0.9339592777741533,0.9180604844108627,1.0,0.9207555072492185,0.9070629970121219,0.8758285588213791,0.883536707347222,0.9116310709830907,0.8935904871114118,0.8914486142917909,0.9056810650459293,0.8556661307684457,0.893454420641868,0.8661588936522412,0.8836209914428997,0.836046088679467,0.8678223852699106,0.8835398921128228,0.8463561543732789,0.8432299215308479,0.8835724390400652,0.6528493402874138,0.7875058798254814,0.9046369310688258,0.8702178665825746,0.9058434128616935,0.9264469741341939,0.8986630102445953,0.8555660231465895,0.7764982791792938,0.8884253304895533,0.8950158019456453,0.8962039057657898,0.8465151592835614,0.8397064256832634,0.8955085759781305,0.9056915222545461,0.7943221170288738,0.8633043243074436,0.8817095569963399,0.889405551627247,0.725970093152377,0.8702445249189292,0.7850967770180528,0.8519176881631179,0.740588861438989,0.7233344333144274,-0.8937186658833152,0.29977336681148714,-0.6712072951581219,-0.5692738396215001,-0.5041964135554698,-0.27404248257010866,-0.4980030159699111,-0.7011951361911625,-0.15035110053034167,-0.32351793263419776,0.7643303486455695,-0.9008462692299387,0.1945003669416828,-0.7181465799446961,-0.5573667501704077,-0.45397745813393275,-0.26859075259469967,-0.6781505344142821,-0.09796237678423012,-0.18505496844265923
0.9008983697418594,0.8870948503217474,0.904346096974595,0.8989416772182062,0.9207555072492185,1.0,0.888453993042814,0.8520045389435684,0.8798250955231461,0.9163861801438528,0.8505282843120606,0.8525593093079443,0.8799839407504191,0.8405171569110191,0.8637618293624363,0.8297163084792215,0.8574330646264063,0.8207288565497818,0.8659234778157701,0.9084268043900541,0.8244543814046198,0.8287676143645969,0.8565077185882792,0.6477613082575564,0.7618625236254102,0.887346334618468,0.8445077657876394,0.8745327310418239,0.8881222012659207,0.8725113399327298,0.8311940255755029,0.7877272464262338,0.8678597042572666,0.8640718638854868,0.8731767751919604,0.8131345134921919,0.8247232858335808,0.8665268955005471,0.8702959153692563,0.7390852959150375,0.8683577979464993,0.8684483428003921,0.8840361861405334,0.7173854686370414,0.8707377304811537,0.808982080213546,0.8091967076549097,0.7056529693069971,0.7018488586542447,-0.8668157108020884,0.21906783046755657,-0.6269391033495073,-0.499192197831012,-0.4132185676250087,-0.2973433375025428,-0.41562315369751307,-0.7287896579569916,-0.15742840792057997,-0.24540067352802697,0.7125002879937725,-0.8657683785192141,0.18020864638626766,-0.6665320714812091,-0.5026417712349456,-0.36495945763042875,-0.24589284750238646,-0.6823902282145107,-0.056917590085723085,-0.1259638465339228
0.9384547419076636,0.9736731874670986,0.9701463483399206,0.9643579845153389,0.9070629970121219,0.888453993042814,1.0,0.9543239241558843,0.946304533388634,0.946281027293758,0.9500232397055957,0.9128261228444338,0.9347430402180912,0.9486822227597608,0.9690297889675612,0.9359137226361595,0.9762803102176939,0.9585689925162086,0.927556211254653,0.955822091983229,0.8911013022947445,0.9494420268144571,0.9275999170455478,0.7833079765671459,0.9056730757353116,0.9731967822791538,0.95618540006051,0.9095940125177617,0.9680009074088668,0.9654054438706205,0.9473056901660082,0.9034556451262626,0.958095438560467,0.9653197520860196,0.9568257608838281,0.9502323756092454,0.9483622865223046,0.9657403887198632,0.9618879137708349,0.8611968176598466,0.8686752955443685,0.9506056224070473,0.9488465698561183,0.7503215851229184,0.8930335329012976,0.7850915692721188,0.9130645965188877,0.8135690728059193,0.8427188737038332,-0.9711052629317583,0.2699405044551056,-0.7524415742864943,-0.6999180989058188,-0.5922749910973726,-0.29785096611657946,-0.4443979478517166,-0.7793648666741025,-0.13005280289119403,-0.2074862911840982,0.8572193135697113,-0.9694443735450751,0.16734459047613381,-0.7873166487543698,-0.7094540176667404,-0.5679571287803316,-0.3015101540196295,-0.7458320687460137,-0.14904698313078255,-0.06278567372214053
0.9141350926858373,0.9673758750903351,0.9485793843922883,0.9339774481634783,0.8758285588213791,0.8520045389435684,0.9543239241558843,1.0,0.9267628961919535,0.9362442710350036,0.9540360087741347,0.9255291611442586,0.9338405250937597,0.9571571308197718,0.9678155462351345,0.9323006049376492,0.9544935795539246,0.9328965710628816,0.8917976834480246,0.9289883116535116,0.9072924825724192,0.9458174932293618,0.9205811337916421,0.8199538496759683,0.9244878680653551,0.9466049909920474,0.9717659873334105,0.895085753009875,0.9523110669891766,0.9558499452400178,0.9434047974468095,0.914448743759754,0.9686561338788784,0.9675737799479637,0.9559004609937206,0.9552815965715715,0.9559952386427166,0.971044697837827,0.9546693842001752,0.8688971635240912,0.8608145442915766,0.9385810653195815,0.942134720665561,0.8197582576803115,0.9034321407279625,0.734253884005233,0.9398191064339818,0.8423615245681009,0.8626197224715171,-0.9715884776854151,0.2401528045819479,-0.7936425524079229,-0.7500257649612923,-0.6365958411137744,-0.3296408781496328,-0.45090694101079215,-0.7252757464895977,-0.040898333441225655,-0.15887570486949115,0.870577552074176,-0.9712425603731437,0.13380596202312825,-0.8203133093931286,-0.7659590203903858,-0.6204082050853428,-0.30457675503387577,-0.6824303415475556,-0.10898740693050286,-0.011772326273354044
0.9122315196934785,0.9464645030092522,0.9376597555566508,0.9338930814711651,0.883536707347222,0.8798250955231461,0.946304533388634,0.9267628961919535,1.0,0.9285214027306287,0.9144905194620983,0.89542254039674,0.9103549170741109,0.9231740699646911,0.9385559286524813,0.9033776092703409,0.940712420646995,0.918363124654299,0.8855102055762247,0.9395974808494795,0.8668807327839639,0.9200111081096424,0.9045627787350885,0.7643279259143577,0.8717635858270446,0.9429533254231551,0.9311171327486516,0.886466143040238,0.9381237459757851,0.9388536813325657,0.922571399004013,0.8917846118895363,0.9293881951800922,0.9391981447078637,0.9344734589983548,0.9219759720792345,0.9181239102065386,0.9413764902633077,0.9321743183109794,0.8389825318960676,0.8473320320769762,0.9210556410719971,0.9164307609495476,0.7197145002040014,0.8778069160498014,0.7913439053528433,0.8905533936073113,0.8051386522625845,0.8236512293140484,-0.9429292929474767,0.25974377134718646,-0.7325832188599017,-0.6887055918775745,-0.585296112582739,-0.275979648067688,-0.42226649948116585,-0.7360764010663434,-0.118258994172218,-0.1727790413653485,0.8128028264824336,-0.9403417862993197,0.17130647711923752,-0.7516169619469159,-0.6871503824676574,-0.5482302399407072,-0.28870218493826705,-0.6951800736971279,-0.11683676017545566,-0.03810508778880688
0.9221157197719555,0.9483449028932301,0.951334160578465,0.9395015852872156,0.9116310709830907,0.9163861801438528,0.946281027293758,0.9362442710350036,0.9285214027306287,1.0,0.9292090078527678,0.8971100139537118,0.9298273423840083,0.9138332682922051,0.9370960935202429,0.9032414648869785,0.9322853013919228,0.9036339400211573,0.8918583723219984,0.9384811166673487,0.8938942317387194,0.9117683561461944,0.9107210243801984,0.7610189186406209,0.8585826303666394,0.9415547092773379,0.9248717906617088,0.912210376577477,0.9430261738418849,0.9347162067534073,0.9091218780932955,0.8762574212203978,0.9332843676692131,0.9330783155213983,0.9318908960383083,0.9117455330032785,0.9159017071043581,0.9370973829898281,0.935995746730168,0.8330517016813193,0.8862784310208027,0.9239224502807318,0.9413559783199635,0.7808243196123922,0.9119019014161808,0.792765759083631,0.8932512292682423,0.7920853612826949,0.809507634371268,-0.9407239561159012,0.2905512249703795,-0.7130673874499873,-0.649747811327535,-0.5359839515882707,-0.3259138125106065,-0.43333772427341544,-0.7359544504433566,-0.09453043255030855,-0.248017363892284,0.8162769416154059,-0.9420616734094546,0.18512118474175,-0.7441401862637642,-0.6520217791596286,-0.4980206751173964,-0.2845181402766471,-0.709114000932141,-0.09923105767879159,-0.09685570786274894
0.9259980760964074,0.9571999128419978,0.9493511027136607,0.9355555543973042,0.8935904871114118,0.8505282843120606,0.9500232397055957,0.9540360087741347,0.9144905194620983,0.9292090078527678,1.0,0.918659800724431,0.923727392841489,0.9400872675720306,0.9566479488542418,0.926030103247985,0.947852722799197,0.9257062773765632,0.8991906009856332,0.9120044492996701,0.906405966634292,0.942378639633616,0.9231800260403921,0.7873122423434966,0.9208408515705724,0.937881518771457,0.951838473491132,0.8990426269128969,0.9522339229691416,0.9556225382451019,0.9457219395049058,0.8713574821635414,0.9531369751487353,0.9579805191669988,0.9499744074189342,0.9394206753467417,0.9362784455480687,0.9619168312781771,0.9556950304927053,0.8595157385402767,0.8344371020198801,0.9213120484470108,0.9282070223305829,0.7531831060867397,0.8733914928930868,0.7260861359839139,0.9264923417607547,0.820050544550726,0.8244274567501519,-0.9579202823134438,0.28285131688507026,-0.7641510882057488,-0.7166647302559337,-0.6274858328637636,-0.32029559955569,-0.46084141644308413,-0.7288914605790434,-0.08401901151434292,-0.20124094049986474,0.8424316228431001,-0.9597433283354089,0.16282618947436991,-0.8012356631910061,-0.7289474455624946,-0.6062470969730087,-0.29033616389001987,-0.6941095508121568,-0.1187360084116642,-0.05924894105593354
0.9357455722830996,0.9283878300595082,0.9305618176909608,0.9225594266913942,0.8914486142917909,0.8525593093079443,0.9128261228444338,0.9255291611442586,0.89542254039674,0.8971100139537118,0.918659800724431,1.0,0.9062884830537888,0.9055550907277932,0.9294308377218541,0.9070657218555515,0.9048165821375052,0.8693127587092593,0.8508808277726583,0.8877833293191306,0.8984965088790434,0.8823783160576192,0.892204996762122,0.7242402884677546,0.875825109602663,0.9054912937408116,0.9301373607214257,0.8898062246947193,0.9258268205085013,0.9224161854454164,0.8845850347497899,0.8235028871059348,0.9289181163975666,0.9329740938536084,0.9142214941673877,0.8817127119019134,0.8803418025481959,0.933253445492813,0.9121099784217772,0.8132758098917966,0.8223567694308622,0.8817006540744288,0.8900230783130295,0.7699201929725776,0.8715784237309016,0.7158837988556395,0.8926023768250808,0.7825262145399265,0.7922573118146392,-0.928347852638489,0.23059700124426752,-0.7762167355433846,-0.6959752525504213,-0.6257221582104052,-0.3468043416145358,-0.5548022481154995,-0.7246927284951993,-0.11047700226696759,-0.2008821189855237,0.8192842795366365,-0.9355553776771622,0.13395592444627075,-0.8182355860756041,-0.6900756474013338,-0.5950750178972632,-0.306917824122047,-0.6900590417531595,-0.15261237229082217,-0.07081321361890473
0.9234533749014363,0.9447583202038327,0.9397726274585093,0.9397568234326971,0.9056810650459293,0.8799839407504191,0.9347430402180912,0.9338405250937597,0.9103549170741109,0.9298273423840083,0.923727392841489,0.9062884830537888,1.0,0.9199194485775155,0.931660861169035,0.9184463411044637,0.9292467447832623,0.8942844715203325,0.8912053727178165,0.9270789360435253,0.8901516976759171,0.9241782585783529,0.9096555539385748,0.7846914566521381,0.871054579902347,0.9272207733949044,0.9249092804984514,0.881504383969101,0.9336967138805816,0.9359506632814406,0.9190810071740366,0.8661823379169927,0.9216614865385341,0.937153536602858,0.9386791727037209,0.9168508234502699,0.9143853297896327,0.9427282053971499,0.9373171638168686,0.8698429956671874,0.8415677615212074,0.9174371871065112,0.9173001347265536,0.7762341182393167,0.8992624823826956,0.75905529133729,0.9071983754167616,0.8244590593770826,0.8053987409742205,-0.9364530883776021,0.23226831493542915,-0.7343886530870636,-0.6762647140643812,-0.5697502533185584,-0.27270822625423097,-0.4229367195161259,-0.6929397758201473,-0.07141301679223606,-0.22415818080518637,0.8119416351783084,-0.9381838988257803,0.1466297312734258,-0.7632176645494593,-0.6957037343778859,-0.5496781062228966,-0.272163197187343,-0.6507513981038385,-0.06173950914208176,-0.1010723652355586
0.8980288107600692,0.9530331274681533,0.9355126981686009,0.9305627772026188,0.8556661307684457,0.8405171569110191,0.9486822227597608,0.9571571308197718,0.9231740699646911,0.9138332682922051,0.9400872675720306,0.9055550907277932,0.9199194485775155,1.0,0.9507485473091163,0.9051212363666512,0.9531141442255125,0.9400004657338041,0.8965870167742794,0.9346367394758746,0.9159405161981693,0.9508666910645747,0.9065396098445152,0.8217255913787151,0.9335177112123992,0.9334374744184882,0.9576402734173932,0.8746062716986008,0.9313584499723067,0.948885234257874,0.9394123665537146,0.9101137255593575,0.959916925681472,0.960145880086687,0.943064780502809,0.9430814024349911,0.958364922179927,0.9572887907996656,0.9367732288740339,0.8468236625051903,0.8289476440119684,0.9183563516344765,0.9149702974536466,0.728420640381365,0.8609826521217115,0.7281151724928953,0.9047056703544103,0.8204640185612354,0.8413635064457679,-0.9561255126619191,0.20126130092074757,-0.7475489753493522,-0.719098541424456,-0.5933055248865939,-0.31728264028948155,-0.3721877156557804,-0.7397206908050711,-0.07841455799352293,-0.0901732895991728,0.8515375520099618,-0.9521792884882152,0.1180330604263572,-0.7842455814019265,-0.7401234907394745,-0.5885232018595605,-0.2712967742263489,-0.6945743927875588,-0.10866277484239749,0.052214276741309816
0.9319242729214783,0.9739964690153324,0.9627542509717353,0.9555127719612883,0.893454420641868,0.8637618293624363,0.9690297889675612,0.9678155462351345,0.9385559286524813,0.9370960935202429,0.9566479488542418,0.9294308377218541,0.931660861169035,0.9507485473091163,1.0,0.9496730405631644,0.9670704151651736,0.9488527789948161,0.907762385212147,0.94168539208209,0.8938925692310318,0.9488465322605334,0.9275464840759671,0.7908141298643907,0.9143378717938953,0.9630893825199343,0.9725503948492492,0.8983312742487739,0.9670953389422428,0.9650155350353711,0.9519694809494073,0.903864748958623,0.9647694334425131,0.9766203336498475,0.9630576904677765,0.9550270869062292,0.9506184138946293,0.9740437012385714,0.9602034101430903,0.86715712900058,0.8583775230750494,0.942529952007446,0.9438683910646961,0.7804323196472879,0.8946661385352829,0.7581189339214172,0.9317812086881049,0.8319263783518321,0.857350250999342,-0.9795260714495461,0.25332120496050237,-0.8079275423608858,-0.7591150208029102,-0.6615672300639215,-0.3267451667045337,-0.48964965761256957,-0.7751870180492826,-0.11956795229900037,-0.203302751991389,0.8693968372581479,-0.9799894341077082,0.1454249182279627,-0.8322998168941144,-0.7610032435859508,-0.6365671087999196,-0.31564598105005615,-0.7439865459382424,-0.17199053452509208,-0.055717888320519986
0.9022440130741184,0.9393295693598523,0.9305217326507442,0.9304187689581944,0.8661588936522412,0.8297163084792215,0.9359137226361595,0.9323006049376492,0.9033776092703409,0.9032414648869785,0.926030103247985,0.9070657218555515,0.9184463411044637,0.9051212363666512,0.9496730405631644,1.0,0.9338461869186028,0.9170754613362634,0.8805851983410705,0.9083126833960996,0.8413677982837828,0.9255742027298928,0.9181837057159872,0.7696300142617319,0.8683660093765395,0.9308089136002224,0.9374026487819453,0.8561319821049856,0.9354737706142464,0.9314285145231797,0.9266952335419801,0.8573832423148631,0.9169665115316558,0.9425223693711502,0.9279481615074182,0.9319350877825507,0.9058810365610849,0.9471090103101382,0.9347047687224838,0.8781307413686784,0.8114788494045116,0.9054632599969741,0.9126926673872833,0.7641493514859443,0.8690163405685453,0.7267079287316301,0.9052098842258955,0.8334455656262845,0.8306128040040739,-0.9470810433931586,0.2714597420179617,-0.7950551765581434,-0.7640994490513224,-0.6870176411295092,-0.3007238171108189,-0.5230605175410594,-0.735428579044697,-0.10350024567330042,-0.2400659602784662,0.8319781826873494,-0.9503890952011864,0.12421673740033318,-0.8065007018309481,-0.7725054751863044,-0.6759045707727382,-0.2889842668743203,-0.7148047645584107,-0.19054458238418345,-0.12078157559130716
0.9232792505307408,0.9696095073254212,0.9611352676038434,0.9556688127876914,0.8836209914428997,0.8574330646264063,0.9762803102176939,0.9544935795539246,0.940712420646995,0.9322853013919228,0.947852722799197,0.9048165821375052,0.9292467447832623,0.9531141442255125,0.9670704151651736,0.9338461869186028,1.0,0.9648435538477103,0.920749324061594,0.9466708889723957,0.8943938818285714,0.9539984569206674,0.9219720290916347,0.8024051867729156,0.9122827490862961,0.96594155554256,0.9568517036865379,0.895441563204558,0.96040570461548,0.9618820513639845,0.9503829929923958,0.9115266540031306,0.9548206090648858,0.9643916782513652,0.9508665839576,0.9572170647028382,0.9525564252803262,0.9645361172565969,0.9557794224905116,0.8632935023648165,0.8484011281974658,0.9498624264643181,0.9416212654473439,0.7454844116961727,0.8806919971627397,0.771049486791619,0.9144992956541453,0.8167428380196173,0.8515304593438919,-0.9693710813669907,0.2645723786797718,-0.7544015581206096,-0.7232854419369369,-0.6148617159498974,-0.2857661734538828,-0.42633055828040356,-0.7684104747836519,-0.11835287367476557,-0.1923401257436509,0.8622667394854518,-0.9675090781102553,0.157309757282134,-0.7927639519267852,-0.7408698261941637,-0.6010868044966455,-0.29625577785193064,-0.736700511978919,-0.15341338133132382,-0.03613336091979143
0.8763164471973351,0.944322533178769,0.9356796897880737,0.9330988400451153,0.836046088679467,0.8207288565497818,0.9585689925162086,0.9328965710628816,0.918363124654299,0.9036339400211573,0.9257062773765632,0.8693127587092593,0.8942844715203325,0.9400004657338041,0.9488527789948161,0.9170754613362634,0.9648435538477103,1.0,0.9257625265985899,0.9325704907495896,0.8574079099443708,0.9535592159739802,0.9088930734939401,0.7754929215828584,0.905472430361253,0.9424368842603008,0.9412865823871656,0.8491153671640963,0.9299715799035708,0.9397704739432037,0.9392442515067476,0.8947204217473178,0.9384952305719056,0.9436952000534355,0.9279587966621977,0.9390985279147542,0.9429257574287938,0.9421804112578112,0.9360007088283548,0.827995552699236,0.8102185391603997,0.9222656702143821,0.9198913360906418,0.7014042564494777,0.8354791940152458,0.7272992434439957,0.8792915116070884,0.7783151758662877,0.8467123004343758,-0.9520058552192481,0.24774438184015732,-0.743052613791048,-0.7209750470134629,-0.6198104636000912,-0.28097811924171373,-0.40002893684308904,-0.7781144142507918,-0.12794612987863793,-0.1355225477109216,0.8451168091469752,-0.9456023765725584,0.14838508643953854,-0.7718910761700618,-0.7453374416456813,-0.6151851454882536,-0.29588108318464895,-0.7556183938991632,-0.1777312803445089,-0.009964859385556152
0.8828426660203836,0.9202775073382562,0.9218009312255357,0.9095017919944322,0.8678223852699106,0.8659234778157701,0.927556211254653,0.8917976834480246,0.8855102055762247,0.8918583723219984,0.8991906009856332,0.8508808277726583,0.8912053727178165,0.8965870167742794,0.907762385212147,0.8805851983410705,0.920749324061594,0.9257625265985899,1.0,0.9127699514969188,0.8399812962784529,0.9098498434863006,0.9174496764490441,0.7074790103312024,0.8497019338217356,0.9117819604899611,0.894786586102596,0.8541082499214264,0.9136606087444249,0.9089062878582524,0.8961864920549377,0.8260675747860617,0.9041135880961333,0.9069624371693149,0.9080561374315529,0.8762372975515432,0.8927044889321266,0.9085600525552012,0.9208365017815091,0.7768515710735341,0.836299478891715,0.9140436555616197,0.9092394176849202,0.6885557746596824,0.824966608105655,0.7398532422520996,0.8492337401663809,0.7307362500512398,0.7675961573272113,-0.9113429505934767,0.2596788542411206,-0.680263614917528,-0.629168430647179,-0.5485764544636075,-0.257483442685522,-0.392166297685887,-0.7304568482734332,-0.12476136250283404,-0.1917588265302044,0.768572188252515,-0.9055800082291373,0.19490994350009974,-0.719659091462791,-0.6523117291418246,-0.5291667245407714,-0.22718168909002492,-0.713836212784404,-0.11875128511851757,-0.07239650361956304
0.9093978042053839,0.9468691450929564,0.9466270948593384,0.9528316690312125,0.8835398921128228,0.9084268043900541,0.955822091983229,0.9289883116535116,0.9395974808494795,0.9384811166673487,0.9120044492996701,0.8877833293191306,0.9270789360435253,0.9346367394758746,0.94168539208209,0.9083126833960996,0.9466708889723957,0.9325704907495896,0.9127699514969188,1.0,0.8775850166760982,0.9355781920084638,0.9067864632388174,0.7559162578541183,0.8699255965431774,0.9462900578787966,0.9298550924156337,0.886904396064673,0.9344354863303171,0.9405949156527911,0.9256894099723212,0.8921269719412996,0.9345102878110136,0.9413013059399085,0.9375460178552554,0.9123625424088346,0.9314478035571404,0.938983425390875,0.9317880806918638,0.8168695720053095,0.8650326524374999,0.9258532733868524,0.9287997080600331,0.7253214701638657,0.8795168057860749,0.7835588802374623,0.8682274748348479,0.7767377994105104,0.8253309333871911,-0.9449226462194625,0.22076121341875454,-0.7129269651111745,-0.6545112506139362,-0.5394581941001046,-0.2960441572070856,-0.37835849130111476,-0.7771655460165605,-0.13395133659670358,-0.17202145261479038,0.8120351667059253,-0.9394190188877131,0.14606462762991332,-0.746950240680147,-0.6719747351662814,-0.5237763338307717,-0.27702528463924686,-0.7407386010051147,-0.13111224061419938,-0.04655870221860472
0.8847709898277502,0.9017978776947363,0.9027414239870909,0.8940135865442743,0.8463561543732789,0.8244543814046198,0.8911013022947445,0.9072924825724192,0.8668807327839639,0.8938942317387194,0.906405966634292,0.8984965088790434,0.8901516976759171,0.9159405161981693,0.8938925692310318,0.8413677982837828,0.8943938818285714,0.8574079099443708,0.8399812962784529,0.8775850166760982,1.0,0.8962051827688678,0.8473928371440889,0.7736777471830433,0.8818778035174546,0.8756753704949456,0.897467090655974,0.8669619978627656,0.8833983490058055,0.9150889143691109,0.8905910571588106,0.856638728243063,0.9124905161426047,0.902638766292761,0.8919407706681401,0.879188838728636,0.9107259161699,0.8981583397852791,0.880335302846044,0.7919331792563956,0.8010936395363848,0.8657481761722715,0.8595066475074563,0.6744074349674255,0.8269274744730102,0.6732074945062525,0.8636624583943597,0.7629980863294931,0.759679914716692,-0.8996508857829717,0.19190385637938623,-0.6845541548812005,-0.6247947252118212,-0.5177049474289489,-0.3311885159033353,-0.3341405231955543,-0.6883494297035063,-0.11617196993105891,-0.16349701916393158,0.7922627070121115,-0.9028731830071131,0.0952666632448489,-0.7473919771784061,-0.6516260196831376,-0.5046122771706941,-0.23888608242887632,-0.6612620732830815,-0.11312746540414173,-0.02504939628557585
0.884309448535417,0.9455557378225552,0.9297327300969019,0.9322093348975944,0.8432299215308479,0.8287676143645969,0.9494420268144571,0.9458174932293618,0.9200111081096424,0.9117683561461944,0.942378639633616,0.8823783160576192,0.9241782585783529,0.9508666910645747,0.9488465322605334,0.9255742027298928,0.9539984569206674,0.9535592159739802,0.9098498434863006,0.9355781920084638,0.8962051827688678,1.0,0.9192596220659015,0.8155539896561179,0.9241402849352098,0.9289905752471532,0.9472392919605273,0.8520507001545122,0.9253673990824386,0.9556614635962225,0.9667785993314839,0.9114209624126897,0.9422598572085342,0.9506157000170294,0.9462098049408407,0.9472700083536656,0.9603143967406933,0.9499229504571924,0.9466680254184553,0.8606180490665083,0.8020336224750683,0.91794546044283,0.9117447842035766,0.703338670487995,0.8535921386933386,0.7040692665441612,0.9088040564567197,0.8274155433964957,0.8363565046665811,-0.9548514058656582,0.20460254989314733,-0.7512936653460062,-0.7291399394120379,-0.624162431385892,-0.28754194992003573,-0.3584539477083818,-0.7433927348645409,-0.10397650942237137,-0.12157555376927215,0.8368011717529621,-0.9493896104227838,0.12975397399406244,-0.7776315044930623,-0.7622779927419996,-0.6208310726498196,-0.2750691657774639,-0.7156201955950843,-0.14057454721678964,-0.0021694992281792755
0.8924852759213732,0.9324172177217555,0.9257407068854618,0.9090818908160306,0.8835724390400652,0.8565077185882792,0.9275999170455478,0.9205811337916421,0.9045627787350885,0.9107210243801984,0.9231800260403921,0.892204996762122,0.9096555539385748,0.9065396098445152,0.9275464840759671,0.9181837057159872,0.9219720290916347,0.9088930734939401,0.9174496764490441,0.9067864632388174,0.8473928371440889,0.9192596220659015,1.0,0.7416840865306037,0.8544184502103525,0.9193695280234001,0.9190381909529011,0.8489526700913769,0.9244553795781107,0.9187372732737195,0.9126773183427191,0.8328147105856186,0.9139488318916378,0.9301712304253718,0.9269074815827901,0.9050327907813953,0.9014295442388791,0.9323242144902735,0.9479851206514892,0.8463268203933447,0.8188469172375706,0.9051056575598677,0.9217886470425307,0.7435858095477497,0.8562754271677853,0.7253757375537069,0.8854635727288993,0.8253180748919017,0.8065686701319581,-0.931493801324733,0.2523684349756993,-0.7344114628447709,-0.7074651712250474,-0.5961938408058474,-0.2725485866239357,-0.43259070392101984,-0.7016412430289006,-0.053261328987439016,-0.20071106280411216,0.8051253217461132,-0.9301498698381392,0.1591662935086824,-0.7446668269481262,-0.7157909078481272,-0.5766289703172741,-0.2666286741105973,-0.6751613357357861,-0.083312464944976,-0.07400093009208444
0.7201052366229309,0.7936313990750872,0.7510039469556381,0.7536710115445631,0.6528493402874138,0.6477613082575564,0.7833079765671459,0.8199538496759683,0.7643279259143577,0.7610189186406209,0.7873122423434966,0.7242402884677546,0.7846914566521381,0.8217255913787151,0.7908141298643907,0.7696300142617319,0.8024051867729156,0.7754929215828584,0.7074790103312024,0.7559162578541183,0.7736777471830433,0.8155539896561179,0.7416840865306037,1.0,0.8037832046242634,0.7767411129625463,0.8033120402923007,0.7169945017043514,0.7654516690681574,0.7982494136391053,0.8082945213671502,0.866827619879352,0.7997837729293786,0.7996932413629256,0.7925045731201213,0.8696793097034489,0.8190301332060632,0.8055672991242576,0.7850099698880503,0.869049124014794,0.6713149059839271,0.7797305547279864,0.7630617296427442,0.6541262015195363,0.7590076538341036,0.5926822493851741,0.8109464699771238,0.8571457598569565,0.7241954142202863,-0.7962291191470454,0.08883428089413145,-0.6281936640831991,-0.6453693520364191,-0.4955444184185805,-0.2239226971241147,-0.2560171022044321,-0.5596090056447975,0.01788155862388195,-0.023479582316196023,0.7038185732640876,-0.7919199012083223,0.002732760055266079,-0.6331217917343548,-0.6778553826483962,-0.48085018487282966,-0.21898701097396273,-0.4994151620271441,-0.06562920635582899,0.11268387483168944
0.8665242458117148,0.9079938683747384,0.8910681245453664,0.8854870014860925,0.7875058798254814,0.7618625236254102,0.9056730757353116,0.9244878680653551,0.8717635858270446,0.8585826303666394,0.9208408515705724,0.875825109602663,0.871054579902347,0.9335177112123992,0.9143378717938953,0.8683660093765395,0.9122827490862961,0.905472430361253,0.8497019338217356,0.8699255965431774,0.8818778035174546,0.9241402849352098,0.8544184502103525,0.8037832046242634,1.0,0.8836529691882302,0.9295363963562141,0.8598804054204338,0.8970983718695446,0.9237351311970052,0.9115955782393774,0.8703873301558294,0.9346618269589663,0.9196216609683401,0.9049867007101097,0.9170032716402715,0.9219238868250211,0.9183881163808011,0.896966725534792,0.8188862436180941,0.7614082595724023,0.8712170133984887,0.8624189246522357,0.6846457394809832,0.8180070578346159,0.6580934398708841,0.8928080165366183,0.7884481049717591,0.795669583774385,-0.9158363129342139,0.20650492026471579,-0.7231930032877869,-0.6910901118860784,-0.6017105410909169,-0.3138140208094501,-0.3828956765094394,-0.6917564109839295,-0.07244758228240415,-0.018209854322732817,0.8099632884883403,-0.9158675545503249,0.13564307196202305,-0.7753005926382386,-0.7146853814059835,-0.6074129079265942,-0.2561189281435847,-0.6445995569340522,-0.13834434016274041,0.11942129866403178
0.9352582948659638,0.9687279090222769,0.962755516561556,0.9528252565524004,0.9046369310688258,0.887346334618468,0.9731967822791538,0.9466049909920474,0.9429533254231551,0.9415547092773379,0.937881518771457,0.9054912937408116,0.9272207733949044,0.9334374744184882,0.9630893825199343,0.9308089136002224,0.96594155554256,0.9424368842603008,0.9117819604899611,0.9462900578787966,0.8756753704949456,0.9289905752471532,0.9193695280234001,0.7767411129625463,0.8836529691882302,1.0,0.9493655124821992,0.9068039673208279,0.9662657073412384,0.9554594214889746,0.9360561976852215,0.9013179878303301,0.9471641975444076,0.9595610090692862,0.9492621753031727,0.942924307265855,0.9313480077334988,0.9584669625308073,0.9530287515222872,0.8617786290095533,0.8848122308990347,0.9540582146172402,0.9505032489887303,0.7654211677321985,0.900735362111374,0.7978632769066183,0.9067418279112247,0.819153891922682,0.8364080535753372,-0.9629592622359132,0.2723165228846582,-0.7578549263876654,-0.6982460746921351,-0.5804186000929865,-0.2892741109514883,-0.4524572469315515,-0.7708605414321383,-0.13570865841129334,-0.22845349932884304,0.8490622911302899,-0.9635465754078769,0.16208983548994624,-0.7843116408144994,-0.6959487512429285,-0.5422337486057417,-0.2983128297544872,-0.7387976968486367,-0.13338564357082017,-0.08863008094937146
0.9183779230122023,0.9668365652389154,0.9478331858811676,0.939401168532779,0.8702178665825746,0.8445077657876394,0.95618540006051,0.9717659873334105,0.9311171327486516,0.9248717906617088,0.951838473491132,0.9301373607214257,0.9249092804984514,0.9576402734173932,0.9725503948492492,0.9374026487819453,0.9568517036865379,0.9412865823871656,0.894786586102596,0.9298550924156337,0.897467090655974,0.9472392919605273,0.9190381909529011,0.8033120402923007,0.9295363963562141,0.9493655124821992,1.0,0.8888126855125126,0.9545305067980708,0.958334023393119,0.9471511795801061,0.9092540610962713,0.9663815533091277,0.9721370946796193,0.9576255314971907,0.9524564085895573,0.9522982408893141,0.971742338135469,0.9507962160395975,0.8625148689537757,0.8465426426508297,0.9348492183300595,0.9362668012504457,0.7871417897140528,0.8909868417941019,0.7310427107324593,0.9360266320351665,0.8348167409768303,0.8659717611862932,-0.9741261517381091,0.23931656555041877,-0.8123492242369277,-0.7640132074093372,-0.6606489891106477,-0.33683759733964314,-0.47809709190998234,-0.7507851078443715,-0.08354723660918999,-0.14231010139297404,0.8718114000530095,-0.973781513943357,0.13838288948507502,-0.8382600446274908,-0.7713129591398138,-0.6381614936664484,-0.31880692365898483,-0.711875956219979,-0.14377747249430475,0.000901851032766744
0.9423687849699542,0.9159153563573816,0.9304025569249623,0.9178213576115933,0.9058434128616935,0.8745327310418239,0.9095940125177617,0.895085753009875,0.886466143040238,0.912210376577477,0.8990426269128969,0.8898062246947193,0.881504383969101,0.8746062716986008,0.8983312742487739,0.8561319821049856,0.895441563204558,0.8491153671640963,0.8541082499214264,0.886904396064673,0.8669619978627656,0.8520507001545122,0.8489526700913769,0.7169945017043514,0.8598804054204338,0.9068039673208279,0.8888126855125126,1.0,0.9303459150082313,0.9145085548573628,0.8653649852978935,0.82428943257522,0.913958106356356,0.8974077913967754,0.8933347361596538,0.8718216215981837,0.8594947546780574,0.8985856639346985,0.8973279933758898,0.7871968609568845,0.8937070554262136,0.8913606952469096,0.8907114479960535,0.7309819695933816,0.8784140999584469,0.7806458261809506,0.8701197771442309,0.7346439669559442,0.7422314958073938,-0.8948299763310594,0.34116549956506725,-0.6358848309090035,-0.5501659819853779,-0.4755855881440445,-0.3026516279326626,-0.4695523090130727,-0.6790369987851206,-0.11850492106774624,-0.2214802628497725,0.7591545575772947,-0.9044232674263443,0.23371467162613704,-0.7115907000676832,-0.5365394668003264,-0.44956762595725175,-0.25793350965196205,-0.6470260736083753,-0.1411791034012017,-0.026355605837493593
0.9555102641181477,0.9737995207078014,0.9696011622816666,0.9559127268734826,0.9264469741341939,0.8881222012659207,0.9680009074088668,0.9523110669891766,0.9381237459757851,0.9430261738418849,0.9522339229691416,0.9258268205085013,0.9336967138805816,0.9313584499723067,0.9670953389422428,0.9354737706142464,0.96040570461548,0.9299715799035708,0.9136606087444249,0.9344354863303171,0.8833983490058055,0.9253673990824386,0.9244553795781107,0.7654516690681574,0.8970983718695446,0.9662657073412384,0.9545305067980708,0.9303459150082313,1.0,0.9592622267393177,0.9352183826969335,0.8831958698460112,0.9558686849517037,0.9630703416486252,0.9563941777627775,0.9413977883777264,0.9265660955986832,0.9638180879285945,0.9597174257130376,0.8631128828511752,0.8884170152800829,0.949272560805678,0.9478213670616229,0.776348960689537,0.9011274477726444,0.7878159384051725,0.924869685744765,0.8139887880255039,0.820166988346671,-0.9645740822867085,0.3119699616813457,-0.763531206933516,-0.6980101284097112,-0.6105895984677187,-0.30434176973324206,-0.49804418323454774,-0.7422758773853569,-0.12009186162255073,-0.23997403870622594,0.8437764123127052,-0.9691907535613136,0.20693599414595,-0.8005249389599656,-0.6920904355581351,-0.5746130640225288,-0.2945790512603391,-0.7169176192659238,-0.13730999351509068,-0.08491930811627449
0.942708205268898,0.9666859455041076,0.9591447583882254,0.9554920321603666,0.8986630102445953,0.8725113399327298,0.9654054438706205,0.9558499452400178,0.9388536813325657,0.9347162067534073,0.9556225382451019,0.9224161854454164,0.9359506632814406,0.948885234257874,0.9650155350353711,0.9314285145231797,0.9618820513639845,0.9397704739432037,0.9089062878582524,0.9405949156527911,0.9150889143691109,0.9556614635962225,0.9187372732737195,0.7982494136391053,0.9237351311970052,0.9554594214889746,0.958334023393119,0.9145085548573628,0.9592622267393177,1.0,0.96226650940958,0.9099718187999959,0.9587536636511964,0.9669382520578474,0.95756055952517,0.9498893311348758,0.949599004148074,0.9644312861075801,0.9554688911609844,0.866772377284735,0.850264333208104,0.937579515216764,0.9328710816139772,0.7386723820333623,0.8929863015172085,0.7642822434225894,0.926186804193452,0.8345460843710336,0.8372262557437927,-0.9676527017172152,0.22007051823310494,-0.7611111543560511,-0.7041710012510564,-0.6091877997249829,-0.30248370255078905,-0.4309839724740208,-0.7571715175292573,-0.1409183434144944,-0.18243976000947412,0.8403375612964352,-0.9685295618086456,0.1297633681065726,-0.7949496914890153,-0.713287963872196,-0.5866982184231342,-0.3008145307130684,-0.7273178297104668,-0.16458088769514725,-0.04350225138606481
