0,1,2,3,4,5,6,7,8,9,10,11,12,13,14,15,16,17,18,19,20,21,22,23,24,25,26,27,28,29,30,31,32,33,34,35,36,37,38,39,40,41,42,43,44,45,46,47,48,49,50,51,52,53,54,55,56,57,58,59,60,61,62,63,64,65,66,67,68
1.0,0.9770584057520977,0.9678507724220703,0.971357270800327,0.9590439350578228,0.9491230938024016,0.9660944568719616,0.9511779597681069,0.9421823988065868,0.9245024008055286,0.9269838716025176,0.9430473508335441,0.9277038023333511,0.7702392071523524,0.9579729368386214,0.9527698097249566,0.9392047799577222,0.9353951775882076,0.9156305425535812,0.9168136077322959,0.9328651609910265,0.9043224238971758,0.862539307853074,0.7746774602688334,0.960275809499771,0.9578371891835002,0.9491789320662817,0.972735804422788,0.9742397429938676,0.9686108301071574,0.9502575053770914,0.7255563182898275,0.9605559816372359,0.9493464836629382,0.9661159022396014,0.9379843947291823,0.9224643291087696,0.9725295826460096,0.9481966968820875,0.8129008118852472,0.9363531934062174,0.9523181861896068,0.9431368080739073,0.8575768301299683,0.9179784653769241,0.8276617377513552,0.9031151360874484,0.6842472040922322,0.7709620756548423,-0.9737411471812635,0.2348290239321284,-0.5683165104098304,-0.735179077742252,-0.47561148657915736,-0.3429314679292882,-0.6698826593099042,-0.6795252803487967,0.15884613724446175,-0.2558197395892885,0.8990793677475392,-0.9697875924130747,0.35673114663296657,-0.5979617885590947,-0.790961050356122,-0.607487956541906,-0.33021427086960903,-0.6329927096063975,-0.29654463138456755,0.1064312281986077
0.9770584057520977,1.0,0.972674155693421,0.9757309911061528,0.9651024549685298,0.9576198851006602,0.9773922454171179,0.9587924215226673,0.9525101397698225,0.9348303921414872,0.9333621308700084,0.9482905429643955,0.9411547873399453,0.7962481546022757,0.9618362625362288,0.9560710560579047,0.9538310275259094,0.9435447635674342,0.9343439087199046,0.9325898535760276,0.94537205913256,0.921918203554662,0.8752977499765848,0.7933559908652352,0.9564689758289302,0.9729374136034905,0.9566093825700619,0.9750231958246105,0.9793172161418706,0.9732003704810438,0.9618752682150816,0.7509351997890722,0.9645545713221761,0.9575964780144217,0.9758735591693605,0.9530135374125719,0.9416417503770637,0.9745886620647356,0.9619400116770332,0.8355199044368607,0.9514809525377246,0.9688677813366767,0.9578720085775236,0.8739372976367735,0.9281960497675763,0.8403399023749438,0.9137733864064714,0.6985327586626847,0.7876103766763818,-0.9800404897283951,0.23373157101436737,-0.5570942563244632,-0.7556709018751806,-0.4768085438932452,-0.3239504253350039,-0.6488980568211086,-0.6793094571353865,0.16810242836552083,-0.24921129264798075,0.8958619533033391,-0.9786557491257445,0.3521978377522348,-0.5927963484065866,-0.8211588967194623,-0.6159053606423478,-0.34993413924077915,-0.6185365045712075,-0.2834477654010713,0.09980569072395337
0.9678507724220703,0.972674155693421,1.0,0.9759718797804864,0.9419906878001079,0.9343248319680321,0.9780167169693738,0.9605058800034725,0.9584379540095942,0.9013932350158476,0.9488049390459076,0.9487620419545281,0.902588438806041,0.8306504059752368,0.9643896377648722,0.9300381261757713,0.9563194047598359,0.9605298068831316,0.9334227215465933,0.9385488378189204,0.9335411240701679,0.9248919137651435,0.8184149723856405,0.7406791830776266,0.925977118416894,0.9660585577029068,0.955159277792002,0.9712390605353545,0.9656614264775951,0.955475488486259,0.9398378575946602,0.7059240388196504,0.9683308980818904,0.9672359661740567,0.9676328296327021,0.9165567149271456,0.9414743666446842,0.9635541637840628,0.931297605829657,0.7776611203342287,0.9429426044742618,0.9483578808156556,0.9425923850270681,0.8491791927320463,0.9192418824312424,0.8107257688707967,0.8830992749501055,0.6434088202497829,0.808585516644965,-0.9760383159937774,0.29780605527035203,-0.5970119633295682,-0.7704982312844398,-0.5310335608593378,-0.3436537443512847,-0.6893940943899827,-0.7164659319133726,0.11602206719594937,-0.21161519233880002,0.8863751353937374,-0.9736130112232778,0.3876257078195567,-0.634691091921327,-0.8150079829935174,-0.6386717016496787,-0.3174830295471683,-0.6626630267564549,-0.2860061898013437,0.13438964549241086
0.971357270800327,0.9757309911061528,0.9759718797804864,1.0,0.9529836128756111,0.9545230106299463,0.9726149136610949,0.9563693897717426,0.9538348866100733,0.9144250068751011,0.9336563372588714,0.9565590735876593,0.9236464714100374,0.8056802337912709,0.9638591488660517,0.952517545201926,0.945400563269309,0.9457954202893346,0.9347363253207797,0.9388879126324164,0.9481164433018,0.9308428658740802,0.8521179922436052,0.764779220311791,0.9421768691232519,0.9611543956539637,0.9625398645670052,0.9710053592194999,0.9687216077610991,0.9676150933195989,0.9556601077042185,0.7076742046578768,0.9628435703288744,0.9652322423504298,0.9730871712317951,0.9347512456211725,0.9436919594800315,0.9718493136082256,0.9501836761114584,0.8121271621383506,0.9393219967203462,0.9509469788631161,0.9435476163026199,0.8513852795931235,0.9126260633690275,0.808599633828709,0.9019281768431291,0.6855872264076665,0.8079512191870116,-0.9810097127005598,0.257253145431898,-0.5712637665097182,-0.7729969008776182,-0.5181783693769194,-0.35784978390008587,-0.687603512539743,-0.7060871941102798,0.12446823233940592,-0.21443085505419793,0.8891280291798597,-0.980751851152319,0.363888199214636,-0.6151326683013254,-0.8250364190549637,-0.6508838583334594,-0.33113953927894196,-0.6546870499359841,-0.29743388738576865,0.11119407444823004
0.9590439350578228,0.9651024549685298,0.9419906878001079,0.9529836128756111,1.0,0.9546289021220667,0.9525858298644819,0.9329737654710584,0.9287661769101294,0.9350480937870432,0.9011839315994954,0.9262938385592847,0.9391510547504619,0.7341483939725503,0.9279336212642265,0.9459745235651202,0.9282121190318673,0.9127246826697383,0.9114506844472635,0.9140070892363145,0.9389149999301406,0.8985636932361398,0.8763884308780231,0.7881511187378211,0.9451770731056995,0.9524073558138476,0.9220240965586561,0.9522849156097883,0.959437512318032,0.9540526824811751,0.9473541679522363,0.7475174973726887,0.9390987509032281,0.9236336534313763,0.9519313239532922,0.9372515417224613,0.9238922089418383,0.9555592987893438,0.9494570322177529,0.8271750655249598,0.9361983320415851,0.9553148751732243,0.9440168136790961,0.8563084187367315,0.9170327067225928,0.846333307574055,0.8996699629799264,0.6803244569409569,0.7292223482442788,-0.955416726245552,0.22860038735979868,-0.5291433404625584,-0.7318387112346914,-0.44938742375834156,-0.2931879335787513,-0.6110502899398409,-0.6450315143237763,0.20155772354038434,-0.2666612058705574,0.871150505507053,-0.9529108094634992,0.34608349996120724,-0.5654048796260221,-0.7959817059062587,-0.592499874468479,-0.33290077466740864,-0.5841402200062744,-0.2866471786426238,0.06495574355871343
0.9491230938024016,0.9576198851006602,0.9343248319680321,0.9545230106299463,0.9546289021220667,1.0,0.9396446158640424,0.9160277085440813,0.9230888943972786,0.917586924515265,0.8902238181187935,0.9263486612792771,0.9377475958532221,0.7470689490972885,0.9304359919290904,0.9528412587349663,0.9021968983177985,0.8924788551637424,0.9145035808463137,0.9164847001459475,0.9423545773171464,0.9106864470496929,0.8844276089933162,0.7938101298817923,0.9356754291232245,0.9336151185809793,0.9302555512074283,0.9495796768706216,0.9484463974449605,0.9547098816876745,0.9486347049418876,0.7209767735102107,0.9317408518143199,0.9223096540376937,0.9493374138062559,0.9449218911781169,0.9183388130099106,0.9507331569450138,0.9495719909461803,0.8401425317166147,0.9317187404574732,0.9451887904167867,0.9248755792569497,0.8422096846760483,0.8948880734732969,0.8213313167435833,0.8996930591339183,0.7220746992281278,0.7621877365261874,-0.953058944232221,0.1731970999792377,-0.5012958064454511,-0.7209648687129007,-0.4219117502579792,-0.3134584075743024,-0.6171430831622591,-0.6542418049567679,0.17466516392137962,-0.2665008731620921,0.8646332086363527,-0.9538953011179389,0.30298904605600907,-0.5360943329050518,-0.7934153275517684,-0.6015567700522356,-0.3315017386682166,-0.6054642573845156,-0.2952596959402559,0.070069202917723
0.9660944568719616,0.9773922454171179,0.9780167169693738,0.9726149136610949,0.9525858298644819,0.9396446158640424,1.0,0.9592299286286334,0.9620141198187268,0.9146984108446612,0.9480805269149662,0.943643455051985,0.9146597927950927,0.8210167035645854,0.9668339879452464,0.9416335099236863,0.9717786073358395,0.962621842583953,0.9420699666464666,0.9400572187546937,0.9313936996274501,0.9321073225297737,0.8364027584938444,0.7511305685002835,0.9382837642813461,0.9754909751445483,0.9563962144328813,0.9643221074878533,0.9672766331702147,0.9593684196448355,0.9483287018966117,0.7397211465342796,0.9665562324544337,0.9665124868513812,0.9707204942847604,0.9283960361780016,0.9433775475358076,0.9677743309750942,0.9414988168235651,0.792968632794692,0.9429591668955588,0.959415886080616,0.9557809780329596,0.8506926472544493,0.9201835749090697,0.8325991790999882,0.8835044044488018,0.6466920272639787,0.8053382459830162,-0.9765217945313296,0.2717939053657728,-0.5945541764372433,-0.7739026071350642,-0.5172635768747651,-0.3477120409615186,-0.6810471566249315,-0.689028624986794,0.14720761564918663,-0.22060280149354525,0.886546635999881,-0.9763062727213148,0.3666371815918117,-0.6402955625329445,-0.8251274809715985,-0.6359789462255054,-0.344498213280141,-0.6267210526664763,-0.25621097871724646,0.11564716882876276
0.9511779597681069,0.9587924215226673,0.9605058800034725,0.9563693897717426,0.9329737654710584,0.9160277085440813,0.9592299286286334,1.0,0.9406059973309481,0.8808779270975902,0.937941832358551,0.9368583060611663,0.8807278978001767,0.8324616812267566,0.9536263800130111,0.9191472083842157,0.9382929280034626,0.9340727395311879,0.9229139464535874,0.9216003471455687,0.9180812742265525,0.9103751517556846,0.7914743034622389,0.7050250722229423,0.9221234552512173,0.9432637053625855,0.9462530148643045,0.9489440877181048,0.9482632132254563,0.933166383618264,0.9180629444444307,0.6736038814022896,0.9713753922496272,0.9669522417103706,0.9610161341190692,0.8986954828398362,0.947698986964957,0.9588579345720571,0.9171686455491359,0.7588439611856982,0.9256678787851979,0.9303521898091105,0.9258773441819235,0.8918518625938763,0.9159750785003161,0.7843584039822159,0.8643808621843664,0.6091812440309545,0.8015526373647364,-0.9646429890579232,0.3272583664568705,-0.619266565485411,-0.7853612603943758,-0.5392346339468976,-0.3303087083138481,-0.632877426859103,-0.6858082519484379,0.15257928876710372,-0.1944578731768018,0.8628081141573386,-0.9655959309887185,0.39603655758136447,-0.6493359820644357,-0.8286508005511536,-0.6342254491886017,-0.32723399416926013,-0.6274565143041015,-0.20652440164123462,0.11557461306746425
0.9421823988065868,0.9525101397698225,0.9584379540095942,0.9538348866100733,0.9287661769101294,0.9230888943972786,0.9620141198187268,0.9406059973309481,1.0,0.8861674444357324,0.9371759682524522,0.9378630815889285,0.8752586044414824,0.8424647588126254,0.9482437938631547,0.9188164394452487,0.9449289321521259,0.9315689340195239,0.9318544097000988,0.9424336546067641,0.923914487810029,0.9285433701564257,0.7844278067336576,0.7018209920102186,0.8965597945439744,0.9415605923758521,0.9348376290246069,0.9451424032399202,0.9390681559774798,0.9302140411814114,0.9215367354472028,0.6907352068176691,0.9527048931326447,0.9553862550313797,0.9482807174220872,0.8949097134835152,0.9415242317490492,0.9486399404910442,0.9055146320971947,0.7465982234706654,0.9308984166530492,0.9318774382777809,0.922313055595758,0.8040337085462187,0.8945436497620354,0.816570184574848,0.8455562188194253,0.6056300869681998,0.8116908743944485,-0.9550644481290667,0.31398754334561424,-0.5825405522021954,-0.7523080905141742,-0.5034829111479155,-0.3303308668755463,-0.6646636122905498,-0.6727475608489847,0.11773169274106451,-0.1855299850030147,0.8493897109284049,-0.9587834917449545,0.37730110764547375,-0.6284883602923982,-0.7908263475462959,-0.6093741668345699,-0.3221443463156057,-0.6307838053889103,-0.2309050573146537,0.12210355038366157
0.9245024008055286,0.9348303921414872,0.9013932350158476,0.9144250068751011,0.9350480937870432,0.917586924515265,0.9146984108446612,0.8808779270975902,0.8861674444357324,1.0,0.8453748579389246,0.8800775227699975,0.9456526279758616,0.656961124049945,0.8820559985886189,0.9181604990335801,0.8983989761620571,0.8656800392993755,0.8558613179529505,0.8685258001204237,0.9114729186727704,0.8466333602305084,0.900976968525386,0.8188108689701781,0.9180914075981743,0.9327797009296444,0.8891272563579158,0.9246101076552518,0.930814419997409,0.9351265256431104,0.935619552942434,0.7872540867247837,0.8854249666432438,0.8658405190954955,0.9161418204686763,0.9343367831206666,0.859853481048428,0.9179346975490589,0.9379386032009374,0.8557783184901069,0.9087901310602464,0.9428102740148798,0.9245579583907807,0.8631021612919529,0.9202737242222483,0.879374325633029,0.9120395088812215,0.7309879207905853,0.6809967227138632,-0.9149729472846319,0.1430904734837632,-0.47133826425292996,-0.6880590799986792,-0.3702582774189789,-0.30551729647907505,-0.5571074456771112,-0.5854040554641555,0.20232253889794846,-0.27288566414354615,0.8630674434735172,-0.9098946985180738,0.2888879208496466,-0.49555537386397974,-0.7875974898957567,-0.5484253805701645,-0.3381181492385635,-0.4929082522332464,-0.2828767541318941,0.034652732209418204
0.9269838716025176,0.9333621308700084,0.9488049390459076,0.9336563372588714,0.9011839315994954,0.8902238181187935,0.9480805269149662,0.937941832358551,0.9371759682524522,0.8453748579389246,1.0,0.8991463012828245,0.8499069441988261,0.8767156513360334,0.9436816753144991,0.8885475211286404,0.9314933842549169,0.9341736730762992,0.9075879714121808,0.9201545282129813,0.8878014031746313,0.9220055167223463,0.7480294970125319,0.6790839099271408,0.8855898185563077,0.9243901757386955,0.9187668715187137,0.9248148279301301,0.9223549530832872,0.9109132289417203,0.9023907280807034,0.6680543275900307,0.9400140526894731,0.9511168568134888,0.9387720322285272,0.8678965072676467,0.9182443450055886,0.9235839043329361,0.8807399834865182,0.7186471959909383,0.9080181706651043,0.90303781497513,0.9044067461459706,0.8158607486533282,0.8803953696869098,0.7612330788330834,0.8182835091313753,0.5781563989527264,0.8119925834027896,-0.9414750185356489,0.3526069535936508,-0.6004254971165173,-0.7614443617003124,-0.5355718368129752,-0.3165444458814337,-0.6594401313492565,-0.7153895706514123,0.1064476276749322,-0.18126570448492887,0.842300429367701,-0.9423811003727054,0.41343283051141727,-0.6251989391485575,-0.784589859550693,-0.6086660030553526,-0.28835595142919096,-0.6485940599439092,-0.221087265184577,0.14596927528727505
0.9430473508335441,0.9482905429643955,0.9487620419545281,0.9565590735876593,0.9262938385592847,0.9263486612792771,0.943643455051985,0.9368583060611663,0.9378630815889285,0.8800775227699975,0.8991463012828245,1.0,0.8961294402931483,0.8039072445403769,0.9431659733144221,0.9289894389491552,0.9205552299492306,0.9034735218660372,0.9101388616474222,0.9072617310551364,0.9436941081235021,0.9077056499714306,0.8250066978880951,0.7355101447417848,0.911287819096406,0.9286207493081785,0.9419977951452376,0.9462270501602654,0.9380880844949498,0.9405558981339518,0.9277825859724177,0.685518945706564,0.9505119920737827,0.9431812731568986,0.9441847313703501,0.9003243679162248,0.9222897148230563,0.9537374167414236,0.9208433562382599,0.7897779715874036,0.9090745281087359,0.9273730219395251,0.9176216997671789,0.8271383484995201,0.8814529904909748,0.8145930928145084,0.8669133720627769,0.6551122615481307,0.785196365674107,-0.9520965897091291,0.24393241358151016,-0.544749707597415,-0.7416596305468958,-0.49261795043406614,-0.34514921380593655,-0.6461147218375268,-0.6519668248431215,0.13673691359453513,-0.19624828952242276,0.8540175886470915,-0.9552352396988291,0.3301880592105911,-0.5918273789546334,-0.7963643164070389,-0.6229249618370729,-0.32193283538260115,-0.6251052463824618,-0.2590639990431741,0.09057689297786352
0.9277038023333511,0.9411547873399453,0.902588438806041,0.9236464714100374,0.9391510547504619,0.9377475958532221,0.9146597927950927,0.8807278978001767,0.8752586044414824,0.9456526279758616,0.8499069441988261,0.8961294402931483,1.0,0.670261479862746,0.8913053432743305,0.936306054251753,0.8801141749519278,0.8693173548103477,0.8737305685036242,0.8562743163139767,0.9274843504314844,0.8698820005661904,0.944674771035508,0.8565606748997067,0.9408890965079484,0.9244575858644953,0.895330958898322,0.918887774477327,0.9336357411582009,0.9446938768156076,0.9510264607694406,0.7590180170983167,0.8847505405960447,0.8733458049888106,0.9236870054160901,0.9503772306033899,0.8731777016874204,0.9301141689641431,0.9604280288920567,0.8956253885992028,0.9020984996604255,0.9322768376532523,0.9162911803621148,0.8498196869859133,0.8988090652460928,0.8439467527184296,0.922967361995149,0.7705735203133955,0.7010878100307114,-0.9234934322460697,0.09459099707196125,-0.43576403265277086,-0.6859786672966247,-0.35013040480254815,-0.2961619641269929,-0.5381284287840908,-0.590527469412739,0.2591142087197541,-0.3155003321699538,0.8832557643812591,-0.9179132991830594,0.274958340010902,-0.450019890131029,-0.7817056547171827,-0.5430568936713501,-0.35369086552959383,-0.5223520587169739,-0.2778903505430391,0.03257099658831092
0.7702392071523524,0.7962481546022757,0.8306504059752368,0.8056802337912709,0.7341483939725503,0.7470689490972885,0.8210167035645854,0.8324616812267566,0.8424647588126254,0.656961124049945,0.8767156513360334,0.8039072445403769,0.670261479862746,1.0,0.8304844042537693,0.7196524355689335,0.8073533634528268,0.7966041147510196,0.8215073667457606,0.8415143593245119,0.7740435505855134,0.8194890718700397,0.5405884276531443,0.5224396880008604,0.7042065704218052,0.7870772936282873,0.8091556691963357,0.7919050287647644,0.772970383240656,0.7565009960741279,0.7480153174436333,0.5160475745838073,0.8253128073638034,0.8605343946360466,0.8051014661265996,0.710455295382068,0.8402532130816152,0.7810237792349386,0.7147031006786361,0.5576657991456712,0.7892448894239387,0.7600411592997226,0.7650395822773304,0.6643823256233335,0.7297188257120267,0.6187452583756526,0.6557067380517847,0.42698524082581724,0.8180917666751567,-0.8081167554760765,0.40223113284105033,-0.516152743883882,-0.6798832948292657,-0.4845013604049283,-0.27261694300752215,-0.5472205728468598,-0.6484430287105076,0.052567747212776295,-0.0524725957529864,0.6559866814901909,-0.8284146109762693,0.38677249128929814,-0.565308070490758,-0.69527660666438,-0.5298642453715939,-0.23242939003548208,-0.5968544347544905,-0.13067006456780642,0.20613199854065847
0.9579729368386214,0.9618362625362288,0.9643896377648722,0.9638591488660517,0.9279336212642265,0.9304359919290904,0.9668339879452464,0.9536263800130111,0.9482437938631547,0.8820559985886189,0.9436816753144991,0.9431659733144221,0.8913053432743305,0.8304844042537693,1.0,0.9435193139812577,0.9439081362047236,0.941524664659062,0.9285126143060265,0.9338190662808954,0.9211038360482032,0.9271684085685902,0.8220678129929078,0.7326658217146643,0.9351931921086342,0.9471814153522444,0.9627497093356594,0.9498917162592027,0.9544755882121948,0.9519996911197378,0.9332808745084776,0.7106452242210815,0.9654563123072756,0.9734266079267262,0.9639432172457884,0.9165208802789473,0.9281556667350842,0.9680132959323098,0.9231803031234217,0.7856228355748455,0.9181373597547315,0.9358673123873466,0.9282084383295754,0.8396325723095427,0.8915856659690182,0.810794572512537,0.8774449098261622,0.6601940935279461,0.8193831033936416,-0.970283743129288,0.22575047902976944,-0.5914763853902825,-0.7682521313227845,-0.5296590363839436,-0.3717768865029472,-0.6806771993929062,-0.689895957904954,0.13848979644373174,-0.23350381518772556,0.8671101956842443,-0.9728885444524403,0.311506015625078,-0.6309227532204683,-0.8099416182064142,-0.6602216558360008,-0.3174591833575001,-0.6553771312632035,-0.2306127368763774,0.09500586421750347
0.9527698097249566,0.9560710560579047,0.9300381261757713,0.952517545201926,0.9459745235651202,0.9528412587349663,0.9416335099236863,0.9191472083842157,0.9188164394452487,0.9181604990335801,0.8885475211286404,0.9289894389491552,0.936306054251753,0.7196524355689335,0.9435193139812577,1.0,0.9119318258558524,0.9032106471677778,0.8958260997625968,0.9006648969446724,0.9218175722123024,0.915186367209207,0.8972829772669939,0.8010047915546448,0.9514737962779362,0.9337455071684988,0.9357313900292675,0.9390794800523667,0.9508114829488805,0.9608425958841588,0.950160947446867,0.7510878186281891,0.9318408597618895,0.9273239405326732,0.9492614780339903,0.9471826507867455,0.9068766809445061,0.961517256914126,0.9501458790015762,0.8522299332602358,0.9096563163436293,0.9386285154622432,0.9238611641617408,0.8353164719460222,0.8954267687876746,0.8295485645850739,0.9040509104307047,0.7309317275847127,0.7552556785007895,-0.954238469337114,0.1389878734018906,-0.5366021076348066,-0.7261252736801526,-0.43141035904131475,-0.3521878280535975,-0.616454521689313,-0.626939777481967,0.18758629191389609,-0.2831333518209472,0.8806802282602253,-0.9528639642636133,0.2760262900536247,-0.557674163766812,-0.7955857213277034,-0.6132407776965472,-0.3376494050516262,-0.5881472812322172,-0.27847730799482207,0.04870725088429171
0.9392047799577222,0.9538310275259094,0.9563194047598359,0.945400563269309,0.9282121190318673,0.9021968983177985,0.9717786073358395,0.9382929280034626,0.9449289321521259,0.8983989761620571,0.9314933842549169,0.9205552299492306,0.8801141749519278,0.8073533634528268,0.9439081362047236,0.9119318258558524,1.0,0.9485395013052099,0.910328144782278,0.9215983473764267,0.8981115053985251,0.9096504038381058,0.789773215376159,0.7025504630000998,0.9115052485637027,0.9628720372255117,0.9374232850126099,0.9401588465765863,0.9389743426054844,0.9303163858854115,0.9201683171188026,0.7645733598233512,0.9454147047417059,0.9445291243947781,0.9462138047126775,0.8984803949796581,0.9226197350712088,0.9397059155377041,0.9118136611778591,0.7495938207548771,0.9172413777041819,0.944458660410677,0.9494604840122308,0.8249588875468321,0.9028326981833269,0.8321945444697936,0.8462383197707183,0.5790862743652604,0.7800050761026397,-0.9509310900863553,0.29898501589867965,-0.6315818180305516,-0.7761068245076597,-0.5569580767226034,-0.35707335029648474,-0.68868226321763,-0.6598609907524635,0.11957626558169614,-0.18900043308485556,0.8628437418321534,-0.9501678723644624,0.3819529079447302,-0.6870942918931505,-0.8322134160590012,-0.6513692773452481,-0.34541453923716964,-0.5798689886011545,-0.24439629759838818,0.12066671110880052
0.9353951775882076,0.9435447635674342,0.9605298068831316,0.9457954202893346,0.9127246826697383,0.8924788551637424,0.962621842583953,0.9340727395311879,0.9315689340195239,0.8656800392993755,0.9341736730762992,0.9034735218660372,0.8693173548103477,0.7966041147510196,0.941524664659062,0.9032106471677778,0.9485395013052099,1.0,0.9289276630005078,0.9196499727234172,0.8910067520083782,0.9160928055363916,0.7918968243779191,0.6985261938214787,0.9003351297372566,0.9472086918428255,0.9257652997483437,0.9293771958309128,0.937004905281295,0.9239725204708095,0.9142684020211639,0.6772091251231963,0.9388712324170818,0.9468099715868948,0.9431421159583935,0.880385260771713,0.9175847360652142,0.9349332963687023,0.9008297856229831,0.7368161710986109,0.9090226215378735,0.9130525039851314,0.916814113534218,0.8172001996297286,0.8853432640965074,0.7658682792818443,0.8446192182507455,0.6074265391897932,0.7861431620496486,-0.9530794455765557,0.31050305030605957,-0.6011635963610549,-0.7728670014449548,-0.56865994146956,-0.3456276410224255,-0.7087745961541979,-0.703859980404977,0.11660608040961214,-0.2014758662857836,0.8762863251320834,-0.945695145769709,0.38893160522738157,-0.6473824116074037,-0.8024059625489368,-0.6477953746563696,-0.30416580510385477,-0.6539503513540537,-0.2615727388351299,0.14643059634092337
0.9156305425535812,0.9343439087199046,0.9334227215465933,0.9347363253207797,0.9114506844472635,0.9145035808463137,0.9420699666464666,0.9229139464535874,0.9318544097000988,0.8558613179529505,0.9075879714121808,0.9101388616474222,0.8737305685036242,0.8215073667457606,0.9285126143060265,0.8958260997625968,0.910328144782278,0.9289276630005078,1.0,0.9263731531452245,0.9204524896223033,0.9211975963039001,0.801992913226079,0.6949258058691011,0.8822939292443379,0.9237088409413658,0.9182462153324109,0.9153422694421512,0.9205469099231237,0.9171284411028245,0.9153443158866807,0.6464414684171738,0.9283754749664662,0.937904899877878,0.9348645806665478,0.8819744222529065,0.9273189772387664,0.9294722222141617,0.9034409173916715,0.7390624405641456,0.9128423611035639,0.9164265405176756,0.9013431837488832,0.801160073250905,0.8562222846611546,0.7614465147713663,0.839241056683989,0.610966316292985,0.8097799475696154,-0.9358092776565394,0.25674184884079426,-0.515060410603834,-0.7346258839384652,-0.4809423411828196,-0.31662266088212865,-0.6377065861129088,-0.6701537752801656,0.13089308820749632,-0.16589843130144868,0.8166312983232646,-0.9454016583166672,0.31809381150512367,-0.5787342359873426,-0.7837662964095861,-0.6115085411387906,-0.31126834910178847,-0.6351756336007341,-0.21483576151929573,0.10968978087942889
0.9168136077322959,0.9325898535760276,0.9385488378189204,0.9388879126324164,0.9140070892363145,0.9164847001459475,0.9400572187546937,0.9216003471455687,0.9424336546067641,0.8685258001204237,0.9201545282129813,0.9072617310551364,0.8562743163139767,0.8415143593245119,0.9338190662808954,0.9006648969446724,0.9215983473764267,0.9196499727234172,0.9263731531452245,1.0,0.9220097910794031,0.9412522674113277,0.7729604084125725,0.7091695776194732,0.8722775091386586,0.9273322450855606,0.9208388140746,0.9279687262987035,0.9201856869140522,0.920865507360493,0.9163713616337046,0.6927945521975144,0.9299073446620445,0.9439567071023943,0.9340610018865568,0.8893122404403444,0.935580983618072,0.922645428915555,0.892816661074066,0.7445878714562622,0.9263596420343259,0.91890568582481,0.9050647641712773,0.7957427793244338,0.8822644638873047,0.7819804449696692,0.8474487415146843,0.6201705115605636,0.8128155295005263,-0.9366453387931029,0.2831248334074823,-0.5532397455847262,-0.7581791449023081,-0.5156074490484984,-0.3308845333528548,-0.6279545809376782,-0.6967408018483099,0.07271426485299512,-0.15844850430650148,0.8014494149626343,-0.9466979945716609,0.32291947776067387,-0.5963498306309228,-0.8160085298930108,-0.6222426741663378,-0.2836653552781503,-0.6442785841743868,-0.2432128107165348,0.12671682790326427
0.9328651609910265,0.94537205913256,0.9335411240701679,0.9481164433018,0.9389149999301406,0.9423545773171464,0.9313936996274501,0.9180812742265525,0.923914487810029,0.9114729186727704,0.8878014031746313,0.9436941081235021,0.9274843504314844,0.7740435505855134,0.9211038360482032,0.9218175722123024,0.8981115053985251,0.8910067520083782,0.9204524896223033,0.9220097910794031,1.0,0.9107539336838242,0.8585988990897261,0.7678399816131544,0.9025401978962143,0.9271680040629737,0.9217750345474953,0.9403784262430537,0.9360985979578997,0.9422712179478379,0.9459759323294494,0.6837345028748317,0.9262004522854819,0.9248583659408358,0.9418417276426011,0.9176595386441249,0.9225978514976884,0.9433136142465,0.931712227028974,0.8104247829102897,0.9339362853287586,0.934240636521912,0.9190569300485835,0.82437950777865,0.8853947369429893,0.8117239506337828,0.8899035969391679,0.6959357538829329,0.7588521497939239,-0.9439311872647036,0.2023811216460398,-0.478107726199228,-0.7358387039504393,-0.4405993370692672,-0.30790335932823565,-0.5720790099940554,-0.6669524940097215,0.1642492706099702,-0.22268234922324082,0.8406330891364475,-0.9459803662218796,0.2861424004787133,-0.5176605977764401,-0.7966009542249362,-0.5953287992004683,-0.30123637701585354,-0.604337063265941,-0.2661903268141089,0.04549014680544872
0.9043224238971758,0.921918203554662,0.9248919137651435,0.9308428658740802,0.8985636932361398,0.9106864470496929,0.9321073225297737,0.9103751517556846,0.9285433701564257,0.8466333602305084,0.9220055167223463,0.9077056499714306,0.8698820005661904,0.8194890718700397,0.9271684085685902,0.915186367209207,0.9096504038381058,0.9160928055363916,0.9211975963039001,0.9412522674113277,0.9107539336838242,1.0,0.801989903842411,0.7445166144070398,0.8735201739632684,0.90786790688696,0.9182347074296019,0.9105520769520842,0.9030069976877534,0.9181568512211138,0.9207873889279613,0.7269435237166294,0.9200220747651657,0.9406600742656454,0.9284196588865916,0.8945987115070493,0.9334571861905566,0.9214741582311198,0.8994760338999349,0.7922464453775663,0.8990573470629338,0.9026045431204792,0.893454003762937,0.7684367642787356,0.8618722338169373,0.7672213866654206,0.8416374443204927,0.653150653998092,0.8103949623294121,-0.9299328864629328,0.2518386617245968,-0.5399765151320002,-0.7567557186460603,-0.5084759466105545,-0.3326510111630591,-0.6058307651136717,-0.6616230471130429,0.09849778350560469,-0.17619682623940963,0.8102983255419698,-0.9376396847480555,0.30061765885046116,-0.5766483578090277,-0.8112038310177224,-0.6244538782133593,-0.30185690916153674,-0.6355979747929887,-0.21778145712021751,0.10047529240071859
0.862539307853074,0.8752977499765848,0.8184149723856405,0.8521179922436052,0.8763884308780231,0.8844276089933162,0.8364027584938444,0.7914743034622389,0.7844278067336576,0.900976968525386,0.7480294970125319,0.8250066978880951,0.944674771035508,0.5405884276531443,0.8220678129929078,0.8972829772669939,0.789773215376159,0.7918968243779191,0.801992913226079,0.7729604084125725,0.8585988990897261,0.801989903842411,1.0,0.8931629195148866,0.8997246598216808,0.8544375364766212,0.8275602423777789,0.8496523302484454,0.877481126002744,0.898562454935976,0.8996572529213471,0.75933747570845,0.8004866709837049,0.7854455949868746,0.8542715982675333,0.9288179320407184,0.7813576370340173,0.8698147153544599,0.9314548601704418,0.9361750494265788,0.8299469066507605,0.8724596781004631,0.8460184778115396,0.7922917839741287,0.8227537701859028,0.7997734405239273,0.9095070581045388,0.87325703672552,0.6111528943258837,-0.8538982354297454,-0.05671143032785841,-0.3256258970779494,-0.5974913337080205,-0.2528682685726887,-0.27739094266748565,-0.45406508887031083,-0.5159289446186254,0.2920222321061863,-0.36455217933521666,0.8312617007986635,-0.8468545991215244,0.15077456920909715,-0.3399396601001852,-0.7073690945749547,-0.48123291379786715,-0.3298071547677296,-0.45971294888063896,-0.30465129222100146,-0.008377767420841562
0.7746774602688334,0.7933559908652352,0.7406791830776266,0.764779220311791,0.7881511187378211,0.7938101298817923,0.7511305685002835,0.7050250722229423,0.7018209920102186,0.8188108689701781,0.6790839099271408,0.7355101447417848,0.8565606748997067,0.5224396880008604,0.7326658217146643,0.8010047915546448,0.7025504630000998,0.6985261938214787,0.6949258058691011,0.7091695776194732,0.7678399816131544,0.7445166144070398,0.8931629195148866,1.0,0.8050683299395713,0.7775080830329005,0.7299815576339683,0.7785870263253236,0.792555542041072,0.828706220503379,0.8268141870459904,0.8016996608652105,0.7079759140060464,0.6998436037081464,0.7681150093515936,0.8717482014834237,0.7036270196471757,0.7701333347803454,0.8431802210389269,0.9292033701035795,0.7517721508314514,0.7954621638228887,0.7673320804082228,0.7138969380750518,0.7834842215679366,0.7586964324576622,0.865685262868158,0.8743377236906669,0.5708758428817676,-0.7568892794996361,-0.0732592397612053,-0.19226657073571624,-0.5140979348335466,-0.17298917227729865,-0.17312925069071095,-0.32489055163577896,-0.45384255403089413,0.25670480924730255,-0.3391711832544127,0.7080921924244983,-0.7592273685315969,0.11717397111312272,-0.18104832558646358,-0.6415863033034994,-0.37147935001466803,-0.2586017369596106,-0.4054729109916497,-0.29355194907262233,-0.011178481168870632
0.960275809499771,0.9564689758289302,0.925977118416894,0.9421768691232519,0.9451770731056995,0.9356754291232245,0.9382837642813461,0.9221234552512173,0.8965597945439744,0.9180914075981743,0.8855898185563077,0.911287819096406,0.9408890965079484,0.7042065704218052,0.9351931921086342,0.9514737962779362,0.9115052485637027,0.9003351297372566,0.8822939292443379,0.8722775091386586,0.9025401978962143,0.8735201739632684,0.8997246598216808,0.8050683299395713,1.0,0.9380259509967677,0.9326777375215275,0.9344653992576226,0.9538983047206782,0.9560340362686223,0.9433289493640954,0.7502657972570494,0.9252279366473756,0.9143489236517287,0.9447408399001224,0.9461577225062688,0.8895338113340002,0.9549610931981236,0.9534151708033296,0.8533127761683086,0.8960834029387574,0.9304390278688394,0.9238831830493318,0.8583585763448187,0.8989577999005062,0.8299753210994063,0.9094606184561873,0.7200859482721114,0.7387839672995699,-0.9472522465545956,0.1401038025368171,-0.5305349007554635,-0.7114118518542759,-0.4332156909445448,-0.3474985266050871,-0.6278738961223148,-0.631582931041681,0.2052002925165809,-0.3065183191879455,0.8861345425688102,-0.9466698963157992,0.3039793666572692,-0.5518319168187089,-0.7883282124116293,-0.5959317603736084,-0.3572774608568986,-0.5696615470163731,-0.26983653442220723,0.057502883647516864
0.9578371891835002,0.9729374136034905,0.9660585577029068,0.9611543956539637,0.9524073558138476,0.9336151185809793,0.9754909751445483,0.9432637053625855,0.9415605923758521,0.9327797009296444,0.9243901757386955,0.9286207493081785,0.9244575858644953,0.7870772936282873,0.9471814153522444,0.9337455071684988,0.9628720372255117,0.9472086918428255,0.9237088409413658,0.9273322450855606,0.9271680040629737,0.90786790688696,0.8544375364766212,0.7775080830329005,0.9380259509967677,1.0,0.9411897708257451,0.9596020451721392,0.9642975253970708,0.9564493771844805,0.9492510036062005,0.7677570008126927,0.947457769591676,0.9437171333775889,0.9604820670414698,0.9364099204511627,0.9288569319677051,0.9558221428780332,0.9456997604292253,0.8129965954024672,0.9434617321632945,0.9638879209256447,0.9590518515550156,0.8617153705556967,0.9267657297838954,0.8483155202632761,0.8939221602543332,0.6698343590225633,0.7777078923386717,-0.9635908727822421,0.2523914413795102,-0.564339772502973,-0.7523707553860032,-0.47631515748062897,-0.33130651778245573,-0.6509947325878263,-0.6738127974396619,0.15533186733974594,-0.23952152856307246,0.8778138752470562,-0.9638648563643846,0.36685467265018196,-0.6046984212007335,-0.8257609891460329,-0.6138602247592697,-0.33013536414823835,-0.5921860298574045,-0.2763405072929701,0.09282470031336822
0.9491789320662817,0.9566093825700619,0.955159277792002,0.9625398645670052,0.9220240965586561,0.9302555512074283,0.9563962144328813,0.9462530148643045,0.9348376290246069,0.8891272563579158,0.9187668715187137,0.9419977951452376,0.895330958898322,0.8091556691963357,0.9627497093356594,0.9357313900292675,0.9374232850126099,0.9257652997483437,0.9182462153324109,0.9208388140746,0.9217750345474953,0.9182347074296019,0.8275602423777789,0.7299815576339683,0.9326777375215275,0.9411897708257451,1.0,0.9530373429973907,0.9479867925847398,0.9488914625027781,0.9333440248456037,0.7202845026439246,0.9527580291141972,0.9597747409757944,0.9570541774656635,0.92034294871057,0.933326694426502,0.9623108307875342,0.9324214941309172,0.797345250613098,0.9072135579229055,0.9287632410780733,0.9315685417288472,0.832495516841755,0.882608947657934,0.799997540309103,0.8715190453040726,0.6586710223242895,0.8203400801664567,-0.9639034900627707,0.20220869008697406,-0.5896856448562645,-0.7762038971294885,-0.5391511983649483,-0.3861388182777048,-0.6585869131632545,-0.6537729775627763,0.11909674059186198,-0.17269498279426135,0.8712994900427233,-0.9664625868119218,0.2851633095000784,-0.640651191670362,-0.8332080251531964,-0.6789161243294064,-0.3261625874876964,-0.615852074895562,-0.26574965387067895,0.10416451984194851
0.972735804422788,0.9750231958246105,0.9712390605353545,0.9710053592194999,0.9522849156097883,0.9495796768706216,0.9643221074878533,0.9489440877181048,0.9451424032399202,0.9246101076552518,0.9248148279301301,0.9462270501602654,0.918887774477327,0.7919050287647644,0.9498917162592027,0.9390794800523667,0.9401588465765863,0.9293771958309128,0.9153422694421512,0.9279687262987035,0.9403784262430537,0.9105520769520842,0.8496523302484454,0.7785870263253236,0.9344653992576226,0.9596020451721392,0.9530373429973907,1.0,0.9714990385747363,0.9661250983942443,0.9501192679307848,0.7379509203657089,0.9606101375738431,0.9496141244829461,0.9664439314288632,0.9397742943349809,0.9324426901192172,0.9634943651874311,0.9462449289601084,0.8146810229888647,0.9503736037735571,0.9597990361674984,0.9504778175323093,0.8559779786001472,0.9211285135448929,0.8240198934131817,0.9016139079786998,0.6843313502280756,0.7780575205451916,-0.9715572161605927,0.25914582567753414,-0.5678212454752973,-0.7548482795674324,-0.4899897870444463,-0.33838471476360793,-0.651267406125335,-0.6844957057918803,0.1327834303639414,-0.21655172236917453,0.8892494062231787,-0.9683627426713607,0.3631019089145148,-0.6033316688785029,-0.8126841975573825,-0.6155143038075588,-0.3350430123829246,-0.6298601643201507,-0.31238883612791823,0.12059306025592079
0.9742397429938676,0.9793172161418706,0.9656614264775951,0.9687216077610991,0.959437512318032,0.9484463974449605,0.9672766331702147,0.9482632132254563,0.9390681559774798,0.930814419997409,0.9223549530832872,0.9380880844949498,0.9336357411582009,0.772970383240656,0.9544755882121948,0.9508114829488805,0.9389743426054844,0.937004905281295,0.9205469099231237,0.9201856869140522,0.9360985979578997,0.9030069976877534,0.877481126002744,0.792555542041072,0.9538983047206782,0.9642975253970708,0.9479867925847398,0.9714990385747363,1.0,0.97333521761864,0.9599062921290606,0.7449522907191665,0.9557586763122935,0.9470825564169001,0.968503971978081,0.9495765882935071,0.9265385421024731,0.9688113144305738,0.9570680878832257,0.8338182434407153,0.946818746657059,0.9606525787114137,0.9513086720180642,0.8739899459409022,0.9182507956995196,0.8302770827355789,0.9120410966675367,0.7130374708520245,0.7692242149308972,-0.9759157434921827,0.22068303502545525,-0.5479427565569108,-0.7478141755994423,-0.4693272476681213,-0.3341686040035642,-0.6503835498098934,-0.6906276991950333,0.16918582188770662,-0.2631655638114479,0.8972073782885333,-0.9711637470011655,0.33931186462915097,-0.5790555271081992,-0.8015846093529384,-0.6011547853745626,-0.34671297463289946,-0.6330833322064883,-0.30962197315992646,0.09616428502727746
0.9686108301071574,0.9732003704810438,0.955475488486259,0.9676150933195989,0.9540526824811751,0.9547098816876745,0.9593684196448355,0.933166383618264,0.9302140411814114,0.9351265256431104,0.9109132289417203,0.9405558981339518,0.9446938768156076,0.7565009960741279,0.9519996911197378,0.9608425958841588,0.9303163858854115,0.9239725204708095,0.9171284411028245,0.920865507360493,0.9422712179478379,0.9181568512211138,0.898562454935976,0.828706220503379,0.9560340362686223,0.9564493771844805,0.9488914625027781,0.9661250983942443,0.97333521761864,1.0,0.9736915820409322,0.7688597866363439,0.9439757946485402,0.9404136492524112,0.966805472461832,0.9625728742486592,0.9168324720052585,0.9661904874386381,0.9638833281409581,0.8640300094890401,0.9327736754288006,0.959024943553405,0.9460930904337127,0.8544088844482354,0.9116721392755954,0.8362273934623459,0.9279654778554066,0.7438100484274525,0.7713655139079656,-0.967765184521071,0.153584462987879,-0.5106786430192763,-0.7378373283288056,-0.4491257806493034,-0.33880508210850924,-0.6307742177323215,-0.6628136643856578,0.1611132476434029,-0.2664503728885652,0.8783239642829458,-0.968626909683811,0.2815534820117543,-0.5427737622794067,-0.8127509405452773,-0.6091532130708782,-0.3323712774132034,-0.6157257825358653,-0.3084626197304045,0.07712580730428567
