0,1,2,3,4,5,6,7,8,9,10,11,12,13,14,15,16,17,18,19,20,21,22,23,24,25,26,27,28,29,30,31,32,33,34,35,36,37,38,39,40,41,42,43,44,45,46,47,48,49,50,51,52,53,54,55,56,57,58,59,60,61,62,63,64,65,66,67,68
1.0,0.8220964713972089,0.9061898119109143,0.8484876289527901,0.805584931461046,0.6303197500158648,0.7465177216766431,0.793712216382231,0.7864096452096926,0.6763804707666393,0.851511258034137,0.832048320602252,0.764479284532201,0.8211360535012032,0.8224559256825896,0.6714003251589044,0.7920314281699045,0.4789796212243277,0.29407094459813815,0.42013865113528087,0.7891455220235832,0.7218358271292024,0.2997224371727167,0.4072995996682063,0.8483049320793883,0.6418645070154706,0.8279725631437034,0.9039865004701733,0.8442981818233023,0.8858240690029684,0.7971483721596468,0.6681160231315579,0.848109933718498,0.8269943728232817,0.8207701558720236,0.7341442152769216,0.7699558049406183,0.8351239265505302,0.7271918634134794,0.3882293428366198,0.6538038966685916,0.7376888456389059,0.6854345528444653,0.5234310345958136,0.7115829149603633,0.6129646245855565,0.7732299430529631,-0.0077072829181844835,0.5485209612343511,-0.8557206398688856,0.1496870036616211,-0.6650385553017071,-0.4165249822959802,-0.36104497474836983,-0.10235547114126652,-0.3906320247937184,-0.3130667771369652,-0.11174833440721463,0.2262918268002439,0.5949890736603262,-0.7977264646541463,0.18060718466911901,-0.558199462578753,-0.4298301768297265,-0.14374843005160845,-0.14418287183998793,-0.1405353954615879,0.13379545384151287,0.08637552243018232
0.8220964713972089,1.0,0.9112108955163511,0.8997504594198124,0.8113323677935108,0.808511189060417,0.9376632400190122,0.9392111748635953,0.9180662170662971,0.8549754574678874,0.9321371767168849,0.8354931032847394,0.8458350356360854,0.8936612187763016,0.9553015967677114,0.9020147597201438,0.9341091965991511,0.7871214481595639,0.6288728838329908,0.7283680792797611,0.680591156846834,0.8167295965008446,0.6496003772338016,0.5471798224481581,0.8160868424748637,0.8704417481825674,0.9502416501740257,0.8904425552716625,0.965713881075646,0.9460538796662319,0.847341895337314,0.7319160842338815,0.9524047457580038,0.9556995353300305,0.9471401366979473,0.8979760992322638,0.9361688121840843,0.9542492351232683,0.937871563675939,0.6263901049828823,0.8350682076618675,0.9394354493958412,0.8806486326520719,0.7650923837353578,0.8300407637070966,0.7382656112480378,0.8765872130834949,0.19083377387912712,0.6210620453633703,-0.9595379713282106,0.3081027872496356,-0.6111677715394629,-0.5484752918263295,-0.33078024042984827,-0.06566796139061837,-0.32722443827370246,-0.3501502303679856,0.028715866214671138,0.17190673291181308,0.6433529765309511,-0.9509381867419952,0.23203639573319787,-0.5746782607406203,-0.5445446702226416,-0.144030568869669,-0.15263135163025113,-0.23045248576193592,0.2378620063915614,0.11806646671109353
0.9061898119109143,0.9112108955163511,1.0,0.9235433787812513,0.8267004447600128,0.7796731137722459,0.8928470481811297,0.8633980814907433,0.8610072091400088,0.7853902390325903,0.8972630898073793,0.8257575509662974,0.7783316448264398,0.8369653435695835,0.8860393929702359,0.777435560338901,0.8918090107486815,0.6732452190946348,0.5225163770733369,0.6498941587217494,0.7816081740520733,0.7948934733415871,0.4692350287935527,0.48988827191309103,0.8037580455587524,0.8264409781331405,0.8921471894260793,0.9167192706497267,0.9269791648007478,0.9187834301687632,0.8362938702328745,0.7024935541446569,0.8975976484884977,0.8853054244562358,0.8825161173258235,0.8239729391923049,0.839559616532132,0.8881399108977285,0.8342354072635716,0.4982432522249154,0.7764047860334377,0.8562026465720017,0.8161685688650955,0.649136265207425,0.7746101168321727,0.6918845503727534,0.7839431022093335,0.06467328245297418,0.5374373695558976,-0.9183434550791059,0.180821161675352,-0.6060642863211365,-0.4407504036313054,-0.31679170046181016,-0.09375140297217374,-0.4121824941199928,-0.4140784640758396,-0.11018388549871053,0.18412945471784775,0.6707785894644093,-0.8773177238694717,0.19213188423775018,-0.5403192730452719,-0.411724000656484,-0.07510724387559926,-0.17251082515576982,-0.27105284222466475,0.12781458992835448,0.037801780205376855
0.8484876289527901,0.8997504594198124,0.9235433787812513,1.0,0.7801500077124659,0.80896353446321,0.8726941313753087,0.8453660978762146,0.8575886205453086,0.7853333397827638,0.8608898510449893,0.7960498311483265,0.7841889774559185,0.8067453457007064,0.8875096732137777,0.8323834868137513,0.8644754153637035,0.6882048216419935,0.5209741005347946,0.7001043069413134,0.7179649541210935,0.8532914290710353,0.5076758725099461,0.5237241140297754,0.7786701634243115,0.798931967592216,0.8858498683845333,0.8589745178875334,0.8972791645483079,0.9088046349572378,0.889399632281281,0.7200753853633651,0.8642838406831216,0.8813672533940216,0.8951451847208224,0.8455570204163528,0.8444847315490872,0.8903221111080917,0.8474934721864668,0.5685265703137663,0.7204405498444147,0.8169639803958031,0.7588744710467705,0.6438728155467225,0.7719667178471502,0.6894326579741422,0.7705724982892348,0.12025614509077738,0.5118142698475261,-0.9192008064821601,0.17780220817657896,-0.6233172374676414,-0.5073173166730987,-0.4085062235712712,-0.08825396159027211,-0.37188167104392345,-0.38020491162495035,-0.12269096482350447,0.14589823879194178,0.6763339310336297,-0.8721340345337234,0.1535927170729084,-0.5566897045101468,-0.4660934088585654,-0.14838577149507234,-0.17992499419567184,-0.23941033406683956,0.10504076950877698,0.007778311464039334
0.805584931461046,0.8113323677935108,0.8267004447600128,0.7801500077124659,1.0,0.7452200557645211,0.7725647833471472,0.7857682907855479,0.7761428826951419,0.7092651849634712,0.8376202251482925,0.7168258609292941,0.787817477308521,0.7843244102077092,0.781566116095863,0.7049809510347114,0.781289490393002,0.5251371829120403,0.3922240383264642,0.4817339590331518,0.7484286344228285,0.6902426240313515,0.37437763535416324,0.3871720046575565,0.6858901252600884,0.6661711898841911,0.7609474421272322,0.7671861814335792,0.8027765469595574,0.8046327941203674,0.645509569098466,0.6143235840222356,0.8161494434288652,0.7971235179873674,0.7726293478297356,0.7016176000289609,0.7526337434435807,0.809169534855364,0.7325493302082692,0.4512039545999733,0.6528267898420553,0.775183597761583,0.7034947566297747,0.5726431322571399,0.7080010817310115,0.6283540819561652,0.725798707833228,0.047410333311981946,0.48072911379237526,-0.8314880664870063,0.231788606901658,-0.5595588731041572,-0.41490821783630516,-0.28918085544464506,-0.0957417201515552,-0.31217499559249107,-0.3101666009195328,-0.04001913763361235,0.12003632616001905,0.5550224669431579,-0.7417719670406331,0.23988753860706166,-0.4634832254260799,-0.3464784784173865,-0.034709472254161815,-0.13095148291889708,-0.12643860037147583,0.21645663066734108,-0.019750432902469955
0.6303197500158648,0.808511189060417,0.7796731137722459,0.80896353446321,0.7452200557645211,1.0,0.7972376437863642,0.7608768875222603,0.7676430067421776,0.7872309089977972,0.7359334811045436,0.6094458660266407,0.6910927331299579,0.6980209967384262,0.7481747463126845,0.7396026218310658,0.7369228172083813,0.6589381378397586,0.6441348867489444,0.7820751179682451,0.6529618287319633,0.6563153397910727,0.5291077448205517,0.41742313027923383,0.542297676659696,0.7840899386668847,0.7656301419443683,0.7115793245722151,0.796163075155623,0.7326572795580943,0.6568858807462215,0.540955493299642,0.7791765060901984,0.7486220473809281,0.736847940036359,0.6923433183009735,0.7467905964956533,0.7470293867625076,0.756952535334464,0.4856471243103759,0.7773265427785584,0.8191910409304496,0.7445013338777836,0.7030189643972782,0.7078372897193297,0.6471026721584326,0.6233041896833584,0.12479716245324037,0.3856554929691927,-0.7656800277661494,0.26175495410698063,-0.41409043609764684,-0.37493493568090847,-0.16247508278460665,-0.05529630355531938,-0.27197779834068586,-0.3554863313123807,-0.031112651283316434,0.09348742655714787,0.5848077000133983,-0.7529281267965011,0.21434367052448222,-0.407277343573919,-0.2999118110022051,0.048344894052241856,-0.11507016425006475,-0.24045903847756817,0.185754806734618,0.02616557145434044
0.7465177216766431,0.9376632400190122,0.8928470481811297,0.8726941313753087,0.7725647833471472,0.7972376437863642,1.0,0.8798773830979609,0.8888670165667311,0.8388603357816597,0.884833139234413,0.7501573839727667,0.774058205508586,0.8044094786882322,0.9098358837158181,0.8734365599438773,0.9501826783028869,0.8343105083825723,0.6565660455740833,0.7441047203472081,0.5796832211549668,0.8109939362605898,0.6370604088003244,0.5554268045599432,0.7641998848009977,0.937118069931352,0.8952098973935941,0.8350982846830368,0.9302624805658557,0.8896764185640463,0.7990834256485358,0.7152088828989831,0.8822669618976953,0.903491028531746,0.903382855673825,0.87383163008914,0.8814002028419399,0.9008918114985988,0.9035187014863508,0.6146862710307472,0.7952525422753974,0.9243326500829482,0.8838806993309577,0.737231848398527,0.8070254158993495,0.7623339101420114,0.802156413484549,0.1856159459568659,0.5650987209735344,-0.9202298226762093,0.22898273846763434,-0.5448240088951716,-0.4870131554636172,-0.2562167583539217,-0.06764816361710863,-0.32278484316892675,-0.3811697957904955,0.02759317781518376,0.17457470469518185,0.6347077906967354,-0.8990356129988019,0.16387901231390214,-0.474295453649315,-0.44275277215542536,-0.0376896244805351,-0.16388626186274347,-0.25879498214844665,0.23575393655406113,0.06688572143657034
0.793712216382231,0.9392111748635953,0.8633980814907433,0.8453660978762146,0.7857682907855479,0.7608768875222603,0.8798773830979609,1.0,0.8670657883749066,0.8654209928940526,0.9421545469021864,0.8683312933828804,0.876866049692645,0.8860184472500588,0.9366093814852965,0.8827723908746383,0.8868077241600031,0.7164529829907643,0.5304149470310099,0.6257277425978149,0.671028615857096,0.7656582138193373,0.6411785640035512,0.559625765670494,0.8247017020381452,0.8112080635080497,0.9476130868945793,0.8579626120203521,0.929537958066461,0.9150732112762846,0.8214935872927102,0.7417163525950813,0.9456600571117817,0.936840199840889,0.9270142742999378,0.8784093681811636,0.9225087590299774,0.9473773865555206,0.9056652833471339,0.6267872346367609,0.7979904198932664,0.8933011053721114,0.8572677105580472,0.820694579599257,0.8733026050684235,0.7290519625498256,0.8795308836090726,0.20068543664637734,0.6449847824665574,-0.9258208897327426,0.3715136715781611,-0.6037729229332414,-0.5951277845209878,-0.3759050070631974,-0.01315693295123757,-0.3181380849826673,-0.19080134651276257,0.11634835242000689,0.1638848165092512,0.582163246852948,-0.9320550726597007,0.2646093631997523,-0.5803727771065552,-0.5735897820372609,-0.2081746608172754,-0.15805257508911771,-0.10238445481901448,0.28498928236811816,0.16496016873574834
0.7864096452096926,0.9180662170662971,0.8610072091400088,0.8575886205453086,0.7761428826951419,0.7676430067421776,0.8888670165667311,0.8670657883749066,1.0,0.8553951285258419,0.8734766585461907,0.793698797617323,0.8254304581856788,0.8298518849383012,0.9024338493994306,0.8533137153013488,0.905696421572705,0.7495670792040081,0.5262436617508987,0.6695376422086238,0.6577569113105717,0.8025068154351777,0.5846875694373792,0.5588436786864184,0.801316027522078,0.8231277800916301,0.894489116773046,0.8442151297448418,0.9060637082392531,0.9019084879594655,0.8234350372111622,0.7177642865499686,0.8981699798986831,0.9099064026370536,0.9088479884106004,0.8686680238108978,0.8787588446229709,0.8971840698604715,0.8886453514761955,0.6040491407056741,0.7456184296409125,0.8862481715791134,0.8019079786259411,0.6835537561415309,0.7934580374547785,0.7269452917534159,0.8221037843386519,0.19736801682422747,0.6146900526581663,-0.9019054581328086,0.2588885359891915,-0.5894186586920798,-0.4949834125240574,-0.31007586716910096,-0.10957040218438253,-0.23218192061978943,-0.32749192055325516,0.001874578752541593,0.19713612963506885,0.5645523202118179,-0.9064834897417968,0.19761328705994102,-0.5143611772564348,-0.5232125515887933,-0.14797243730169954,-0.1252173754630024,-0.18875127354696192,0.24987525715586556,0.11723121717297352
0.6763804707666393,0.8549754574678874,0.7853902390325903,0.7853333397827638,0.7092651849634712,0.7872309089977972,0.8388603357816597,0.8654209928940526,0.8553951285258419,1.0,0.8508213227449921,0.7702524153343656,0.8530913517564286,0.7782156743999574,0.8398068245612319,0.8110475540885448,0.8620034186266826,0.7124296926586867,0.4641082707825281,0.6246452694431877,0.6116328893802085,0.6841960048265479,0.6169333913223944,0.5786819349964089,0.7493129874896767,0.7903803318133447,0.8594015495520838,0.7853688397034023,0.8506428085183294,0.828744926882368,0.7525953608427457,0.701310099294778,0.8590866234905542,0.855850792196307,0.8567221070933497,0.8448419775591012,0.8477714394792274,0.8499045663364152,0.8552797589666489,0.6231893070924793,0.7229660114135427,0.8389372632895905,0.7784690331164973,0.8142131228671466,0.8782664267672544,0.8134576995507373,0.7768527574167009,0.23948630029432938,0.5753696302929842,-0.8164680445969648,0.34644630035166973,-0.42660281585500975,-0.44565809103514176,-0.2541752023968309,-0.06052079263967366,-0.19137751197918232,-0.16691176818277104,0.12910322760004186,0.1973097804802913,0.46463412147064803,-0.881442505206058,0.27201575101176695,-0.4344593201249417,-0.4867686355522282,-0.16563563919238847,-0.11788183312177414,-0.1559819093596429,0.24607022300423334,0.23454037217634355
0.851511258034137,0.9321371767168849,0.8972630898073793,0.8608898510449893,0.8376202251482925,0.7359334811045436,0.884833139234413,0.9421545469021864,0.8734766585461907,0.8508213227449921,1.0,0.8705214137471852,0.8789512161494609,0.8754275206655923,0.9320040202386388,0.8499343394976214,0.9098715113879042,0.6864811610595658,0.46161282961817435,0.5584079433987573,0.71612604017964,0.789653172411354,0.5677376674472072,0.5691260624725485,0.8637961737107492,0.7989279374598298,0.9251790186920185,0.8910848816112245,0.9270702422031875,0.9359498878269187,0.8331737034570036,0.7553785132173662,0.9362218417828968,0.9352452448816259,0.928271605525728,0.881429196607365,0.8913432537994326,0.9389339903269587,0.8912508263734582,0.6185530175979622,0.7577006626660876,0.8846983102260799,0.8442929524906218,0.7196321296367681,0.8392687494400838,0.7161727653737651,0.8736341025369897,0.19864632566364732,0.6290119487996366,-0.9382840317236358,0.31949929233883617,-0.6256273893088624,-0.5388401685281736,-0.372007312313087,-0.055500272446401905,-0.32285232621179866,-0.2536208733634615,0.061539690329682296,0.18688721356125762,0.5887794705230566,-0.920047856056304,0.24953898389536272,-0.5758919916897026,-0.5311561598894718,-0.16934766385051725,-0.153832314076955,-0.13507543345994913,0.24231149997870324,0.12919435953356065
0.832048320602252,0.8354931032847394,0.8257575509662974,0.7960498311483265,0.7168258609292941,0.6094458660266407,0.7501573839727667,0.8683312933828804,0.793698797617323,0.7702524153343656,0.8705214137471852,1.0,0.8567097008607248,0.853965693498578,0.8710183794355507,0.765205888401862,0.8107537208902246,0.5869391873968401,0.32934290693393137,0.4314217422955827,0.7445694055757476,0.6829840824426551,0.5229607298907416,0.4951481915416964,0.8675642672907254,0.639799030497528,0.8881875564150321,0.8438370594246902,0.8334076847215907,0.884626466913018,0.7943086143064085,0.6480696579881503,0.8891996390567747,0.8692124873110567,0.8661364006001556,0.8027044581776231,0.8347888976062132,0.8721186803048295,0.8077698075019215,0.5731334692714477,0.6435062535219543,0.7383943043772258,0.7066190028169779,0.6488015322172034,0.7800113754440713,0.6376839223109637,0.8009292266792097,0.1685430604626605,0.5958889498242875,-0.8599419575511452,0.3522864685505483,-0.6257494386233222,-0.5478799200109021,-0.4416917372502927,-0.117452681020844,-0.3607536177170606,-0.17032323985659986,0.046446703117579716,0.10912508198084517,0.4534313980871107,-0.8783518144482465,0.2951464270199747,-0.6142585934321488,-0.5563680808176813,-0.33093480297034483,-0.18671264196119577,-0.1307744279599101,0.156630334495124,0.14700126542775035
0.764479284532201,0.8458350356360854,0.7783316448264398,0.7841889774559185,0.787817477308521,0.6910927331299579,0.774058205508586,0.876866049692645,0.8254304581856788,0.8530913517564286,0.8789512161494609,0.8567097008607248,1.0,0.8453780900827064,0.8638586656120846,0.811100803578958,0.8353179025175093,0.6034488061398581,0.3050179624558525,0.4641051187486588,0.6782886900899135,0.6760218509510479,0.4906935472031304,0.4966506531168405,0.8163079138606836,0.6765740591812294,0.862023027087268,0.7686250158666247,0.8114271186195275,0.8646700505568481,0.7334409885854817,0.6630204840024652,0.8723499844286758,0.8886829692359701,0.8687225270376308,0.8079771618319024,0.8680921094211554,0.8829574290861579,0.818045229418055,0.5817859475717071,0.6266875501054369,0.7785213600598272,0.7131335581471174,0.69650644256433,0.8077706775216128,0.6889200422169076,0.8243408997769003,0.14963353943987345,0.683848543503709,-0.8498028575645699,0.41038429038141305,-0.5636721497216856,-0.5517830043016616,-0.37079926200847413,-0.10980650934944051,-0.19816916408259985,-0.07695822871391597,0.14406849222135026,0.1623928821240086,0.3991165858942187,-0.8687634549598661,0.3565478839701913,-0.5352426998002293,-0.5754387937438422,-0.2753338660164762,-0.13309777694465516,-0.03497526356267502,0.2709005229216202,0.21200424426748132
0.8211360535012032,0.8936612187763016,0.8369653435695835,0.8067453457007064,0.7843244102077092,0.6980209967384262,0.8044094786882322,0.8860184472500588,0.8298518849383012,0.7782156743999574,0.8754275206655923,0.853965693498578,0.8453780900827064,1.0,0.8896535814315357,0.7930521697405158,0.835126766695707,0.6647128355714462,0.4415711530587141,0.5388298777463902,0.6921550434685133,0.6943705023027208,0.5638723461808819,0.5004647523829608,0.8115242727652714,0.7144284762226576,0.8923594360818381,0.8304023307755943,0.8695109399635645,0.8890766927690952,0.7764901094496166,0.6624725911106126,0.9074906956964558,0.915180528001079,0.8656279675277267,0.8298776588303038,0.9021926146043235,0.9073197705723804,0.8632755884571693,0.5823529144586009,0.711175996722167,0.815496991046036,0.7601948317556466,0.6856737405759789,0.7902153713508915,0.676185719928963,0.8353241042234797,0.19040728017934658,0.6596532942187843,-0.8808510401211808,0.3521955258164662,-0.5636134481220595,-0.5091430198858398,-0.3046200044431185,-0.08403235848301413,-0.21540454752228758,-0.21142402449571052,0.0678635712667461,0.170457815435606,0.5374731412467731,-0.8829063322882665,0.29816678306940253,-0.5234843328744627,-0.5598812987664925,-0.19617259767869744,-0.0849616838900595,-0.10460015785054301,0.27564253058169785,0.1977428038815789
0.8224559256825896,0.9553015967677114,0.8860393929702359,0.8875096732137777,0.781566116095863,0.7481747463126845,0.9098358837158181,0.9366093814852965,0.9024338493994306,0.8398068245612319,0.9320040202386388,0.8710183794355507,0.8638586656120846,0.8896535814315357,1.0,0.9050407918969368,0.9240014322061604,0.7608215000938169,0.5426408675595548,0.6432341976745164,0.6546187172910589,0.8078104634804105,0.6172762403834162,0.5309334713838614,0.8657622644554415,0.8299616239971616,0.9538609894315047,0.8810347758365327,0.944827293751565,0.9527457377522996,0.8705525734837434,0.7256093560055739,0.9379914990232889,0.9640002703621222,0.9563894584697127,0.8983653910709114,0.9312841127169117,0.9675070041411982,0.9225287806335787,0.6242578649057549,0.7595482739855977,0.8970098041998772,0.8457790186970353,0.7327570397429715,0.8360359608571781,0.7391072590751563,0.88283104173249,0.16981999717616547,0.6562942426612308,-0.9584462306477449,0.32152663094414363,-0.6501406334616833,-0.5779688372836167,-0.3932610698721749,-0.07289750251759329,-0.31590673905626027,-0.28684422486721733,0.0456760182129561,0.1594164844882643,0.5849480095731168,-0.957555983557295,0.2581888338879334,-0.6054091904317366,-0.592943464264855,-0.2305354643510048,-0.1620673317588471,-0.20321856408505748,0.24112816978159415,0.15085773801348334
0.6714003251589044,0.9020147597201438,0.777435560338901,0.8323834868137513,0.7049809510347114,0.7396026218310658,0.8734365599438773,0.8827723908746383,0.8533137153013488,0.8110475540885448,0.8499343394976214,0.765205888401862,0.811100803578958,0.7930521697405158,0.9050407918969368,1.0,0.8676672491895457,0.7911901938068201,0.6145738823564312,0.7052416498374613,0.5073229381450312,0.8337556170619863,0.7181948976891745,0.5573506512167061,0.7541081760942614,0.7825428306280227,0.884671616780314,0.750291639196936,0.8696875191911889,0.8716949564229846,0.8176652147250184,0.6864056962836563,0.8540296174811752,0.8962107599571835,0.9133674662271929,0.8712040202645749,0.8981315551132711,0.9052864699868869,0.9077478791816723,0.7075553507206953,0.692377165689199,0.8501739329942181,0.7866361885591739,0.7283863834316086,0.7937598869417509,0.7237309699675584,0.8414408575282737,0.28130884688864655,0.5964685816087695,-0.8920582216865781,0.3327037313155376,-0.5654113674473241,-0.6190428156459385,-0.39876656993857496,-0.037437930766683385,-0.26284879013788987,-0.2256683602622713,0.11380166701292357,0.12588463730513544,0.526540925737322,-0.8969203815586834,0.2198211489904271,-0.5005765201349036,-0.6029021063576907,-0.2189963120112281,-0.1523011108473603,-0.17782203378891467,0.2891315079674034,0.0994661039778059
0.7920314281699045,0.9341091965991511,0.8918090107486815,0.8644754153637035,0.781289490393002,0.7369228172083813,0.9501826783028869,0.8868077241600031,0.905696421572705,0.8620034186266826,0.9098715113879042,0.8107537208902246,0.8353179025175093,0.835126766695707,0.9240014322061604,0.8676672491895457,1.0,0.7951577920824495,0.5372604636128275,0.6549773985370491,0.6215950888151193,0.8096883461018459,0.6173882513211986,0.5901474147645844,0.8316087932074034,0.8821574651932017,0.909984991912285,0.8621198179491755,0.928442693971912,0.9207535855092581,0.8188591126095562,0.7443298184508041,0.9020475053360577,0.9264102789091885,0.9275341280945257,0.9008729548933191,0.8966919609110917,0.9203219666343304,0.9106205532537581,0.6434484150203288,0.742003805789182,0.9019191397416748,0.8679646427791932,0.7153783293736196,0.8224104801226059,0.7731045586212741,0.8376694339180999,0.2125263982360933,0.623367758545998,-0.9287148796659834,0.23684957002591436,-0.5697179707368609,-0.5015119220683686,-0.29948394111284404,-0.08769221117828949,-0.2903633614390714,-0.3207668055417227,0.055763753308750635,0.20538332756408187,0.5658935944429354,-0.9196846242035802,0.1740832478123918,-0.4870577821820487,-0.5141663411698236,-0.1214559689153078,-0.16099867409909835,-0.21617838978003895,0.25790429070062365,0.12213466010276652
0.4789796212243277,0.7871214481595639,0.6732452190946348,0.6882048216419935,0.5251371829120403,0.6589381378397586,0.8343105083825723,0.7164529829907643,0.7495670792040081,0.7124296926586867,0.6864811610595658,0.5869391873968401,0.6034488061398581,0.6647128355714462,0.7608215000938169,0.7911901938068201,0.7951577920824495,1.0,0.75982180228427,0.7390388399021043,0.3058345035455874,0.6977176714847523,0.7821595351549041,0.49831324322111126,0.6090236668345131,0.8239449194409655,0.7704302031004142,0.6138160709863562,0.7714980676594575,0.7059289164848475,0.6579215721815226,0.4961894838833141,0.7389132403091757,0.7589789515778255,0.7651311385177545,0.7656455636058751,0.7823835660669497,0.7430121951461263,0.8257607262328276,0.5933605043852942,0.6502538585541612,0.7716053846124589,0.7367812540964319,0.6442283515031606,0.6360549112525103,0.5846009312785329,0.6858391010525119,0.34544674366050526,0.5528953181405737,-0.733222792552989,0.2757161491524773,-0.32687117548261685,-0.4011874672978936,-0.15696618284457295,-0.03320381263803372,-0.18697092175196892,-0.28325949258080496,0.10558572091758685,0.14638715691482354,0.4073088343035245,-0.7948138693082883,0.13085966171987135,-0.34174961423632344,-0.4203916511501294,-0.14155829900707495,-0.07944880391668221,-0.26869465803461307,0.21898025379906821,0.12912241612959907
0.29407094459813815,0.6288728838329908,0.5225163770733369,0.5209741005347946,0.3922240383264642,0.6441348867489444,0.6565660455740833,0.5304149470310099,0.5262436617508987,0.4641082707825281,0.46161282961817435,0.32934290693393137,0.3050179624558525,0.4415711530587141,0.5426408675595548,0.6145738823564312,0.5372604636128275,0.75982180228427,1.0,0.8354777224696075,0.2468887609487769,0.5245927679860513,0.6892742222566082,0.2399494699760214,0.2869672478453866,0.6885353301825201,0.5559249248883698,0.45994152321395615,0.6181950063013391,0.4890058159121013,0.44904440661231576,0.270786257263836,0.5397633660130504,0.5048298371461397,0.5236289184860049,0.48817083659019517,0.5567531895127302,0.5152354636500134,0.6181960763419017,0.3630761633914822,0.6796234091646518,0.6806553043351508,0.6605326387096173,0.5667247434848287,0.3933804234587861,0.40003800901503794,0.4436373110797373,0.19741996724019018,0.23060644643980197,-0.5456767560651031,0.14900668142127524,-0.20473619930946163,-0.24488479063050025,0.008102283417300639,-0.004917042020803147,-0.32480714241023867,-0.40148754761591243,0.010426257960384891,0.048687587743074995,0.4598713853025828,-0.5534312830055622,0.0526210958253629,-0.23095246178821174,-0.14664744361248708,0.10714632861760069,-0.09030372358431958,-0.37046612283485736,0.11435353108631116,-0.0414167587505527
0.42013865113528087,0.7283680792797611,0.6498941587217494,0.7001043069413134,0.4817339590331518,0.7820751179682451,0.7441047203472081,0.6257277425978149,0.6695376422086238,0.6246452694431877,0.5584079433987573,0.4314217422955827,0.4641051187486588,0.5388298777463902,0.6432341976745164,0.7052416498374613,0.6549773985370491,0.7390388399021043,0.8354777224696075,1.0,0.4419441876408128,0.6325991288110365,0.6347503600571602,0.3864471103193402,0.35968990720551486,0.7688691427604167,0.6573080916585129,0.5663361042733909,0.7142191104932412,0.6172168388924274,0.6121574005713311,0.4750226243015722,0.6349410663398446,0.6295555733480612,0.6405086340528775,0.6357684387999858,0.6565718148541502,0.623044536232709,0.7086975486965851,0.4789333628951359,0.7509523639649764,0.7389576337582713,0.7038386098840025,0.6389785123120805,0.5441323829119842,0.5423606230631822,0.503721081720497,0.18095159036814676,0.2676150986786512,-0.6552191088437129,0.16694231940925666,-0.28215605106838715,-0.35263052336901646,-0.11317481439526468,-0.0246668843456772,-0.266677781638308,-0.4300169545400359,-0.08085640125851627,0.03832358183708759,0.5734609972567265,-0.6645277361038758,0.1008136466269318,-0.3083862432528829,-0.2956476207147495,0.03496651186827642,-0.12308122044200094,-0.3698199676032854,0.06482661945131797,-0.042644048933919126
0.7891455220235832,0.680591156846834,0.7816081740520733,0.7179649541210935,0.7484286344228285,0.6529618287319633,0.5796832211549668,0.671028615857096,0.6577569113105717,0.6116328893802085,0.71612604017964,0.7445694055757476,0.6782886900899135,0.6921550434685133,0.6546187172910589,0.5073229381450312,0.6215950888151193,0.3058345035455874,0.2468887609487769,0.4419441876408128,1.0,0.550699397691896,0.18864921807179966,0.28727454366967037,0.5729179802117529,0.5109330893419818,0.6708022901908745,0.7555997133011219,0.699839954707507,0.7335647194035991,0.6485921592348387,0.51530267958259,0.7186768095805516,0.6678919536625277,0.6490522147888909,0.5607345553942985,0.6044346926309699,0.6640046178748986,0.5766086642139645,0.2991542247315728,0.6479134505002545,0.6358064467779977,0.5889038360101807,0.4597192447539394,0.5878766418200428,0.48196630366714427,0.5426342214347117,-0.0618137191546885,0.3356997458546898,-0.7043358123246373,0.18422279886915827,-0.5479885604428077,-0.35563890073377075,-0.3173984424839372,-0.06560987755013195,-0.35580340854065956,-0.3508581749634574,-0.193376424278398,0.04030549076526799,0.5140337674794203,-0.6505849431114981,0.2515475375739866,-0.5124046336694384,-0.32127257758861666,-0.08737619319595044,-0.11257147407048414,-0.20589176591377922,-0.00044304175410581184,-0.035095337624476156
0.7218358271292024,0.8167295965008446,0.7948934733415871,0.8532914290710353,0.6902426240313515,0.6563153397910727,0.8109939362605898,0.7656582138193373,0.8025068154351777,0.6841960048265479,0.789653172411354,0.6829840824426551,0.6760218509510479,0.6943705023027208,0.8078104634804105,0.8337556170619863,0.8096883461018459,0.6977176714847523,0.5245927679860513,0.6325991288110365,0.550699397691896,1.0,0.5831795927774944,0.5742815699072982,0.7290777259468025,0.7111699442787243,0.7942291131582236,0.7530237352034823,0.826237872162381,0.833598344388238,0.8693453402501945,0.7593111371982697,0.7576440732320556,0.8053659002087186,0.8449597459657278,0.8265037727853602,0.7779627600973701,0.8161819708800071,0.8285073062555615,0.6455655026141397,0.6220999077399666,0.7643060261282114,0.7064464975538167,0.5513520621062509,0.691122777226394,0.6415397552680073,0.7430393994930624,0.2521930553477681,0.45214767490050345,-0.8491975831411803,0.12470795684828401,-0.60203344033386,-0.5465229553062736,-0.4516626703261957,0.001346300984966646,-0.3497339500529577,-0.3347664060756559,-0.04453468287109927,0.12733357616563587,0.6136040957232757,-0.7862547133060575,0.08758852045527328,-0.46220765358047805,-0.48172454137882104,-0.15891864131595443,-0.12695654127839273,-0.15207428219055374,0.20975593810878548,-0.06105771443455325
0.2997224371727167,0.6496003772338016,0.4692350287935527,0.5076758725099461,0.37437763535416324,0.5291077448205517,0.6370604088003244,0.6411785640035512,0.5846875694373792,0.6169333913223944,0.5677376674472072,0.5229607298907416,0.4906935472031304,0.5638723461808819,0.6172762403834162,0.7181948976891745,0.6173882513211986,0.7821595351549041,0.6892742222566082,0.6347503600571602,0.18864921807179966,0.5831795927774944,1.0,0.6189246514686322,0.48197100649601116,0.5945331875300015,0.6439015681565887,0.4567042658861767,0.6169633512636447,0.5474858208205575,0.5267979918083133,0.4760013586763235,0.6239916783047202,0.6201050557716309,0.6308183217434599,0.7022439458332755,0.6956490069534061,0.6085181583499386,0.7662397363698598,0.7605577465035828,0.531577215714208,0.6301159773269787,0.6498909975196917,0.6481197213246265,0.5837036261670698,0.5077138980016703,0.5929610811768384,0.6606207595806229,0.39987827483168564,-0.5863667527813212,0.28931052444696526,-0.20387521928441324,-0.3838947390063483,-0.16171138268187232,0.028471739754328772,-0.18221932005639285,-0.10964185994129837,0.2656761455993914,0.07447117757997164,0.2692834064183127,-0.6620361472339777,0.14321791588066934,-0.22302655883889513,-0.3913318849123591,-0.15907784827450097,-0.0966003592372717,-0.11510308160705478,0.24736784607412887,0.10755532178502922
0.4072995996682063,0.5471798224481581,0.48988827191309103,0.5237241140297754,0.3871720046575565,0.41742313027923383,0.5554268045599432,0.559625765670494,0.5588436786864184,0.5786819349964089,0.5691260624725485,0.4951481915416964,0.4966506531168405,0.5004647523829608,0.5309334713838614,0.5573506512167061,0.5901474147645844,0.49831324322111126,0.2399494699760214,0.3864471103193402,0.28727454366967037,0.5742815699072982,0.6189246514686322,1.0,0.5079632476484968,0.4983760394469098,0.5478881410950868,0.48722982147586424,0.537214029919206,0.55272254451407,0.5620719573602821,0.7769490818973389,0.556142057359113,0.5696433234917753,0.5647952857969877,0.7762396254398786,0.5671239160764195,0.535544753367353,0.614615587407485,0.8360997953420148,0.4003400272596298,0.49228081860724066,0.5323764950044351,0.45892547369708314,0.6017780150961216,0.5164121705796016,0.5197822457582818,0.7278353990798649,0.3513008323308541,-0.5481123862511538,0.08500007470911432,-0.25175879290787845,-0.3469939183778612,-0.2802168201456711,0.03411009107716998,-0.09350961496936656,-0.1104079909179679,0.06233881694744959,0.12031562767558038,0.27963730116908114,-0.5577897686471197,0.005512425754423661,-0.18208370138762778,-0.36422430365107045,-0.1279449588810709,-0.08556572625982857,0.030371732886481356,0.14054939819624568,0.025176926943126895
0.8483049320793883,0.8160868424748637,0.8037580455587524,0.7786701634243115,0.6858901252600884,0.542297676659696,0.7641998848009977,0.8247017020381452,0.801316027522078,0.7493129874896767,0.8637961737107492,0.8675642672907254,0.8163079138606836,0.8115242727652714,0.8657622644554415,0.7541081760942614,0.8316087932074034,0.6090236668345131,0.2869672478453866,0.35968990720551486,0.5729179802117529,0.7290777259468025,0.48197100649601116,0.5079632476484968,1.0,0.6651084957912067,0.8665683074190358,0.8233676976629019,0.8228445379889835,0.8778548237847602,0.8069018675221016,0.6761129394997626,0.8526846648991373,0.8561297635581973,0.8741085698356408,0.8040407556523368,0.8134900491312614,0.8652113114988275,0.8003312988815323,0.5358775881223182,0.5600594629014313,0.736341660240939,0.6927345632098171,0.6106750229198034,0.7672681275484354,0.6598939358028864,0.8492939517296086,0.17706508576239224,0.6630564729041079,-0.8508672896203954,0.2423375454435114,-0.6481105688177657,-0.4968330964049511,-0.42139563781922046,-0.08835943342000663,-0.3156643661588579,-0.15081964444658552,0.10330175274819613,0.2758601888392388,0.45541039583488563,-0.8526661696248561,0.19594429568105123,-0.5636552303408235,-0.5432175002592202,-0.2840968562966896,-0.13483314105886735,-0.0555052532936453,0.24946589650434015,0.2163025198134317
0.6418645070154706,0.8704417481825674,0.8264409781331405,0.798931967592216,0.6661711898841911,0.7840899386668847,0.937118069931352,0.8112080635080497,0.8231277800916301,0.7903803318133447,0.7989279374598298,0.639799030497528,0.6765740591812294,0.7144284762226576,0.8299616239971616,0.7825428306280227,0.8821574651932017,0.8239449194409655,0.6885353301825201,0.7688691427604167,0.5109330893419818,0.7111699442787243,0.5945331875300015,0.4983760394469098,0.6651084957912067,1.0,0.8238613227414401,0.7629247883650006,0.8725008084488737,0.799589720436934,0.725550170536692,0.6427399222423468,0.80904404813711,0.8167136325885954,0.8168074712378899,0.7935140716368869,0.7970764273205699,0.8121361888886509,0.829387610071369,0.5350514959899626,0.8204341145268558,0.9008627520726504,0.8842782357297045,0.7318247719604359,0.738166896491269,0.7106822453837744,0.707496638284114,0.13731567999595906,0.4905831426031252,-0.8397740809892524,0.18224961684919783,-0.48588703096796304,-0.408009904274594,-0.15881602119746813,-0.018993135460953655,-0.32061261058052726,-0.40601954685362357,-0.007757678656810428,0.14380736457680507,0.6382893641465966,-0.8268669581038938,0.11540446923250104,-0.44736693491400753,-0.3570430986366828,0.04950840362330644,-0.17179657603933976,-0.28883739824109284,0.19544877016925036,0.0526271028292774
0.8279725631437034,0.9502416501740257,0.8921471894260793,0.8858498683845333,0.7609474421272322,0.7656301419443683,0.8952098973935941,0.9476130868945793,0.894489116773046,0.8594015495520838,0.9251790186920185,0.8881875564150321,0.862023027087268,0.8923594360818381,0.9538609894315047,0.884671616780314,0.909984991912285,0.7704302031004142,0.5559249248883698,0.6573080916585129,0.6708022901908745,0.7942291131582236,0.6439015681565887,0.5478881410950868,0.8665683074190358,0.8238613227414401,1.0,0.8847433710891225,0.9456922280919563,0.9384731578922537,0.8628598005224156,0.7167714381207321,0.9550778496622547,0.9522217980973985,0.9505598574187791,0.8928812943552227,0.9298116540441731,0.9516891764434201,0.9230440764656774,0.6167735444206817,0.783690608908289,0.8901900371692096,0.8376178676577878,0.7770995668303604,0.8501688062818171,0.7204495708426978,0.8781688838490873,0.19764820063719987,0.6628165335023051,-0.9402427856102087,0.3567986662624064,-0.6294683366520897,-0.5641497095751659,-0.3684651972492922,-0.06433432097664979,-0.34399888069400253,-0.2583498131910882,0.05869077529668185,0.16988828316856655,0.5898396882447642,-0.9647700943317121,0.2655763677521073,-0.6066015703906967,-0.588179119240035,-0.2454111184977654,-0.14660965157811254,-0.179400690500287,0.2345963608186373,0.17036366155578825
0.9039865004701733,0.8904425552716625,0.9167192706497267,0.8589745178875334,0.7671861814335792,0.7115793245722151,0.8350982846830368,0.8579626120203521,0.8442151297448418,0.7853688397034023,0.8910848816112245,0.8438370594246902,0.7686250158666247,0.8304023307755943,0.8810347758365327,0.750291639196936,0.8621198179491755,0.6138160709863562,0.45994152321395615,0.5663361042733909,0.7555997133011219,0.7530237352034823,0.4567042658861767,0.48722982147586424,0.8233676976629019,0.7629247883650006,0.8847433710891225,1.0,0.9219948958585015,0.9239843656883053,0.8394842001465159,0.718195299598502,0.9013923618559189,0.8808865920985899,0.8737217711813651,0.8141466788272558,0.8288412356398756,0.8786330194238763,0.8162458250381045,0.46754142940810955,0.7955903829864855,0.8472481235336438,0.7924104696531428,0.6398464917456023,0.7715596463187232,0.6993884212255638,0.8171617812993114,0.06625528283096756,0.5612424210806216,-0.8931043292749293,0.2066836829894085,-0.6253162694533181,-0.3967473404984205,-0.29746094894206115,-0.08254183533458984,-0.3724718331063963,-0.35277777735622373,-0.043201227980241876,0.21424392020277175,0.6062353974891825,-0.8763947086108665,0.1899223322847951,-0.553511519215168,-0.42517058689079185,-0.10463161827530862,-0.13908870616604968,-0.22710604928556039,0.15015659944855878,0.16358250158801407
0.8442981818233023,0.965713881075646,0.9269791648007478,0.8972791645483079,0.8027765469595574,0.796163075155623,0.9302624805658557,0.929537958066461,0.9060637082392531,0.8506428085183294,0.9270702422031875,0.8334076847215907,0.8114271186195275,0.8695109399635645,0.944827293751565,0.8696875191911889,0.928442693971912,0.7714980676594575,0.6181950063013391,0.7142191104932412,0.699839954707507,0.826237872162381,0.6169633512636447,0.537214029919206,0.8228445379889835,0.8725008084488737,0.9456922280919563,0.9219948958585015,1.0,0.9442351248444025,0.8648622609096308,0.7491571626788298,0.942566018466048,0.9391239948963107,0.936882717021012,0.8879610098584434,0.908047138859803,0.943182151765822,0.9179797367271764,0.5880651038956213,0.8430403944855693,0.9336033759741723,0.88366749204719,0.7607496973393519,0.8273192288266867,0.7479080923569561,0.8620202253913115,0.14850211277495928,0.6040889924283778,-0.948304511854435,0.2604846222905709,-0.6083890035727822,-0.507587692432641,-0.31409463700766904,-0.0438306595436994,-0.3624998524836926,-0.35076538853594463,0.0030746661324274394,0.19081987213126456,0.6468408933287063,-0.9389822026691429,0.19968232808102424,-0.5570271238497597,-0.5008130906018947,-0.11805449802035343,-0.14940910957000003,-0.22563579475193168,0.22394943179267043,0.12177577950869202
0.8858240690029684,0.9460538796662319,0.9187834301687632,0.9088046349572378,0.8046327941203674,0.7326572795580943,0.8896764185640463,0.9150732112762846,0.9019084879594655,0.828744926882368,0.9359498878269187,0.884626466913018,0.8646700505568481,0.8890766927690952,0.9527457377522996,0.8716949564229846,0.9207535855092581,0.7059289164848475,0.4890058159121013,0.6172168388924274,0.7335647194035991,0.833598344388238,0.5474858208205575,0.55272254451407,0.8778548237847602,0.799589720436934,0.9384731578922537,0.9239843656883053,0.9442351248444025,1.0,0.8992018715669158,0.7607435411326869,0.9353261755575539,0.9536165272035731,0.9520188871373616,0.8984659456590933,0.9110990733580174,0.9498047191090185,0.8987723909702514,0.6091623982111525,0.7529847514045522,0.8777136182131716,0.825141711652679,0.6785327003934631,0.8152198726720307,0.7369721647913716,0.8697048807888018,0.1637736679946746,0.6301958704884232,-0.9619959916138435,0.266666080645505,-0.6605696261132223,-0.5418140411614013,-0.4099909898246445,-0.07790799592749578,-0.33409918444174774,-0.32651924200048155,-0.0234495746820534,0.18335870699626122,0.6140941120623612,-0.9399902654649648,0.21920045359657717,-0.5821157672411827,-0.5589244386322099,-0.20760689443359298,-0.14157549429356875,-0.2083160322273729,0.18797666971694452,0.12594515809861592
