0,1,2,3,4,5,6,7,8,9,10,11,12,13,14,15,16,17,18,19,20,21,22,23,24,25,26,27,28,29,30,31,32,33,34,35,36,37,38,39,40,41,42,43,44,45,46,47,48,49,50,51,52,53,54,55,56,57,58,59,60,61,62,63,64,65,66,67,68
1.0,0.9559391464832152,0.9643735383664515,0.9568044085558898,0.8410502360814448,0.9101735116336097,0.939336222553552,0.9506021570619969,0.9371615215159779,0.8996775986708354,0.9197790566979761,0.9252906253658372,0.915880455594545,0.9401084580885869,0.9570900845072842,0.9140715888173426,0.9226329533090647,0.8399743024785107,0.8193507738755847,0.9087725936504122,0.847790393539233,0.8808014183373222,0.7381801939725783,0.7553202758493315,0.9239086898706249,0.8436035154990328,0.9416730813782059,0.945558561314422,0.9510370843320266,0.9480463334233982,0.8658998852488674,0.5836630069922152,0.9592951402485294,0.9588594838592998,0.9302965495936513,0.9163810579932795,0.9500093818145933,0.9454396607938447,0.8786436595540464,0.6909219880458131,0.8788118518707468,0.9232330057662187,0.8733516230221429,0.8168026615471634,0.8874593554613525,0.8068088445451808,0.8901973350148983,0.5524737943257771,0.7515599001322248,-0.9583905919508192,0.3242486921934107,-0.6496342924394802,-0.540673640616896,-0.4777149710975772,-0.17152189794877737,-0.3023622834151851,-0.46213106583473235,-0.02227982267047108,0.11777442723330553,0.8494875261178615,-0.9634033728721102,0.18712964173708382,-0.6677091394804132,-0.6176867365630397,-0.44691228467326455,-0.26514253239963687,-0.5540877723609068,-0.018150972206510723,0.2810179476954152
0.9559391464832152,1.0,0.9509518488705913,0.9442326053385645,0.7899231804383215,0.9232920429858621,0.9618328895097941,0.9658114951076787,0.9558605095679215,0.915780056979395,0.9206180548684422,0.9114033983630685,0.933641064199019,0.9363180719512086,0.9689825206054554,0.9328510762164247,0.9444181304595963,0.9048845786953013,0.879339831958104,0.9016625381026099,0.8007412175753861,0.871096621970243,0.8156717890882688,0.7734982318435414,0.9212127188511388,0.8918092775435563,0.9524580548974886,0.9308048339099895,0.9681197714228774,0.9608963289896403,0.870546599672179,0.5718690417914893,0.9688473737119101,0.9733188132598578,0.9355449704239625,0.9426299601468535,0.9648483719743058,0.9667193664845084,0.9203356941420571,0.7219458153851287,0.9136692158458112,0.9427091392689206,0.9216180273447002,0.849371658854034,0.9226862627802324,0.8134296673360133,0.9042644623741096,0.6120390732085509,0.7733869156906629,-0.9724245568114294,0.3360148841094362,-0.6271748398232276,-0.5608373941008286,-0.4448954580895073,-0.13665581611124672,-0.33499198258749047,-0.4729556365706107,-0.01315832191548658,0.15856806739200063,0.8501613960529998,-0.9752680182787085,0.12681667544597638,-0.6535861044660647,-0.6172334858130307,-0.4373901048915522,-0.20461085982893482,-0.5900138325635276,-0.003999547603550827,0.29646837017054
0.9643735383664515,0.9509518488705913,1.0,0.9538089935004787,0.8269444157216423,0.9083822892065052,0.9457637672770561,0.9409275167445572,0.9245434394114728,0.8832553019761892,0.8986083134737227,0.9035571088286019,0.8968216830643425,0.9328070235961914,0.9469259118719494,0.9027934117830523,0.9337286271557182,0.8713577373796666,0.8323591201391247,0.8944436720621017,0.8306947282630696,0.8585842385324476,0.747322839884975,0.718176690655083,0.905493350369296,0.8788085409279168,0.9358576910634087,0.9376057860424674,0.9455675908352494,0.9393128497004558,0.846653641947455,0.5333303366358844,0.9499720976609376,0.9505007345595976,0.9181971315064835,0.9092936965670544,0.9345379145528832,0.9349628876165399,0.8765786225895561,0.6774332366129632,0.8796038814321904,0.9152087735714944,0.8814479214746316,0.7942467333611649,0.9002984271222422,0.7842000849759295,0.8750588955859601,0.5270166957993528,0.7474784475702817,-0.9491744578591871,0.29927634942041326,-0.6410677738447864,-0.5131546602134389,-0.44497370041104634,-0.16045582260047617,-0.30068738511879656,-0.5206407025191908,-0.07137116908319817,0.10631589810234363,0.8470021844076038,-0.9584920810439741,0.12551878172728845,-0.6879712911749658,-0.5862674019701154,-0.44604995281527526,-0.2526004186355027,-0.6153484764006448,-0.08306242250929131,0.2844158275336317
0.9568044085558898,0.9442326053385645,0.9538089935004787,1.0,0.8417232596028625,0.9103270673221908,0.9370649786397429,0.9441928575818503,0.9334438506884323,0.9052566790736386,0.903989558266758,0.9039245835532231,0.9107714321072335,0.9256854254396358,0.9427423772903981,0.9218408494363711,0.9164775226835815,0.8555726479809642,0.8085437386973255,0.933164167485179,0.8416397999374474,0.9118080217936927,0.7345194713504273,0.7756375057164204,0.9085463047093958,0.8418318530491571,0.9446113427352631,0.9241182926778961,0.9319248264733573,0.928885161241469,0.8697735261653969,0.5839533450401618,0.9512960914898952,0.9456086411573768,0.9266139351549953,0.9192927322480078,0.9316148787806561,0.9371774898165666,0.891062574907147,0.7198588912653808,0.8683943534610454,0.9008167250953196,0.8561751302023717,0.8088497648504233,0.8992620881762377,0.7896649095670493,0.8899446345145839,0.5839357981142589,0.7361538486965721,-0.9544400635883342,0.31454651337963035,-0.6375643569974291,-0.5060531426244056,-0.4696869874502805,-0.18165119670948457,-0.2591804196255452,-0.48126764093407787,-0.030052803708701552,0.12272545331462371,0.8567554267563818,-0.9465183884782762,0.17342289094926247,-0.6621830705446093,-0.5931693064680783,-0.4504636903259627,-0.28044232553518805,-0.5672127338683992,-0.0967860974576184,0.3060679466375576
0.8410502360814448,0.7899231804383215,0.8269444157216423,0.8417232596028625,1.0,0.7526178145137558,0.7711372437292653,0.8296448090127825,0.7904655837972249,0.8124101270095101,0.82479266360176,0.8675556875484981,0.8101549067414214,0.856188703583152,0.7935911180991714,0.7670958843271392,0.7374510116579119,0.6026167872774374,0.6047814776481061,0.8279710077403901,0.853567824813333,0.7853956747327688,0.5487519924372891,0.7333444409069517,0.8469620027381317,0.6376492353483845,0.8152188239095666,0.8357264197843451,0.7867013003374655,0.802187574838993,0.7425286777564899,0.6104192853778162,0.8395517011485629,0.7944115582399744,0.7866803758737334,0.8057076101151721,0.7674664107669447,0.78893131670011,0.7427584742711687,0.6627460789188157,0.6813993036049447,0.7646838206055713,0.7239042510621978,0.7124369824676605,0.7399785022327797,0.6607319504744386,0.7776014660986322,0.5135432549691088,0.478447956697973,-0.8091263869383161,0.370600823679309,-0.5026003399940694,-0.3113115050904552,-0.3944185113107637,-0.1614439066263357,-0.22063137071981942,-0.3740564318339869,-0.0034271423549937082,0.04383301462350299,0.7664690920420995,-0.7942002546584676,0.26302905928875303,-0.5557725928676172,-0.4677247758926212,-0.3289322044479392,-0.31982565858029915,-0.39687760712502596,-0.0956451923332616,0.3106116104883977
0.9101735116336097,0.9232920429858621,0.9083822892065052,0.9103270673221908,0.7526178145137558,1.0,0.8974527946950864,0.8888525075124271,0.9061484182778823,0.837946252477679,0.822499443163749,0.8385710899392496,0.8844217223289708,0.8708070032358955,0.9085491035824619,0.876704267124016,0.8797468249072709,0.8688962618193549,0.9089654472232326,0.9004942239253577,0.7455429660220865,0.8169644516575332,0.7691478694512088,0.6719792587435631,0.8190048061820484,0.874390519418218,0.8721916993501202,0.8491059244544642,0.9238701937283509,0.869415499187052,0.755928873699451,0.4461799681459195,0.9103513960570928,0.9046807419647747,0.8397387185238364,0.8465007909827935,0.9086487240311318,0.8894466187022773,0.8396370662103152,0.6522037838611939,0.9043047469202288,0.8944190090188324,0.8508886394013635,0.7914866027793778,0.8488095650095625,0.7766638345765595,0.8390747727990857,0.5117594135430239,0.7019245082674852,-0.9031982610077197,0.25146799254269087,-0.5864437092537286,-0.46753387524123574,-0.3614612003139764,-0.1106663366325039,-0.3162935803207856,-0.5232310351123536,-0.008008939098615312,0.12309351174801271,0.7758547916285742,-0.9108518107615,0.09176063923060453,-0.6179349623729695,-0.5325468760339539,-0.381878841850239,-0.18325544786636574,-0.5965494366034952,-0.03582332248947024,0.2545856132376263
0.939336222553552,0.9618328895097941,0.9457637672770561,0.9370649786397429,0.7711372437292653,0.8974527946950864,1.0,0.9420693655955794,0.9315608898070905,0.9051319838525057,0.891027438901745,0.868266670316273,0.89656553754592,0.9135444909637358,0.9500809987631808,0.9196383973750852,0.9697456115563169,0.9169176189686364,0.8568680753374378,0.8675192727368201,0.7594437171159627,0.8588843793874895,0.7884831664393901,0.7600854349213585,0.9060169267078453,0.9154272431343637,0.9413195628557892,0.9164941338771506,0.9418388129619095,0.9365299522589476,0.8556230490185414,0.5617194524076244,0.9477005529639047,0.9555483664693816,0.9271507078015366,0.9236713350329182,0.9436862012469762,0.9478616130122856,0.896174295369339,0.7027498090003251,0.8833208801277919,0.926560567192793,0.9127669791359869,0.8120464708417907,0.9119145420495463,0.8075311916666362,0.8884662385771901,0.6063062581212572,0.7798707487097565,-0.9536026429161893,0.2967833054336453,-0.6328360133191816,-0.5608821632803941,-0.43140243042577747,-0.17111542293174886,-0.29375301462110504,-0.49171000530473347,-0.058317759769256,0.15865499775633832,0.8474839487071801,-0.9620782719479015,0.12104785978553052,-0.671930692570719,-0.6255577325941607,-0.44430931650988886,-0.21652718363212745,-0.6031763201573649,-0.04266642943943117,0.3058736852669222
0.9506021570619969,0.9658114951076787,0.9409275167445572,0.9441928575818503,0.8296448090127825,0.8888525075124271,0.9420693655955794,1.0,0.9425524489757122,0.9209269082379766,0.9500124520073854,0.9392185318886918,0.9393116465754069,0.9531750711400849,0.966329279089986,0.9410435667360159,0.9183397020815673,0.8609452924498148,0.8188113657435208,0.9011319363956167,0.8390119842280241,0.8877470584356703,0.7982956462823758,0.8001552789939933,0.9455019352769222,0.8424123402716559,0.9689073421877076,0.9342195795315134,0.9466375176440028,0.958405401781532,0.879296390535133,0.6035429080451025,0.9764911698137798,0.9744252029962077,0.9386974665784201,0.9455732179694448,0.9565703411997646,0.9724447723672721,0.9147550888651637,0.7399602643188865,0.8724836129988093,0.9143287020251311,0.8918059224139728,0.8848999652490274,0.9152245048877099,0.798643452541815,0.9232783503839357,0.6383937934492425,0.7599487076859872,-0.9736250350137315,0.3963993471907676,-0.6498441984315488,-0.5806578789106125,-0.5070010606671622,-0.15391592465080647,-0.3375850248001271,-0.4032535612351489,0.05239471318088305,0.18376952861990303,0.8685182348326256,-0.9705686001315907,0.16374868036552898,-0.6596903459179975,-0.6541198335333449,-0.47894344833503394,-0.23393483978382615,-0.5168171719364087,0.014889316528064156,0.33114243339219834
0.9371615215159779,0.9558605095679215,0.9245434394114728,0.9334438506884323,0.7904655837972249,0.9061484182778823,0.9315608898070905,0.9425524489757122,1.0,0.9027541626763819,0.8924529406265199,0.8975233494818555,0.9179148276502224,0.9246183011209544,0.9407614016780493,0.8988027039748145,0.9127644180673146,0.8617402956185402,0.8416468664297533,0.8980889488438132,0.8033525077415564,0.8632932932965959,0.7675259827000861,0.7544223692785654,0.9010087727213698,0.861789657843174,0.9322278013906824,0.91397407980863,0.9444712703609666,0.9323479123519667,0.8651725907068586,0.589645840711154,0.9501516913484911,0.9473289574886953,0.9162031589673273,0.9203397474397456,0.9417643865947742,0.9419932136855454,0.8981078869712661,0.7005962997985986,0.8957843433369073,0.9241151583984535,0.8921268910147953,0.813317082023431,0.8855964050798593,0.794616825458787,0.8776020041284788,0.5873690970534159,0.7581402922191478,-0.9476915524440788,0.3338225546149432,-0.6052574371435924,-0.5388345255802447,-0.42442508035525217,-0.1444861812031958,-0.2944833518168889,-0.4518989552191854,-0.01397338971985884,0.14266474236904342,0.8378521948247765,-0.9485764097370485,0.17684948691873817,-0.6392917040558163,-0.5955439541939754,-0.4041454196816336,-0.2136053860375456,-0.5529629539723591,0.0023520075560810134,0.27132413294663477
0.8996775986708354,0.915780056979395,0.8832553019761892,0.9052566790736386,0.8124101270095101,0.837946252477679,0.9051319838525057,0.9209269082379766,0.9027541626763819,1.0,0.8927075288670354,0.8729593130026374,0.9012771857339381,0.8941698238027896,0.8987966961680969,0.8765133915836062,0.8795132504397226,0.8023367512737116,0.7660529622866026,0.8867279001468569,0.806511728359309,0.8492431195510225,0.7181641435024452,0.7899696275415841,0.9023474514821355,0.821810398787313,0.921523777609523,0.9110563118610644,0.9018621720636143,0.9068549045600228,0.8503386029606645,0.644693062388648,0.9230294733293197,0.9123451918040921,0.901089999003256,0.9030763471628941,0.890797290376515,0.9086225725423017,0.8593851304415169,0.7020144997804854,0.8526669064741157,0.9111720115181758,0.884675500583731,0.8402742901447211,0.883626606873365,0.8340939007277665,0.8606013636573817,0.6120169345515504,0.695212358921584,-0.9199033858032091,0.42069691507136453,-0.5633032821008588,-0.48588822231540096,-0.4023509831672619,-0.1981142387465546,-0.2604292602983974,-0.3928224339074694,0.0046989809948977624,0.14105079381840327,0.8185612094775649,-0.9097687196296849,0.2591336052054062,-0.5963675298032711,-0.5642464357633872,-0.3810942360926639,-0.22420011506452026,-0.4917104619699308,-0.03451401599132014,0.3322931649666942
0.9197790566979761,0.9206180548684422,0.8986083134737227,0.903989558266758,0.82479266360176,0.822499443163749,0.891027438901745,0.9500124520073854,0.8924529406265199,0.8927075288670354,1.0,0.9192575842206712,0.9225223544954921,0.9184050226058883,0.9249702456115726,0.904702388240676,0.8744912038505237,0.7898137203646983,0.7586844102485282,0.8479178046090308,0.8489522604270285,0.8891611274092243,0.7497899964191302,0.7829267952166886,0.9457091121264652,0.7627882187834754,0.9422421367893321,0.9234598262184999,0.9090723217039673,0.9385679050466392,0.8901293203938644,0.6346012452001741,0.9376796875601581,0.9365270638544926,0.9330350499689547,0.9043223915431055,0.9120672532284977,0.935410101693822,0.8906306997201385,0.7204500144653113,0.820304953268263,0.8877945885190296,0.8505231210424036,0.8493132949966764,0.8674247266687924,0.7687405523126823,0.8976486499999217,0.6218517456503111,0.6962263500337489,-0.938590504342691,0.430071759448134,-0.6176822938743525,-0.5477990117892614,-0.5027203205331202,-0.19614031004557028,-0.31404348276065785,-0.3516369506450096,0.08017919980755654,0.1580644946750116,0.847918936256385,-0.9278902686973405,0.22282518823380562,-0.6297649552181527,-0.6378205750999425,-0.44618482555717226,-0.2773795714453759,-0.43755455250445807,0.020132672992122305,0.3420306576904602
0.9252906253658372,0.9114033983630685,0.9035571088286019,0.9039245835532231,0.8675556875484981,0.8385710899392496,0.868266670316273,0.9392185318886918,0.8975233494818555,0.8729593130026374,0.9192575842206712,1.0,0.9105723344037083,0.9396187535230285,0.9284929982039687,0.8822343371983152,0.8479145746406777,0.7499709593375573,0.7448613049301069,0.8817825227894189,0.9074576079353004,0.8581638234923142,0.7282260588516659,0.7857950826806598,0.9230667386977364,0.7559987542605169,0.9166185920324015,0.9108512461195902,0.9057329679051666,0.9218814130009227,0.8481002335992881,0.6313699675054657,0.9333412309448924,0.9218272515744134,0.886438114519714,0.8972667522105875,0.8985310155090871,0.9213454469331401,0.8464525823525231,0.7309269306485673,0.8137123396420571,0.8746780356216483,0.8356610897530402,0.825416066357063,0.8530576093163138,0.754136180724027,0.8602451077181064,0.5941589346681219,0.638981582749344,-0.9278475297678525,0.3801060157093461,-0.5924303884494498,-0.5029754669717721,-0.477695193143705,-0.1436677569429551,-0.33262991167892103,-0.3827337333617514,0.03435627561438409,0.0956366923611479,0.8202570420040878,-0.912935991810578,0.2115858573329974,-0.5979392389720208,-0.5927827594250128,-0.4113079603456622,-0.2891754611660537,-0.46886234529553555,0.0022779585370414634,0.304355938930536
0.915880455594545,0.933641064199019,0.8968216830643425,0.9107714321072335,0.8101549067414214,0.8844217223289708,0.89656553754592,0.9393116465754069,0.9179148276502224,0.9012771857339381,0.9225223544954921,0.9105723344037083,1.0,0.9251378337115366,0.9296228056996513,0.9064728632748079,0.8684598199060752,0.8278603591995289,0.8324849077420129,0.9029148162782518,0.8266971514630134,0.8749839239573501,0.8043507567092509,0.7766635331063613,0.8962893793544326,0.827076383213047,0.9282876678771985,0.890516177083711,0.9362981294166507,0.9163051714967181,0.8519116468455082,0.580642884138782,0.9397074379154919,0.9294002566803833,0.8932397256914266,0.8990128925153544,0.9081843254486969,0.9266102940902398,0.8826203710086251,0.7205996362509794,0.897110218110938,0.9063838857028329,0.8903320997836416,0.8808688764080992,0.8566817361763375,0.8012470307017214,0.8928884111683342,0.6309497972710871,0.6814202824161343,-0.9479037006871677,0.34179730527203317,-0.6238990468096259,-0.5168627843057411,-0.46144590939249647,-0.1530996755575374,-0.3407437745686711,-0.45743776109848316,0.0956242813840445,0.1214817791998122,0.8456126844064641,-0.9181963702800243,0.1969247508900507,-0.5937129510355303,-0.6027925806855816,-0.40687136670083374,-0.2764366695916717,-0.5251757238277512,-0.04143859686294082,0.3389649284478748
0.9401084580885869,0.9363180719512086,0.9328070235961914,0.9256854254396358,0.856188703583152,0.8708070032358955,0.9135444909637358,0.9531750711400849,0.9246183011209544,0.8941698238027896,0.9184050226058883,0.9396187535230285,0.9251378337115366,1.0,0.9397512933046084,0.8895620496721255,0.8902986581162277,0.820165476613176,0.7952326554026201,0.901071726136443,0.8656912779442428,0.8612611915819643,0.7705469211996255,0.7661403233419526,0.9213998274595822,0.8143638922972786,0.9383177840234361,0.9198123192536868,0.927077261481906,0.9293485408595306,0.8383083844560455,0.5767537833466286,0.9528336740233814,0.9410793690857313,0.9006864726014705,0.9114577901919068,0.9169438892647566,0.9367553698145316,0.8798973318074365,0.7211797055434337,0.8535754450833064,0.8971010067238321,0.8692153388957027,0.8372636889227136,0.8735907315962629,0.7708502661897098,0.8796795821305119,0.5990506571796824,0.7092171582123268,-0.947123816203493,0.34570844184691085,-0.614955287752859,-0.5270930223266733,-0.4632449861774625,-0.15083321621310605,-0.31883509794447135,-0.4394426921564067,0.02643847195280299,0.1282678779746887,0.8406456650499415,-0.9347060411220828,0.2031185796668091,-0.6344420379928367,-0.6113343935025582,-0.4150235242385734,-0.29069371485795764,-0.5271049181367764,-0.031036822070448975,0.31646245726689065
0.9570900845072842,0.9689825206054554,0.9469259118719494,0.9427423772903981,0.7935911180991714,0.9085491035824619,0.9500809987631808,0.966329279089986,0.9407614016780493,0.8987966961680969,0.9249702456115726,0.9284929982039687,0.9296228056996513,0.9397512933046084,1.0,0.9367623000025881,0.9313877686290963,0.8797627475463589,0.8504363531891834,0.8944194624695365,0.8087561206667458,0.8834859085751776,0.8087106022283647,0.7803462267997879,0.9313502018779912,0.8685659744672659,0.9569418632548883,0.927591807605069,0.9567143090558539,0.9534264715250237,0.8673673235545607,0.5825761674438643,0.9672707467144209,0.9724226395428103,0.931476014091571,0.9341985207657322,0.9606112832386273,0.9689514540959394,0.9064966097701329,0.7318884914386581,0.889180648635132,0.9233570909626351,0.8928515628648372,0.8577664885259657,0.9138573172015593,0.8023576808412414,0.91017449931642,0.6273754657673346,0.7594851489053386,-0.97104501348804,0.33774704683243323,-0.6497978937630595,-0.577596113740828,-0.48037120516228815,-0.14325551392428354,-0.36227354157474295,-0.4395710210626437,0.018839045792060465,0.16519704943344993,0.8661144028047693,-0.9707066819361392,0.13661996328743747,-0.664218798338522,-0.6424818591050894,-0.46159078807258835,-0.23199690360268865,-0.551616369529178,0.012343622104400142,0.3073660624395296
0.9140715888173426,0.9328510762164247,0.9027934117830523,0.9218408494363711,0.7670958843271392,0.876704267124016,0.9196383973750852,0.9410435667360159,0.8988027039748145,0.8765133915836062,0.904702388240676,0.8822343371983152,0.9064728632748079,0.8895620496721255,0.9367623000025881,1.0,0.8913581706480396,0.8563042932075117,0.8117436773656216,0.8767744781894645,0.7822373999841806,0.9072483202172329,0.782844567936677,0.7755804178520617,0.8897483065360878,0.816831323280145,0.9444010239066802,0.8823616828714896,0.9077488670680343,0.9202023349501482,0.8504404212206217,0.5876694694964827,0.9364403419754451,0.9450816129712378,0.9119628695691085,0.9130576533973529,0.9252311182048583,0.9451379651976138,0.8822631601298548,0.7281015971521966,0.8495809818376532,0.8801708440658382,0.8400980437247318,0.8541416025940867,0.876721852692049,0.7730622259645603,0.9007955785551137,0.6510457542149494,0.7514350839100815,-0.9509674516766611,0.36953183747777696,-0.6578052710117396,-0.610227721427119,-0.5396841615510283,-0.15744400846305973,-0.33356560616949255,-0.43416646711465134,0.026203834570831527,0.21130608271414011,0.8485615290907803,-0.9390259274535627,0.1246250105581354,-0.6504553314064517,-0.6640425013006772,-0.5244537488211073,-0.27232984397885984,-0.55261859630515,-0.03887885063204074,0.3727971747990126
0.9226329533090647,0.9444181304595963,0.9337286271557182,0.9164775226835815,0.7374510116579119,0.8797468249072709,0.9697456115563169,0.9183397020815673,0.9127644180673146,0.8795132504397226,0.8744912038505237,0.8479145746406777,0.8684598199060752,0.8902986581162277,0.9313877686290963,0.8913581706480396,1.0,0.9072567612041642,0.845217481341977,0.827464598971354,0.7397990522989845,0.8447073782350312,0.7667762374945393,0.7424866099894162,0.8869502524933307,0.9083345555235208,0.920846880886458,0.9056537992505749,0.9255326485173587,0.9170745914450188,0.8373270850085822,0.54625534595404,0.923693737318224,0.9366770782762593,0.9160223943887497,0.9012965429287614,0.9226997390203975,0.9251697147785777,0.8678979261421164,0.6797822118755429,0.8670173101013348,0.9270805939508423,0.91306722608215,0.7711287907422123,0.8939012661277544,0.7994136656045127,0.8673053633640112,0.5790235638181356,0.7664631603803671,-0.9332905618583741,0.2813168851415701,-0.6253116485338772,-0.5283413966689577,-0.41528565604304096,-0.15769050048991676,-0.250422208588021,-0.49726312712758913,-0.08502949564472075,0.1460994382418063,0.824575159001184,-0.9448989540451346,0.13928074594922446,-0.667289323954199,-0.6038248075649469,-0.4327658314566976,-0.20952630013318752,-0.6066419196522385,-0.05556011443442032,0.2904433977547751
0.8399743024785107,0.9048845786953013,0.8713577373796666,0.8555726479809642,0.6026167872774374,0.8688962618193549,0.9169176189686364,0.8609452924498148,0.8617402956185402,0.8023367512737116,0.7898137203646983,0.7499709593375573,0.8278603591995289,0.820165476613176,0.8797627475463589,0.8563042932075117,0.9072567612041642,1.0,0.8974358298394752,0.7834880970666487,0.6008506968988814,0.7823538360595514,0.8641899709388934,0.6501242603678851,0.7895499888963342,0.9087397379649231,0.8603552741515075,0.8110246805394016,0.890197012235723,0.8610878115288951,0.754044842848861,0.3775094513264161,0.871438920860281,0.884719900682266,0.8422587543843848,0.8407239775068532,0.8855932238610182,0.8753542482849694,0.8749362296451301,0.6725188350110152,0.8785383753133471,0.854382631633381,0.8666642701559739,0.7483485906977907,0.8579091278290978,0.7228195294791221,0.8117248535773215,0.6048403723708897,0.7565553671404023,-0.8838966216381564,0.19668746630028006,-0.593501959864872,-0.556411334385144,-0.3838550874806168,-0.10708697609048924,-0.299189540213622,-0.5372076187243703,-0.07616445374404497,0.1683563024402379,0.7520388688144495,-0.8909362277801718,-0.000654363118664462,-0.6380752817429355,-0.5593243190677992,-0.41994534570156083,-0.13831103434237105,-0.6556633838764577,-0.09410464400244144,0.26790351954906855
0.8193507738755847,0.879339831958104,0.8323591201391247,0.8085437386973255,0.6047814776481061,0.9089654472232326,0.8568680753374378,0.8188113657435208,0.8416468664297533,0.7660529622866026,0.7586844102485282,0.7448613049301069,0.8324849077420129,0.7952326554026201,0.8504363531891834,0.8117436773656216,0.845217481341977,0.8974358298394752,1.0,0.7863584340464261,0.6167369547810281,0.7426887883683176,0.8232685223516228,0.5846857129950902,0.7519700947453073,0.8713361673276765,0.808263871464853,0.7754928189159651,0.8838915179897019,0.8217183076297819,0.7061720691478472,0.37332426352201176,0.839623294262629,0.8428064381870652,0.7830105410838204,0.7833568184384,0.8433785624035542,0.8320353560139866,0.8123900665928158,0.6217324277298107,0.8899810369130307,0.8620407692815039,0.843707625564885,0.7301094507112578,0.7917667217485813,0.7202865772970641,0.760729633373166,0.5129655384770626,0.6543909432128473,-0.8430810133983652,0.1914900360784275,-0.5412526785410176,-0.455711663097825,-0.2711431096346868,-0.09012766493479854,-0.324160116415854,-0.547792378603512,-0.05994858563039868,0.10529729412560465,0.7093029930517982,-0.848010697183515,0.008190908060150303,-0.5912417170080493,-0.48914003873510253,-0.3022801458789149,-0.14675739374744098,-0.629554429462731,-0.04208997791285774,0.24262164008872436
0.9087725936504122,0.9016625381026099,0.8944436720621017,0.933164167485179,0.8279710077403901,0.9004942239253577,0.8675192727368201,0.9011319363956167,0.8980889488438132,0.8867279001468569,0.8479178046090308,0.8817825227894189,0.9029148162782518,0.901071726136443,0.8944194624695365,0.8767744781894645,0.827464598971354,0.7834880970666487,0.7863584340464261,1.0,0.8548300967502396,0.854358453241542,0.7080896657760195,0.7268730156218655,0.8411167222855604,0.7839060666330435,0.887492885284775,0.855687813478845,0.8919911436894044,0.8785875709800358,0.8009449552202978,0.5277276056484184,0.9150180480591831,0.8961239823429263,0.8533294739988457,0.8670188210671174,0.8796941912424876,0.8840778997066526,0.8423200600240023,0.6777917078882884,0.8544187995852435,0.8586148312881755,0.8144203836857378,0.8064228308158106,0.8569460386466455,0.7762257566971957,0.8270896363112182,0.5373083789021685,0.674732162081972,-0.9139751371912788,0.27687886676970647,-0.6015469163987285,-0.4774960004227645,-0.4273524601218901,-0.17160903913192094,-0.25667292306046263,-0.48841720480756845,-0.0017617395135939066,0.10254928683213566,0.8038115646825432,-0.887735670421051,0.14697601748580605,-0.5661237642150385,-0.5380965479047999,-0.3857933646494366,-0.2744060271032761,-0.543702967894778,-0.09644478473526615,0.2860193985875039
0.847790393539233,0.8007412175753861,0.8306947282630696,0.8416397999374474,0.853567824813333,0.7455429660220865,0.7594437171159627,0.8390119842280241,0.8033525077415564,0.806511728359309,0.8489522604270285,0.9074576079353004,0.8266971514630134,0.8656912779442428,0.8087561206667458,0.7822373999841806,0.7397990522989845,0.6008506968988814,0.6167369547810281,0.8548300967502396,1.0,0.8041407144680793,0.5625784124172837,0.6862219359440557,0.833978201535019,0.6142607545131226,0.8286730957502758,0.8314912508682971,0.7975139621743197,0.836677431707841,0.797792679699998,0.6235127567571623,0.8394360617614237,0.8204838760488948,0.8079056662702747,0.7942692386548789,0.7790480194317252,0.8055900732805514,0.7414449233581066,0.6285255697299997,0.6995362660906311,0.7898093892198826,0.718877846856227,0.7019400959080547,0.760795964078847,0.6688565804064306,0.7293876228002261,0.4510709395302762,0.5186832699388217,-0.8380974435292375,0.3348357208066035,-0.5268320932268039,-0.3936973312773143,-0.43557774366600077,-0.18304616220854178,-0.17764718027018164,-0.41088886523266205,-0.034456271496208814,0.013236196160906042,0.7295169256236673,-0.8055638270615931,0.23961799790105323,-0.5054140697631999,-0.488322652681501,-0.35311634803640174,-0.32212502221070305,-0.452932748068568,-0.09652061567251378,0.27000059049740305
0.8808014183373222,0.871096621970243,0.8585842385324476,0.9118080217936927,0.7853956747327688,0.8169644516575332,0.8588843793874895,0.8877470584356703,0.8632932932965959,0.8492431195510225,0.8891611274092243,0.8581638234923142,0.8749839239573501,0.8612611915819643,0.8834859085751776,0.9072483202172329,0.8447073782350312,0.7823538360595514,0.7426887883683176,0.854358453241542,0.8041407144680793,1.0,0.7173970210290512,0.7945084585912179,0.8813708265532136,0.7183780442298483,0.9095953737683579,0.8632215056733462,0.8590133954444397,0.8846353420913724,0.8804268096734253,0.686402317165381,0.8870004673068217,0.883378124546683,0.8971245814696608,0.878177597886415,0.8650836642852259,0.8870370702737138,0.8658437239494307,0.7869367035485397,0.7961307683050233,0.8463990625726514,0.7702325396233934,0.7597566284122041,0.8196454285228051,0.7346983537858165,0.8442835600402844,0.6754468031991562,0.6407028971664657,-0.9033321740642585,0.33513565529500194,-0.6100759971426641,-0.5079311229821364,-0.4987348111703498,-0.16278820383811202,-0.19295558879706382,-0.3850271083816237,-0.01081524020557319,0.13239262651046013,0.8153316094841485,-0.8737005254987793,0.2450490396796568,-0.6114888943638686,-0.5894131842114524,-0.45080326290055905,-0.3112914159588761,-0.46764524303202204,-0.1265294222846094,0.3668721799855021
0.7381801939725783,0.8156717890882688,0.747322839884975,0.7345194713504273,0.5487519924372891,0.7691478694512088,0.7884831664393901,0.7982956462823758,0.7675259827000861,0.7181641435024452,0.7497899964191302,0.7282260588516659,0.8043507567092509,0.7705469211996255,0.8087106022283647,0.782844567936677,0.7667762374945393,0.8641899709388934,0.8232685223516228,0.7080896657760195,0.5625784124172837,0.7173970210290512,1.0,0.615066206142393,0.7128064499966756,0.7743026794961724,0.7735668479666681,0.7235496431370741,0.803425635575468,0.7811615723511774,0.6572197698693705,0.30247326961225013,0.7894830694750367,0.8047924612331433,0.7300120382794452,0.7463722934395909,0.797244936111911,0.8126112718434448,0.8268076221228327,0.7398706271625228,0.8046524453255611,0.7617567790759268,0.7971578307911615,0.758534834258867,0.7552024065753592,0.6446118316138686,0.7607329238150856,0.7218637518457072,0.6344288050955618,-0.8077806645873918,0.22674663363235983,-0.5137344234363369,-0.5403233253941925,-0.38734109061709215,-0.0647665203533405,-0.4213941477961983,-0.4166847997413966,0.09286477036107087,0.1729093611149225,0.6412322026547314,-0.7897227816112173,-0.0013362281966546542,-0.46743650000838716,-0.5479797340394157,-0.39526874653292987,-0.1050071203589971,-0.5220060676306498,0.027863018808837133,0.256212122652862
0.7553202758493315,0.7734982318435414,0.718176690655083,0.7756375057164204,0.7333444409069517,0.6719792587435631,0.7600854349213585,0.8001552789939933,0.7544223692785654,0.7899696275415841,0.7829267952166886,0.7857950826806598,0.7766635331063613,0.7661403233419526,0.7803462267997879,0.7755804178520617,0.7424866099894162,0.6501242603678851,0.5846857129950902,0.7268730156218655,0.6862219359440557,0.7945084585912179,0.615066206142393,1.0,0.7907406393842795,0.6423208709459255,0.7953355298634461,0.7692852696103412,0.7476046209366353,0.7670056298030168,0.71692930004406,0.7588524098154921,0.7824443649428701,0.7705791930207965,0.7575856318499783,0.8631958024335741,0.7607434596316857,0.7881071604725476,0.7755171560469761,0.7809271388682614,0.6749847471902416,0.7561576749997088,0.7175810202140395,0.7420917928897582,0.7314145195474113,0.6876571508362147,0.798760032063289,0.77443367286035,0.5131910547906253,-0.793079708705414,0.38881611324586063,-0.5154031085157805,-0.459116020702809,-0.43582545334277245,-0.08233849019393234,-0.24592746424386064,-0.2404575800722944,0.05932226870328281,0.15181410328171366,0.731641336411077,-0.7634485561035133,0.23898421316018734,-0.49522206398552715,-0.5493644636516399,-0.3731996156972741,-0.22816333354216323,-0.3254294019086498,-0.04466719699109383,0.3474087314595326
0.9239086898706249,0.9212127188511388,0.905493350369296,0.9085463047093958,0.8469620027381317,0.8190048061820484,0.9060169267078453,0.9455019352769222,0.9010087727213698,0.9023474514821355,0.9457091121264652,0.9230667386977364,0.8962893793544326,0.9213998274595822,0.9313502018779912,0.8897483065360878,0.8869502524933307,0.7895499888963342,0.7519700947453073,0.8411167222855604,0.833978201535019,0.8813708265532136,0.7128064499966756,0.7907406393842795,1.0,0.7802761625867146,0.9501094100602758,0.9253019657308224,0.9064034225777114,0.9385402903602013,0.890586467456875,0.6694244574608214,0.9429433582083251,0.9326615121613687,0.9334400947236268,0.919796379319167,0.9071566099951672,0.9351218249685589,0.8827664671154912,0.7325517509404212,0.7954195199203014,0.8861894134217048,0.855199259326673,0.8189344456484533,0.8774779472861223,0.7552343969219665,0.8911640268082203,0.6192290221934346,0.6792379065211115,-0.9311307410309461,0.4031645157456802,-0.6052096816308271,-0.5380068221951544,-0.4687235803415977,-0.1607333066078911,-0.28435771194320303,-0.3363668797418476,0.031209651630262236,0.155015911255288,0.8562516347584262,-0.9319335530702452,0.21420982781309594,-0.6699579072060943,-0.628758079090786,-0.4343150087106174,-0.24628245825954373,-0.44322792549583906,0.007404090404861943,0.34338931926261634
0.8436035154990328,0.8918092775435563,0.8788085409279168,0.8418318530491571,0.6376492353483845,0.874390519418218,0.9154272431343637,0.8424123402716559,0.861789657843174,0.821810398787313,0.7627882187834754,0.7559987542605169,0.827076383213047,0.8143638922972786,0.8685659744672659,0.816831323280145,0.9083345555235208,0.9087397379649231,0.8713361673276765,0.7839060666330435,0.6142607545131226,0.7183780442298483,0.7743026794961724,0.6423208709459255,0.7802761625867146,1.0,0.8340991518600098,0.8170845574236524,0.8921655451115982,0.8343649236946946,0.7325023823224169,0.4173181884528404,0.8552428612345271,0.8668485750890983,0.8041870843849181,0.8237826670537078,0.8617530823204532,0.8561159455708193,0.8011870308480011,0.5945442256611279,0.8864481978840111,0.8863255442046059,0.9044720559737247,0.7447139684302378,0.8277795062463111,0.75258023289366,0.7939301093354793,0.5086625207345754,0.7383894264614894,-0.8611723914543618,0.19831962063144973,-0.5556398381203851,-0.4576596103464429,-0.28075229736633417,-0.11934405929841264,-0.3435671049040881,-0.5193758174866129,-0.05211745245949173,0.12541911662496744,0.7650369378088382,-0.8792012499538114,0.03572048385414561,-0.6154293558342847,-0.5190902809184325,-0.32350706126940226,-0.13650591649730032,-0.6373358785790934,-0.03299076092494961,0.23807181474444414
0.9416730813782059,0.9524580548974886,0.9358576910634087,0.9446113427352631,0.8152188239095666,0.8721916993501202,0.9413195628557892,0.9689073421877076,0.9322278013906824,0.921523777609523,0.9422421367893321,0.9166185920324015,0.9282876678771985,0.9383177840234361,0.9569418632548883,0.9444010239066802,0.920846880886458,0.8603552741515075,0.808263871464853,0.887492885284775,0.8286730957502758,0.9095953737683579,0.7735668479666681,0.7953355298634461,0.9501094100602758,0.8340991518600098,1.0,0.933816579595208,0.9349544245568305,0.9466786100266402,0.8785813775271435,0.6261440220900475,0.9691146928989649,0.965190125414876,0.9492812665383268,0.93887223458798,0.936802498888483,0.9614058617784075,0.9106659160180358,0.7387405037017121,0.8656108894429123,0.9151486695791152,0.8796597356953861,0.861619093154375,0.9033032219403045,0.7814606220001143,0.9212552382279716,0.6454032690464024,0.7544889511505501,-0.970955875399309,0.3932640158407348,-0.6647147739063274,-0.5873731390571898,-0.5093625035648833,-0.17689272125525285,-0.29626892687742545,-0.4297700345264366,0.026396973321950512,0.18888883279678828,0.8836608566136637,-0.9605423657271642,0.2047926185346322,-0.6933574588171425,-0.6622967647922029,-0.4862173752910773,-0.2740247790086311,-0.5230395958879283,-0.04512371666767091,0.3654587012125077
0.945558561314422,0.9308048339099895,0.9376057860424674,0.9241182926778961,0.8357264197843451,0.8491059244544642,0.9164941338771506,0.9342195795315134,0.91397407980863,0.9110563118610644,0.9234598262184999,0.9108512461195902,0.890516177083711,0.9198123192536868,0.927591807605069,0.8823616828714896,0.9056537992505749,0.8110246805394016,0.7754928189159651,0.855687813478845,0.8314912508682971,0.8632215056733462,0.7235496431370741,0.7692852696103412,0.9253019657308224,0.8170845574236524,0.933816579595208,1.0,0.9334870231832892,0.9376444726989418,0.8785701206985538,0.6153420973035242,0.939409537460158,0.9334281211049127,0.9222487506910082,0.9026298966312039,0.9155387277692497,0.9283077680326625,0.8766937860064314,0.6880495879412758,0.8680639720870074,0.9194368208002132,0.8740130994834125,0.8019845892233375,0.8796072640113997,0.7938077569433496,0.8739439436614177,0.5693201760114549,0.7185224884745659,-0.9346750456553649,0.3951679953411086,-0.5962477084311456,-0.4727779482091759,-0.4291287339750748,-0.16639787298398223,-0.2985239075249258,-0.40664233687878854,-0.025208597514881345,0.13435122670293326,0.8391947029907949,-0.9351398537290564,0.24476422612284798,-0.634343760004253,-0.5757012102118778,-0.39876831801550583,-0.2554068799620775,-0.5008264734793402,-0.04641668894530321,0.329466661444594
0.9510370843320266,0.9681197714228774,0.9455675908352494,0.9319248264733573,0.7867013003374655,0.9238701937283509,0.9418388129619095,0.9466375176440028,0.9444712703609666,0.9018621720636143,0.9090723217039673,0.9057329679051666,0.9362981294166507,0.927077261481906,0.9567143090558539,0.9077488670680343,0.9255326485173587,0.890197012235723,0.8838915179897019,0.8919911436894044,0.7975139621743197,0.8590133954444397,0.803425635575468,0.7476046209366353,0.9064034225777114,0.8921655451115982,0.9349544245568305,0.9334870231832892,1.0,0.9520604718366512,0.8622384786390952,0.5604022998474909,0.9572232927582819,0.9558478898522937,0.9152252998557246,0.9132633533243746,0.9448618119563229,0.9447268507540174,0.9018135629194338,0.7032531528446646,0.9256816561255965,0.9469586429325852,0.917386933438533,0.8349542051821636,0.894658910946654,0.8076250290833338,0.8830018795048711,0.5835500992638291,0.7344049845612389,-0.9574719208681454,0.29247748938535173,-0.6113559526750939,-0.5096206625535309,-0.4040372917261215,-0.13424634159002127,-0.33432572656556775,-0.48257642070232565,-0.004901564233224888,0.1112123157814256,0.8383455046795751,-0.956516381488571,0.12590950119071917,-0.6426597722439072,-0.5793451171380471,-0.39242239640321347,-0.21234070389456997,-0.5845713710217009,-0.0241550678811644,0.2899989973827728
0.9480463334233982,0.9608963289896403,0.9393128497004558,0.928885161241469,0.802187574838993,0.869415499187052,0.9365299522589476,0.958405401781532,0.9323479123519667,0.9068549045600228,0.9385679050466392,0.9218814130009227,0.9163051714967181,0.9293485408595306,0.9534264715250237,0.9202023349501482,0.9170745914450188,0.8610878115288951,0.8217183076297819,0.8785875709800358,0.836677431707841,0.8846353420913724,0.7811615723511774,0.7670056298030168,0.9385402903602013,0.8343649236946946,0.9466786100266402,0.9376444726989418,0.9520604718366512,1.0,0.9172144813180553,0.6310243900887179,0.957531634349334,0.9621619266619276,0.9450407191123732,0.9331532392188606,0.946657787064888,0.9552323402206438,0.915459295833848,0.7281865962342626,0.8697684735476741,0.91579832343667,0.8879608434008368,0.8163196127752521,0.9099133091988677,0.7885263717998653,0.8717966620084108,0.6050543948357096,0.7373280234823212,-0.9602443281800184,0.3516527313693017,-0.5917657128725563,-0.5570484522048492,-0.4661261834034789,-0.14975782772605198,-0.2966164453375576,-0.42695458989858304,-0.02673087295426543,0.13676492309016242,0.8421583821625543,-0.9615874007101312,0.13035566030861714,-0.6326064408728128,-0.6010284743261449,-0.4435960666707522,-0.22064223094655055,-0.5437938088454278,-0.012212743941509657,0.3001685561240074
