0,1,2,3,4,5,6,7,8,9,10,11,12,13,14,15,16,17,18,19,20,21,22,23,24,25,26,27,28,29,30,31,32,33,34,35,36,37,38,39,40,41,42,43,44,45,46,47,48,49,50,51,52,53,54,55,56,57,58,59,60,61,62,63,64,65,66,67,68
1.0,0.9507837642068035,0.9778381837840763,0.9719005666575085,0.9379935776705776,0.9117740471415148,0.9465579827767854,0.9219137276268463,0.9322395235122126,0.9094178723376696,0.8809700870471879,0.900164462671482,0.8749328902017853,0.8757844032267978,0.942704709822612,0.8258038111838532,0.9285042614980022,0.8270110938551121,0.8175298188166737,0.8058210658195472,0.899502266020571,0.8436607091665017,0.8468836630077289,0.7999353043577901,0.8792834493021839,0.925861150949511,0.9493701054874716,0.9689468287536273,0.9641729950424397,0.9437680831528212,0.9013749376290228,0.8314674433316601,0.9130558019505486,0.9416469387169157,0.9112344835444032,0.8930701494799451,0.8878096082035706,0.9348175785542587,0.898424537509856,0.800424547444068,0.9228600063000233,0.9303406494759863,0.8970133452663612,0.8651293937205451,0.8851172511501788,0.7854622158022698,0.8753694321914242,0.7593356023350832,0.7372312240975588,-0.9665513125930817,0.31063867122506617,-0.7111621885270755,-0.6763522661559608,-0.521199361732692,-0.34398279507567536,-0.2336907770077206,-0.3300741916459602,-0.0728889748360104,-0.0035501704274873347,0.8882010323046534,-0.9364117533452035,0.3713423004499445,-0.6972299676967487,-0.6349810673131517,-0.5885887327015866,-0.2660404746039789,-0.49994197983737493,0.05247452954158381,0.07474526991286061
0.9507837642068035,1.0,0.9571252422864583,0.9424733719701881,0.9417194614047444,0.9035780060701705,0.9781262872663258,0.9775029664793493,0.9593402228301127,0.9491390500831937,0.9463986045598032,0.9052105296291597,0.9429150426566876,0.9386042294816291,0.9638863345534922,0.8810463452773603,0.9720826275780371,0.9123116504450515,0.8368950425089969,0.8242962107690038,0.9276190945688171,0.9212758419999613,0.9317267878112876,0.8763311366585761,0.9140950932284941,0.9641386691562226,0.9731736593569025,0.9293904004375884,0.9444427664573596,0.9789385565498345,0.9506279434069269,0.8836138924954874,0.9661639704725468,0.982237464169078,0.968510548044687,0.9509004504826754,0.9527754823495769,0.9771662115941298,0.962837618110002,0.8503733659594792,0.9156260398488185,0.9568176869198227,0.952417251167012,0.9194226937610638,0.9422635088251152,0.8400715553610127,0.9263354828408334,0.8543753578204684,0.8236576768076879,-0.9793394445185675,0.28364004135594145,-0.6827795651680787,-0.7462032935529584,-0.4547771079617331,-0.27198490128938596,-0.05161509751253561,-0.17202754871254528,0.020333072255806217,0.1023755078583521,0.8686314408595955,-0.9795635095450828,0.2940898987972894,-0.663883394934127,-0.7093789242233405,-0.5818016813864011,-0.19330569900314176,-0.43044359660758613,0.14893760362282585,0.14063420782239935
0.9778381837840763,0.9571252422864583,1.0,0.9738329999546046,0.9495893607268014,0.9178996593744984,0.9581932882670227,0.9303754418135769,0.9351480816367475,0.9139351507426137,0.8908323678948641,0.897068909167382,0.8805770250740009,0.8804280926275544,0.9466657524337153,0.8254120259927242,0.9365604596346084,0.8486830162867214,0.8336343611725903,0.8241356004488891,0.9144403255131511,0.8641000406458006,0.8575819257429367,0.8181849651246833,0.8755851142989607,0.94260326527531,0.9511183157674566,0.9651854316158399,0.9606722376066416,0.9494624334905767,0.910552872576223,0.8473863558059107,0.9186393976826852,0.9460278106722979,0.9203483312523434,0.8995663896101501,0.8977504469221029,0.9424975423342963,0.9098491238164154,0.8066430135805357,0.9292018151163441,0.9296409756975096,0.9080424328673481,0.8740373838520363,0.895103377830821,0.7901313634867508,0.8814779333549085,0.765796450086438,0.7412640926305883,-0.9673896229809802,0.2835627154765177,-0.6831357965725902,-0.672629982719459,-0.48537871142209865,-0.32179722861500787,-0.19258269893986546,-0.3011336110307094,-0.03779801040419043,-0.0018449630534256415,0.8882829736754118,-0.9406583588010046,0.3263064261052914,-0.6679460994386884,-0.6297187459741721,-0.5651824638219357,-0.24377399818748224,-0.4719154814461527,0.08572862583036699,0.06448483498468542
0.9719005666575085,0.9424733719701881,0.9738329999546046,1.0,0.9322626550882477,0.9270614834579165,0.9419155638336227,0.9095393590340785,0.9334655067875636,0.9003571587894504,0.8641227493906257,0.8927171432275979,0.8838483753833448,0.8524850078522819,0.9389714209920577,0.8379156193304684,0.9164276496413891,0.8216100651162809,0.8228583454203272,0.8432861623012323,0.896468502870695,0.8603974028032036,0.8398229201248145,0.8072239536554875,0.84945998730714,0.9254265409853359,0.9354618516754889,0.9529099629667785,0.9492149044495318,0.933721996423574,0.9017087289851697,0.8452413380790648,0.8936123625727505,0.9288564285358405,0.9032769322797829,0.8875837893979949,0.8743046547247575,0.9325897961047954,0.8942996043809166,0.8158163791067278,0.9188219691786585,0.9162495178720912,0.8815783872038794,0.8713140853869942,0.8856068559167111,0.8039383664788976,0.8627535797428193,0.7515003165402406,0.7114058787449506,-0.9595974176344046,0.29561514078299184,-0.669746555372693,-0.665847442133129,-0.5208549800502797,-0.3487512307198266,-0.2392947372969345,-0.32887993146448935,-0.0790277459717923,-0.04526148980373901,0.8980603214914467,-0.9233306918399703,0.3501210330952573,-0.6599348656255888,-0.6174922839439719,-0.5778006352158473,-0.2594930841113406,-0.4633816271324658,0.05862456314632212,0.03873053000641573
0.9379935776705776,0.9417194614047444,0.9495893607268014,0.9322626550882477,1.0,0.9197265840839366,0.9382178242927985,0.9233453733372103,0.9388887028396707,0.926853887665428,0.88211052163438,0.8778592206692823,0.8787651235513916,0.8801886659849305,0.908458705759954,0.7927397285748427,0.9163578545744209,0.8369483596479583,0.8118025799202488,0.8263055437560037,0.9130572926732914,0.8474412709690881,0.860001070902919,0.8162499530595311,0.8462185919017038,0.9260651371787575,0.9239426222390815,0.9318429491612525,0.9256838133927547,0.9305441711041048,0.8949653191674133,0.8332275873329247,0.9126097553786297,0.9309899585061736,0.9074320224341945,0.8880907344607798,0.877674489471708,0.918385535441617,0.9112057751825207,0.8134429852512071,0.9234805295052216,0.9193043161238698,0.9166299313147808,0.8663416259773709,0.8936525122683762,0.7701601178095263,0.8571884676129055,0.7767336668958187,0.7396744568792202,-0.9446188954668365,0.2835025434869119,-0.6423684849199697,-0.6476913791784631,-0.42798415529314576,-0.2887251539244683,-0.12015913282235798,-0.2436256658302763,-0.028301582588109366,-0.008962244323909711,0.8638405835451411,-0.9251022401484426,0.30439899943117854,-0.6258629559373328,-0.6021618643546065,-0.503275058040312,-0.2514185816473151,-0.46883848236555736,0.1032230981183813,0.01956459496153022
0.9117740471415148,0.9035780060701705,0.9178996593744984,0.9270614834579165,0.9197265840839366,1.0,0.8896558308135659,0.8585218066142198,0.8956934688590874,0.8505380249382875,0.7934810019270723,0.8026934525781091,0.8504288253279622,0.7982271723461557,0.8796333378135532,0.7843165899922359,0.8585208693693293,0.8152257354936826,0.8841836407313695,0.9083819068390852,0.8414737592266489,0.8200692364579869,0.8141003289895393,0.7584397314170476,0.7830778888651899,0.894417938831223,0.8779944282037628,0.8909841259569706,0.8899693066013409,0.8781196005292682,0.840141020160809,0.7868282860606364,0.857208466365901,0.8777363383560579,0.847941930129752,0.832620706451206,0.817058062619086,0.8701145160808809,0.8577618528172163,0.7483718739090671,0.9211891775661101,0.869908886218418,0.8753521050565417,0.8512774620022681,0.8561382022563249,0.7525353314656192,0.8042230764297416,0.713077571709985,0.679735251313942,-0.9114575710322816,0.256872603927053,-0.6154281367536995,-0.5939941811189889,-0.42799021854398916,-0.2931067064959743,-0.2013574264626337,-0.347196812040542,-0.09069251105736317,-0.031645481087918245,0.8700388848994994,-0.8696092516230277,0.3000664028159508,-0.582937732109105,-0.5262302323969257,-0.46407804551706594,-0.2585771877163309,-0.4723891873261512,0.032051185337174215,0.033637352393561845
0.9465579827767854,0.9781262872663258,0.9581932882670227,0.9419155638336227,0.9382178242927985,0.8896558308135659,1.0,0.9689214528491963,0.9492567446613468,0.9386508201675544,0.9345016443378452,0.8856855914629409,0.9251514801394856,0.9260495785830944,0.9590936796445871,0.8654094910981871,0.9758010941872899,0.9123329328805235,0.826273511312223,0.8150423436985468,0.9144187954655141,0.918507509428965,0.9146174144678054,0.8780865157604927,0.9078311696478959,0.973822615419242,0.9680275374232168,0.9261377023188788,0.9395509307644689,0.9707831176641434,0.9451074005824709,0.8876035465864012,0.9563041152037811,0.9739568056567831,0.9620420014730698,0.9453403816729159,0.943834903768382,0.9697342050311869,0.9540057364654836,0.8388111181063485,0.9113957392690916,0.9579857531843667,0.9450521548714692,0.9105105225590516,0.9356116355995088,0.8402463230057257,0.9230138998808936,0.8359363906389357,0.8197499586113741,-0.9709281515796407,0.2758608270767546,-0.6696532493269577,-0.7335476300175223,-0.4389255592236334,-0.25927623316250126,-0.05768603209950825,-0.18622851357557665,0.04449654637896169,0.1048998429282243,0.8612046457673327,-0.9724819469240378,0.2710728098790211,-0.6589985229864724,-0.7006486139409139,-0.5742019382188701,-0.1845299198568245,-0.4440890521923034,0.17108050658902949,0.14512267532879902
0.9219137276268463,0.9775029664793493,0.9303754418135769,0.9095393590340785,0.9233453733372103,0.8585218066142198,0.9689214528491963,1.0,0.9527059891097193,0.9539550668600656,0.9646673715820193,0.8994007750896227,0.9467897599015257,0.9630022756562936,0.9473897917146711,0.8644805267279856,0.9717574892243819,0.9100989549218692,0.7752160543229599,0.7867733794238848,0.9268179099279167,0.9239882848673284,0.9357666364426309,0.8922840447876459,0.934005666166817,0.948828178507428,0.9687004428115334,0.9010215137145655,0.9135109994948268,0.9769835829703546,0.9549081561149387,0.8854754544510296,0.9753957855412247,0.9805452062149604,0.9755829121450315,0.9561885522191901,0.9685245872021705,0.9749146413690395,0.9666532835892886,0.8500586549037289,0.869738336257631,0.9446877940011994,0.9387398077943013,0.9121084024589594,0.9459381633289347,0.8388880554804004,0.9307972172077555,0.8716944157288614,0.858719868991725,-0.9606607888115335,0.26193589009049684,-0.6724720894516326,-0.7640730307212734,-0.4141766535141644,-0.23059789732024777,0.04094079919141456,-0.08409650537060631,0.09225930049419126,0.17600701239669556,0.8274506075158369,-0.9818610403853539,0.24947868663369982,-0.6699059376261504,-0.7413680942802136,-0.5787916975337924,-0.1538493925836627,-0.4023164778538787,0.21519526953265272,0.1978836561847341
0.9322395235122126,0.9593402228301127,0.9351480816367475,0.9334655067875636,0.9388887028396707,0.8956934688590874,0.9492567446613468,0.9527059891097193,1.0,0.9535773500593907,0.9173350379383947,0.8928292821302999,0.932393028879266,0.9040263079764437,0.9191063274999133,0.8518703148387599,0.9420372048348634,0.8621167500820028,0.7972995228310844,0.82283103086379,0.9205297044231316,0.9006429233634015,0.8977281416248364,0.8678922990740344,0.881193440928832,0.9371369770068837,0.9402712164034148,0.9171046061151833,0.9216473034897681,0.9549915827790548,0.9331143990900002,0.8758233078632848,0.9327956369597745,0.9534848628494205,0.9455076552020931,0.9263569107017475,0.9106705197075942,0.9433348181891306,0.9431675533001038,0.8558893095453911,0.9021075788309688,0.9457064781192643,0.9293476756546665,0.8840235591218822,0.9309161835218942,0.8244852262610504,0.8967087461770373,0.8212252946440158,0.7893487622663238,-0.9565952717729816,0.28572057641374876,-0.6562318287993778,-0.7154441095297103,-0.45118469714995263,-0.2732144841430827,-0.048534062728939335,-0.19161651747153563,-0.01067195113947306,0.04594830158430641,0.8607310182422437,-0.9530917519125471,0.32079641351094135,-0.6491555303236025,-0.6880977036302484,-0.563119839326067,-0.22222047685209526,-0.4544828839691919,0.11972761549210684,0.0911956165640525
0.9094178723376696,0.9491390500831937,0.9139351507426137,0.9003571587894504,0.926853887665428,0.8505380249382875,0.9386508201675544,0.9539550668600656,0.9535773500593907,1.0,0.9327184750945727,0.9014528371508311,0.9249299332996792,0.9145998299807306,0.9006266333265125,0.8176158922580503,0.9487732385504829,0.8570549702593603,0.7399853149867031,0.7615777545050829,0.9318893415843467,0.889167009318804,0.902827928967259,0.8812661674966502,0.8947514264662124,0.9247712532246037,0.9407379112577906,0.9056845157019977,0.9087809977552905,0.951895241266398,0.9373892114048661,0.8816316948179534,0.9340344415326666,0.9529001614719991,0.946082421652766,0.9383628082029835,0.9090089754996209,0.9352480435985336,0.9444370627369172,0.8664571306833532,0.8705622125610472,0.940613149938008,0.9263393722775553,0.8641811752929589,0.9297125340854338,0.8079982198615573,0.9060452509557484,0.8476705823666154,0.8049504071314592,-0.9452880371100596,0.2947626500659298,-0.6622372582374326,-0.7420329094666708,-0.45188343301037087,-0.2584256522302817,-0.002469219827630376,-0.15092542512998544,-0.013919108526472091,0.07905094739353635,0.8317141885279072,-0.9562662873817681,0.3269004786771804,-0.6690593386729135,-0.7311547117570075,-0.597697079858925,-0.19920085455765213,-0.4751920839725907,0.12263788017338917,0.11586557376022681
0.8809700870471879,0.9463986045598032,0.8908323678948641,0.8641227493906257,0.88211052163438,0.7934810019270723,0.9345016443378452,0.9646673715820193,0.9173350379383947,0.9327184750945727,1.0,0.8993473392778516,0.9309203050973691,0.9521259611206361,0.9151792083628508,0.8558696948986986,0.9483314523340853,0.884085284776715,0.711779575892367,0.711030851226361,0.9154715409666379,0.9033541876714005,0.9369003058224065,0.8689323413828441,0.940101667679032,0.908500520491966,0.9399285983210499,0.8691025710496052,0.8772039827227807,0.9540108632758104,0.9368281291414409,0.8446933238436414,0.9591351406627534,0.9554796167453463,0.959318141835741,0.9290542128077518,0.9526764688068203,0.9517702553908725,0.9518337667068193,0.8397576400513981,0.8046846256093166,0.9046349159341208,0.9034935178094504,0.8748613172775174,0.9154760914952895,0.8085892904570001,0.9074968171920863,0.869142055481196,0.8585534736955227,-0.9240870685832914,0.24908765896973215,-0.6512919750918267,-0.7461084970261904,-0.38698512869126583,-0.2208348116360908,0.08291324565178232,-0.01979499377263468,0.11460312817611373,0.22563075174822422,0.7866983526428558,-0.9574400056613048,0.21157821888619163,-0.646871386806949,-0.7353818716187832,-0.5736066096097315,-0.15495668786398376,-0.33747653381345105,0.18976617194007464,0.22410512291076554
0.900164462671482,0.9052105296291597,0.897068909167382,0.8927171432275979,0.8778592206692823,0.8026934525781091,0.8856855914629409,0.8994007750896227,0.8928292821302999,0.9014528371508311,0.8993473392778516,1.0,0.8808266160658268,0.8814625821253581,0.8969389584551567,0.8099179207270378,0.8864511588222389,0.7580575108323659,0.6747169242154318,0.7135013695746095,0.9313841430884157,0.8071348072283856,0.8683922777743334,0.791653137102395,0.863127833468038,0.852645196323704,0.9008075725284516,0.8911678917552561,0.8810688102620667,0.9153639672215198,0.8734246155331162,0.7937110122312175,0.8907781183348742,0.9062286854075152,0.8838072720038856,0.8652522312457798,0.8790243476691614,0.9172943936964831,0.8850141268873488,0.8227926146485017,0.8174524643233927,0.874372802094845,0.8429183972750878,0.841837402214744,0.8676281868382278,0.8000371820382679,0.8321066743845108,0.8042372971294984,0.7232776447245874,-0.9051868284090789,0.3370706221112729,-0.6276426517685869,-0.6537970910501555,-0.45072763454622183,-0.29251044359683476,-0.09490426862401975,-0.12603443369192063,-0.01920341533685307,0.04962696658579053,0.796595019544249,-0.9051088243247714,0.3520990271644097,-0.658931157594107,-0.6367812203531983,-0.5491385067999132,-0.2483228063777164,-0.3428710607596265,0.0948461826679191,0.10582553505568125
0.8749328902017853,0.9429150426566876,0.8805770250740009,0.8838483753833448,0.8787651235513916,0.8504288253279622,0.9251514801394856,0.9467897599015257,0.932393028879266,0.9249299332996792,0.9309203050973691,0.8808266160658268,1.0,0.9158521653783763,0.916810540096073,0.8780515929088959,0.9292097159293353,0.8815094243558923,0.7652381917120459,0.8122908760310764,0.8863967063317795,0.9303296986689089,0.9384246491468194,0.8768141590046749,0.8925637599529046,0.904957958961431,0.9243578478235588,0.8497639868296868,0.8697394462814486,0.9395532054209568,0.9385232886420745,0.8612985044692296,0.9353654856230795,0.9411746277422399,0.9448717424749007,0.9310424146803796,0.9223587175918014,0.9473362352138908,0.9493089354965429,0.8663416987173304,0.8324912417347073,0.9032854369676127,0.9078671174847753,0.8929132425772772,0.914974638071906,0.8247563167244616,0.9018451650511389,0.879720525483145,0.8220948434539685,-0.9261837665014508,0.2897838409999398,-0.6272339009228071,-0.7500328782522727,-0.4187778333143751,-0.22848069426496112,0.043112695095110766,-0.06395598960737395,0.06705016725929533,0.15134538165485384,0.8103223754483752,-0.94093551714798,0.2551918297237226,-0.6147834781512405,-0.7227136882042845,-0.5629639763038742,-0.17203272029316635,-0.32884692669207055,0.1801298162423737,0.18263085733705473
0.8757844032267978,0.9386042294816291,0.8804280926275544,0.8524850078522819,0.8801886659849305,0.7982271723461557,0.9260495785830944,0.9630022756562936,0.9040263079764437,0.9145998299807306,0.9521259611206361,0.8814625821253581,0.9158521653783763,1.0,0.9122138869464721,0.8124778452040541,0.9373877048394174,0.8767674093318724,0.7026062640962635,0.7219361658518928,0.8938358874732885,0.8713019462932701,0.9130514023232719,0.8477496737092018,0.9338359186090085,0.9040565316134401,0.9364043995346383,0.846252952190026,0.8582027035541908,0.9419255974910327,0.9143471878448359,0.8247533120778779,0.962121165482846,0.9495927224015619,0.9446432747419586,0.9192832776589602,0.960068330768807,0.9439833808658917,0.9337813962889038,0.7912654332107599,0.8011645587393768,0.8876358735386233,0.8913886005066183,0.8770054089419944,0.9055828662041335,0.8029167373339119,0.8997277028921905,0.8537917560672911,0.8695210736698584,-0.9129901516363356,0.24281316988786514,-0.656622450996913,-0.7426387256810446,-0.36605655970230067,-0.17749428883891272,0.08191777670016324,-0.008823052020572356,0.14019539807406856,0.27018219216422334,0.7812918037643124,-0.952010633388853,0.20851501584254095,-0.656674482871789,-0.7304677241304497,-0.5526386934105566,-0.11736638444890062,-0.338158586295226,0.2516917739554976,0.268880107716315
0.942704709822612,0.9638863345534922,0.9466657524337153,0.9389714209920577,0.908458705759954,0.8796333378135532,0.9590936796445871,0.9473897917146711,0.9191063274999133,0.9006266333265125,0.9151792083628508,0.8969389584551567,0.916810540096073,0.9122138869464721,1.0,0.8746447716722623,0.9475999770278647,0.8947350537211767,0.8260292787911199,0.8090445698796325,0.8984562198179178,0.8928526172103974,0.9057511634148517,0.849949196623857,0.8967459767362448,0.9397111671730133,0.9647700872234232,0.9105098052165749,0.9341727283105656,0.9568604733851455,0.9310482430560917,0.8665273652271216,0.9457161608471484,0.9609437141413479,0.9406342033919154,0.9304792159128978,0.9319771662609904,0.9655324115749944,0.9287448029930561,0.8262030632513642,0.8903054515606511,0.9196842952358951,0.9103389059659698,0.9088662741991225,0.9077483032503285,0.8451645076687739,0.906452941572286,0.8512393615973932,0.789700441856543,-0.966281684307825,0.3186186347290912,-0.7160362471582953,-0.744437077979249,-0.5044976962920404,-0.3101231986896327,-0.14645360684198902,-0.21454959933829748,0.014825830099605268,0.1177866364923553,0.8627069039981996,-0.957749147411988,0.29783291457206845,-0.7017068349547871,-0.6998238793090432,-0.611347321275046,-0.22413602267618443,-0.40608414875152626,0.11067359212879463,0.17356180161198081
0.8258038111838532,0.8810463452773603,0.8254120259927242,0.8379156193304684,0.7927397285748427,0.7843165899922359,0.8654094910981871,0.8644805267279856,0.8518703148387599,0.8176158922580503,0.8558696948986986,0.8099179207270378,0.8780515929088959,0.8124778452040541,0.8746447716722623,1.0,0.8544937410212005,0.858445756440181,0.7913242091984155,0.7350896558366199,0.803099694178599,0.8792168331358724,0.89430156857609,0.7641318383200523,0.8096326791918304,0.8388625364410371,0.861621803061774,0.8083130784730964,0.8501148043548836,0.8820771448087217,0.8730377742582114,0.7609342856191114,0.8520723696370299,0.878168282207853,0.8768057939212772,0.8513876068376437,0.8469003457875843,0.888643568552678,0.8738480919040276,0.8241299969342956,0.7854725313673411,0.8324585198429678,0.8262803947158239,0.8267311391300364,0.8411104985143616,0.7767061208018615,0.8305370176277732,0.7906024435111255,0.7250812842682609,-0.8777084113081975,0.27376286993580884,-0.6154214609091786,-0.7177055158087899,-0.4964320802538725,-0.2864267797783366,-0.040586342487199896,-0.16420380100758486,-0.03968692192325618,0.08215882703898185,0.7681809839361903,-0.8735986793258746,0.25853422839910883,-0.6050861267724726,-0.6881899999808301,-0.5952839512907939,-0.19883216702161643,-0.33274853920969055,0.04586616249056112,0.1272876049101724
0.9285042614980022,0.9720826275780371,0.9365604596346084,0.9164276496413891,0.9163578545744209,0.8585208693693293,0.9758010941872899,0.9717574892243819,0.9420372048348634,0.9487732385504829,0.9483314523340853,0.8864511588222389,0.9292097159293353,0.9373877048394174,0.9475999770278647,0.8544937410212005,1.0,0.9216796742911647,0.7970648096238764,0.7892324869533965,0.9186338813680562,0.9228683768480845,0.9264765494927352,0.8837369949915627,0.9307161791918895,0.9613263014940405,0.9706706110084977,0.9049895057228847,0.9218926768221625,0.9701537962861881,0.9549256152956491,0.8833257211865462,0.966342494348326,0.9757060828592544,0.9693346863080307,0.9537463438370216,0.9473720243954838,0.9644123104424316,0.9603509415780712,0.8446445905132044,0.8744492854900742,0.9513676502767874,0.9470969610781629,0.8946327532963058,0.9370464172269164,0.8163922822927191,0.9346755247408459,0.8618536585588298,0.8492096343381963,-0.96450839249105,0.2638288978069179,-0.6990330942191372,-0.7707125319385077,-0.45977406507525476,-0.25553237886498503,-0.030583218673699557,-0.16030379010030105,0.045024868931735754,0.16871484482902943,0.8441351978399398,-0.9779056008432692,0.2761050081647634,-0.690737490421347,-0.7579217899840046,-0.6213041545742907,-0.1768672179855342,-0.4582683191205675,0.1540988757800047,0.19595991355167736
0.8270110938551121,0.9123116504450515,0.8486830162867214,0.8216100651162809,0.8369483596479583,0.8152257354936826,0.9123329328805235,0.9100989549218692,0.8621167500820028,0.8570549702593603,0.884085284776715,0.7580575108323659,0.8815094243558923,0.8767674093318724,0.8947350537211767,0.858445756440181,0.9216796742911647,1.0,0.841784762712766,0.804522975104984,0.8169595821717469,0.913805926665744,0.9182997472085481,0.8354767777223873,0.8583429694294161,0.9148057090744448,0.9028195063129757,0.7890296696260934,0.8254874638836366,0.9072225872409136,0.9067384074349455,0.8184208504359376,0.9172635831461156,0.9174570359753351,0.9229491649229322,0.9035720044694722,0.8946350331924336,0.9003398412445983,0.9124517428419102,0.7828636189388044,0.8175688524824168,0.8503826217659448,0.8928252538947896,0.8370474346345929,0.8830638508970479,0.7354780634972296,0.8897562509717237,0.8486637403261861,0.8469048092746916,-0.8983345795733028,0.19014127443471363,-0.6884792412344066,-0.7942413481086388,-0.42531786074247213,-0.19392475389093844,0.036920078910255366,-0.1489975482250212,0.06354406603950688,0.2589204667741511,0.7672985013260583,-0.9179089213036106,0.1703345826086974,-0.6428398132381122,-0.7596393123893314,-0.5944761263334413,-0.12094177441243967,-0.4433174984272779,0.11866411933291264,0.2617101232557191
0.8175298188166737,0.8368950425089969,0.8336343611725903,0.8228583454203272,0.8118025799202488,0.8841836407313695,0.826273511312223,0.7752160543229599,0.7972995228310844,0.7399853149867031,0.711779575892367,0.6747169242154318,0.7652381917120459,0.7026062640962635,0.8260292787911199,0.7913242091984155,0.7970648096238764,0.841784762712766,1.0,0.8222745212989561,0.7205709238441699,0.7697647562946721,0.7837185321674526,0.6810839306546662,0.6825072981857719,0.8467298387223938,0.8073012360412668,0.7921640987342784,0.8330172376776402,0.8005273946764236,0.7644171860492476,0.7057298292147044,0.7766179784888378,0.8040307076181157,0.7784502298850496,0.7676764747642458,0.7330638428985998,0.7923748075430906,0.7847990229897216,0.688681590990919,0.8743977441605126,0.7995960748694463,0.8398343945756255,0.7861529365872951,0.7711719423013638,0.6696454004381759,0.7521004147088339,0.6820339385547607,0.6021446509247351,-0.8470287936118692,0.2357471706012231,-0.6064312609531223,-0.6015682482526158,-0.48018068037682554,-0.2929994281086767,-0.24766342129681396,-0.40960416919409326,-0.1620307760525043,-0.03466167805138398,0.8020991213284447,-0.7924329958563945,0.2800806395996732,-0.5311179088538968,-0.5276419465808192,-0.4999525762225235,-0.22517569399220413,-0.45502616099454624,-0.0420711377141163,0.041168127844523415
0.8058210658195472,0.8242962107690038,0.8241356004488891,0.8432861623012323,0.8263055437560037,0.9083819068390852,0.8150423436985468,0.7867733794238848,0.82283103086379,0.7615777545050829,0.711030851226361,0.7135013695746095,0.8122908760310764,0.7219361658518928,0.8090445698796325,0.7350896558366199,0.7892324869533965,0.804522975104984,0.8222745212989561,1.0,0.7779326722743272,0.8337587282546691,0.7725290991785211,0.7263560262881615,0.7054290151518313,0.8178723083565906,0.8046664415204049,0.7745367094525211,0.773127919748527,0.806209283280345,0.8064348447840382,0.7656458018126051,0.7940144125788089,0.805662263042827,0.7931062385210235,0.7790951772064173,0.749355834066911,0.8008837635704784,0.8096594455903797,0.7230539443274829,0.8302155066214154,0.7766474790862999,0.802613603765034,0.7803604118736142,0.8059579424165377,0.6663475217402067,0.7474308104376913,0.6900891752421957,0.6867020024033403,-0.8312359155933929,0.17611140723755184,-0.5568087538997747,-0.5817589705389885,-0.3731915054544219,-0.2422317576975841,-0.116890704116937,-0.28005371165235726,-0.043652070550727756,0.06099672267842522,0.7758331259734567,-0.8009348620384861,0.22171224222726654,-0.5243359704162047,-0.5155260187763349,-0.42335974464744286,-0.20104497827629408,-0.4268737250216907,0.07439581412451055,0.08135682162107782
0.899502266020571,0.9276190945688171,0.9144403255131511,0.896468502870695,0.9130572926732914,0.8414737592266489,0.9144187954655141,0.9268179099279167,0.9205297044231316,0.9318893415843467,0.9154715409666379,0.9313841430884157,0.8863967063317795,0.8938358874732885,0.8984562198179178,0.803099694178599,0.9186338813680562,0.8169595821717469,0.7205709238441699,0.7779326722743272,1.0,0.8723676399269723,0.8782712417394164,0.8220620267859211,0.8902458731108526,0.8944139218205572,0.9254753673253641,0.9069040287870997,0.891112623118354,0.9419618729585053,0.919247533366854,0.8477565117979032,0.9212509532213087,0.92839599157037,0.9185175127297398,0.887377667213598,0.892614230352297,0.9215299903542333,0.9205466366179376,0.83103956950553,0.845953227212702,0.9066265744111239,0.8999834687909063,0.8554888817704938,0.9085103957039311,0.7841378303438801,0.8489829665040467,0.8053796845554946,0.7684068142982273,-0.920626342186388,0.24832752165005326,-0.6084192180968842,-0.6588260004617634,-0.3984565084264016,-0.24704772282077364,-0.0033976665821183376,-0.11612444947323533,0.03135810710892835,0.108304143772766,0.8108655689806977,-0.9310757315039723,0.2872979831148909,-0.6217138378870172,-0.6486920442703537,-0.5274079923764615,-0.20940302983068038,-0.3893991444280855,0.16413974777570123,0.11802983292632173
0.8436607091665017,0.9212758419999613,0.8641000406458006,0.8603974028032036,0.8474412709690881,0.8200692364579869,0.918507509428965,0.9239882848673284,0.9006429233634015,0.889167009318804,0.9033541876714005,0.8071348072283856,0.9303296986689089,0.8713019462932701,0.8928526172103974,0.8792168331358724,0.9228683768480845,0.913805926665744,0.7697647562946721,0.8337587282546691,0.8723676399269723,1.0,0.9212399194796351,0.8867873427182481,0.8739704931149102,0.903746520532149,0.9132526772365017,0.8272775436713633,0.8462146494830323,0.9273479452349229,0.9503635984893306,0.8934105673562184,0.9164569383603218,0.9226812078643487,0.9412675899982066,0.9248989177276571,0.8980418258438384,0.9250774308965605,0.9501005600978102,0.8738292808366172,0.808609867178334,0.882832525760004,0.8983033867580272,0.854045454951092,0.9112763513578233,0.7765244754441533,0.9084371926485583,0.866073295796299,0.8350077423324642,-0.9073649467094149,0.1816265077389577,-0.611257371638322,-0.7591093219174466,-0.39552353491432607,-0.19678763830754467,0.08327985521170253,-0.08031738470547248,0.06476212955178515,0.2025064684131995,0.7894290199687606,-0.9259491648501851,0.19069574519055243,-0.5928688401755334,-0.7290622463492272,-0.559277459608589,-0.10694766857033292,-0.36495133505055166,0.20574750671646738,0.201054923196269
0.8468836630077289,0.9317267878112876,0.8575819257429367,0.8398229201248145,0.860001070902919,0.8141003289895393,0.9146174144678054,0.9357666364426309,0.8977281416248364,0.902827928967259,0.9369003058224065,0.8683922777743334,0.9384246491468194,0.9130514023232719,0.9057511634148517,0.89430156857609,0.9264765494927352,0.9182997472085481,0.7837185321674526,0.7725290991785211,0.8782712417394164,0.9212399194796351,1.0,0.8438216706135546,0.8896011483764356,0.8970944790158708,0.9182598853314831,0.8209486046888357,0.8443446393890198,0.9331560703972152,0.9180389987929397,0.8048875751526547,0.9367693677906036,0.9365329747365171,0.9373729735735586,0.913466171040773,0.9226937638960953,0.9380050042109396,0.9518575427174016,0.875720953113811,0.8097346381688082,0.8775681103166781,0.904529769923623,0.8704545053907866,0.9101720922696871,0.7865089408900806,0.8991836348352197,0.9116348285743497,0.8392633755764297,-0.9142741027688149,0.24498832693715505,-0.6622370556841579,-0.775317000399461,-0.40723493298347846,-0.2238224632803904,0.06699977338434335,-0.05898389100025957,0.0660768422162169,0.21569271804745738,0.7737123608329225,-0.9360887248317478,0.21298594919044572,-0.6429388612602874,-0.7486285591671191,-0.5722400341462768,-0.16269807336654935,-0.3513186660442018,0.15317950837796132,0.2310059853366714
0.7999353043577901,0.8763311366585761,0.8181849651246833,0.8072239536554875,0.8162499530595311,0.7584397314170476,0.8780865157604927,0.8922840447876459,0.8678922990740344,0.8812661674966502,0.8689323413828441,0.791653137102395,0.8768141590046749,0.8477496737092018,0.849949196623857,0.7641318383200523,0.8837369949915627,0.8354767777223873,0.6810839306546662,0.7263560262881615,0.8220620267859211,0.8867873427182481,0.8438216706135546,1.0,0.8225437912181455,0.8653433329262967,0.8633881623564773,0.7891101704891241,0.8049012951892062,0.8827417179610451,0.8883839754772961,0.9305055896897209,0.8757533234970467,0.8775900885385137,0.8883923831489292,0.9399221975141107,0.8619757351552342,0.8801407952195419,0.8992867613483907,0.832278634161313,0.7798450345800643,0.858611821671704,0.8600503820421731,0.8401216968975505,0.8698736729692289,0.8041043894932751,0.9088024185334195,0.8693589676492797,0.7914308272145645,-0.8588789794022638,0.23293487398523574,-0.5674526717991233,-0.6940062307109177,-0.33085938261377795,-0.19602730152501832,0.09928468626663031,-0.03935915327185002,0.07621011068223368,0.1686793742462467,0.7360359068232352,-0.8850846260291811,0.1862537922831253,-0.5760496096197865,-0.6786471459069172,-0.5047792641408868,-0.09747130823653598,-0.3532393445620032,0.19683677872963312,0.18864558850396226
0.8792834493021839,0.9140950932284941,0.8755851142989607,0.84945998730714,0.8462185919017038,0.7830778888651899,0.9078311696478959,0.934005666166817,0.881193440928832,0.8947514264662124,0.940101667679032,0.863127833468038,0.8925637599529046,0.9338359186090085,0.8967459767362448,0.8096326791918304,0.9307161791918895,0.8583429694294161,0.6825072981857719,0.7054290151518313,0.8902458731108526,0.8739704931149102,0.8896011483764356,0.8225437912181455,1.0,0.8815583165698158,0.9380444533381677,0.8641026971718156,0.8606212688508131,0.9290357552986397,0.9226658464423142,0.8070894312412978,0.9541201172950641,0.9279304696275321,0.9332248704886903,0.8961804612003194,0.9149676043719178,0.9203949900745604,0.9184968219244883,0.7888831867075697,0.7634506450387241,0.8747695784174305,0.8673860488095781,0.8326732332487172,0.8916624050568451,0.7572901915421021,0.8943946544188072,0.8354133353857699,0.8633632745537722,-0.8992685919558757,0.22411019785078662,-0.6981509017084505,-0.7102269309334336,-0.3674707486055276,-0.2023099106691121,0.01732816924163275,-0.08997894686920219,0.13101103885690216,0.357513320384519,0.7855869374093032,-0.9361505716069928,0.23229413497710683,-0.6909456196538051,-0.7280647981440194,-0.5713070079492952,-0.14337315877168125,-0.38693718748392614,0.15970946501620098,0.37720300818988595
0.925861150949511,0.9641386691562226,0.94260326527531,0.9254265409853359,0.9260651371787575,0.894417938831223,0.973822615419242,0.948828178507428,0.9371369770068837,0.9247712532246037,0.908500520491966,0.852645196323704,0.904957958961431,0.9040565316134401,0.9397111671730133,0.8388625364410371,0.9613263014940405,0.9148057090744448,0.8467298387223938,0.8178723083565906,0.8944139218205572,0.903746520532149,0.8970944790158708,0.8653433329262967,0.8815583165698158,1.0,0.9513425780138766,0.9021482833987128,0.921491885644967,0.9516160637216362,0.9228941759883741,0.8772698565018777,0.9407871317172554,0.9575056580141458,0.9422483148658461,0.9284753113486399,0.9235192738692988,0.9472521900437614,0.9375607843509358,0.8123308458795615,0.9162480871361783,0.945132114224439,0.9499206710757424,0.8995547626332532,0.9179259976905494,0.8258682121844584,0.9019730619316748,0.8166334342900095,0.8094743405363384,-0.9568815409353739,0.2674687475899662,-0.6586071878326941,-0.7150145893986667,-0.4331676379846163,-0.26534095720765255,-0.07149512602671013,-0.20204964112956647,0.021602773076090192,0.10254893496342994,0.8622911799826143,-0.9561795343917592,0.2727432405327139,-0.6397240576264298,-0.6835169071225551,-0.5616558133941983,-0.19318003285313026,-0.4545921273567472,0.15373043054340568,0.1410917710257621
0.9493701054874716,0.9731736593569025,0.9511183157674566,0.9354618516754889,0.9239426222390815,0.8779944282037628,0.9680275374232168,0.9687004428115334,0.9402712164034148,0.9407379112577906,0.9399285983210499,0.9008075725284516,0.9243578478235588,0.9364043995346383,0.9647700872234232,0.861621803061774,0.9706706110084977,0.9028195063129757,0.8073012360412668,0.8046664415204049,0.9254753673253641,0.9132526772365017,0.9182598853314831,0.8633881623564773,0.9380444533381677,0.9513425780138766,1.0,0.9277634285579278,0.9419071015443792,0.9736224259481037,0.9569962719253821,0.8783261094671466,0.9687053700037106,0.97684346222149,0.9637963333045448,0.9452973467701364,0.9404813494398614,0.9678565843386566,0.9542549853931109,0.8463957943136361,0.8854585282618447,0.9422686321615908,0.9332461847660759,0.901156161140502,0.9311545949457095,0.8234605995671065,0.9233755306775246,0.8600258546605456,0.8301019395602205,-0.9757052496667507,0.2871981834304677,-0.739752807290343,-0.7613279554495891,-0.4958553636119546,-0.2958735723885343,-0.10151636743362337,-0.20220290969122734,0.004343756301026906,0.1725280426669486,0.8667215899147257,-0.9794829438710676,0.3151303758695813,-0.722342923753008,-0.7450157458101416,-0.6343507542373923,-0.20918287052098758,-0.4598447122397707,0.1272897938815199,0.21653193148914096
0.9689468287536273,0.9293904004375884,0.9651854316158399,0.9529099629667785,0.9318429491612525,0.8909841259569706,0.9261377023188788,0.9010215137145655,0.9171046061151833,0.9056845157019977,0.8691025710496052,0.8911678917552561,0.8497639868296868,0.846252952190026,0.9105098052165749,0.8083130784730964,0.9049895057228847,0.7890296696260934,0.7921640987342784,0.7745367094525211,0.9069040287870997,0.8272775436713633,0.8209486046888357,0.7891101704891241,0.8641026971718156,0.9021482833987128,0.9277634285579278,1.0,0.9649380536981067,0.9301691788210653,0.8919282871591685,0.8279846088146783,0.8849324152635751,0.9165184463677583,0.8905798761435998,0.8732325740301277,0.8517655390546551,0.909975948486956,0.8824415718351498,0.7977180982851437,0.9198484620968409,0.9264645851852089,0.886996643230344,0.8441436776935164,0.8771967756794323,0.7701092297385621,0.8511082855040176,0.7266675715502864,0.6890515276667942,-0.9442354165395942,0.3271833919631247,-0.6473787852860415,-0.614402075591722,-0.47954121623572643,-0.329560314100188,-0.2125133298290033,-0.3095021087345198,-0.09261544644891147,-0.04237730483436099,0.8727733717467651,-0.9126899904285211,0.3754004991840531,-0.6403665472135366,-0.5878912991927211,-0.5383642620491322,-0.25711040401695,-0.4666227391452863,0.043239505459074616,0.02968973013374759
0.9641729950424397,0.9444427664573596,0.9606722376066416,0.9492149044495318,0.9256838133927547,0.8899693066013409,0.9395509307644689,0.9135109994948268,0.9216473034897681,0.9087809977552905,0.8772039827227807,0.8810688102620667,0.8697394462814486,0.8582027035541908,0.9341727283105656,0.8501148043548836,0.9218926768221625,0.8254874638836366,0.8330172376776402,0.773127919748527,0.891112623118354,0.8462146494830323,0.8443446393890198,0.8049012951892062,0.8606212688508131,0.921491885644967,0.9419071015443792,0.9649380536981067,1.0,0.9386315743186582,0.9076459039404747,0.8489264703676421,0.8967799887794196,0.9317454447848289,0.910466640474372,0.897521226693798,0.8701047392802999,0.9234493509952856,0.8948960608661085,0.8125039758926308,0.9258854271224235,0.9360040851589977,0.9114403362349167,0.8721767191166802,0.8801910600397325,0.804744908687998,0.8713769019225353,0.764579425745054,0.7091186443680908,-0.9597402310134353,0.3444777684551489,-0.6737843160728804,-0.658853545336523,-0.5457509456420161,-0.3552025630836606,-0.22027910792288885,-0.3168141489598395,-0.11396740322416118,-0.0408961349700897,0.8843865690802198,-0.9276022111455872,0.38250482005260694,-0.6609041816387838,-0.6311666667478427,-0.6080826975176549,-0.26180345681654626,-0.4610829578739271,0.03510271196820138,0.03458710282510186
0.9437680831528212,0.9789385565498345,0.9494624334905767,0.933721996423574,0.9305441711041048,0.8781196005292682,0.9707831176641434,0.9769835829703546,0.9549915827790548,0.951895241266398,0.9540108632758104,0.9153639672215198,0.9395532054209568,0.9419255974910327,0.9568604733851455,0.8820771448087217,0.9701537962861881,0.9072225872409136,0.8005273946764236,0.806209283280345,0.9419618729585053,0.9273479452349229,0.9331560703972152,0.8827417179610451,0.9290357552986397,0.9516160637216362,0.9736224259481037,0.9301691788210653,0.9386315743186582,1.0,0.9610971235195512,0.8896864514350183,0.9667130836688194,0.9796918513279553,0.9714241526665293,0.9524450310998371,0.9503099779687879,0.973539946831882,0.9640066969003045,0.8616151493904954,0.8893581867778755,0.9476122655927918,0.937712580184083,0.9060653333906613,0.9451172791953434,0.8364206452473346,0.9266797853647871,0.8605030386177048,0.8318090345727103,-0.972292610112025,0.2664139098660272,-0.6845958383569268,-0.7573009036513363,-0.4604297589035327,-0.26741257645063504,-0.027357406704895244,-0.15228130391922903,0.029801293363304213,0.13368278794241883,0.8498820771816838,-0.9805725646487575,0.27420806287892396,-0.6828979903730229,-0.7268674780119656,-0.5997983280329158,-0.18935719337636642,-0.427020435291186,0.15079498034857305,0.1643983077387083
