0,1,2,3,4,5,6,7,8,9,10,11,12,13,14,15,16,17,18,19,20,21,22,23,24,25,26,27,28,29,30,31,32,33,34,35,36,37,38,39,40,41,42,43,44,45,46,47,48,49,50,51,52,53,54,55,56,57,58,59,60,61,62,63,64,65,66,67,68
1.0,0.8551594774628717,0.895247332859717,0.8827285121043281,0.8893036923181894,0.8678142941898701,0.8361059023352837,0.8599749221340355,0.8271780217028211,0.7951591213647757,0.8661454941553304,0.7960195652919662,0.7562826031422476,0.8448536343163012,0.7807612779973574,0.6778418912225366,0.827527448130996,0.7390659013596982,0.6638257074780637,0.6768942289131504,0.7480794829593508,0.6614345880288176,0.690802123388057,0.6311337462451513,0.869210058913318,0.7371187926415783,0.8582966463313247,0.9297049989614962,0.8920249114101594,0.8197983718288834,0.7507042622820282,0.6464406407842022,0.8691786493780644,0.8399656772684068,0.8047281367224892,0.7653528017237058,0.8657456669013508,0.8237696956067674,0.7327075757578554,0.5927636413896389,0.8113877787718181,0.7967841154514548,0.7678670607397475,0.7745334744126994,0.8174924378114452,0.6164316307379185,0.7795306450023911,0.6014078402273261,0.7336846422773281,-0.8437094802953032,0.472427993178726,-0.4941056006726336,-0.30263714126735863,-0.08128738924897327,0.07897747120816488,-0.2749080971944518,-0.5654658741841152,-0.01657727246715431,0.59929845113197,0.7574161982234285,-0.8603797435667447,0.47458922740600235,-0.44851964427013574,-0.4012954055777035,-0.08541777313207302,0.0009284145446976083,-0.37684834737291784,0.040984949114090355,0.42757101949681586
0.8551594774628717,1.0,0.9295476554208302,0.9355812741795105,0.9416148929641729,0.9437385304547696,0.958240940619737,0.9727367408187817,0.9443501161720202,0.940906044698902,0.9397843351907338,0.8891443659507755,0.9312066232207866,0.8965971972285065,0.9468355443875788,0.8923707588008482,0.9535344220035779,0.8767761619182417,0.8010331153445195,0.8741785763301565,0.8468361395771599,0.8937866666047863,0.8954806096244533,0.8243839887786576,0.8816303896972979,0.902718948029208,0.9516518629805324,0.9273033484018213,0.9787084662903902,0.9699012200330075,0.9361111363065899,0.8464803748389068,0.9777842034636036,0.9735156302895294,0.9645738892181825,0.9534480887649562,0.9610927253398284,0.9748274743485345,0.937906624536974,0.8220109546106197,0.9377450551455057,0.9485912642884348,0.9473075411642962,0.9035713751096065,0.9326709427052278,0.7482833236329701,0.9343119523779347,0.8138850869939271,0.7189240238733203,-0.980196831688108,0.40093896080960045,-0.29005675016388366,-0.4065561468360221,-0.13983251202303365,0.1833085979905777,-0.05388753311328814,-0.46940256294705673,-0.1441533387927173,0.6458668534999112,0.8089666354793356,-0.9784182731418714,0.5447592455365996,-0.12918676781603314,-0.5218656056171627,0.017365965029917173,0.1982729049945546,-0.0684189790757449,0.25717745915362394,0.3116181478233936
0.895247332859717,0.9295476554208302,1.0,0.9489555452209821,0.9218258560924762,0.9010353014207942,0.9500873168005268,0.922641980327762,0.8893355452697718,0.8780138701362481,0.9134012941811174,0.8373985417991715,0.8502109936121631,0.876886069685221,0.8737023829085846,0.8087979457598913,0.9374119656104418,0.8465488778581487,0.7836937319761942,0.8098830568484705,0.8093990950591476,0.8235212969521215,0.8064410958654366,0.7638287599431318,0.8778674535709999,0.8968274784048619,0.9163762067171803,0.9339633984962451,0.9469116852505172,0.9123623747773134,0.8780480922134893,0.7759354294309854,0.920782509881208,0.9255236198908566,0.9092468198910593,0.8866809896753308,0.9276685006493721,0.9196522846989724,0.8664886196259619,0.7364393028195134,0.8889848697909913,0.8890013174737821,0.8993512568724423,0.8214485542347613,0.8863199880847815,0.6565342088187949,0.8744234146141597,0.7076160228675679,0.7363718655548979,-0.9328714998937104,0.4040962075266229,-0.41989813810802074,-0.40779627396853263,-0.14159245462290548,0.07360030077533558,-0.20413971225976366,-0.5661702264046784,-0.11674528188294851,0.5745773375607095,0.7736645649324185,-0.9469068962037018,0.4519283792607281,-0.2992159440009941,-0.5291896046293298,-0.07752277357868081,0.032009646125521374,-0.269783621979934,0.0900863823791961,0.3065807199714425
0.8827285121043281,0.9355812741795105,0.9489555452209821,1.0,0.93072622691842,0.9277782029458025,0.9320926924033882,0.9271754091053769,0.8936558927952288,0.8994229460346549,0.9063238801074696,0.8610318791350134,0.8849439057128234,0.8723683187241544,0.8914322695302792,0.8560717412815821,0.9178132893805437,0.8296697165381072,0.7596463061952705,0.85393140259414,0.8400591451019591,0.8583433614228968,0.8461705083440509,0.7710170387908315,0.8593559112684951,0.8695244579024622,0.9102383540702501,0.927665835480115,0.9450300038324438,0.9221232412617804,0.8943197912524764,0.788850437530604,0.9258388449831617,0.9308579208798333,0.9149568018290449,0.9011707634168662,0.930591618852702,0.9264979626582328,0.8896455853968895,0.7665756132291878,0.8856223271349545,0.8789733976128389,0.8790275201312763,0.8233722746958622,0.8882679920898187,0.6529063317503981,0.8812072703186102,0.7478569441349336,0.7367599204606226,-0.936706655409455,0.4328831605371544,-0.39157217713003994,-0.4015395373140993,-0.1479520689696163,0.10449735818776157,-0.15250084666567407,-0.5316827128622049,-0.13512995579012857,0.6092130814943648,0.7436892015102128,-0.9474265748017152,0.49693050217851187,-0.26927943490457446,-0.5146502393983321,-0.08808233949252857,0.09750057815618912,-0.2322637625214693,0.11951340839389561,0.3196479274953547
0.8893036923181894,0.9416148929641729,0.9218258560924762,0.93072622691842,1.0,0.9151119274793043,0.9079720997306576,0.9384196584719005,0.9096618905579267,0.9184911797309123,0.9251106258759383,0.9055004287430227,0.9144480285284419,0.8715224310222364,0.8944829137651162,0.8305923593355287,0.8986540207218432,0.7928686090459666,0.7091343711628684,0.800778141713586,0.8644248033562464,0.8243513980014563,0.8473244353425612,0.7412624366542123,0.8666402334889376,0.8278719140431345,0.913465169631057,0.9306025116553891,0.9475789950056903,0.9277367202857605,0.8754064050073184,0.7755995677850681,0.946773541150404,0.9271765167457051,0.9225314038655683,0.8919550968782118,0.9259979880228583,0.924852567278135,0.8860310188273453,0.7429497861424084,0.8853765614110733,0.8817275905358327,0.8759411418094305,0.8514642003475035,0.8946960668049576,0.7042330195036335,0.8812912808059392,0.7431757524012201,0.683093927873528,-0.9344642369782258,0.44446414784110344,-0.3350404608573704,-0.34046707410546445,-0.12058684046340129,0.17221775116229232,-0.12439569978894012,-0.49615481657259514,-0.1149606088712788,0.6506452193606156,0.8163524742178101,-0.9400978741733418,0.5375168935771523,-0.20892400826822347,-0.47596097470622944,-0.013269179178632344,0.14010758526473294,-0.13711954684058061,0.22077813500365964,0.3474962104855261
0.8678142941898701,0.9437385304547696,0.9010353014207942,0.9277782029458025,0.9151119274793043,1.0,0.9151313373696441,0.9302711168030845,0.8988932018696638,0.8961967436552966,0.8853343001386548,0.8252900626415932,0.8760591923911101,0.8646855119257488,0.8957921209831584,0.874403015032438,0.9059518430181345,0.8703049753749842,0.8457746061621082,0.8732158377587108,0.7709029663207586,0.8431191602947555,0.8520335925705718,0.7651564317909076,0.83973280089248,0.8588600531588946,0.9178681339201459,0.8951590347371946,0.9504927068642981,0.9100790424973147,0.879323122862018,0.7897264513727497,0.9344795089205136,0.9279656626158557,0.9075082487516556,0.8944448963852915,0.9294392642785025,0.9276605109315423,0.8730582286577685,0.7624818199007596,0.8989650368160779,0.916717244225954,0.8923835720033519,0.880558225324613,0.8975628110711202,0.7370948102090816,0.869388606802158,0.7594947372178974,0.7530164002663533,-0.9355368731452254,0.42431458266177424,-0.320825298916077,-0.37230009381837453,-0.09561567419408494,0.13196150277510682,-0.1290342407651107,-0.48989122003865626,-0.11206888641731784,0.6107202514137056,0.7637638188308573,-0.9336998295588456,0.5025640376459394,-0.18985385233274776,-0.4625733843013197,-0.002163034595550689,0.16473483762259628,-0.1760354061156318,0.1724504421639992,0.33232246728900006
0.8361059023352837,0.958240940619737,0.9500873168005268,0.9320926924033882,0.9079720997306576,0.9151313373696441,1.0,0.9450948773722896,0.9197444225156989,0.9130233532376918,0.9142740873957365,0.8288555383981336,0.8827672791190678,0.8790123720244983,0.9136475363403007,0.8732465010013717,0.9768605517424908,0.8997047651611311,0.825136117577781,0.8675935920467364,0.8027988725628732,0.8890731253689531,0.8630568134153535,0.8167239572966,0.8796204715097783,0.9421492703303557,0.9370309401795305,0.9025888406221391,0.9578948775795852,0.9420711849127639,0.9262751600260428,0.8431510804524227,0.9410780410038828,0.9530781449715605,0.9421147843762604,0.9358353664654389,0.9455823028255224,0.9541130567759183,0.915059036711497,0.7987526407627932,0.9193981293938064,0.9384467936346035,0.9503848762195928,0.8680375015761201,0.9067447221062924,0.7257843175754549,0.9090538729983074,0.7750050726630403,0.7274235236025713,-0.9588351429704387,0.3579934070407828,-0.324973579970178,-0.4379201030327918,-0.11608334441141828,0.10802409671862793,-0.12314614271607276,-0.4858081578523104,-0.1303492129248953,0.5803402059012196,0.769968458322549,-0.9654073049206908,0.47012889533668983,-0.1691933628013004,-0.5494786100381333,0.006138795357459219,0.11546848369602448,-0.14437612400206756,0.18702274488232962,0.2734871700561857
0.8599749221340355,0.9727367408187817,0.922641980327762,0.9271754091053769,0.9384196584719005,0.9302711168030845,0.9450948773722896,1.0,0.9446843771584511,0.9447135911470038,0.9501134048079958,0.9049351181650117,0.9375160699723428,0.9306151565698801,0.9498324957456622,0.8867888964591967,0.9393248677068885,0.8840743828742891,0.7726777197644462,0.856539183879197,0.8388437006832121,0.8759066801736405,0.8846955747378554,0.8101454622673636,0.8919362118321982,0.8798032459929398,0.9710217108411455,0.9159625427960361,0.9660099295158796,0.9649070299452288,0.9289466634719952,0.8354017079992815,0.9764741460446752,0.97873614314469,0.9639765025575607,0.9410123893518288,0.9675373438037956,0.974483469911262,0.9250926856813323,0.8000428694093346,0.9067152943409451,0.9254939636930957,0.9229222522371826,0.9111417420786622,0.9470639117325277,0.7607030894129266,0.9281488504263004,0.8014229333714964,0.7445177267659518,-0.9728592878426994,0.41304210203656183,-0.319213860060979,-0.45010965830036603,-0.17298695563003386,0.18937635506981862,-0.02902301526507027,-0.4094572111180545,-0.09949946052566687,0.599248303982656,0.8067691811576054,-0.974666953597529,0.5140905989783392,-0.17674196521526211,-0.5615965060234879,-0.03604858492517436,0.2087328428075141,-0.06264209970392765,0.2735311687826102,0.35573387537125706
0.8271780217028211,0.9443501161720202,0.8893355452697718,0.8936558927952288,0.9096618905579267,0.8988932018696638,0.9197444225156989,0.9446843771584511,1.0,0.9374162308916772,0.9035646309736792,0.87018297380585,0.9162329203619183,0.8692966814688666,0.9024470183546689,0.8370993186700882,0.9156465536357101,0.8372000844802213,0.7397903958635048,0.8172372639709822,0.8093668688777467,0.842283540842363,0.8537578825946451,0.8054308042853283,0.8641257990290521,0.8740747157610681,0.9205421083604226,0.893322311154555,0.9375596307787725,0.9317685249585449,0.9063733169333767,0.8276179361404319,0.9431205659451912,0.9338913205654914,0.930672022605068,0.9184509573175663,0.9215555311240619,0.9406751919806707,0.902047775351359,0.7858318558644259,0.8949174809557119,0.9230684012213464,0.9075378749089388,0.8862358540539643,0.9243395911049004,0.7730351838549897,0.8990504576778131,0.7802721313496529,0.6990941319057653,-0.9358595984950431,0.39980762906239203,-0.25873379892418397,-0.35810693855473213,-0.10908544774876518,0.17147508562907096,-0.017324959009719365,-0.4047059082690385,-0.14339562548204088,0.6219923200666769,0.7734325851468468,-0.9413602866881595,0.5336796061247758,-0.11659500738447642,-0.4852595741229088,0.03329375258391951,0.20071875805717052,-0.06046801658610802,0.25061108257675796,0.30380398741489945
0.7951591213647757,0.940906044698902,0.8780138701362481,0.8994229460346549,0.9184911797309123,0.8961967436552966,0.9130233532376918,0.9447135911470038,0.9374162308916772,1.0,0.9002799144266752,0.8864572433635525,0.94875031718268,0.8660733874684728,0.9031499450589106,0.8581041842194634,0.9059517204672738,0.843646099262712,0.738541041347881,0.8631349264114669,0.8212397000214312,0.8623340265913703,0.9047982591857857,0.7865346873657449,0.8259442822678952,0.8719269078122736,0.909613979217467,0.8826052985524583,0.928098771186562,0.934157194746272,0.9083016064966053,0.8235727195688174,0.9395931032048909,0.9345132843849836,0.929458619021014,0.916626114410517,0.9182159515811075,0.940583583975299,0.924200360484161,0.802782914835897,0.9111294917493046,0.9100776487208241,0.9023151381606346,0.8920479403474157,0.9081267210759795,0.7702506578931472,0.8898571255077695,0.8004322215005442,0.682282053450902,-0.9353413191215852,0.39303317052776293,-0.22742175024911704,-0.37385486945860036,-0.1077763711147653,0.21073711097667663,-0.0007694413326658852,-0.3747135957074448,-0.13998661969557996,0.6172577613249998,0.7592991259147273,-0.9374323491484929,0.5140803530126458,-0.08841932609227852,-0.495169526049169,0.03861731430658743,0.20954411188789068,-0.031322471307360336,0.26840809776660723,0.3141643873579108
0.8661454941553304,0.9397843351907338,0.9134012941811174,0.9063238801074696,0.9251106258759383,0.8853343001386548,0.9142740873957365,0.9501134048079958,0.9035646309736792,0.9002799144266752,1.0,0.8965301023394798,0.9129659389156018,0.9091765883515432,0.903663231922188,0.8560533562874351,0.91417284784979,0.8299101994760998,0.7082943281297528,0.768996352538976,0.8454766013098154,0.8455576265423009,0.8504821783387965,0.7796093043925415,0.8972720785544852,0.8202384025913259,0.9368209389735724,0.910985788478575,0.9357044428992969,0.940785392723347,0.8956363793539543,0.7828628673004188,0.9413956646184285,0.9405083919847809,0.9400794351748365,0.9083619982757346,0.9447139278941307,0.9399620624811292,0.8951469265822364,0.7679817465656167,0.8555241219118249,0.8765721935753273,0.8817418714137287,0.8518188700778336,0.9124505674386116,0.7140463898589753,0.9141950876908306,0.7655206726989533,0.7132223854718425,-0.9380380401967331,0.4577566464855502,-0.29902229548354914,-0.4525782987975534,-0.1637695802431175,0.1954459436787729,-0.07207846691989997,-0.42065580396121505,-0.0687613441841301,0.6055691821250003,0.800778367221311,-0.9478792304786199,0.5042541316298124,-0.20038313261937904,-0.5600031124577625,-0.050254141237475985,0.15819010409543643,-0.1025921936554775,0.2671964960985296,0.40800420793543624
0.7960195652919662,0.8891443659507755,0.8373985417991715,0.8610318791350134,0.9055004287430227,0.8252900626415932,0.8288555383981336,0.9049351181650117,0.87018297380585,0.8864572433635525,0.8965301023394798,1.0,0.9055745827985893,0.8712925651471963,0.8877758207282327,0.8141624007136924,0.8326828549110745,0.7361728631598468,0.6036153190715734,0.751445975195445,0.9023561125047284,0.7877473020333061,0.8449198743821233,0.7050828972462012,0.793638162744936,0.7382876057421197,0.8686633142081113,0.8610847264629781,0.8719914423383027,0.9058478277549536,0.8272263963765458,0.7246728782029178,0.9051043352983936,0.8918727645449096,0.8809122441330692,0.8494351207511629,0.8803498413013832,0.8866831462072708,0.8641413375399716,0.747386613710582,0.8000784433513887,0.7940097637983501,0.8052084468497321,0.7937308228674715,0.8685743621513017,0.6480140756682579,0.860724123056503,0.7504383835460349,0.6328770204572857,-0.8842425506188476,0.4530477975654586,-0.22532021924658913,-0.3663894300104691,-0.16749204436998233,0.23733299617941866,-0.001197226945298992,-0.34799288445999604,-0.072113435898283,0.6014266698453374,0.7484112718886923,-0.8949774627364093,0.5377420659239635,-0.1514393285178903,-0.5089574879549014,-0.05701064063068365,0.17801803697235474,0.009417863891188209,0.2756544764055286,0.37296510342192124
0.7562826031422476,0.9312066232207866,0.8502109936121631,0.8849439057128234,0.9144480285284419,0.8760591923911101,0.8827672791190678,0.9375160699723428,0.9162329203619183,0.94875031718268,0.9129659389156018,0.9055745827985893,1.0,0.8623382637242105,0.9169770499320213,0.8730044596491658,0.8829293718428022,0.8193457178623963,0.6991584684122418,0.8298005573469314,0.8541815121478796,0.8888016826475796,0.9130358532506349,0.7922246222556666,0.8180731363921405,0.8175213329144962,0.9073373334830788,0.8577382162841548,0.912097368697003,0.9429320557259053,0.9239015325224237,0.8123011424213944,0.9332747116736688,0.9298042532472557,0.940370813608203,0.917198537820891,0.9061334414418311,0.9416450422108248,0.9300123599839328,0.8119089609279841,0.8598801509136745,0.8739779305984694,0.8817925133062496,0.8616030719055411,0.9131228264534135,0.7458376147608261,0.9008165186650845,0.8192289928524941,0.6419948321948274,-0.9292766968159633,0.40150239144815386,-0.17721863624182377,-0.39154112290250853,-0.14628669712080464,0.24105035404117178,0.05419215925302571,-0.35300702460460054,-0.15853361307796426,0.5786063182839674,0.7648338885137648,-0.9276778201991468,0.5193516820520021,-0.0316538010501276,-0.5063365005516103,0.029616348203813026,0.2639296686048715,0.038616672520173624,0.3236491108073007,0.30425616586671506
0.8448536343163012,0.8965971972285065,0.876886069685221,0.8723683187241544,0.8715224310222364,0.8646855119257488,0.8790123720244983,0.9306151565698801,0.8692966814688666,0.8660733874684728,0.9091765883515432,0.8712925651471963,0.8623382637242105,1.0,0.8961055550730589,0.8076493935107901,0.8816140858434419,0.8617545136575648,0.7153300698049424,0.7834661773310605,0.7757075972535928,0.77929302060652,0.7939391878166984,0.7055728729352861,0.8501486849822443,0.7920929092037298,0.9387682197856524,0.8565272278457112,0.8943523344079957,0.8899930106403601,0.8449394158997828,0.7496894883584031,0.9128697591695448,0.9234083865653208,0.8929730982567331,0.8504491229215655,0.9407854374373752,0.916159739845899,0.8296393351490121,0.6813315426056585,0.8015514154048448,0.8302085547393009,0.8284348485925895,0.8575114733279992,0.9059920716274963,0.7182203578020714,0.8513436771729168,0.7018435189470222,0.7982545224528488,-0.90007105550504,0.4491002995877118,-0.38162353409043825,-0.5260821493766189,-0.20426632165828879,0.14659793069424357,-0.030147889867407515,-0.3353686150094497,-0.007158455032498882,0.48461032197365145,0.7580204563435043,-0.9134943212708396,0.428146950439541,-0.3046625524091091,-0.6112147024859618,-0.160101829067608,0.14585493754681705,-0.10612993711168552,0.20869670448066693,0.41381596905480567
0.7807612779973574,0.9468355443875788,0.8737023829085846,0.8914322695302792,0.8944829137651162,0.8957921209831584,0.9136475363403007,0.9498324957456622,0.9024470183546689,0.9031499450589106,0.903663231922188,0.8877758207282327,0.9169770499320213,0.8961055550730589,1.0,0.9101355954755997,0.915142481722802,0.8728361633889358,0.7629214689561661,0.8636980625533436,0.8249359925082561,0.8854893613931929,0.8711587994574427,0.7995461961696786,0.8262317325255244,0.8529753075621213,0.9420559039394458,0.8607845558765868,0.9296553241378708,0.9509861589802487,0.9190625445061791,0.8309148807019912,0.9424234804476721,0.9629523832826592,0.9464750724138988,0.9297315512664088,0.9355329390943797,0.9585023494583264,0.9106180178911744,0.8119094557927805,0.8647932193046202,0.896551923876593,0.8985939661317799,0.8840801630678733,0.9156793610086511,0.7558505005769709,0.9069076862448266,0.8092244914243889,0.6907279650227827,-0.9542092559316443,0.36768943539436405,-0.24466002133127193,-0.4551473367482384,-0.23750750903623372,0.19814068586364905,0.002991975105553125,-0.38301392334946033,-0.16171692433043808,0.576574989199685,0.7703928886337938,-0.9458525149179139,0.4858959090344329,-0.10118313447082476,-0.562248774073527,-0.04252090580363799,0.25115512698797776,0.02573291363965586,0.2918135196087289,0.30887236428607767
0.6778418912225366,0.8923707588008482,0.8087979457598913,0.8560717412815821,0.8305923593355287,0.874403015032438,0.8732465010013717,0.8867888964591967,0.8370993186700882,0.8581041842194634,0.8560533562874351,0.8141624007136924,0.8730044596491658,0.8076493935107901,0.9101355954755997,1.0,0.8636947200562611,0.8451094213712578,0.7670412829836581,0.8687106835384023,0.7591000925133189,0.9074836132243737,0.8659871281330053,0.7885427016894062,0.7443904703064387,0.8175299308380889,0.8786391977113578,0.772914202009214,0.8664126422516348,0.9016092517875907,0.8900542583091612,0.8148959773970582,0.8666081263137085,0.9029540744614203,0.9070862743575914,0.9053662688857209,0.8822361327974093,0.9081149354249558,0.8926933044705166,0.815017425984616,0.8171672500274955,0.862186765603735,0.8571856548934975,0.8315970402494018,0.8593404760231452,0.7286573852975886,0.8683765485631014,0.7895831505398818,0.6601567970376568,-0.9034300173786957,0.359114567547071,-0.1661224708050936,-0.484226111297931,-0.22719558920903635,0.1758314303996021,0.03148589523656261,-0.31941983710536065,-0.17339655231864823,0.5267522776057525,0.6970609979067542,-0.8915896744874213,0.452164002316648,-0.0028343186973194432,-0.5636608814855337,-0.04241520728656337,0.25894140583157127,0.03727455470695386,0.28026541406312655,0.28888164851596626
0.827527448130996,0.9535344220035779,0.9374119656104418,0.9178132893805437,0.8986540207218432,0.9059518430181345,0.9768605517424908,0.9393248677068885,0.9156465536357101,0.9059517204672738,0.91417284784979,0.8326828549110745,0.8829293718428022,0.8816140858434419,0.915142481722802,0.8636947200562611,1.0,0.9022894396416675,0.8112262837159668,0.8457529168212204,0.8078424923459998,0.8792483901504399,0.867859019329897,0.8131400087232284,0.8678308442779799,0.9286220677234377,0.9329634117168286,0.8994924665368494,0.9510483412600383,0.9392935487359874,0.916933656527012,0.8314898251922196,0.9367089069046729,0.9486089719575233,0.937146300831887,0.9297802060223007,0.9375660762262428,0.9493397607117744,0.9095001887441124,0.7977760843603717,0.9020054541883276,0.9302671324921616,0.9472334505695186,0.8580332794808344,0.9068155508207737,0.729460362718881,0.9111945599934714,0.7854815122540049,0.7086126525764673,-0.9529311444732849,0.3653152116584842,-0.3009979726885372,-0.42823397187434,-0.11895444105750189,0.12459404960371127,-0.10833209755814628,-0.47989527109702373,-0.14590862014521785,0.5626492566822178,0.7715933408603524,-0.9590052347158751,0.47563155164611176,-0.15891969454499863,-0.5475150603471479,0.009932225172864066,0.1212477117617848,-0.12869006064528302,0.18599122787263603,0.26651309353152
0.7390659013596982,0.8767761619182417,0.8465488778581487,0.8296697165381072,0.7928686090459666,0.8703049753749842,0.8997047651611311,0.8840743828742891,0.8372000844802213,0.843646099262712,0.8299101994760998,0.7361728631598468,0.8193457178623963,0.8617545136575648,0.8728361633889358,0.8451094213712578,0.9022894396416675,1.0,0.8534137911424287,0.8460857280504094,0.6466771769955901,0.831385778150611,0.8027633162250166,0.7497112142080942,0.7513427011758549,0.8809194769618471,0.9021159190692759,0.7858776006698788,0.8742042496817926,0.8607773601109123,0.8702083543869417,0.7884182329141506,0.8648398146391142,0.8971200954041738,0.8720352331898221,0.8503968785350738,0.8865975535949651,0.8944800631643088,0.8220236236151126,0.7142702275577443,0.8212016919864396,0.8785387600706811,0.88652120290436,0.8530332764494932,0.8701108070974717,0.7700362687879527,0.8181535282603097,0.7168628592846431,0.7393027176738846,-0.891489205019472,0.35287889071772655,-0.30900063423851476,-0.4945964738536869,-0.22235400677991107,0.128263528771425,-0.06673502772454341,-0.40825633917688137,-0.12941634368987093,0.40420043965966196,0.70110474509546,-0.8829596405138703,0.34071512911547736,-0.16482832819503246,-0.5518006127335161,-0.058946200930483486,0.1832203850158998,-0.14326444944475536,0.14711520606909917,0.26753285322297515
0.6638257074780637,0.8010331153445195,0.7836937319761942,0.7596463061952705,0.7091343711628684,0.8457746061621082,0.825136117577781,0.7726777197644462,0.7397903958635048,0.738541041347881,0.7082943281297528,0.6036153190715734,0.6991584684122418,0.7153300698049424,0.7629214689561661,0.7670412829836581,0.8112262837159668,0.8534137911424287,1.0,0.8341883365245257,0.5830306133725531,0.7625806943150525,0.7369478527907499,0.642439670257121,0.6945299928183999,0.8120619101108766,0.7776380146451815,0.6917241020957131,0.8038337921605456,0.7640735126620222,0.7794286292517811,0.6629674566092653,0.7692234568129244,0.7893794053957293,0.758601867676467,0.7497740469247257,0.7928914425752132,0.7958084868900333,0.7417466584720099,0.6557365328334186,0.771995640444823,0.8286745300367329,0.8206052811494179,0.7706622139561242,0.7392633531173278,0.6512857024383509,0.7062669561049564,0.6255354662523075,0.6400800433644415,-0.8030397279878619,0.24992525090136936,-0.2796904680385196,-0.4255583481498142,-0.133344769518427,0.059871587273826445,-0.17084710308968068,-0.4588436371545084,-0.13369935793235768,0.39962339353883164,0.6139962893266795,-0.7942285919483821,0.3050256430272154,-0.12581033747931272,-0.45052115969867457,-0.03647152071024707,0.07531927760974513,-0.20552865331646827,0.07000310103122255,0.15513293357275268
0.6768942289131504,0.8741785763301565,0.8098830568484705,0.85393140259414,0.800778141713586,0.8732158377587108,0.8675935920467364,0.856539183879197,0.8172372639709822,0.8631349264114669,0.768996352538976,0.751445975195445,0.8298005573469314,0.7834661773310605,0.8636980625533436,0.8687106835384023,0.8457529168212204,0.8460857280504094,0.8341883365245257,1.0,0.7202761962768577,0.8777917100713148,0.835286560430712,0.7367953871926348,0.714589420247753,0.8595692996246909,0.838637430016189,0.7664105527971852,0.8574499499701655,0.8648550075548396,0.8732195038698831,0.8014213509707769,0.8547840754961911,0.8708460403014987,0.8579344657666758,0.8666072142086261,0.8521744710524026,0.876855354941862,0.8688855342332815,0.7723803819466825,0.865383738138885,0.864348099281156,0.8537584601764252,0.8371922773067176,0.8181998622992572,0.680821150286497,0.7940337041579478,0.7330114308406773,0.6793697139355401,-0.8793588717030221,0.2876822767752005,-0.2188701556095744,-0.4254339162717919,-0.141704951137741,0.13828662650481413,-0.06405974636506527,-0.36508592831270664,-0.21128693634910944,0.5072231930927887,0.6303346778192187,-0.8661628204923593,0.3786863249244175,-0.0359031162096326,-0.4880177130118266,0.012245488500083631,0.22754406680568096,-0.02886903868843767,0.1622621862531601,0.21234436975868543
0.7480794829593508,0.8468361395771599,0.8093990950591476,0.8400591451019591,0.8644248033562464,0.7709029663207586,0.8027988725628732,0.8388437006832121,0.8093668688777467,0.8212397000214312,0.8454766013098154,0.9023561125047284,0.8541815121478796,0.7757075972535928,0.8249359925082561,0.7591000925133189,0.8078424923459998,0.6466771769955901,0.5830306133725531,0.7202761962768577,1.0,0.7954804357402677,0.8008416873919435,0.6508764983197931,0.7975120865300217,0.704166971286101,0.8046074421355727,0.8231578899130745,0.8313542809210431,0.8817850123670814,0.8399086116009234,0.6754354855131346,0.8504597273652237,0.8367173022159371,0.834796867757695,0.8106259933346177,0.8136863029880607,0.8343941831026123,0.8324431487464053,0.7324819180080681,0.7560794219253659,0.7485549992968042,0.7818891330734965,0.688767075085187,0.7896287095693691,0.5343956190424438,0.8079814213994492,0.7096448250904319,0.5480591676230698,-0.8388783023578715,0.35399946363370627,-0.19494979501164897,-0.33124684953785444,-0.1361292445264985,0.18636844096362612,-0.08590921134812124,-0.39752516413342825,-0.18537041462456486,0.5889764726387862,0.695839117048136,-0.8573964293628005,0.5195694736490789,-0.10667272332814895,-0.48463449074632,-0.05896935774099066,0.13002812153944993,0.020799032822340725,0.19562439511900656,0.24417861546549513
0.6614345880288176,0.8937866666047863,0.8235212969521215,0.8583433614228968,0.8243513980014563,0.8431191602947555,0.8890731253689531,0.8759066801736405,0.842283540842363,0.8623340265913703,0.8455576265423009,0.7877473020333061,0.8888016826475796,0.77929302060652,0.8854893613931929,0.9074836132243737,0.8792483901504399,0.831385778150611,0.7625806943150525,0.8777917100713148,0.7954804357402677,1.0,0.901130239693959,0.8392770341236699,0.7947766938007729,0.8410985288547933,0.8613201015785716,0.775452770914867,0.8696472378027634,0.9117121330511818,0.9350634867273097,0.8575905634744689,0.8753807494764883,0.8913768189867626,0.9153532279659525,0.9249309831229213,0.8603703889512069,0.909229656056263,0.9380565459035133,0.8649465055249231,0.8284113629701213,0.847506743283967,0.8771034076535146,0.7768836458297218,0.8414347716702044,0.6584775626070365,0.8796142540104782,0.8330353307439949,0.6048194508189285,-0.901001604542353,0.25069810325867103,-0.15349740646732662,-0.4379168782324519,-0.1802687711182577,0.15552179844692848,-0.04589795629797148,-0.3529375723949464,-0.2686059741966526,0.5230644448871937,0.6789343835813927,-0.89519801794228,0.4196125910328816,0.048037822797090374,-0.542965275372541,0.018564352763788962,0.21317978692390235,0.042604903805510255,0.2276946200847483,0.16037890668698082
0.690802123388057,0.8954806096244533,0.8064410958654366,0.8461705083440509,0.8473244353425612,0.8520335925705718,0.8630568134153535,0.8846955747378554,0.8537578825946451,0.9047982591857857,0.8504821783387965,0.8449198743821233,0.9130358532506349,0.7939391878166984,0.8711587994574427,0.8659871281330053,0.867859019329897,0.8027633162250166,0.7369478527907499,0.835286560430712,0.8008416873919435,0.901130239693959,1.0,0.8059754284458598,0.7738307580327537,0.7979890733783311,0.8517734068435783,0.8060909367099668,0.8717921628861789,0.9038059112065148,0.8688134521901483,0.7908684610998653,0.8880502437466351,0.884078450828573,0.8957333437808168,0.8977554013402392,0.8545144070168227,0.8987640450620427,0.9465907572925526,0.885611304231502,0.839548046162166,0.8341078707850219,0.8621166421577549,0.7927434758753807,0.8380757149425347,0.6655624021912269,0.8906651833638086,0.8906980295738873,0.5871044379711112,-0.8930224571769368,0.3280002882274684,-0.1543745197168878,-0.3922222026378386,-0.12992908711881018,0.18954076712234272,0.031026918276789498,-0.3142964767070369,-0.1811005599868202,0.5386997986683586,0.682236975239971,-0.8877744147767441,0.5130941377441403,0.019756859105463927,-0.5083695440557059,0.039742577678295525,0.19815346465661193,0.05600369333495239,0.28190081129211997,0.19650648908306934
0.6311337462451513,0.8243839887786576,0.7638287599431318,0.7710170387908315,0.7412624366542123,0.7651564317909076,0.8167239572966,0.8101454622673636,0.8054308042853283,0.7865346873657449,0.7796093043925415,0.7050828972462012,0.7922246222556666,0.7055728729352861,0.7995461961696786,0.7885427016894062,0.8131400087232284,0.7497112142080942,0.642439670257121,0.7367953871926348,0.6508764983197931,0.8392770341236699,0.8059754284458598,1.0,0.7378667995807465,0.808424035260527,0.7942223434639794,0.7472867539353562,0.8094645622299605,0.8340186416388946,0.8175023595068234,0.9197559916627734,0.8038354963144165,0.8211432264890463,0.8434546968231429,0.9131172414638105,0.7855682948385156,0.8290410244113747,0.849312287033326,0.9007067473563648,0.7974454134451877,0.8233991619515988,0.8295245956292583,0.7482863009513762,0.7928218904954563,0.6515129266546923,0.9055851028355814,0.8849532599355138,0.5643262811360655,-0.8291204490752611,0.25393902871053037,-0.1313672257793406,-0.3435270833581828,-0.12084755481166161,0.1885336002319546,0.03125740953113576,-0.2987402155010333,-0.1890528012797923,0.5296563763453667,0.6128849581367195,-0.8221603452354821,0.43168123804466124,0.058421461484454276,-0.4498303874348116,0.08172190011724495,0.20474386607880093,0.0266504173395419,0.23428219118608223,0.17191736598377658
0.869210058913318,0.8816303896972979,0.8778674535709999,0.8593559112684951,0.8666402334889376,0.83973280089248,0.8796204715097783,0.8919362118321982,0.8641257990290521,0.8259442822678952,0.8972720785544852,0.793638162744936,0.8180731363921405,0.8501486849822443,0.8262317325255244,0.7443904703064387,0.8678308442779799,0.7513427011758549,0.6945299928183999,0.714589420247753,0.7975120865300217,0.7947766938007729,0.7738307580327537,0.7378667995807465,1.0,0.7747532944502744,0.8931335821788202,0.8640056338613703,0.8924870885580732,0.8734734756154264,0.8406855909841783,0.7214276089579189,0.8950479142595135,0.878253253768983,0.8684149184479227,0.8454258924459538,0.8877797260055881,0.875432794552015,0.8268485789481971,0.7180251879329606,0.8009662756483493,0.8174095802159429,0.8287692528668725,0.7785427830395764,0.8440257537401034,0.6189895524242438,0.8554512823467226,0.7206913285631483,0.67214181753983,-0.8715173964923395,0.3422969001609354,-0.3469808969139652,-0.3938785228081444,-0.09077969138331396,0.08228770112137077,-0.1914181213364377,-0.40424887265517084,-0.0447086616364691,0.5786475194752553,0.7446366234241542,-0.8963531050854775,0.46675946272864133,-0.2665703397918461,-0.5182068969363198,-0.04644894716470916,0.06733650158891714,-0.16134889188896065,0.1921824261466091,0.35799790389260916
0.7371187926415783,0.902718948029208,0.8968274784048619,0.8695244579024622,0.8278719140431345,0.8588600531588946,0.9421492703303557,0.8798032459929398,0.8740747157610681,0.8719269078122736,0.8202384025913259,0.7382876057421197,0.8175213329144962,0.7920929092037298,0.8529753075621213,0.8175299308380889,0.9286220677234377,0.8809194769618471,0.8120619101108766,0.8595692996246909,0.704166971286101,0.8410985288547933,0.7979890733783311,0.808424035260527,0.7747532944502744,1.0,0.8650441992330139,0.8322606426290208,0.8995076688930737,0.8752329017775712,0.8854251628379254,0.8548686521921968,0.8758213703313306,0.8965086592155577,0.8803516066782391,0.8966298353047578,0.8758247635197018,0.897433636611679,0.8654237958402288,0.7643749909635974,0.9199456041364762,0.9365030055065766,0.9411612708511283,0.8454244177562737,0.8413604510661301,0.7106285326648893,0.8406986918504631,0.7178391332498186,0.6738594005836357,-0.906468383005328,0.27856616723635724,-0.28233465644232214,-0.38131549021064476,-0.10284759042220298,0.1088003317131286,-0.09284673638207021,-0.4921202485455018,-0.1788134549124035,0.5381486939284524,0.6963573136120766,-0.9060600998169456,0.4239285864514242,-0.10904062548162294,-0.4808455193884032,0.05935245562581715,0.12960478060579453,-0.13023372357965063,0.16351407997652975,0.18657161986877302
0.8582966463313247,0.9516518629805324,0.9163762067171803,0.9102383540702501,0.913465169631057,0.9178681339201459,0.9370309401795305,0.9710217108411455,0.9205421083604226,0.909613979217467,0.9368209389735724,0.8686633142081113,0.9073373334830788,0.9387682197856524,0.9420559039394458,0.8786391977113578,0.9329634117168286,0.9021159190692759,0.7776380146451815,0.838637430016189,0.8046074421355727,0.8613201015785716,0.8517734068435783,0.7942223434639794,0.8931335821788202,0.8650441992330139,1.0,0.8937623060506972,0.9502405801783996,0.9465271581205258,0.9193781185162251,0.8222923111927136,0.9565768278946498,0.9697815875216925,0.9540562343171096,0.9216876627032213,0.9601176830016575,0.9626126153337383,0.8953580571353384,0.7685786574172098,0.8707733184379127,0.9071803578384391,0.9021183201526073,0.9004507139586851,0.9414626937730181,0.7694615700953605,0.9103200045697049,0.7736280563140862,0.7724446596484371,-0.9600076335444644,0.39773876426258764,-0.3502960260493234,-0.489246365486433,-0.20802033767293435,0.14739223728767703,-0.06045538360789107,-0.40751387259274896,-0.10743128778162496,0.5365334949878319,0.8080727507246604,-0.9602160635816422,0.46497049382811145,-0.22548764131540003,-0.5894566284228898,-0.0732787874715493,0.18143087196734262,-0.09838204085277114,0.22302010759726246,0.3607257402420766
0.9297049989614962,0.9273033484018213,0.9339633984962451,0.927665835480115,0.9306025116553891,0.8951590347371946,0.9025888406221391,0.9159625427960361,0.893322311154555,0.8826052985524583,0.910985788478575,0.8610847264629781,0.8577382162841548,0.8565272278457112,0.8607845558765868,0.772914202009214,0.8994924665368494,0.7858776006698788,0.6917241020957131,0.7664105527971852,0.8231578899130745,0.775452770914867,0.8060909367099668,0.7472867539353562,0.8640056338613703,0.8322606426290208,0.8937623060506972,1.0,0.9439382005952938,0.9131588319894572,0.8471404254893842,0.7494198795045953,0.9297631655046367,0.9083168654775984,0.8914542974827193,0.8734117273706813,0.902736615230983,0.9011409182800292,0.8526865788718607,0.7293327510667823,0.900899840030089,0.8723932844309213,0.8625056746998285,0.8220669245508985,0.8774134697620857,0.6659189766466348,0.875696785332897,0.7285127188752384,0.6825378585164581,-0.9171243534590566,0.43187364361347885,-0.3679015819275127,-0.2993529431157594,-0.11275685951667805,0.14966869417316236,-0.15684407210847323,-0.5475018864186686,-0.13005031516554366,0.6524796436539901,0.7837536459041633,-0.926327893528195,0.5134816730253442,-0.25959346617722806,-0.4302633127681263,-0.019590377549830715,0.09698606215192387,-0.21625332798827268,0.13727286549686604,0.3623628597586911
0.8920249114101594,0.9787084662903902,0.9469116852505172,0.9450300038324438,0.9475789950056903,0.9504927068642981,0.9578948775795852,0.9660099295158796,0.9375596307787725,0.928098771186562,0.9357044428992969,0.8719914423383027,0.912097368697003,0.8943523344079957,0.9296553241378708,0.8664126422516348,0.9510483412600383,0.8742042496817926,0.8038337921605456,0.8574499499701655,0.8313542809210431,0.8696472378027634,0.8717921628861789,0.8094645622299605,0.8924870885580732,0.8995076688930737,0.9502405801783996,0.9439382005952938,1.0,0.9585699519827396,0.9223382986500911,0.8314845420360966,0.9720513503624654,0.9651831345723794,0.9522849991546304,0.9376018909561452,0.9561759003462955,0.9636949582505283,0.9156355450626917,0.7939983650896344,0.9349113808857654,0.944049672635527,0.9367928988211809,0.896745592804236,0.9274035779951241,0.7451649611993313,0.9206944920179617,0.7894164597728708,0.7329211377437694,-0.973385272002315,0.41240042024257745,-0.33831093833182924,-0.38885187969863727,-0.13524171902821103,0.15032951475423026,-0.10807806917536783,-0.5173890124554343,-0.13491858611201635,0.6413982603985583,0.8133875581918107,-0.9739840142552324,0.5339796915362859,-0.19410521672858558,-0.5016895577155073,-0.0013218971099895939,0.15757961635658838,-0.14583053063756088,0.21017246016522395,0.3232655596442738
0.8197983718288834,0.9699012200330075,0.9123623747773134,0.9221232412617804,0.9277367202857605,0.9100790424973147,0.9420711849127639,0.9649070299452288,0.9317685249585449,0.934157194746272,0.940785392723347,0.9058478277549536,0.9429320557259053,0.8899930106403601,0.9509861589802487,0.9016092517875907,0.9392935487359874,0.8607773601109123,0.7640735126620222,0.8648550075548396,0.8817850123670814,0.9117121330511818,0.9038059112065148,0.8340186416388946,0.8734734756154264,0.8752329017775712,0.9465271581205258,0.9131588319894572,0.9585699519827396,1.0,0.9505670658444766,0.8505596509406178,0.9641946076158397,0.9692262022809751,0.9669646377072122,0.956438250739355,0.9428906906904905,0.9701038508897725,0.9450796356722575,0.8456561301326976,0.9027971487547114,0.9188877306367911,0.9263107433226216,0.8788665186220448,0.930496752474862,0.74305139984005,0.9407282504702479,0.83490378686509,0.6763372213956127,-0.9705496228731277,0.37429324884221404,-0.23634468581070453,-0.4264789884625946,-0.18779999704815256,0.20203858379975503,-0.03776212029999824,-0.4214621978401517,-0.1740806955415637,0.6120610680707852,0.7943001019122954,-0.9701026146972072,0.5089373058003308,-0.08496612433412129,-0.5475558920563112,-0.013349047974442496,0.2121637032763055,-0.0008967176040995516,0.2771697134846544,0.3047486692373091
