0,1,2,3,4,5,6,7,8,9,10,11,12,13,14,15,16,17,18,19,20,21,22,23,24,25,26,27,28,29,30,31,32,33,34,35,36,37,38,39,40,41,42,43,44,45,46,47,48,49,50,51,52,53,54,55,56,57,58,59,60,61,62,63,64,65,66,67,68
1.0,0.8947793653249045,0.9000006484997277,0.9250902779861203,0.9197380270369861,0.890404914435034,0.8714923142636833,0.897982764180503,0.8626693372958589,0.8431851607431633,0.875191940738751,0.7989862305484545,0.7309362964333734,0.868126179969851,0.8527072661165453,0.7747768245285858,0.8225672746795292,0.5987760994397109,0.7047207427046085,0.8009055324396818,0.7977077667858521,0.5961997581759106,0.5456579795012484,0.5950710669138146,0.8997058633119761,0.7803208545824222,0.8651239622564756,0.9521261853744781,0.9142568891917583,0.873058655014822,0.7239984351044795,0.51434202213351,0.8755340688522835,0.8803231480614461,0.8744561565904637,0.8066134732901639,0.8792919952257461,0.867946458817775,0.825624786477342,0.618143459314251,0.8636090408989296,0.8409013273087966,0.80218340490925,0.8336656500262938,0.8596954143814554,0.7424894773983107,0.8408932554769262,0.24682076709698558,0.7669219474787918,-0.8444214622197419,0.2885317594392507,-0.701393845000213,-0.37295547029895165,-0.06520173391628066,-0.050228983571941006,-0.4507415106567223,-0.4855721626548476,0.1958099786614567,0.4754372587004527,0.53617853885146,-0.9088453812019609,0.0035585376571113697,-0.756077568473007,-0.34371033665764333,-0.3150765401924519,-0.1406055041284795,-0.617331529059841,0.24470291952341203,0.594034479657149
0.8947793653249045,1.0,0.9044659780754037,0.9609933000120087,0.91431225269962,0.9523566023766121,0.9669299401936033,0.9762631816861622,0.9691142564660569,0.9526961948882362,0.9488094015518718,0.9009297425677474,0.8794980742872944,0.9331189139250005,0.9764502574793495,0.932322204744362,0.9536387200803507,0.821092310746436,0.8642270598463667,0.9480600875685518,0.8924587623001826,0.8275309211904888,0.8050350621271775,0.7834519264327054,0.9426095410177587,0.8997247848517373,0.9723978328133931,0.9385039081267113,0.9745500540270939,0.9595201285480125,0.8902066788634682,0.7161528481412026,0.9779843674180537,0.9801255160208888,0.9744488371864317,0.9531310356117382,0.9765624109529134,0.980024271369916,0.9638356219048934,0.8164654880303797,0.9371090637401968,0.956022653976118,0.950457588868569,0.9495015324641575,0.9665329742419825,0.8826603300794095,0.9444636839914547,0.5090929129010964,0.7278132139849487,-0.9747831190259474,0.19642539058977382,-0.7182479081469353,-0.5552338187243168,-0.24699184163332935,-0.10189462878942815,-0.41532754195228466,-0.4723651659811916,0.18337409265432378,0.47837035931096666,0.7611831594545304,-0.9805521874598323,0.08119162799952867,-0.7007641075461649,-0.5342962166982059,-0.3693590369141583,-0.11650640712190921,-0.5396195538186737,0.2151864416367892,0.5807205459323408
0.9000006484997277,0.9044659780754037,1.0,0.9485279700346866,0.8367930173807882,0.8549619104056626,0.9292466558119205,0.9083888860953105,0.8751789828297919,0.849334829108222,0.8806126705194685,0.7841587823393215,0.7319326928332557,0.8781227575174966,0.8952776675508787,0.8212441071111477,0.8959228765124214,0.7417320257437852,0.789511740133231,0.8565931050167115,0.7949134671093144,0.681985639403655,0.6120892985908817,0.6204881308210896,0.8745376014530066,0.8999736944876807,0.8835399041982178,0.8819607908038404,0.8969633055805772,0.8697049010969277,0.7846432805027599,0.5543627771571201,0.8916503390865824,0.90530033797966,0.8944416896249997,0.8378245580301714,0.9022545878543939,0.8926390677789555,0.855064358754826,0.650968582341334,0.846647694848112,0.8470609575023422,0.835163932691701,0.8642431362057676,0.8705493935784839,0.7787418077062755,0.8525950484010889,0.2718746197571178,0.8090311510329757,-0.871960994144991,0.16345010158181295,-0.6938780948414046,-0.5292775385412881,-0.14366999819435305,-0.03391969879416523,-0.4342375925998286,-0.49821860396003564,0.1338016042089347,0.4437025042707231,0.5902424055913557,-0.924543581742042,-0.08086330628056297,-0.7534478994959032,-0.5016706102603077,-0.4079977214819921,-0.08071390046614285,-0.5343321506290198,0.26133610520610806,0.5769211064717652
0.9250902779861203,0.9609933000120087,0.9485279700346866,1.0,0.9052702306263369,0.9376553753917066,0.9597038488790898,0.9526096696422229,0.9347768941192617,0.9188996529893105,0.9166769001152931,0.8549911579501095,0.8377482299219877,0.9054588580302418,0.9502573000778403,0.9006400822744902,0.934096736038088,0.7872182509226447,0.8313137226506025,0.9262962286948656,0.8742908689043608,0.781972818553941,0.7286811240552172,0.727333302416593,0.9113121513858046,0.8981008111706646,0.940115709984774,0.9441037017054591,0.9626788097710691,0.9390561280123123,0.8556758579826944,0.6639510896608637,0.9442701740506507,0.9597179311492208,0.9535018062173027,0.9104760087255541,0.9522199898261487,0.9503278316521697,0.9266678949999454,0.7481738239271397,0.9098121676579054,0.9126643776654215,0.9094554141832956,0.9175147533261381,0.9366651788634618,0.8509521851713606,0.9175273809707116,0.41731186964701283,0.7508990241815606,-0.9441663419475671,0.18522927508061535,-0.7405281900131596,-0.522435008876638,-0.23385909559522577,-0.07601976933463132,-0.4395805205627644,-0.5060439620513648,0.14026347386066235,0.45081744587725886,0.6809078054142427,-0.9657363241444404,0.03641218065253364,-0.7378614604687816,-0.49295891746338616,-0.3986909491313968,-0.10256557404907699,-0.5704857356563325,0.20416865762507627,0.5552145026185653
0.9197380270369861,0.91431225269962,0.8367930173807882,0.9052702306263369,1.0,0.8985242579280567,0.8793805723563218,0.9073721746206518,0.8975125939073905,0.9074620676661217,0.8971179050269528,0.8532077821985428,0.831107943052764,0.8568047041837612,0.8736362422409716,0.8066462808805512,0.8403586670597193,0.636750275294345,0.7337436721450565,0.8432129860562039,0.8681131715480773,0.6719136026079885,0.6799587898347048,0.7155479405557984,0.8951943369289069,0.7844805445498673,0.88067841201461,0.9436992700668659,0.9314418713024213,0.9062944173608997,0.7886898870526553,0.6418677998619997,0.9013648467908051,0.8948057881091693,0.8929388485411414,0.866817800177357,0.8870653124442583,0.89539330560256,0.8753224812868122,0.7302427754005557,0.8913882483138355,0.8832871736160341,0.8852264728084286,0.8681926269733415,0.8931275263914319,0.7983176765622491,0.8738455108293623,0.43455151731472763,0.6318350964466606,-0.8827663489794666,0.2825290985134161,-0.6430395334312646,-0.37792792558302735,-0.15027076486251317,-0.08181708364761457,-0.41503230647931166,-0.4400298084534749,0.1589758477310033,0.4655926522733291,0.6345074153038139,-0.911544301658283,0.10488103251697507,-0.669454984318715,-0.34507322857919964,-0.27398814953594164,-0.12849703235885546,-0.6055289733180561,0.1664942568528096,0.5454815658848602
0.890404914435034,0.9523566023766121,0.8549619104056626,0.9376553753917066,0.8985242579280567,1.0,0.9350624326103383,0.9296868089746254,0.9280108354571848,0.9029113172544598,0.8800637889231314,0.8484075261152898,0.8150933780348717,0.8831517993247603,0.9412890365139115,0.9155949668058033,0.9163140381529948,0.8143865913139892,0.8850844151142196,0.9263003907651104,0.8266107035243162,0.8009142930538654,0.7800246684979203,0.7279287017230894,0.8856684219888634,0.8721859296270132,0.9379765771005919,0.9316508073391383,0.9586718898843091,0.9084971549119035,0.8335153365491553,0.6623471661581316,0.9339370277127768,0.943585544940782,0.9333122107657117,0.8993839584970541,0.9385136254304657,0.9353068868615195,0.9198901758840191,0.7765378630869048,0.9364661532676468,0.946290303700259,0.9066236825871175,0.9102714872455897,0.9315454604904648,0.8605173365056265,0.8879805223547492,0.4770665247376983,0.6808374506600731,-0.9428945138232633,0.22571617438438385,-0.7234922054830635,-0.4743376974901958,-0.22194828419509988,-0.12935020930306446,-0.4582768720920975,-0.5155497303442499,0.19383603196472746,0.4183648248986062,0.7137113038068245,-0.9396190114603297,0.13644559104248105,-0.6785494488658218,-0.42968696185121186,-0.31191563788411264,-0.10749795420628581,-0.5886543060043085,0.18701341552276643,0.5070292474120818
0.8714923142636833,0.9669299401936033,0.9292466558119205,0.9597038488790898,0.8793805723563218,0.9350624326103383,1.0,0.9576709494419268,0.9458573193193451,0.9214530993288561,0.9117446703082601,0.8619369048755067,0.8245631510911391,0.9191917249186297,0.9680249525250892,0.9184945519163659,0.9746331076491446,0.8598084483127164,0.8943406019241436,0.9462894374716518,0.847704280571969,0.8131113170808147,0.7825833193838194,0.7577110365441632,0.9012193041540201,0.94925912967379,0.957747718266231,0.9107283269259729,0.9582536813621537,0.9271322033339895,0.8745770741410731,0.6998705969910105,0.9521201638378616,0.9695561276809286,0.9516371490546378,0.9328897225835203,0.960480155529257,0.9611813489863774,0.9402353956408714,0.7837227012012243,0.9200133676369872,0.9480557569681023,0.9424905554861223,0.9273687273736808,0.9428672992179373,0.8789866620914059,0.91429640951237,0.46182006930081,0.7424113110233715,-0.9579094829013416,0.16885460170029412,-0.7286660742364494,-0.5868330844468245,-0.242043843506816,-0.09379339150822442,-0.4582458623889012,-0.4924874905497714,0.14317772487636826,0.40834996906708426,0.7189048123642074,-0.9678316131229023,0.04784523449060128,-0.723355882423364,-0.5565054592515191,-0.3759575457707402,-0.10223181609800339,-0.5458124777860102,0.2341400670834999,0.5285201925575761
0.897982764180503,0.9762631816861622,0.9083888860953105,0.9526096696422229,0.9073721746206518,0.9296868089746254,0.9576709494419268,1.0,0.9594550088172672,0.9429598080210139,0.9556867417939127,0.9055846688348583,0.862751295121306,0.9457882166931899,0.9664769169375376,0.9096593390241285,0.9407705676089269,0.7920944952862016,0.8356034587911609,0.928380941254916,0.8814979440918504,0.7973852571967464,0.7696788622806764,0.7631458410981614,0.9474438066447125,0.889080443950273,0.9653464654107261,0.9289326492818764,0.9601901658316399,0.9546787669984976,0.87350034395366,0.6973194863226297,0.9751768353808501,0.9761566439711009,0.9668821005714965,0.9410086606337812,0.9732748372633163,0.9749867169209621,0.951657536608308,0.7926676883429495,0.9115985024791375,0.9362271925551345,0.9372830271472467,0.9486973209734318,0.959155553421747,0.8733087965729924,0.9330570623778578,0.47373839477124596,0.7514072592177657,-0.9585230416123931,0.18664795781343882,-0.7083987574388556,-0.5576440298269293,-0.23093182076043922,-0.06879797659483301,-0.3800844983503375,-0.42911144799203615,0.21087348071064643,0.4741366266193302,0.7227382642493864,-0.978909716135512,0.042819187941255665,-0.7203045870214256,-0.5509138476190115,-0.3902401916571223,-0.10825629025675604,-0.5017960485968848,0.2750509420448869,0.5877321032250175
0.8626693372958589,0.9691142564660569,0.8751789828297919,0.9347768941192617,0.8975125939073905,0.9280108354571848,0.9458573193193451,0.9594550088172672,1.0,0.9506652569394494,0.9347049509567257,0.8961371586618639,0.8792959763264522,0.9130826422876958,0.9578256262407432,0.9196927023056152,0.9351381594960166,0.8003718642598768,0.8430048611740438,0.9342977516188823,0.883282346804399,0.8239146804082226,0.7998977992376507,0.7717668638330771,0.9213937291577824,0.876154375204806,0.9555396974495433,0.9092239261569084,0.9458765043446373,0.9439588621889541,0.8798526559455223,0.7148245299375959,0.9614587122304437,0.9576761344265942,0.9548113103628636,0.9417667112702723,0.95385067991464,0.9653803805320071,0.9481333623370157,0.8037964851471923,0.918956449138302,0.9404971456526791,0.9414025095307689,0.9265532324568116,0.9484371525224483,0.8840447585715108,0.9320967305429503,0.5110221975045416,0.7090336446107312,-0.9567170390617858,0.2302020635276262,-0.6889991661649294,-0.5670857054560396,-0.24487078463741696,-0.07273531642578604,-0.4039474152660915,-0.39300459866274456,0.16485569039219558,0.48228294021310414,0.7600347434947268,-0.9612993089778943,0.09664826136566933,-0.6720199601851625,-0.5595018059862482,-0.3640643649807576,-0.11348915835148532,-0.508134515366886,0.18109967273629854,0.5928727666743686
0.8431851607431633,0.9526961948882362,0.849334829108222,0.9188996529893105,0.9074620676661217,0.9029113172544598,0.9214530993288561,0.9429598080210139,0.9506652569394494,1.0,0.9470677581112306,0.8668210742871547,0.917473689152155,0.8692101355997884,0.9314593220844164,0.8918820188926648,0.9158708039290256,0.7521272060204772,0.7937769663671266,0.9159573467867613,0.9033680782706172,0.8068067217142667,0.8229783392252097,0.8272863586768432,0.905669453732132,0.8403089643522863,0.9220237056630418,0.9149592641491108,0.9379759724559618,0.946933072496925,0.8655610158558791,0.7609080591759747,0.9409860021697557,0.9354718840328093,0.9485227591581714,0.9462481427074416,0.9326607618813461,0.9446019809892036,0.9524153545405961,0.8322363388372177,0.9000719818164917,0.9274215855532896,0.9469261592559045,0.9277966992421083,0.9468590702602067,0.8762786755907785,0.9405753589551542,0.5769600102328994,0.639117554006938,-0.9407437158777079,0.2347432473290272,-0.6259654235189714,-0.5179324894285163,-0.22363060162840026,-0.07051557603873457,-0.3055859358226161,-0.360054547233046,0.175285899066853,0.52530553233693,0.7653054585079733,-0.9425610073762438,0.13048271767753142,-0.6100158258186968,-0.4961591997913514,-0.3099990246280733,-0.0896050564652026,-0.4949048392268878,0.14458987790514022,0.5957055236622824
0.875191940738751,0.9488094015518718,0.8806126705194685,0.9166769001152931,0.8971179050269528,0.8800637889231314,0.9117446703082601,0.9556867417939127,0.9347049509567257,0.9470677581112306,1.0,0.8932829536643413,0.8904572892716117,0.9142285203143751,0.928435751379712,0.8699362475828952,0.901431601839592,0.7246963558737237,0.7573289125834041,0.8832172930362627,0.9013261203342031,0.769792496210557,0.7577697395463749,0.7645582045452026,0.9524597202168891,0.8275326283369422,0.9275428735847826,0.9067545928895381,0.9300153550009709,0.9458597543449407,0.851073783255635,0.689312351376638,0.9519380776449691,0.9372145806532343,0.9460925883848716,0.9250862449069197,0.9418317146001155,0.9486750170918515,0.93838198532903,0.7943580729593218,0.8623383992117387,0.8941219426626213,0.911134268530295,0.9225192792639322,0.9289929832095747,0.8327864582180161,0.9289485446458319,0.4982448411082248,0.7085020726652788,-0.9268184370360897,0.17728479284893783,-0.6309238028258844,-0.4998490820212052,-0.2012312159560154,-0.05218699101896399,-0.2963409054146017,-0.38239199156131953,0.21449975502579385,0.5656044478949658,0.7500513263496624,-0.9499627994392293,0.03359498673791858,-0.6545817590107008,-0.5037098475326091,-0.3698974943089283,-0.09220898456459378,-0.4717293600381252,0.23102192516057765,0.6481856718699947
0.7989862305484545,0.9009297425677474,0.7841587823393215,0.8549911579501095,0.8532077821985428,0.8484075261152898,0.8619369048755067,0.9055846688348583,0.8961371586618639,0.8668210742871547,0.8932829536643413,1.0,0.8822430017744749,0.9001421709655585,0.900123400100751,0.8738444807866945,0.8546928618609554,0.7158434296531473,0.7426341705843066,0.8678401683012548,0.9040260776450705,0.7978666989706703,0.7843011087200258,0.778331869809896,0.9128168020690718,0.7703790707876068,0.9158418458224861,0.8335748627122176,0.8889399448406674,0.9225407914439395,0.8404608421709728,0.693291623068985,0.9228546462010201,0.9088361578682816,0.8962043847941025,0.8943174096853996,0.9004108473802696,0.923186884029089,0.9027228241869502,0.8288358296069759,0.7914247250358499,0.8563608135889567,0.8870862708598117,0.8550280557654035,0.8908978608667509,0.8168225490150401,0.8969595767976217,0.5788327119217103,0.5942834198423484,-0.904669675431066,0.09018947381677207,-0.6210592006321398,-0.5016736057675947,-0.33596614591092533,-0.17977572333589287,-0.35560512555979656,-0.40348831073413344,0.17735208659049143,0.40092373865821673,0.7411328355691637,-0.9002015573481313,0.07639670596367215,-0.6302897729289215,-0.48770708809226404,-0.4325041057711299,-0.1575398111266484,-0.433984782429477,0.2570304485971478,0.5070012905875471
0.7309362964333734,0.8794980742872944,0.7319326928332557,0.8377482299219877,0.831107943052764,0.8150933780348717,0.8245631510911391,0.862751295121306,0.8792959763264522,0.917473689152155,0.8904572892716117,0.8822430017744749,1.0,0.7981192482846304,0.874986221665451,0.876518937512996,0.8355087334434353,0.698292565675808,0.6815695001966371,0.8690467539315814,0.9406639753450277,0.8569437070615703,0.8591049664447911,0.8701025302594566,0.8635991540014226,0.71581501901361,0.8705886035174628,0.8215676621933907,0.8709074046582678,0.9267342233090219,0.8635114582054245,0.8104536961065696,0.8846420329642231,0.8733282843819702,0.8955996573337592,0.9157434448003233,0.8624425429122233,0.8961529487992432,0.9219017098101253,0.8527734040230412,0.7778411962738772,0.8293684359424927,0.89287048814464,0.8496611279011428,0.8814517317391748,0.7974042364932863,0.9164269623535496,0.7084442415795889,0.4721097467862136,-0.9033968173651927,0.12377617023824677,-0.5795992376644938,-0.4872244699998397,-0.4114985149958124,-0.13219383983262992,-0.22439149146953996,-0.31201510448414155,0.1493774461390084,0.48528486209168176,0.8249242058733123,-0.8609634624234864,0.21717998254449866,-0.5198003093632086,-0.4841788771433614,-0.39609702309454586,-0.11596734126590916,-0.3974199679160611,0.08370004546722606,0.5108751973754684
0.868126179969851,0.9331189139250005,0.8781227575174966,0.9054588580302418,0.8568047041837612,0.8831517993247603,0.9191917249186297,0.9457882166931899,0.9130826422876958,0.8692101355997884,0.9142285203143751,0.9001421709655585,0.7981192482846304,1.0,0.9262202610784652,0.8650885215067675,0.8997850430398403,0.7629185360823907,0.8064124738873106,0.8882250488791618,0.8238618344993199,0.7482713444589261,0.7032806546743061,0.6932083466076995,0.9271499620891578,0.8588345358626195,0.9424975783553187,0.8673535304860843,0.9141346515506538,0.9045668834615612,0.837277901934892,0.6396872784796669,0.9447996388022907,0.9421558060575015,0.9144185704376872,0.890365700470986,0.944761964899386,0.9408503014724289,0.90207640147917,0.7304802302507788,0.854364757000558,0.891762804986462,0.8923913858033297,0.8933953542331863,0.9059559116766892,0.8372318352115797,0.8813242727068147,0.40309393186836834,0.7799162444921571,-0.9101944639152122,0.1351962470711066,-0.6892306022791052,-0.5483591982828321,-0.19074498025115344,-0.1012369741595201,-0.4070282261357493,-0.46993171692865476,0.20964333386093262,0.43492303419116585,0.666945178681413,-0.9429180508330801,-0.0011581061638242431,-0.732277806474691,-0.5539303438454464,-0.41327788771890944,-0.14498611083502308,-0.47767897310389834,0.38997098779028166,0.5766550452574115
0.8527072661165453,0.9764502574793495,0.8952776675508787,0.9502573000778403,0.8736362422409716,0.9412890365139115,0.9680249525250892,0.9664769169375376,0.9578256262407432,0.9314593220844164,0.928435751379712,0.900123400100751,0.874986221665451,0.9262202610784652,1.0,0.9542113008262114,0.9619056344300864,0.8642455760949143,0.8816747054580736,0.9593107927754947,0.8813864278076494,0.8654053268930304,0.8330449212627197,0.7945997550835171,0.92383011479859,0.9150887867540828,0.9753346762720244,0.9040246634872054,0.9613243694653139,0.9505743036392504,0.9066389148344848,0.7396705721448714,0.9724900735026262,0.9814078438983547,0.9691120650370693,0.9563127778296112,0.9760985122847036,0.9805382110560528,0.9662575563523845,0.8319738355879749,0.9160844860025998,0.9487076294513489,0.9508256960031337,0.9432808943465795,0.957408436411593,0.8869145202535144,0.933892581418295,0.5418661348217007,0.708039337018248,-0.9807053654227683,0.15026543648807636,-0.7386127894869672,-0.6039284460799313,-0.3226868810264139,-0.11754087283721516,-0.4064338226637628,-0.47647485423435476,0.17489087604724904,0.4321750520500761,0.7826976189916776,-0.9713232474296927,0.0913409013709666,-0.7012322085434786,-0.5814123781515708,-0.4190719687021813,-0.11663784949540887,-0.5011609035962498,0.2191931117843481,0.5332766209046934
0.7747768245285858,0.932322204744362,0.8212441071111477,0.9006400822744902,0.8066462808805512,0.9155949668058033,0.9184945519163659,0.9096593390241285,0.9196927023056152,0.8918820188926648,0.8699362475828952,0.8738444807866945,0.876518937512996,0.8650885215067675,0.9542113008262114,1.0,0.9215394682746845,0.8644854674572686,0.8492999338983707,0.9486009560349539,0.8532860143293313,0.9131859489022368,0.8639085535283987,0.8176315293637606,0.8648259636209242,0.8567410401235603,0.9378664256055855,0.84832498563614,0.9166586036763078,0.9172227427185631,0.8926138720027142,0.7786241952324163,0.9274619602256626,0.939643906907992,0.9362281237596957,0.9321635009769386,0.9318144354513296,0.9442135923131442,0.9440895292614625,0.8443087548053496,0.8695985489717802,0.9081226136666711,0.9141443938204505,0.9015216034079485,0.9253496430293771,0.8731764254713716,0.9078900586659546,0.6174208656168909,0.6122668205308691,-0.9562489152299513,0.15665721165856264,-0.7017986429891666,-0.5938893417774989,-0.3989347597605853,-0.14302532409825106,-0.3295401576230148,-0.4316669274693073,0.17553112922703032,0.4213925397681408,0.8045275282957768,-0.9162759331389487,0.17182372015991051,-0.6147102816062322,-0.5509486498174841,-0.4159187072164209,-0.12864011990716434,-0.44520279251101263,0.15909966633846234,0.5032770367239451
0.8225672746795292,0.9536387200803507,0.8959228765124214,0.934096736038088,0.8403586670597193,0.9163140381529948,0.9746331076491446,0.9407705676089269,0.9351381594960166,0.9158708039290256,0.901431601839592,0.8546928618609554,0.8355087334434353,0.8997850430398403,0.9619056344300864,0.9215394682746845,1.0,0.8884723818987315,0.8920603376184936,0.9420235352212886,0.8434891890243696,0.8421985454839809,0.8208719150888543,0.7722480876071075,0.8819311200580626,0.9428621077043665,0.9505960928254071,0.880468679896257,0.9412184096775301,0.9155097295481577,0.8803587266649282,0.7165070092549545,0.938467488407451,0.9584930518741287,0.9430533860877139,0.9320253228282286,0.9485716298837352,0.9533035037388222,0.9425630997755765,0.8029454163564315,0.900456336200003,0.9403274245615769,0.9439228595060922,0.9170608565973045,0.9339208454084708,0.8769641208453466,0.9069811037291935,0.5094158622785829,0.6986914534597081,-0.9559403517984368,0.1529196184705156,-0.7202412111342475,-0.602424621136008,-0.2875283557580349,-0.09668490160566688,-0.4418167475043137,-0.4736838181471503,0.12422789580117384,0.3906027353979237,0.7546606129382034,-0.9506824826006829,0.08696716373066872,-0.6946287950684601,-0.5784117695046316,-0.38018142406516015,-0.08665363446677524,-0.525385959213761,0.20074031936584646,0.5116323147519591
0.5987760994397109,0.821092310746436,0.7417320257437852,0.7872182509226447,0.636750275294345,0.8143865913139892,0.8598084483127164,0.7920944952862016,0.8003718642598768,0.7521272060204772,0.7246963558737237,0.7158434296531473,0.698292565675808,0.7629185360823907,0.8642455760949143,0.8644854674572686,0.8884723818987315,1.0,0.9114781389047227,0.8771624506512146,0.6752226695073286,0.8708023161283173,0.8418462808530321,0.6658592187958314,0.7095372519148342,0.892646216332439,0.83973108899528,0.6836858278023538,0.7970091046234941,0.7576927812655591,0.8210087042672632,0.6388636511835657,0.814722109790666,0.8382266440478819,0.8111866485213616,0.8110231301824086,0.8265136900282896,0.8332259569055032,0.834987885662824,0.7487916046945746,0.794759633184402,0.8268612384983037,0.827624574439077,0.798062507782504,0.8037072577164447,0.7587116066839332,0.7472911876646302,0.5510076121193122,0.564305501044316,-0.8590370283725299,0.028215950393530774,-0.6494837927942788,-0.6271707972698036,-0.3897909020408152,-0.12870775866686454,-0.427989652988581,-0.49683458541957104,0.06333821794334173,0.23937894353128933,0.7480605053554658,-0.8016863992786952,0.11687324254977836,-0.549482471762384,-0.6033990331103429,-0.36253802422430387,-0.07147474624158148,-0.4317489250933761,0.1439609670012452,0.33849580547159364
0.7047207427046085,0.8642270598463667,0.789511740133231,0.8313137226506025,0.7337436721450565,0.8850844151142196,0.8943406019241436,0.8356034587911609,0.8430048611740438,0.7937769663671266,0.7573289125834041,0.7426341705843066,0.6815695001966371,0.8064124738873106,0.8816747054580736,0.8492999338983707,0.8920603376184936,0.9114781389047227,1.0,0.8809572610439885,0.6891350369911581,0.7853301549879502,0.79646965024461,0.6580306770543329,0.7531912938297817,0.9180680273598398,0.867402075916255,0.7658354963012813,0.8496637204232845,0.7833590080585294,0.7941613293715787,0.6033713566978453,0.8492445076739267,0.865096437275272,0.8323436768126145,0.8270277653877104,0.8581308991029071,0.8550643972204385,0.8439089470250528,0.7383738804981637,0.8683723694260513,0.9086455239999275,0.848374439026657,0.8470923187129515,0.8412033019548554,0.8135760969129504,0.7754619260994595,0.4646223055342951,0.6372063555905869,-0.8690862610089911,0.08758013669532526,-0.6436818532430304,-0.559601091972345,-0.22034512127396985,-0.13962817452912826,-0.4870252224350254,-0.5327500604987789,0.11520088624294503,0.2555686812028234,0.6847194912415017,-0.847794679699414,0.05438440922621103,-0.5863443081282135,-0.5096214861181723,-0.2793061172643002,-0.07117233347244788,-0.5100298606383047,0.1965917155639116,0.3750425338015922
0.8009055324396818,0.9480600875685518,0.8565931050167115,0.9262962286948656,0.8432129860562039,0.9263003907651104,0.9462894374716518,0.928380941254916,0.9342977516188823,0.9159573467867613,0.8832172930362627,0.8678401683012548,0.8690467539315814,0.8882250488791618,0.9593107927754947,0.9486009560349539,0.9420235352212886,0.8771624506512146,0.8809572610439885,1.0,0.8694777691141891,0.8897865565547117,0.8375065629890625,0.7932142918751363,0.8692622486094077,0.8931579931166739,0.9397416854616679,0.8653763260422918,0.9332472200966194,0.9268739390225816,0.8978527035910551,0.7542062822378693,0.9402825804157502,0.9518333535240552,0.9408595086561503,0.9319622414905869,0.9453082884484563,0.9519137544514029,0.9431486437745746,0.8163690789381939,0.8912444548925349,0.91948506238588,0.9389101292901775,0.9184743823897262,0.9386266224579016,0.8839591043689458,0.9109258237176524,0.5587171653258405,0.6703438636827561,-0.9607345939417139,0.13417092150785376,-0.712753783478491,-0.6024067462759581,-0.33447900400386,-0.1380854628504514,-0.39158153947083585,-0.46775512697126664,0.1505106614401998,0.39555508425787367,0.77872067576791,-0.9345304426286256,0.13518089889418805,-0.6527487628380402,-0.5680953726627432,-0.37674116107483374,-0.11420699957272669,-0.4872732967782099,0.19600800236479804,0.49293813513886
0.7977077667858521,0.8924587623001826,0.7949134671093144,0.8742908689043608,0.8681131715480773,0.8266107035243162,0.847704280571969,0.8814979440918504,0.883282346804399,0.9033680782706172,0.9013261203342031,0.9040260776450705,0.9406639753450277,0.8238618344993199,0.8813864278076494,0.8532860143293313,0.8434891890243696,0.6752226695073286,0.6891350369911581,0.8694777691141891,1.0,0.8116130359743953,0.7782288757813267,0.8120623760080234,0.8943259226047557,0.7332186531885576,0.8759898410723868,0.8558760183520802,0.8908790019593407,0.9452712828676735,0.8668047583005759,0.718091003546008,0.8941470445150345,0.888467099154465,0.903179645417005,0.9000408563342509,0.8745372772706764,0.9045523633124789,0.903122406601208,0.825406521961058,0.7889084379195413,0.8288055318800331,0.883293445068748,0.849965461890588,0.8905034726213613,0.7924186529935823,0.919073130603562,0.5966131739900322,0.5417392504716114,-0.9019546583721757,0.13910721099685536,-0.6074936208946284,-0.47123492202320194,-0.36306949621147205,-0.12520300280349067,-0.3241472347900736,-0.37071582784427676,0.12374030075397889,0.44806729339101936,0.7555568462290584,-0.8861313128928744,0.15906658595579382,-0.5868297318179022,-0.45517318064040313,-0.39250391964374176,-0.12149154408120767,-0.4669123547040961,0.09647255367572916,0.5100800088474169
0.5961997581759106,0.8275309211904888,0.681985639403655,0.781972818553941,0.6719136026079885,0.8009142930538654,0.8131113170808147,0.7973852571967464,0.8239146804082226,0.8068067217142667,0.769792496210557,0.7978666989706703,0.8569437070615703,0.7482713444589261,0.8654053268930304,0.9131859489022368,0.8421985454839809,0.8708023161283173,0.7853301549879502,0.8897865565547117,0.8116130359743953,1.0,0.9104167371328467,0.8155080398392881,0.7559633365883061,0.7550046890399601,0.8409628568853391,0.7063686825557646,0.8113209568668345,0.8432292232504598,0.9048601444528065,0.794539921517354,0.8259458793924221,0.8416076488120398,0.8422599953232142,0.8726936273282412,0.8264187798055395,0.8578771684675693,0.8863763346418868,0.8629170375313078,0.7404023731122541,0.8004837208917928,0.8478900854116272,0.7916221486366344,0.8299597279752271,0.7768952065282044,0.8243803343206038,0.7488000633642748,0.44655274988121524,-0.88061214723238,0.061792936881916664,-0.5930036706679624,-0.6118637257929926,-0.499142834382876,-0.15512113913432599,-0.28423685403035354,-0.3457474945608161,0.09313135055688504,0.3133425735377269,0.819708298203022,-0.8040499060332058,0.2369392596590765,-0.4669608149846069,-0.5890302067690151,-0.40707228195436623,-0.10861311529307492,-0.35798712521355486,0.06991330985237049,0.3751219109235289
0.5456579795012484,0.8050350621271775,0.6120892985908817,0.7286811240552172,0.6799587898347048,0.7800246684979203,0.7825833193838194,0.7696788622806764,0.7998977992376507,0.8229783392252097,0.7577697395463749,0.7843011087200258,0.8591049664447911,0.7032806546743061,0.8330449212627197,0.8639085535283987,0.8208719150888543,0.8418462808530321,0.79646965024461,0.8375065629890625,0.7782288757813267,0.9104167371328467,1.0,0.8545905357137714,0.7186475060142785,0.749729587959898,0.8154264461852532,0.6949409392252881,0.7939588228074865,0.8075141680124253,0.851853126949099,0.806605357241238,0.8046797021262757,0.8093344686809498,0.8112391885325997,0.8734369467545596,0.7948751155948409,0.8275772566920676,0.8829747271671577,0.920300342415749,0.7512148326237013,0.8207919373184834,0.8609463566919012,0.7867546664537134,0.8143337749065198,0.7746394438277255,0.8000025056414045,0.8476511509811625,0.34856255759462074,-0.8586611997684449,0.06133115736044303,-0.5062327924918036,-0.5253438669243176,-0.46628396700692826,-0.1918260602334277,-0.22606011242166751,-0.3258256323666325,0.11547431269716991,0.2999776558421474,0.8394589840921072,-0.7707940157693353,0.28249002444094,-0.37906963892629264,-0.49350832164575675,-0.3244896284915641,-0.06988165416473074,-0.3432883231503716,0.03735424880639552,0.33304653396595874
0.5950710669138146,0.7834519264327054,0.6204881308210896,0.727333302416593,0.7155479405557984,0.7279287017230894,0.7577110365441632,0.7631458410981614,0.7717668638330771,0.8272863586768432,0.7645582045452026,0.778331869809896,0.8701025302594566,0.6932083466076995,0.7945997550835171,0.8176315293637606,0.7722480876071075,0.6658592187958314,0.6580306770543329,0.7932142918751363,0.8120623760080234,0.8155080398392881,0.8545905357137714,1.0,0.7331487975362069,0.6698395332609779,0.779885433420077,0.7297751773069002,0.7829948173628678,0.8282300318168293,0.8165584611454335,0.9110976757675737,0.7824651953724485,0.786897743892032,0.7936464220332055,0.8875280226568031,0.7730683891311285,0.8040002076615173,0.8471987788609033,0.8746229211464195,0.7026675207604921,0.7785873723493982,0.8426713883377243,0.769721755410195,0.8043403111750509,0.785402174664088,0.8483500479658495,0.8143317196203022,0.3359540378636782,-0.8170881133601394,0.060890500754614205,-0.4527859858478302,-0.463005279125553,-0.39539281146286653,-0.16491507971822722,-0.15564498515688588,-0.2310259936616412,0.13839687381965038,0.3445404649997853,0.741511845801936,-0.7611220459762446,0.21439801774135278,-0.3720367172279653,-0.4337988682626907,-0.3141363195750432,-0.08447171907677932,-0.28815598223481115,0.10759089058888056,0.3757825216572214
0.8997058633119761,0.9426095410177587,0.8745376014530066,0.9113121513858046,0.8951943369289069,0.8856684219888634,0.9012193041540201,0.9474438066447125,0.9213937291577824,0.905669453732132,0.9524597202168891,0.9128168020690718,0.8635991540014226,0.9271499620891578,0.92383011479859,0.8648259636209242,0.8819311200580626,0.7095372519148342,0.7531912938297817,0.8692622486094077,0.8943259226047557,0.7559633365883061,0.7186475060142785,0.7331487975362069,1.0,0.8088810901919522,0.9389171030252031,0.9047974593624492,0.9320105643750457,0.9415352186675624,0.8411078381876718,0.645920891718769,0.9542955557007953,0.9337097741436416,0.9378647473902647,0.9042600922338172,0.9378149724369442,0.9432870206380334,0.9194134267124644,0.7674302036189931,0.8544725589843134,0.888606255409524,0.8857562000723966,0.9019404455389883,0.919232660815904,0.8069926226525108,0.9182788778591976,0.45993920601901417,0.7100373247429708,-0.9236269526639174,0.1707323106977373,-0.6804216705576781,-0.5106442088546198,-0.23201510951815524,-0.13260903587817358,-0.39039856096291353,-0.46314291881799624,0.23196254784331832,0.5191242806160211,0.7383831476452081,-0.9438785056731047,0.053020684387907156,-0.7055680561221459,-0.5074428530343246,-0.39360613025981467,-0.16015642508761083,-0.5145835980940985,0.2839288139800351,0.622304791642135
0.7803208545824222,0.8997247848517373,0.8999736944876807,0.8981008111706646,0.7844805445498673,0.8721859296270132,0.94925912967379,0.889080443950273,0.876154375204806,0.8403089643522863,0.8275326283369422,0.7703790707876068,0.71581501901361,0.8588345358626195,0.9150887867540828,0.8567410401235603,0.9428621077043665,0.892646216332439,0.9180680273598398,0.8931579931166739,0.7332186531885576,0.7550046890399601,0.749729587959898,0.6698395332609779,0.8088810901919522,1.0,0.8979201680916009,0.820846821098813,0.884135378430032,0.8321674445361934,0.8176601227453912,0.6359241268580712,0.888216927014169,0.9073138017640114,0.8806720593419948,0.863683681212234,0.8991819425558177,0.8940144874940185,0.8710911494143934,0.7150970293467086,0.8819310072815856,0.9023085516827618,0.890791035855649,0.8754962229957263,0.8678806562618031,0.8273645854569728,0.8210423353005077,0.396195097534785,0.729895981699521,-0.8950358904615232,0.10607904841324509,-0.6822010074752479,-0.5902865059137105,-0.21709700070725743,-0.07528504992307979,-0.45830416400144625,-0.5190977466688023,0.10619791041947599,0.32213776428443147,0.6669248183173039,-0.9028521399592555,0.002434331907113323,-0.6790709455775376,-0.557687357422523,-0.3454072182584663,-0.05811802152816719,-0.5263341949592657,0.2423065401913473,0.45183189168339266
0.8651239622564756,0.9723978328133931,0.8835399041982178,0.940115709984774,0.88067841201461,0.9379765771005919,0.957747718266231,0.9653464654107261,0.9555396974495433,0.9220237056630418,0.9275428735847826,0.9158418458224861,0.8705886035174628,0.9424975783553187,0.9753346762720244,0.9378664256055855,0.9505960928254071,0.83973108899528,0.867402075916255,0.9397416854616679,0.8759898410723868,0.8409628568853391,0.8154264461852532,0.779885433420077,0.9389171030252031,0.8979201680916009,1.0,0.9040464953782709,0.9567305026053785,0.9454489577556138,0.8882533798472285,0.7154943766833899,0.9732858539357907,0.9763894584004519,0.9629694637530877,0.9451945545754781,0.9706779166652773,0.976293709733929,0.9569795724422072,0.8159634197486959,0.9113353486482855,0.9454623716892029,0.9406989064081954,0.9285179793960018,0.9508143966467606,0.8717139794646044,0.9305407324811068,0.5234425913428472,0.7153858444025992,-0.9723303678720467,0.16691334746796457,-0.739509190464718,-0.6009880646258015,-0.31305736682422153,-0.12532730912138557,-0.4310562092592087,-0.47547248062472053,0.16907894349293914,0.43131534595048826,0.7722209224168338,-0.9688314380316352,0.08637649648173011,-0.7149678937984926,-0.5853678838954943,-0.4332191000090004,-0.1508351911112941,-0.5190437684547696,0.23930121395368995,0.5554166801424719
0.9521261853744781,0.9385039081267113,0.8819607908038404,0.9441037017054591,0.9436992700668659,0.9316508073391383,0.9107283269259729,0.9289326492818764,0.9092239261569084,0.9149592641491108,0.9067545928895381,0.8335748627122176,0.8215676621933907,0.8673535304860843,0.9040246634872054,0.84832498563614,0.880468679896257,0.6836858278023538,0.7658354963012813,0.8653763260422918,0.8558760183520802,0.7063686825557646,0.6949409392252881,0.7297751773069002,0.9047974593624492,0.820846821098813,0.9040464953782709,1.0,0.958652391649509,0.9269383769761708,0.8105460076590741,0.6535811605072137,0.9121847732557857,0.9232850302044894,0.9228706900177209,0.8890326414799192,0.9149136677191863,0.916198549702036,0.8997713657727946,0.7455154403938498,0.9189065904140201,0.9028719793495633,0.8848710187916484,0.8855819579755672,0.9181474720329623,0.8125489866614798,0.8969073392116217,0.43013212753015306,0.6863650376789305,-0.9087022850821976,0.2913340300049748,-0.6906314953700338,-0.4067765887475954,-0.16417699890881565,-0.07895275872656349,-0.41623108186426355,-0.4520501428578397,0.1752987518034872,0.47969591504794795,0.6421088906484491,-0.9383359892439334,0.10635190197903274,-0.6931876661884678,-0.36621119713519906,-0.30663342506727886,-0.11269712842588007,-0.606749348526417,0.1544986643711086,0.5672678950539766
0.9142568891917583,0.9745500540270939,0.8969633055805772,0.9626788097710691,0.9314418713024213,0.9586718898843091,0.9582536813621537,0.9601901658316399,0.9458765043446373,0.9379759724559618,0.9300153550009709,0.8889399448406674,0.8709074046582678,0.9141346515506538,0.9613243694653139,0.9166586036763078,0.9412184096775301,0.7970091046234941,0.8496637204232845,0.9332472200966194,0.8908790019593407,0.8113209568668345,0.7939588228074865,0.7829948173628678,0.9320105643750457,0.884135378430032,0.9567305026053785,0.958652391649509,1.0,0.9562601942196728,0.882787923484776,0.7159086103093741,0.9584420817326434,0.9695694483747266,0.9606774953378288,0.9420089449622813,0.9616822485194845,0.965162945364935,0.9533078352688616,0.8166536530670074,0.9299461635125205,0.946854924397893,0.9415163826984985,0.9299920326771111,0.955128619929622,0.8663077847400596,0.929135183035469,0.5170029711496715,0.6864010888065447,-0.9650688090403827,0.19817828712145016,-0.7215429916567194,-0.49926141362948734,-0.26129430439683493,-0.12731632252486355,-0.4412263013502913,-0.5020984682522127,0.18812863397143717,0.44084638359785766,0.7354043008162146,-0.9691201980616285,0.12095121429786844,-0.7069581270786653,-0.46624267470113495,-0.3562828532952989,-0.124495637644564,-0.5808720553477916,0.205578870524488,0.5259242146132577
0.873058655014822,0.9595201285480125,0.8697049010969277,0.9390561280123123,0.9062944173608997,0.9084971549119035,0.9271322033339895,0.9546787669984976,0.9439588621889541,0.946933072496925,0.9458597543449407,0.9225407914439395,0.9267342233090219,0.9045668834615612,0.9505743036392504,0.9172227427185631,0.9155097295481577,0.7576927812655591,0.7833590080585294,0.9268739390225816,0.9452712828676735,0.8432292232504598,0.8075141680124253,0.8282300318168293,0.9415352186675624,0.8321674445361934,0.9454489577556138,0.9269383769761708,0.9562601942196728,1.0,0.9072673793266915,0.7635399731474483,0.956741283632839,0.9591822741199129,0.9627935628869719,0.9553226476196989,0.9496542179283118,0.9661536118726063,0.9589265490947038,0.8450724840753576,0.8749882768738623,0.9090007716065946,0.9360444955771562,0.9172941560377917,0.9502236070783269,0.8625828800737803,0.956572830449532,0.5772258199192044,0.6547032055762505,-0.957408709167444,0.17058606340412236,-0.6640927429342203,-0.5191011676065319,-0.30922257355809907,-0.10448590846384263,-0.3440617796881484,-0.40639561558452425,0.17246676317527188,0.48123389007230827,0.7484540350106202,-0.9588991114334462,0.10850131491350645,-0.6494096350512507,-0.5071795696603665,-0.40615231744172564,-0.12702651155089661,-0.49820799449405384,0.18256428759118776,0.5589542235518686
