0,1,2,3,4,5,6,7,8,9,10,11,12,13,14,15,16,17,18,19,20,21,22,23,24,25,26,27,28,29,30,31,32,33,34,35,36,37,38,39,40,41,42,43,44,45,46,47,48,49,50,51,52,53,54,55,56,57,58,59,60,61,62,63,64,65,66,67,68
1.0,0.7985826767553633,0.7845837556184299,0.7493374021353991,0.7633385453666599,0.7549250645051113,0.7155654741203563,0.7186998152608258,0.731823584100671,0.6811020775999383,0.34647184614020243,0.6325274401465674,0.542079196237921,0.4441210642365362,0.7922949900417546,0.19899592976035202,0.6781711179584875,0.3988812639328569,0.6876186070976491,0.5213047306121279,0.5108733705405796,0.06650172156775075,0.5746391809180638,0.5518669163875148,0.7714184457810743,0.6835507090817142,0.7397746780914626,0.8502345400497332,0.7892721469120345,0.7181733164152034,0.5383690854988142,0.2164719858518695,0.770057216780302,0.6545587179353067,0.6724635376915553,0.6184542097321202,0.5496350294053264,0.7374157071442892,0.612212208712981,0.42651927889805535,0.6770514770697141,0.7550442129696864,0.678585606749284,0.6246006405829924,0.6780304521054864,0.6544917936178687,0.5686528661266418,0.23004504339651416,0.474623122605221,-0.7609837407461131,0.05641693992970217,0.0876887020194109,0.05771785264761687,0.1576633147905085,0.06043717349505874,-0.33616681682706173,-0.05855510464320354,0.04778270639888149,-0.3538960713646516,0.37235490461264914,-0.7257160056318327,0.09330522700119345,0.04216231649386938,-0.04699422194836568,-0.18317532591204677,-0.1412681867281806,-0.39400447036829217,0.1985048344628382,-0.003402130904638914
0.7985826767553633,1.0,0.872215676328942,0.8350229864622829,0.7995800428649257,0.8633270054694505,0.8804259032525239,0.886395430106925,0.8355904037892006,0.8858864004849648,0.5447970708437032,0.5957120157680384,0.7442770996935191,0.5849628842068059,0.8436028737788557,0.2304165643347289,0.8473013048617868,0.5628007568524875,0.8320772771198477,0.6972981503740914,0.5672520117281553,0.15082832094156406,0.6333660300738778,0.7204901090389928,0.6316218782827188,0.8687974431355524,0.8878741908249013,0.8548181150512572,0.9101004758031384,0.8894664014603768,0.678795011929298,0.33805452559687815,0.8325199903920926,0.8751894333824997,0.886242446217138,0.8274791455712815,0.7439849745767217,0.8777295709337747,0.8400442168962351,0.5189586598633689,0.7993776714754565,0.9192441149818648,0.840001515544734,0.7812783060251056,0.8530762937084746,0.7884215911155947,0.7655882343130954,0.3075831328943043,0.6674836273627442,-0.9076833369187494,0.08326891450206372,0.16616045195018322,-0.2132072151965291,0.15595195240633503,0.05238154196815196,-0.2403236875905813,0.1452989939925992,0.12740109483609158,-0.4438768731846986,0.1914358895874274,-0.9185394993907877,0.038605652661450746,0.10163398299834112,-0.31866229051067085,-0.30089329397382897,-0.035335978600636565,-0.40079071766389024,0.22627798695689536,-0.0860855106655761
0.7845837556184299,0.872215676328942,1.0,0.929909103795587,0.7839975730296365,0.7948766361033812,0.8858411094603232,0.7906104635180318,0.7151181311849711,0.8610391468456434,0.34472885603852765,0.5985540184222061,0.8031942690098052,0.4687228910991083,0.8194631062540699,0.19316545070507773,0.8599463302039283,0.5858309628558547,0.7755488430335636,0.6924905978695737,0.6112881192242037,0.10189221732193134,0.6942131642515995,0.7269872824267501,0.6116273074783133,0.8933287859578003,0.8621140115238377,0.8390110869308636,0.9063486823338555,0.8632837910696092,0.6864462170694001,0.29792077603444944,0.7516283563992503,0.7977630232819494,0.8154981728840154,0.8243401517224977,0.6323316981748005,0.826600740968192,0.8163118924257847,0.5265359381565852,0.7261422366429834,0.8228702043071788,0.7843936267487063,0.6462989349219643,0.8066939770941642,0.7397733680571604,0.7835910044028053,0.27928893857520076,0.6561141124503752,-0.9101463432848409,-0.040149290880386816,0.027893643350024453,-0.24668623608135784,-0.03656142245178468,-0.11723496671115265,-0.35852525739389535,-0.02236377813545501,0.030363456614428325,-0.5615171119151876,0.3624885853104815,-0.8707109767864759,-0.016050443378674797,-0.039095060305627274,-0.3605389444358528,-0.39462963274214025,-0.2121869530258559,-0.4998524942308289,0.07434137647370645,-0.19282018041875837
0.7493374021353991,0.8350229864622829,0.929909103795587,1.0,0.7973541849527659,0.7997855402754832,0.8727754183115426,0.7498311327511663,0.6863033703226887,0.8284049484709255,0.2948668124366751,0.5719129715996998,0.793955814565319,0.4180464678144785,0.7785257557074959,0.24370949909969933,0.8325097761345212,0.5996697575986137,0.7452941896912794,0.6955131489814531,0.6373199776940887,0.1615688493861658,0.711961932049586,0.7146516274301453,0.5651717059330428,0.8664008982254845,0.8329513510085264,0.8432416411720053,0.8991055981103511,0.8256239469725,0.7053082373300401,0.31063637870508964,0.6976346236121559,0.7470178224297828,0.772907733299593,0.8031542464669496,0.5756296394002361,0.7679279556042672,0.7723306822066373,0.5394041528313235,0.7319940284406233,0.7783462764829443,0.7410953922039717,0.5836862029488821,0.752461772289322,0.6775458000441118,0.7641885064234359,0.2976099584887732,0.6296771111624239,-0.8995344553806514,-0.04691822727825099,-0.08251998418820325,-0.2562194672522405,-0.12121784897608678,-0.18769257852186558,-0.4331428503948914,-0.11294590852741586,-0.006540637895379611,-0.559170178017654,0.4244171996268675,-0.8328460189775424,-0.00755724812356713,-0.12185224516670592,-0.36510930261671104,-0.39447234289350286,-0.2695361103011295,-0.5464738416786631,-0.007936284740281364,-0.175779767570416
0.7633385453666599,0.7995800428649257,0.7839975730296365,0.7973541849527659,1.0,0.8756390109067645,0.7041918946091035,0.7090696136587444,0.7062403892865438,0.7435778146956906,0.26613853382634794,0.4403219898471528,0.6222977235262278,0.33669647069227293,0.6544401513289162,0.09685891549753167,0.6287330946207478,0.385269721649704,0.6351005897392602,0.5281269126797837,0.547814419072328,0.09436547681956285,0.6735028236421564,0.6175401376015617,0.5784063823462859,0.6764054478700011,0.7059139660004387,0.8689140758683646,0.8246765393902991,0.705570285890749,0.5895287176780551,0.25370166594659693,0.6500782419206921,0.6448340631217963,0.6680049561270497,0.7044927904575409,0.5417880402260419,0.6434598576221919,0.6663073335066965,0.5746241875622529,0.7750127364073791,0.7489466355250288,0.655800263903513,0.5638463293341903,0.647626580031918,0.5737198455040683,0.6730467893490972,0.3138176834015372,0.563386071576606,-0.7687113960551465,0.03340944688237985,-0.024238748681687926,-0.017108548234511554,0.15657889651993107,-0.09619103646167566,-0.4274446953193782,-0.05244815467148164,0.05429051782089999,-0.36485139303482683,0.36045002841076207,-0.7314745285368914,0.03489595560326351,-0.025960820315117396,-0.07578731074416692,-0.17165990458817393,-0.17805624400000866,-0.47216393478400775,0.0839883013410792,0.06232489035604894
0.7549250645051113,0.8633270054694505,0.7948766361033812,0.7997855402754832,0.8756390109067645,1.0,0.770702488754568,0.7810946434018914,0.7708506359872882,0.7680654501078854,0.37974627290169843,0.42299710732027,0.6566929189892687,0.4587312794748189,0.7223814372637063,0.11034263495809594,0.7053129309148923,0.4581354881557092,0.7524548191135356,0.58883074478321,0.512409894725454,0.11398079244917061,0.628375595876663,0.6217165263495601,0.562181868225394,0.7403881833001095,0.7729587788231471,0.8453915587288694,0.8550134724098444,0.755463331940519,0.5811511673521016,0.266196088564902,0.7262685997978534,0.7464355039019801,0.7381809926793185,0.7350083525467356,0.6354583412057204,0.7221075310487293,0.7277785159288236,0.5206666016912608,0.7979715058169031,0.8092573290673872,0.7059193072091786,0.6360450175972272,0.7079556381974623,0.6497067319989355,0.7002100461483508,0.27649435274233314,0.6207108486060043,-0.8094478342420647,0.03437374709498749,0.004833659683128063,-0.09170090252824084,0.16410922669335726,-0.0052291386201257515,-0.36565818361986724,0.0019467187833321958,0.048790506421127235,-0.36878805973944506,0.22470229509663525,-0.8028035512221274,-0.008244291270608092,-0.002816346131592701,-0.16032945829123638,-0.21141745149247634,-0.10932632676820646,-0.5012599971998608,0.10636871697987137,-0.01012610685440608
0.7155654741203563,0.8804259032525239,0.8858411094603232,0.8727754183115426,0.7041918946091035,0.770702488754568,1.0,0.7985744806583731,0.7371865635322373,0.8669431725925437,0.4627059980937768,0.5986710379891707,0.7919700596706478,0.5818558399877886,0.8410080719550894,0.3427495254607584,0.9268633331014355,0.6651700561460783,0.8608464099866756,0.779590350408379,0.6061194726682341,0.221644896478873,0.6054007818453474,0.6853838236549936,0.5783304336198386,0.9367238643567821,0.8706948959919583,0.7670952874308036,0.8999498834954922,0.8859736709237692,0.7045822864679622,0.3451792106233462,0.7808597572106325,0.8357599972788198,0.8648415925403539,0.79628104000504,0.6949742140402649,0.8514651662577549,0.8210357974364278,0.43239906842744297,0.7315363604831773,0.8776725487618932,0.8478436559542875,0.6756945739340785,0.8534002128831969,0.7971355159468678,0.7388061652758598,0.2473158422476828,0.6059811975197976,-0.9187133852448093,0.07924719658502007,0.04460968293640657,-0.3334677561745386,-0.06095238712803363,-0.10425196908256294,-0.2929935556888403,-0.0021937931987639748,-0.035944226455684944,-0.5769153760088671,0.21982157026842675,-0.8951993058888009,0.0994360533659269,-0.028893609331307243,-0.4565625559554469,-0.4164610366142775,-0.17525334741714446,-0.4581162017815972,0.07324423162015166,-0.2456983388718279
0.7186998152608258,0.886395430106925,0.7906104635180318,0.7498311327511663,0.7090696136587444,0.7810946434018914,0.7985744806583731,1.0,0.7982076461351285,0.8321138317030875,0.6652739272855599,0.6148070414603015,0.6762061925825856,0.7018730245951132,0.8016107003414517,0.2225333066531612,0.7866332260280787,0.5474539428272523,0.7390295727266325,0.6730936380862786,0.5477707868709271,0.16898860859655718,0.5872798212455798,0.6789066506137416,0.6605793187761326,0.7883356091697036,0.8745741625327887,0.7466334641624034,0.8211670946653066,0.8315059285909874,0.6390368334862002,0.3221585308025967,0.8613796892597753,0.8755458561022976,0.8633769577383883,0.7855179594866105,0.7971062537479846,0.8617062107784325,0.7950172827694768,0.5218990296874028,0.6701989829517093,0.8216817984529223,0.7746159095272778,0.8072291377391443,0.7913988962424174,0.7524371898182841,0.6963480084504626,0.3171773056702856,0.6164787950652696,-0.8456198664790839,0.03958218173672243,0.19681405338715718,-0.24596814813168003,0.1409041481555901,0.10932214841970977,-0.05383814870026428,0.26383190770559906,0.2561110181630712,-0.31655683974908705,0.14702542049223702,-0.8642897664530081,-0.018569874005006946,0.09470239546060263,-0.3392083639476698,-0.29414629327608477,0.026094781682535706,-0.25737828510426014,0.2997392752888042,-0.03414227525421036
0.731823584100671,0.8355904037892006,0.7151181311849711,0.6863033703226887,0.7062403892865438,0.7708506359872882,0.7371865635322373,0.7982076461351285,1.0,0.7403006453034979,0.5395156988530283,0.6457989222100686,0.5316655381826889,0.5419358118514175,0.7322011130782378,0.3076976971188765,0.6858247315401229,0.41350823500986417,0.6583672613775549,0.5495478756674244,0.4509369464699619,0.14153415832657404,0.5311540716975658,0.5234348654227496,0.6146759502379182,0.6929623326509773,0.7746991835462568,0.7615651694757853,0.7409217531886828,0.7057604953734244,0.5295904204697364,0.2908170976628252,0.758644333082459,0.7150574140945474,0.746458017596515,0.6125929019854224,0.6634754939568922,0.7303377971391644,0.6162122486552172,0.36772084159530166,0.6719236429107378,0.7949729119945014,0.6650962653138042,0.7192325897129666,0.6859116967375508,0.6411212549582993,0.5444612418211751,0.2663295504146334,0.4448453430566249,-0.7667149073440831,0.16569058211279566,0.1818820924998911,-0.09420850951469074,0.22369955271230066,0.16080668302105317,-0.1780773913968282,0.08481242630675788,0.2061111950003026,-0.16980613515084633,0.2585972832772787,-0.7377479288017069,0.14208064032049883,0.15849978883088292,-0.15710203560656688,-0.08098092280098272,0.04961999968842271,-0.22585247495979296,0.2909733747024167,0.13125922647309396
0.6811020775999383,0.8858864004849648,0.8610391468456434,0.8284049484709255,0.7435778146956906,0.7680654501078854,0.8669431725925437,0.8321138317030875,0.7403006453034979,1.0,0.519142757330548,0.5491820928260904,0.7935118226687656,0.5450599941904447,0.7540329375785695,0.1649208864974784,0.8737598548620116,0.6158061354856867,0.8012619105274019,0.7795086572962776,0.6713993658354039,0.21280927462314453,0.6408499198677654,0.7333519000391004,0.5628382761248966,0.8746307501090635,0.855409132210951,0.7797885950011747,0.8642582896392612,0.9029476643671451,0.7466772402266113,0.36682069454967986,0.764503699755514,0.8460045954880644,0.889748693639423,0.8554842173171482,0.710456939990957,0.8331364304504115,0.8617136791340614,0.5716036027720917,0.7086566202237686,0.8739505087885839,0.8542600131681669,0.7378957263722998,0.8634548892676599,0.7825062891224264,0.7632492858964391,0.3483000358178206,0.6986041002096453,-0.8928384064338694,0.02331998242089473,0.1606416277180469,-0.3696536322690177,0.053002149843762655,-0.052582668472458065,-0.21512121673718734,0.20969319848766624,0.06964014759257416,-0.5063606172289187,0.17955650134326703,-0.907461424120581,-0.01158405370143477,0.08265706191403498,-0.4602147923694749,-0.4198264863898545,-0.08237191527768697,-0.36984144291050874,0.12741307291085663,-0.1574778963286032
0.34647184614020243,0.5447970708437032,0.34472885603852765,0.2948668124366751,0.26613853382634794,0.37974627290169843,0.4627059980937768,0.6652739272855599,0.5395156988530283,0.519142757330548,1.0,0.42739614467440357,0.19989712984237284,0.6760924247657388,0.45976987639798406,0.2573837313880656,0.48895602532577725,0.46158398435367404,0.5027166384784385,0.5172367335776034,0.4022508295111867,0.3487722643088448,0.06293838235687922,0.26108579094559564,0.37859048413325697,0.4368824058124528,0.5408179761423338,0.3281080195356523,0.4045178033305674,0.5282724239594234,0.4522066843005395,0.28117762865151535,0.5997384887661001,0.6334384748487839,0.6326103730815176,0.36735990315802386,0.6758732636529705,0.5620916350776619,0.41841180482726026,0.21845271698693675,0.3297461531952053,0.5306651326206833,0.5394185586447875,0.6851734326768417,0.5188584435016076,0.522433289177501,0.213908843912215,0.1733456595911025,0.2810201851008242,-0.46074025289117587,0.16273906929004966,0.42164070190904046,-0.2406027677365411,0.1903274448835268,0.3385886891158493,0.3232549528515018,0.49434342290259553,0.2524691464319606,-0.0007282918831550056,-0.2617881573406001,-0.5455264576339477,0.07078638692798753,0.22489030533561713,-0.34443838847409064,-0.1887971428727767,0.34180655851589203,0.10652106670610903,0.28902327499477226,-0.015971547535215385
0.6325274401465674,0.5957120157680384,0.5985540184222061,0.5719129715996998,0.4403219898471528,0.42299710732027,0.5986710379891707,0.6148070414603015,0.6457989222100686,0.5491820928260904,0.42739614467440357,1.0,0.4709089670940593,0.4500574115376766,0.7438211999197254,0.5363642103759475,0.5846611206598871,0.3446399762651424,0.4842259427625304,0.495008941739178,0.4935836096911815,0.09746022523897996,0.42164223868969763,0.3705183619385043,0.7014734307302695,0.5681059640689144,0.6775139770103069,0.5136433751581748,0.5550793816698883,0.5949646367978866,0.4664984868955226,0.12142469843287848,0.7105915078957689,0.49676257375799576,0.6022397435252661,0.44069456234090465,0.42626300396291295,0.6909794135393652,0.46818977277995366,0.24647004781913245,0.3712116315689375,0.5543022968335705,0.5482084448061452,0.5425689723001323,0.5645765519217345,0.5855030153274516,0.39391166339446854,0.08344118207985453,0.20159625889109026,-0.6257053331312911,0.23815497810920322,0.17620783935671122,-0.02179591948580218,-0.02550861701944333,0.02690812780907875,-0.11416761829002114,-0.07838905604132444,0.11939168848087284,-0.1978339031725966,0.3610811470458272,-0.5424696982602061,0.31331702603979505,0.1588589575830709,-0.14222995723039492,-0.10177856131883484,-0.0712291355113457,-0.023257727172677777,0.2278147540291699,0.011831080578811878
0.542079196237921,0.7442770996935191,0.8031942690098052,0.793955814565319,0.6222977235262278,0.6566929189892687,0.7919700596706478,0.6762061925825856,0.5316655381826889,0.7935118226687656,0.19989712984237284,0.4709089670940593,1.0,0.35982167256685177,0.7092179467054691,0.19189222473913337,0.7966702770055187,0.5728293443025685,0.6911812024529683,0.6845741985395386,0.5478933490577967,0.15988935518988306,0.752333503902319,0.7856848653886545,0.5106226605153151,0.8187993503256498,0.7663083786034044,0.6374853389255998,0.7975954092819089,0.7965758460099891,0.6649160017947218,0.3151220687238893,0.6486904390298365,0.6954283716855126,0.762147775363299,0.8688667052018256,0.5001641057479145,0.755003527725617,0.8590877647835756,0.5621797555405964,0.5966808276346316,0.7148734821157863,0.7087503807326364,0.48894308256486174,0.7371987525735803,0.6723596563621156,0.8531679700601076,0.32666773407425875,0.7569670916992944,-0.8208089536898225,-0.004901007454682078,-0.1036202254284295,-0.4391829642156018,-0.17154422997532207,-0.30624224233329633,-0.3502745767790766,-0.004338704235080161,-0.04492534253261102,-0.6555217473687742,0.3212997573792901,-0.8016029200028222,0.010000683570838206,-0.08582994925963439,-0.5207095312747099,-0.49390435195701093,-0.299764043087045,-0.43301107603020045,0.023829310217590445,-0.290425313695668
0.4441210642365362,0.5849628842068059,0.4687228910991083,0.4180464678144785,0.33669647069227293,0.4587312794748189,0.5818558399877886,0.7018730245951132,0.5419358118514175,0.5450599941904447,0.6760924247657388,0.4500574115376766,0.35982167256685177,1.0,0.57490992396554,0.2054327596164224,0.5920018330464432,0.4963394077160734,0.5894618006601412,0.6009478904775883,0.4028632033474018,0.24527667810041434,0.20071329103395583,0.379027211313967,0.4433684403660974,0.5573557362846259,0.6082815877020893,0.3710747980225802,0.4763294285091638,0.605572606953403,0.45122168397307266,0.27355311642699415,0.663031093004133,0.6987682087710796,0.6383077934403761,0.46647972060260845,0.7553339408799331,0.6613925655592636,0.52846598745879,0.27161303859894637,0.3547786266418082,0.5545536946052781,0.5990916854246212,0.583264319960212,0.5763497448324225,0.5802143594972398,0.3403577702639809,0.13594141970036877,0.3085502779324593,-0.5658632340643867,-0.0005143672652629562,0.3170261079306521,-0.3015448984421784,0.06310927320983481,0.2688890043053576,0.2415487111550164,0.3403168118322325,0.18811805048054914,-0.21057496870491266,-0.12916067168416392,-0.60159322334336,-0.04409704352890466,0.15726838773777357,-0.3309444736794288,-0.24777435555153177,0.18906991193311887,-0.030617291349460445,0.29563294215757163,-0.2050900393182192
0.7922949900417546,0.8436028737788557,0.8194631062540699,0.7785257557074959,0.6544401513289162,0.7223814372637063,0.8410080719550894,0.8016107003414517,0.7322011130782378,0.7540329375785695,0.45976987639798406,0.7438211999197254,0.7092179467054691,0.57490992396554,1.0,0.3581273781195746,0.8155293307077643,0.5257812272595064,0.7940014670517667,0.6464479101800457,0.5201775001739333,0.07826756950013178,0.5708816732174584,0.6023935444406768,0.7278260521289379,0.8264566226457914,0.8636967468182246,0.7137952275003342,0.8251100572546037,0.8284126667814813,0.6010376072887378,0.1877752021350062,0.8533136277978839,0.7746196209609493,0.8190452981132964,0.7192726177060358,0.638021484753286,0.9066790342880633,0.7761690858887156,0.3943146588881851,0.6398216405710347,0.8111751182427779,0.776004480349184,0.6669113908592214,0.7838850940622403,0.7695300404487981,0.6875539481000749,0.17469938032621868,0.540318799870775,-0.8480716130220084,0.11350909323272645,0.11040298713814728,-0.17761019764215918,0.015513105406547083,-0.008980430563150756,-0.2250999783031181,-0.023965785243992496,0.04216768493023934,-0.47953399225380716,0.22400886049262614,-0.832150177479048,0.1266521067551963,0.06660204409483493,-0.30882084436213847,-0.33249371806787803,-0.13518333840625182,-0.3485124459641624,0.2432970135816149,-0.18408904889383257
0.19899592976035202,0.2304165643347289,0.19316545070507773,0.24370949909969933,0.09685891549753167,0.11034263495809594,0.3427495254607584,0.2225333066531612,0.3076976971188765,0.1649208864974784,0.2573837313880656,0.5363642103759475,0.19189222473913337,0.2054327596164224,0.3581273781195746,1.0,0.3047624699409862,0.3360222517856977,0.30970262618674715,0.33417966571394025,0.28757587039323856,0.3136509731143048,0.221641133637555,0.1234264643618845,0.2628082358186778,0.2794609355973635,0.28274283532600697,0.14236737142912004,0.2280391421071539,0.21288732841534005,0.2682836183611065,0.14051527731961122,0.29115544080936817,0.1807432096404192,0.25880280366350467,0.09896635817253809,0.16687780108707698,0.2630451672573017,0.08897247207319037,0.08551497923161491,0.205255447711904,0.20954862448923295,0.2613529676035888,0.19780046331332202,0.1825094638637464,0.22758844078928167,0.04356453933032157,0.019020866872239327,-0.15057905992628168,-0.3025154813753359,0.38613379262033437,-0.09314663835292562,-0.05677921582818111,-0.2935087477317617,-0.015844623159026083,-0.09762452779790558,-0.22958675632246303,0.042539037913602584,-0.05213264301508054,0.2625882136928501,-0.17640205625845848,0.4641036790839628,-0.06805852114529971,-0.17520868667571235,0.017984409044734907,-0.10742601530803597,0.07666733456811461,0.01082842024590527,0.003102439688497715
0.6781711179584875,0.8473013048617868,0.8599463302039283,0.8325097761345212,0.6287330946207478,0.7053129309148923,0.9268633331014355,0.7866332260280787,0.6858247315401229,0.8737598548620116,0.48895602532577725,0.5846611206598871,0.7966702770055187,0.5920018330464432,0.8155293307077643,0.3047624699409862,1.0,0.7412612854000843,0.8515360182378813,0.8308366862797458,0.6667234972984998,0.28005506893599214,0.5931251121080598,0.6810200711913762,0.5951680448686217,0.9186485281348956,0.8676796558146824,0.7147040575402646,0.8644028396715805,0.8920369512065862,0.7432862571665396,0.3796367592728679,0.7866452403422199,0.824688051388057,0.8667447691315205,0.8050445175096239,0.6912882500210498,0.8446491056741741,0.8194469975306833,0.45469666748093523,0.6592023451591094,0.8475575734436932,0.8692679421400287,0.6673444364174327,0.8522207565822496,0.7996593503726596,0.7154098156861748,0.2648861769936447,0.6306601840226077,-0.9041132366040572,0.04116631406606551,0.054138480991345925,-0.4204836039719166,-0.10592934523032341,-0.11424898687085741,-0.25077911180189943,0.06385058754028422,-0.06518676492234261,-0.5673831785963671,0.2084038463804149,-0.8866911833717525,0.06394960100332316,-0.03929734003360717,-0.5317291775703938,-0.4698353553173135,-0.16922640271336775,-0.43180638042718184,0.04368786865418652,-0.27920677955331674
0.3988812639328569,0.5628007568524875,0.5858309628558547,0.5996697575986137,0.385269721649704,0.4581354881557092,0.6651700561460783,0.5474539428272523,0.41350823500986417,0.6158061354856867,0.46158398435367404,0.3446399762651424,0.5728293443025685,0.4963394077160734,0.5257812272595064,0.3360222517856977,0.7412612854000843,1.0,0.6677461810828554,0.8283121917646651,0.7102501452999597,0.6613092697087303,0.4852135138885514,0.5519634099907377,0.40969706556455265,0.6588419167130698,0.6428045560918465,0.4462482399041428,0.590926550995484,0.6387975126390923,0.7903215486526018,0.5883114585409023,0.5668337032055122,0.6007236124977231,0.6139699862135924,0.5954631310128309,0.5701508598427995,0.567421569686749,0.526937933114412,0.522171594123677,0.4605538114612627,0.5256173621003811,0.6808388273887497,0.48138799827322964,0.5829823669291739,0.5450647000972154,0.4298192939221492,0.4302956320366139,0.4285735301085268,-0.6863364545001939,-0.06584852657388203,-0.06651402240956418,-0.5411554184208558,-0.32239271872527375,-0.14438527942448529,-0.1575786997237392,0.0730511675417081,-0.16077501985645198,-0.41258911914601454,0.23065567774661871,-0.6168448556787082,0.015669166022320002,-0.22126331819671446,-0.5963407679955348,-0.4361560168606644,-0.13736709993985471,-0.3333865298904062,-0.11259143998278283,-0.33989835249731637
0.6876186070976491,0.8320772771198477,0.7755488430335636,0.7452941896912794,0.6351005897392602,0.7524548191135356,0.8608464099866756,0.7390295727266325,0.6583672613775549,0.8012619105274019,0.5027166384784385,0.4842259427625304,0.6911812024529683,0.5894618006601412,0.7940014670517667,0.30970262618674715,0.8515360182378813,0.6677461810828554,1.0,0.7689342505315586,0.6131338497924882,0.24107451803464972,0.5240958697314432,0.598098070128061,0.5433879057806241,0.8387732403625973,0.7865814809351079,0.6870544806822926,0.8139812261691065,0.8412636998998061,0.666101923795165,0.28827680864580185,0.7448734839730188,0.8021490927669035,0.8245296000157851,0.7231204716116733,0.6865895383916133,0.8073534929335981,0.7759932600586943,0.4514555870016391,0.69127919366723,0.8359833564041416,0.8421720124723213,0.6707335474193966,0.7958773931182168,0.7724972641513665,0.6465362400987429,0.1977906991371861,0.5566020816422612,-0.830758359799145,0.06400243310593984,0.15209824247716133,-0.3347082060049987,-0.004667426317181951,0.023814817421653138,-0.19716545176421246,0.1026821028097277,-0.009596845448249977,-0.53324019283247,0.061891997845873,-0.8414905267667637,0.05301247256781926,0.07918676777602301,-0.44548434907339557,-0.3857915762651215,-0.07262446473136319,-0.3762658822889956,0.14231354488381234,-0.295248950760405
0.5213047306121279,0.6972981503740914,0.6924905978695737,0.6955131489814531,0.5281269126797837,0.58883074478321,0.779590350408379,0.6730936380862786,0.5495478756674244,0.7795086572962776,0.5172367335776034,0.495008941739178,0.6845741985395386,0.6009478904775883,0.6464479101800457,0.33417966571394025,0.8308366862797458,0.8283121917646651,0.7689342505315586,1.0,0.8054337022183302,0.5504826105912523,0.5383585390867112,0.6348519369002057,0.4930983340812337,0.7653961509815251,0.7380166768889476,0.5728415819845892,0.7077869044300981,0.7942478815663935,0.8232313659118519,0.5270649440913041,0.6967980894806985,0.7043723025342754,0.7662792151646858,0.7289923757071562,0.6579098187538567,0.7003754099080377,0.6949681493351445,0.5704132004781252,0.5547113300460205,0.6746810905459358,0.7927315737602618,0.581042467038801,0.733290932474486,0.7096586390208107,0.5689603224022163,0.37662640916065115,0.534032176154982,-0.7923658165136988,0.0381062038268815,-0.003051556310846029,-0.528738476298063,-0.25865026147912107,-0.13725940518991486,-0.15656171239902872,0.1082799514367844,-0.13387958525966587,-0.5154976252343569,0.1676524178852717,-0.7616461746328611,0.07498163435137138,-0.10380501274269029,-0.6008450872432031,-0.5206516466379209,-0.12337391410242361,-0.3489845025296038,-0.11371677184762528,-0.3396192847727189
0.5108733705405796,0.5672520117281553,0.6112881192242037,0.6373199776940887,0.547814419072328,0.512409894725454,0.6061194726682341,0.5477707868709271,0.4509369464699619,0.6713993658354039,0.4022508295111867,0.4935836096911815,0.5478933490577967,0.4028632033474018,0.5201775001739333,0.28757587039323856,0.6667234972984998,0.7102501452999597,0.6131338497924882,0.8054337022183302,1.0,0.5534113314843774,0.5529092624396388,0.5334471714746106,0.5174279197029327,0.5905711544928176,0.616755472997734,0.5608497546395024,0.6206711026851228,0.6703304595437641,0.8482008902435031,0.47012186117225646,0.5815361625996566,0.5280640024000872,0.6146581009757331,0.6217076131779455,0.5036003277806319,0.5443746562802022,0.528465181880607,0.6506481996283054,0.4870376717008944,0.522194054067457,0.6945840696306179,0.45693542925435804,0.5713009130241254,0.5359727425943639,0.44859430143173395,0.3978814303444618,0.3900965314162285,-0.6888223312692144,0.008705196309820026,-0.08845338247866029,-0.42420502273782623,-0.28675021272644513,-0.201965888394742,-0.25100825660088605,0.007586017168345424,-0.18434969254591263,-0.41746192856897,0.3261331330062606,-0.6044995424221539,0.09242534605152758,-0.16804564110442563,-0.4474189227087999,-0.38659755203462587,-0.21316280020974718,-0.29759953809071754,-0.18174867219888724,-0.2086914399127569
0.06650172156775075,0.15082832094156406,0.10189221732193134,0.1615688493861658,0.09436547681956285,0.11398079244917061,0.221644896478873,0.16898860859655718,0.14153415832657404,0.21280927462314453,0.3487722643088448,0.09746022523897996,0.15988935518988306,0.24527667810041434,0.07826756950013178,0.3136509731143048,0.28005506893599214,0.6613092697087303,0.24107451803464972,0.5504826105912523,0.5534113314843774,1.0,0.256807549986843,0.3343235157866942,0.12712687424007718,0.18573758757173592,0.21863196459559395,0.1334566111635843,0.16691181731923738,0.2182440892174993,0.626900832245543,0.7596790292194567,0.20996408804530284,0.19042570821583646,0.2151978694498127,0.22563372692150732,0.28382506299117166,0.11379244449432492,0.09003277354897182,0.40658996905648676,0.2039335221714736,0.1411562103251909,0.2869182830026155,0.16568046755140328,0.19443669721990098,0.15919266722007921,0.04958203910938526,0.5795381403401642,0.07349076938334903,-0.2709755632480934,0.03495719346759401,-0.14999240821450144,-0.4221423793344526,-0.34546396846950816,-0.13134186115830715,-0.02930791841669958,0.005074762182017641,-0.2615676406807288,-0.08057083790013438,0.16122679399769868,-0.18103117288088258,0.1364748402736409,-0.24435813451093677,-0.381221669298281,-0.20495213088417208,-0.04409863259740572,-0.09492676104683832,-0.2551858656547658,-0.15661724547281447
0.5746391809180638,0.6333660300738778,0.6942131642515995,0.711961932049586,0.6735028236421564,0.628375595876663,0.6054007818453474,0.5872798212455798,0.5311540716975658,0.6408499198677654,0.06293838235687922,0.42164223868969763,0.752333503902319,0.20071329103395583,0.5708816732174584,0.221641133637555,0.5931251121080598,0.4852135138885514,0.5240958697314432,0.5383585390867112,0.5529092624396388,0.256807549986843,1.0,0.7727110660123111,0.5187382192173402,0.5906180212425656,0.6395783116390571,0.6744315283356419,0.6841406510876126,0.5964388285853064,0.624545557517981,0.40464967633977333,0.5466713172775512,0.49290954687598826,0.5510946096947914,0.734242746005297,0.3768624255217073,0.5675583254452519,0.6429770305806455,0.7151627880640987,0.5867380814435853,0.5533138515169134,0.5381623642999535,0.39237965216250864,0.5353914345297937,0.47248885366486393,0.6992879966593761,0.5706518898996266,0.5709352845687431,-0.7094116619633474,-0.019932638216505268,-0.22935772438520086,-0.286090527607588,-0.1411042996369088,-0.27845050248374004,-0.45089051369310174,-0.1437778205085068,0.04540036775093,-0.3896704761779403,0.6004745850323544,-0.5965566225495709,0.014992734453735954,-0.1327460447177119,-0.2529256878441999,-0.2258157358780059,-0.34038908930763384,-0.38836871021670943,0.031820049142785044,-0.04181328329361686
0.5518669163875148,0.7204901090389928,0.7269872824267501,0.7146516274301453,0.6175401376015617,0.6217165263495601,0.6853838236549936,0.6789066506137416,0.5234348654227496,0.7333519000391004,0.26108579094559564,0.3705183619385043,0.7856848653886545,0.379027211313967,0.6023935444406768,0.1234264643618845,0.6810200711913762,0.5519634099907377,0.598098070128061,0.6348519369002057,0.5334471714746106,0.3343235157866942,0.7727110660123111,1.0,0.4204739670006908,0.7148039829660194,0.7066221420000368,0.6805790592864333,0.7346215093504616,0.7361673614756943,0.7159719188941679,0.6033173752349225,0.6008596523223837,0.6987420769768558,0.6941445318229621,0.8742302348659184,0.5540544265079017,0.6835510611359988,0.7842468473607649,0.7221579059507465,0.6560597546725752,0.6689513209420935,0.6510222517279385,0.5374327106867569,0.7099379041069726,0.596837863076011,0.8203539544024794,0.6294342645592977,0.6958164314192651,-0.7658933975513089,-0.10028256956443887,-0.016421350187245935,-0.4117796495407061,-0.08935497278634119,-0.13392084991709935,-0.21760533820707054,0.10901800822359879,0.04585741272082437,-0.5212775187182094,0.31162573235315355,-0.7446827934953567,-0.11766634920117688,-0.008565933431968025,-0.41088384323546,-0.4058982981835508,-0.16914526356929319,-0.39310544684074306,0.0901549280619048,-0.24526303893657597
0.7714184457810743,0.6316218782827188,0.6116273074783133,0.5651717059330428,0.5784063823462859,0.562181868225394,0.5783304336198386,0.6605793187761326,0.6146759502379182,0.5628382761248966,0.37859048413325697,0.7014734307302695,0.5106226605153151,0.4433684403660974,0.7278260521289379,0.2628082358186778,0.5951680448686217,0.40969706556455265,0.5433879057806241,0.4930983340812337,0.5174279197029327,0.12712687424007718,0.5187382192173402,0.4204739670006908,1.0,0.5477609505305358,0.7069980790178798,0.605073108816822,0.6280604379063717,0.6196320113553032,0.5072773699751414,0.1339433923238969,0.8105481723189795,0.5120217555492143,0.6143746649120787,0.5334882440878455,0.4659422064837935,0.6759161533293985,0.5290689472580719,0.42190103744362717,0.4326242173438843,0.5894206515764314,0.5957197296515978,0.5250978551064115,0.5597885600626208,0.5903613027884266,0.4639311374457016,0.18471426636538493,0.40055570770677645,-0.6352686076062789,0.10024567791572692,0.09103467648503297,-0.03270950253451829,0.07851230844806037,-0.043073973205163145,-0.2242443944196227,0.00039333211836349965,0.009800639698605597,-0.21569755067215088,0.3795210825409576,-0.5930294424290302,0.19099551295628603,0.03573321014044865,-0.1079132400429408,-0.18225562969807954,-0.1504228321172468,-0.17166216629461378,0.21671438895796055,0.04143278430622711
0.6835507090817142,0.8687974431355524,0.8933287859578003,0.8664008982254845,0.6764054478700011,0.7403881833001095,0.9367238643567821,0.7883356091697036,0.6929623326509773,0.8746307501090635,0.4368824058124528,0.5681059640689144,0.8187993503256498,0.5573557362846259,0.8264566226457914,0.2794609355973635,0.9186485281348956,0.6588419167130698,0.8387732403625973,0.7653961509815251,0.5905711544928176,0.18573758757173592,0.5906180212425656,0.7148039829660194,0.5477609505305358,1.0,0.8629338352013953,0.7427203455774499,0.8833871917664408,0.8979976005862094,0.7118207686985842,0.3440365523616034,0.7498112058544709,0.8495395448864329,0.8697953062089171,0.8269230211167542,0.702659143971548,0.855210746960663,0.8457226535637198,0.46303413713417907,0.7136993442097899,0.8650543322589475,0.849530745849557,0.67031971060059,0.8619228488178574,0.790733550442392,0.7693990270804223,0.2613529951783092,0.6496932654395029,-0.9143904298819552,0.01410469546001365,0.07859134880090739,-0.37301568870129925,-0.06719296759702244,-0.11421429413550586,-0.2642694749287234,0.06571864836396382,-0.020632622182063833,-0.6254623171616965,0.20470446905090622,-0.9047179556258574,0.027217951798772427,-0.01432161080088403,-0.49418186409252024,-0.45905309120996124,-0.16077255587248307,-0.4457557180234599,0.08793493120641174,-0.2913091578673627
0.7397746780914626,0.8878741908249013,0.8621140115238377,0.8329513510085264,0.7059139660004387,0.7729587788231471,0.8706948959919583,0.8745741625327887,0.7746991835462568,0.855409132210951,0.5408179761423338,0.6775139770103069,0.7663083786034044,0.6082815877020893,0.8636967468182246,0.28274283532600697,0.8676796558146824,0.6428045560918465,0.7865814809351079,0.7380166768889476,0.616755472997734,0.21863196459559395,0.6395783116390571,0.7066221420000368,0.7069980790178798,0.8629338352013953,1.0,0.767112228651639,0.8743038498810456,0.8763046513341521,0.7245396020623494,0.36205478866054364,0.8691782730255868,0.8513444132737372,0.872285167885233,0.8129262005577266,0.6943409147529015,0.8907508609754128,0.8245690088544786,0.5167789022767476,0.6941412835714326,0.8451591664652156,0.8173006911035555,0.7364651094285011,0.8283210252144273,0.7892059922946476,0.7513868552439669,0.3216457647507909,0.6316760296117915,-0.9081363538703932,0.012685751667159554,0.10857387612887175,-0.31023834737890277,-0.002130336723825923,-0.03910666084818358,-0.21888483056482302,0.10756664512981656,0.0829021839829637,-0.44240773001362094,0.2541279160929912,-0.8844037166912303,0.024558209310236168,0.03901137370233849,-0.4203341243756483,-0.3756982146266705,-0.10221067168228702,-0.3845985080979184,0.20275768233919847,-0.17427168263064446
0.8502345400497332,0.8548181150512572,0.8390110869308636,0.8432416411720053,0.8689140758683646,0.8453915587288694,0.7670952874308036,0.7466334641624034,0.7615651694757853,0.7797885950011747,0.3281080195356523,0.5136433751581748,0.6374853389255998,0.3710747980225802,0.7137952275003342,0.14236737142912004,0.7147040575402646,0.4462482399041428,0.6870544806822926,0.5728415819845892,0.5608497546395024,0.1334566111635843,0.6744315283356419,0.6805790592864333,0.605073108816822,0.7427203455774499,0.767112228651639,1.0,0.8712633509395681,0.7672454084131269,0.6357023970457117,0.3404917584188658,0.6918488434651923,0.7045112120558791,0.723808725950144,0.741480745470587,0.5624545923743266,0.7015756201748455,0.6933155130743346,0.5407417796906623,0.8173433679792934,0.8056464738064183,0.7048038040117582,0.6252613899966413,0.7212230399497667,0.6290485274355508,0.6970670903529455,0.34697473032638954,0.5901157019017808,-0.8231368590114042,0.03273757384285594,0.011644294487147867,-0.061509233489446875,0.13234716120213014,-0.04224840496931113,-0.41399764809798045,-0.021764490102369895,0.05451293800043154,-0.3681181924651554,0.3834921296162315,-0.7878396826276252,0.017798265050647875,-0.008003347196825382,-0.12833198417880118,-0.21304842828877943,-0.17124614866210533,-0.4839518188065716,0.10203900402711667,0.05043033678486224
0.7892721469120345,0.9101004758031384,0.9063486823338555,0.8991055981103511,0.8246765393902991,0.8550134724098444,0.8999498834954922,0.8211670946653066,0.7409217531886828,0.8642582896392612,0.4045178033305674,0.5550793816698883,0.7975954092819089,0.4763294285091638,0.8251100572546037,0.2280391421071539,0.8644028396715805,0.590926550995484,0.8139812261691065,0.7077869044300981,0.6206711026851228,0.16691181731923738,0.6841406510876126,0.7346215093504616,0.6280604379063717,0.8833871917664408,0.8743038498810456,0.8712633509395681,1.0,0.8748351438277108,0.7121776922365051,0.3425057348834481,0.7908332072769787,0.8140612115479887,0.8402235534195345,0.840496984397918,0.6490892146497728,0.829811913905771,0.8322212198051963,0.5311800585825833,0.8074963565295976,0.875022043931076,0.8207454781079485,0.6840018378008221,0.8227018415744672,0.7536923691831324,0.8011104191903315,0.29721865117101337,0.6800844368418262,-0.91547608183173,0.04562796665983903,-0.0169303256326522,-0.216759474717558,0.010203498719525415,-0.12598171275294825,-0.3857986196987974,-0.015865334086768837,-0.014473677459287789,-0.5353280621370926,0.28629399696150326,-0.8974660810967131,0.0496763770616257,-0.06674316562798094,-0.3418994572420599,-0.3744800710709102,-0.21824851097418324,-0.5281566237677942,0.07050370767775044,-0.1390358949815741
0.7181733164152034,0.8894664014603768,0.8632837910696092,0.8256239469725,0.705570285890749,0.755463331940519,0.8859736709237692,0.8315059285909874,0.7057604953734244,0.9029476643671451,0.5282724239594234,0.5949646367978866,0.7965758460099891,0.605572606953403,0.8284126667814813,0.21288732841534005,0.8920369512065862,0.6387975126390923,0.8412636998998061,0.7942478815663935,0.6703304595437641,0.2182440892174993,0.5964388285853064,0.7361673614756943,0.6196320113553032,0.8979976005862094,0.8763046513341521,0.7672454084131269,0.8748351438277108,1.0,0.7775216382570647,0.33460899911124076,0.7953728977445473,0.8773775046713147,0.9156027043765003,0.8715761410442497,0.7314724373426731,0.890853647314094,0.8899216634070504,0.5687064400031645,0.6817323100597542,0.8717741554027745,0.8663415393515261,0.708078875499906,0.882378811929998,0.8265004727794677,0.7930912509459973,0.3104913205413018,0.6889984037637227,-0.9085392899965775,0.01746916797751653,0.16761500752904135,-0.38338264046291054,-0.02619557461928646,-0.039978984490718024,-0.21033853324573948,0.2005411782831965,0.011763008375599715,-0.5865944727271641,0.12248850634493856,-0.9351372632250248,-0.013125652215413794,0.07016992269480296,-0.4907896132513281,-0.5095754253297522,-0.09325159851688683,-0.3937258196530488,0.12870551997016297,-0.2780361686570067
