0,1,2,3,4,5,6,7,8,9,10,11,12,13,14,15,16,17,18,19,20,21,22,23,24,25,26,27,28,29,30,31,32,33,34,35,36,37,38,39,40,41,42,43,44,45,46,47,48,49,50,51,52,53,54,55,56,57,58,59,60,61,62,63,64,65,66,67,68
1.0,0.9299385497544789,0.8048060802697817,0.887154476224141,0.867782885007092,0.8821140953290046,0.8910305832259772,0.9288722488805712,0.885618896772887,0.8691072466370472,0.8230748116630656,0.8729762043519004,0.8761727208017381,0.8490952482739456,0.8983545431013334,0.7373264106527481,0.846011054116781,0.5912977625319329,0.7403307849966589,0.7430662777278795,0.7582062105417465,0.7156235477586033,0.669686395425389,0.658221465498408,0.722222504616985,0.8204489974239592,0.8911927824641781,0.9145454301617262,0.9238494011524334,0.914393283228784,0.8297165064919728,0.7399724848951748,0.9150624351101136,0.9101330464962782,0.8837825696266886,0.8431979349527071,0.9121981775674006,0.8921881648890186,0.8724168893104681,0.637218951474717,0.8121580226723272,0.8596424701344179,0.8547215321387129,0.7320239879748166,0.790517892392336,0.591252118043536,0.8163315537732744,0.4361042254329962,0.24169468919591156,-0.937507419952398,0.23512853267720785,-0.5781856240944467,-0.4678816196351254,-0.3489563811008855,0.004168665743859117,-0.27724204318433804,-0.37526831554840534,-0.070756675733284,0.40111129436997245,0.7223951132783991,-0.8991820536071244,0.29944509349570414,-0.5076668787543759,-0.4353642025778281,0.0682870804205793,-0.0006134473811060597,-0.2052207703372377,-0.09521772035261036,0.3686300090888404
0.9299385497544789,1.0,0.7816431735580891,0.8635584992782164,0.8635528639378923,0.8976414273744842,0.9287733853457689,0.9637788708506749,0.9217452448527315,0.9153148198941108,0.8399332177412888,0.8174110900177568,0.8821172541238728,0.8729344667301047,0.927802404366274,0.808071228658739,0.8861980501817119,0.6108266321928488,0.8255683160137005,0.8018919288258927,0.673634986156181,0.7750098475344629,0.7612080694382668,0.7572630175177842,0.7614361281688429,0.8702132229656304,0.9132611438958447,0.917276179019456,0.965891872904173,0.9370430490125919,0.8373892083180021,0.801993104355381,0.9532358681236257,0.9615215729902697,0.9305537291125642,0.913127759642079,0.9519417780315764,0.9417112443206886,0.9354441706973168,0.7258608302078885,0.8984595945958486,0.9426292397447541,0.916612479648519,0.808474636889767,0.8345956882064378,0.6966581802299634,0.8600023838563167,0.5402282424234196,0.30540752279307853,-0.9629660781974274,0.22128737848133256,-0.5602211536394486,-0.542569833638107,-0.28531066662649684,0.006944566473177939,-0.20657416802646664,-0.26133983607926503,0.016656839065929376,0.42066274996358993,0.6506525160284717,-0.9411379387962212,0.2907459039097998,-0.4735715421552847,-0.5060257214238887,0.05284592574393425,0.019422141303669642,-0.1730102041083184,-0.045436957539141114,0.39508896190653114
0.8048060802697817,0.7816431735580891,1.0,0.9264817662492925,0.6645964128468707,0.6961785250811108,0.8894757390662347,0.7941486188201619,0.7248831284203288,0.6351707296211779,0.8667998257587073,0.811714938254644,0.7024284557515278,0.8348268045881214,0.8114508365112854,0.6844760259206641,0.8745235552297991,0.8584735223607013,0.6466096092158484,0.6721673959883722,0.5032762539176937,0.5202297002226639,0.5112217815455443,0.49974143066451254,0.5307728056065397,0.906274144949882,0.8269046170868408,0.8428938213299222,0.8356385420894721,0.828243721902143,0.7717859475171346,0.4742825894254097,0.7825207851801042,0.8022780053174396,0.8007753704458628,0.689449524740919,0.780302525691874,0.806113481223237,0.7416339076335798,0.4465467482072759,0.6617951930431477,0.6340260729421984,0.6891538006098247,0.47861096926528496,0.6902120700623849,0.39021229583631745,0.7436467181900966,0.20257288158936906,0.5895126490976371,-0.7761083199213779,0.2929646276763282,-0.5857344748765535,-0.4304658421809422,-0.36593214884649305,-0.024475364145035823,-0.4345358302922129,-0.40958442641139825,-0.24158976919645744,0.2383203582574563,0.5363556448129984,-0.8604821608455203,0.2642067171271666,-0.5852641167471795,-0.512716521146881,-0.29332594650484284,-0.12035684402438983,-0.25557503395088516,-0.35781348421693737,0.17514131424438392
0.887154476224141,0.8635584992782164,0.9264817662492925,1.0,0.7587671960465033,0.8070800824689303,0.9154914239214997,0.8596713051137365,0.8255080503092018,0.749170723757206,0.8474924214487356,0.8401079668612655,0.7908309723508959,0.8296622376126263,0.869440356061583,0.7746715117695127,0.881853705504454,0.8105275285423603,0.7376690492677189,0.740531300969552,0.6402872677472123,0.6448678353332619,0.6039658967583498,0.6210261635238968,0.5821784194169654,0.9062430871512065,0.8732860154712218,0.8677793338819597,0.8881780357395139,0.8680388382530816,0.812691325342706,0.599366435906291,0.8418410237051168,0.8621080239674012,0.855347045160838,0.7831153766547451,0.8604923751203806,0.8576431107090634,0.8157393993829385,0.5650696398498504,0.7476691854899613,0.746198376225557,0.7651481228294739,0.6028784436506478,0.7608568844567295,0.5099602103765151,0.7876825978025376,0.3404195470240472,0.4707275066429218,-0.8742452639291783,0.243741736179918,-0.5977164306350442,-0.4504307739683384,-0.4077803669216337,-0.023049536104448744,-0.38925077321721196,-0.4089448897019702,-0.1910093571182663,0.3164406029997412,0.6274441714911609,-0.8889463402007833,0.3001653158636167,-0.5273660891101111,-0.46799055607656115,-0.16973487084053276,-0.06852714980961018,-0.24879399380035017,-0.2685751061679691,0.23027672875141508
0.867782885007092,0.8635528639378923,0.6645964128468707,0.7587671960465033,1.0,0.9072790009405464,0.7878930092509336,0.8513827846038775,0.7957246206437213,0.8494853280248659,0.6832961545726979,0.7723612101444101,0.8428968814020488,0.7550068409757094,0.7882430429298539,0.6556087956631109,0.7272685538833565,0.4330593417545989,0.7508514146649454,0.7581222833513863,0.680577990647412,0.6766579385441284,0.671564307792248,0.656833142357104,0.6786963152971417,0.7227412205188516,0.7836178537406663,0.8084034477562766,0.839987280944971,0.830840136767079,0.7142022669563588,0.7136727128973387,0.8671877958757565,0.8297644904897848,0.784110338087065,0.7701652987824336,0.8321534805422852,0.8111823291096701,0.8036857928746247,0.6271676468448324,0.7825243745597081,0.8200772494480278,0.7975638019682428,0.73992508627699,0.7715060022963476,0.6331925916056731,0.6979163348605181,0.4684941683185834,0.07829125201344486,-0.8538510851892038,0.18912396284670877,-0.39277455050342347,-0.36852419914485446,-0.2883507572397822,0.012511252870211874,-0.12473411518054803,-0.29675704264322933,0.007918546530588442,0.36550222799365467,0.681444761479923,-0.7956432520389939,0.2794023297685339,-0.36685978218092025,-0.3466766443262395,0.13951316880494938,0.06981361585191169,-0.17506793913810575,0.031462805486099095,0.3693226213292136
0.8821140953290046,0.8976414273744842,0.6961785250811108,0.8070800824689303,0.9072790009405464,1.0,0.8224946767959612,0.8817239033567909,0.8450745518609075,0.8871158006566309,0.722521382784523,0.7754678048772317,0.8225524374813499,0.783559750544026,0.8375626219649274,0.6937743229123393,0.7598998364915904,0.5107618494502854,0.8189598725353223,0.8339314687865569,0.6944521306996235,0.6909602672283034,0.7135968186169098,0.7043313994891518,0.6635643847058134,0.7719201342931015,0.8241836671137922,0.8380428541363646,0.8778984669739771,0.8493723963952764,0.7471041755755904,0.7387591336032215,0.8881892653462276,0.8680646893622213,0.8222899783412867,0.7997261087692114,0.8734572498928168,0.8349678972296196,0.8494892016660126,0.6431679490952733,0.8337839687430499,0.8467540695789422,0.8226233073886968,0.7952804797289631,0.8037712585572684,0.6987789147249437,0.7082482173342869,0.4891016391806761,0.20752287098791172,-0.8847479811071246,0.142754370655927,-0.4665703376124308,-0.3963234966956351,-0.29380119503543906,0.01999049934051022,-0.14525367293921482,-0.3086962961552259,-0.011057548066056515,0.36884140129601295,0.6184414785870165,-0.84180055191859,0.2573136237027303,-0.3771439956991124,-0.3627960435145717,0.06292894209603773,0.05628219047206727,-0.21332710576422637,-0.032652572942420854,0.34295905168848895
0.8910305832259772,0.9287733853457689,0.8894757390662347,0.9154914239214997,0.7878930092509336,0.8224946767959612,1.0,0.9225696643428439,0.8850165533623631,0.8344918489502868,0.8908681207446043,0.8261324658517964,0.8304468024381343,0.879260555588602,0.9061773853961388,0.8101354063271992,0.9638647950123578,0.781131759019238,0.7557567896212638,0.7690558512367662,0.5861097803829111,0.7367543763510659,0.7126609492408627,0.6981348063601808,0.7089931791101961,0.951213414828762,0.9212883058975163,0.8998994392839085,0.9399815316098454,0.9214793825495903,0.8389420385721,0.7203173934909034,0.896590206383023,0.9318245210468776,0.9227287362447923,0.8674516086885273,0.9056292099622066,0.9239187327680304,0.9023739970906834,0.6557826444893975,0.8189594004625135,0.8544309673037587,0.8722153492829672,0.7026632828482129,0.8257551228215837,0.6157782301024892,0.8494357661928108,0.46121352537139776,0.46332237170254564,-0.9149287932914458,0.2450860757542183,-0.5917932758384682,-0.5525718502550778,-0.3353328947434076,-0.02959735284860655,-0.2824173736110233,-0.32423664053042645,-0.08109740971501897,0.3444864427674728,0.6148075571315891,-0.9475298242026955,0.28094749053195894,-0.5483342260852176,-0.5660618464610824,-0.09392792248070882,-0.05985148198992882,-0.16375524479421763,-0.18338578041624642,0.29885866179448284
0.9288722488805712,0.9637788708506749,0.7941486188201619,0.8596713051137365,0.8513827846038775,0.8817239033567909,0.9225696643428439,1.0,0.917244223716584,0.9122190440220795,0.8774464115923712,0.8470604552015131,0.8844299423980767,0.8843524824715697,0.9199850108853982,0.7985531465177632,0.8853265155285733,0.6338559021074838,0.7979385160093753,0.7751293160537465,0.6961542755553339,0.7770438849453862,0.7805421770718481,0.7378641248221222,0.7827334341342975,0.8632977020671914,0.9157300361012038,0.9157320805241782,0.9531246502024733,0.9463126983436202,0.8452065225588377,0.7811856485864699,0.9483861530965397,0.9617198941024123,0.9326860838217789,0.8969139370885627,0.9352350906106603,0.9418565561444904,0.9341896572916445,0.7143632097571793,0.8503249089793727,0.9043819018556091,0.9092151995747103,0.8001277509691808,0.813034686309495,0.6547930712912398,0.8539320561716256,0.5255680704730858,0.3119752679031993,-0.9521196056830106,0.20520121434943228,-0.5688047805169757,-0.5432626958716972,-0.3106624456925528,-0.02693587124223943,-0.18326570721343005,-0.2557923725979908,0.025385252014477628,0.38651316064405017,0.6557167556339031,-0.9400237679164702,0.2757387976496682,-0.5120534660260725,-0.5238554897150856,0.010126832433848623,-0.0049718286099313625,-0.14203329500957057,-0.028191870166690496,0.3766688682180286
0.885618896772887,0.9217452448527315,0.7248831284203288,0.8255080503092018,0.7957246206437213,0.8450745518609075,0.8850165533623631,0.917244223716584,1.0,0.8979888994498422,0.8126747099902769,0.7935867822646194,0.8552896758103974,0.828375009954833,0.872000099688059,0.7983261646015576,0.860329547988244,0.6017634305384256,0.7654482409960991,0.7647415557864377,0.6842535718829628,0.7832791133319237,0.75979734431313,0.7448419896582161,0.7373937097908804,0.818235208189751,0.893292507300242,0.8569468719725009,0.9011031993232019,0.886491490934386,0.8033014874408898,0.7954691921130198,0.8953603684967523,0.9041521460480877,0.9105064102323939,0.8794641483066545,0.8866779844588131,0.8860841394260001,0.9101676747399529,0.7082502647680327,0.8252050077805309,0.8893066647689956,0.8759900408192208,0.7719205662351198,0.7999219668808879,0.6754904117772523,0.8065645089935726,0.5490664394023091,0.27934411331027187,-0.9216107517704746,0.18211205332544503,-0.5566072460033437,-0.5564330587005947,-0.34142173584957264,-0.022204490268433977,-0.14679632100548268,-0.26100913796972763,0.025426766998158712,0.38639053784826916,0.6229645794060622,-0.8914652930896917,0.28492121120078673,-0.4675033169279368,-0.5105353177988905,0.01833970808298359,0.002568454908447979,-0.11444398394959239,-0.04404547198414504,0.3503753935660555
0.8691072466370472,0.9153148198941108,0.6351707296211779,0.749170723757206,0.8494853280248659,0.8871158006566309,0.8344918489502868,0.9122190440220795,0.8979888994498422,1.0,0.7670761076957626,0.7559001536343902,0.8684126630268908,0.784510983835398,0.8227617768354718,0.7293746751978034,0.7986475996229012,0.4794763363796315,0.7742785692421118,0.7668502434992076,0.718371246837753,0.7898558490556058,0.7873593724473262,0.7596288593973949,0.7310909210766169,0.7644861903344183,0.8346617469594638,0.8427967279004612,0.881417228738252,0.876246551676222,0.7903476512420596,0.8365303240205199,0.8865922717944849,0.8823686830801563,0.8761023168855779,0.8878573389461439,0.8640838759107389,0.8535610575840378,0.8992096191704799,0.744554143371966,0.8309738236308366,0.9153238680704265,0.9010926315063125,0.8213787001389894,0.8260373495969398,0.7448018164855338,0.7741922713274308,0.627396335593918,0.15992766236214265,-0.906730063537628,0.1120019830857783,-0.49487358430625467,-0.5281201957337052,-0.28049985446550857,-0.002302513162030489,-0.08960709195523227,-0.23496650933800994,0.10606948823225168,0.4011340395859126,0.6409738982034274,-0.857681893391377,0.23424213772412525,-0.40100687117210737,-0.4639285344716396,0.1339494333369619,0.06805694012355902,-0.14455663375281588,0.03532701651070525,0.4166220309722479
0.8230748116630656,0.8399332177412888,0.8667998257587073,0.8474924214487356,0.6832961545726979,0.722521382784523,0.8908681207446043,0.8774464115923712,0.8126747099902769,0.7670761076957626,1.0,0.7752207021387781,0.7999821933173726,0.8498669857481213,0.8396145794882633,0.7520916312104726,0.878762602925399,0.7492152777807892,0.6843263042005165,0.675381755268882,0.5816880720131977,0.7037326605797116,0.6759779803923813,0.6257085489761186,0.7164885596962824,0.87918534693928,0.8909010347620888,0.876419662300107,0.8746430504404682,0.9000090365366517,0.8513124934224453,0.6363258985002446,0.8308986656612115,0.8580202338610813,0.8913978122304721,0.7927910444152185,0.8143513250946572,0.8652763724801773,0.8571704507227493,0.5739630102115306,0.7089781548953188,0.7453475080607359,0.8066234325554235,0.6137885931134385,0.7509760653841204,0.5214378968670667,0.8000146282713732,0.374783492041069,0.4994412911829795,-0.8395179515342458,0.24994328402640006,-0.5503440537288131,-0.5559617044726499,-0.40117919474795677,-0.02704734775773674,-0.22423753575144834,-0.36563163592226056,-0.10573157450454491,0.28532242360305954,0.5478154021919562,-0.8970770012293064,0.2803412117199995,-0.5517248195965242,-0.5809010279302819,-0.22598455678779694,-0.054000110860436115,-0.1515178868301714,-0.23400221950376832,0.19420578405383865
0.8729762043519004,0.8174110900177568,0.811714938254644,0.8401079668612655,0.7723612101444101,0.7754678048772317,0.8261324658517964,0.8470604552015131,0.7935867822646194,0.7559001536343902,0.7752207021387781,1.0,0.7814241752097235,0.8475261586730608,0.8208540365042696,0.6776586080417055,0.7868435030997739,0.6501859011107513,0.6077763984045688,0.6170928372021103,0.7459619545744697,0.5634354865461537,0.6208487374500199,0.5943748384169387,0.6589252281521596,0.7802412880380452,0.8318696477763353,0.8254814111372408,0.8262734808660136,0.8547641443431326,0.7609086373881699,0.5997066846411279,0.8628517116188315,0.8269852939284335,0.8013744782501547,0.760757078258066,0.8145724530472844,0.8361263573964712,0.7901209419797534,0.5673031704115805,0.6552302469572255,0.7098729381168024,0.7311568306426078,0.5919084782789571,0.7028718542342326,0.47131364578958007,0.760197742465573,0.3862253094472376,0.3399169842805039,-0.8232365679577485,0.22616571344576916,-0.5403261075280301,-0.40459023094144414,-0.29608545396247554,-0.03764291994251593,-0.2522864912191831,-0.28184402958485794,-0.09076668349982159,0.3014453527515712,0.5829888079884122,-0.8535283063149398,0.24136495004017683,-0.5595826673399062,-0.46613696012055406,-0.1023554778777517,-0.07637724023843796,-0.1593974793584961,-0.15010350951003187,0.2934916745768755
0.8761727208017381,0.8821172541238728,0.7024284557515278,0.7908309723508959,0.8428968814020488,0.8225524374813499,0.8304468024381343,0.8844299423980767,0.8552896758103974,0.8684126630268908,0.7999821933173726,0.7814241752097235,1.0,0.7741565607193736,0.8173185826272593,0.7610992692999792,0.795329775910785,0.49247573049717025,0.7414516037632711,0.6759227304574067,0.7642628823407901,0.7946734771687488,0.6446721120639703,0.6801866092875616,0.7764363065506711,0.7752925060027335,0.8648710481307208,0.8441467601456288,0.881430819773389,0.9033767108676901,0.870583220784149,0.7577807164056309,0.8628177164859557,0.8611318316138055,0.8801157929600677,0.8476265532052462,0.8312855756969442,0.8674560804924197,0.8691965110673792,0.6477707024191055,0.7738485118878731,0.8646516054662367,0.8687518630087877,0.7259736764821095,0.784433962345293,0.6301581400156036,0.833721182118902,0.4739709296981828,0.12337555541240855,-0.8963486425319115,0.1011761033187094,-0.47771381698021764,-0.4842250607511957,-0.37325547770391426,0.003190968493380195,-0.11595279491617823,-0.33585416851359035,-0.002452318361907236,0.3121858373476419,0.7167107315504819,-0.8417816273817647,0.24686673322264616,-0.4277521632768972,-0.4541322271714366,0.08958963601326032,0.028318972989394394,-0.11217238038822785,-0.01821003592314398,0.2888720478984605
0.8490952482739456,0.8729344667301047,0.8348268045881214,0.8296622376126263,0.7550068409757094,0.783559750544026,0.879260555588602,0.8843524824715697,0.828375009954833,0.784510983835398,0.8498669857481213,0.8475261586730608,0.7741565607193736,1.0,0.8823338116329376,0.7185592318334169,0.8450228082339586,0.6685851293539588,0.6992613783877982,0.7116550008599735,0.5873439837057048,0.5995035380066467,0.6623165660058581,0.6481087229703938,0.7313109335927804,0.8562581764144616,0.8817068125619979,0.8668293407410568,0.8854065023151305,0.8921501982840674,0.774609235173415,0.6764777498861265,0.897867085921544,0.8988995971096553,0.8560895784524329,0.8155186877581779,0.8451207178685546,0.900209577212258,0.8494359592980657,0.6234628961780764,0.7560466809240052,0.7876791211658593,0.7996137715036047,0.662004234572158,0.7536008380750722,0.5558988674095535,0.7978625422887226,0.43328418614338066,0.45966963846420766,-0.8435599137327641,0.30460321493021253,-0.5692507876935435,-0.49476502598180316,-0.2587111299155384,0.009946832940023081,-0.2148225419183934,-0.23106479649984696,-0.07899438477373004,0.32597842918407266,0.4907043258334178,-0.9248530415019052,0.2991417520712671,-0.6038373759180367,-0.5558923783786769,-0.18991426166868583,-0.04310777830356177,-0.17012149504378163,-0.2172890035355459,0.2846572641576135
0.8983545431013334,0.927802404366274,0.8114508365112854,0.869440356061583,0.7882430429298539,0.8375626219649274,0.9061773853961388,0.9199850108853982,0.872000099688059,0.8227617768354718,0.8396145794882633,0.8208540365042696,0.8173185826272593,0.8823338116329376,1.0,0.814021475270755,0.8690292778882928,0.6655541103178073,0.7763766826865159,0.7424651389548251,0.6242237818635936,0.7174219022362337,0.7197515264103852,0.6890698172430755,0.7331006034339491,0.8649207253794974,0.9110922313447576,0.874454355714953,0.9294191376293954,0.9060380659241758,0.8054522764135348,0.7335165486186006,0.9185916226563948,0.9337489197137961,0.8921742904893042,0.8638728320767414,0.9260167807249392,0.9294182250266076,0.8842388683776246,0.678488651170447,0.8107005633900463,0.8608191550629192,0.8505343977286155,0.753287517027471,0.7934967252365772,0.6467105102801034,0.8318221693456201,0.4806283889628996,0.35785958019065706,-0.9274217940421535,0.2534486749774325,-0.6209148291435793,-0.5381252627533154,-0.3405951484636195,-0.03345741903293436,-0.25488013714259966,-0.2831336792866586,-0.07961228347794702,0.4030663915022823,0.6149847475183612,-0.916927722083803,0.261124513906969,-0.5403341108041859,-0.5163806376690735,-0.07340613846456538,-0.04412305307881049,-0.17374498289901008,-0.14215214423738504,0.3119459294303256
0.7373264106527481,0.808071228658739,0.6844760259206641,0.7746715117695127,0.6556087956631109,0.6937743229123393,0.8101354063271992,0.7985531465177632,0.7983261646015576,0.7293746751978034,0.7520916312104726,0.6776586080417055,0.7610992692999792,0.7185592318334169,0.814021475270755,1.0,0.7893447666579166,0.6672241441578993,0.7614686964979769,0.6258168851633973,0.5147634887374286,0.7695006727721438,0.6736804963207842,0.7098829733546157,0.677671371575314,0.7854684669504717,0.8217448029488165,0.7568510384325379,0.8140132865884354,0.8022987673932633,0.7349453860045286,0.6814898177189197,0.7777518747535053,0.8003088520702639,0.818604386544853,0.8327028719557418,0.7786430975785084,0.8365467664103472,0.79846195825775,0.688903772805561,0.7195128816114992,0.7789593116078333,0.7617516881861892,0.643973522038246,0.685025573668212,0.5880142606437881,0.7690577784028514,0.5512659772708194,0.3150139260070594,-0.8187020988997031,0.19433571726982085,-0.49908898616833824,-0.5314390889988573,-0.38208887080355863,-0.04588789578872675,-0.11968554891037478,-0.27387828841805995,-0.04981884257562047,0.3017493713444695,0.52926024674526,-0.8005878570318553,0.26493129075819555,-0.4148536305295339,-0.5056878355737096,-0.11624625680421667,-0.06685268907531451,-0.054813748123943004,-0.10388775223865744,0.2074309628264274
0.846011054116781,0.8861980501817119,0.8745235552297991,0.881853705504454,0.7272685538833565,0.7598998364915904,0.9638647950123578,0.8853265155285733,0.860329547988244,0.7986475996229012,0.878762602925399,0.7868435030997739,0.795329775910785,0.8450228082339586,0.8690292778882928,0.7893447666579166,1.0,0.796764929712352,0.717582465201906,0.7172151019343936,0.5377767861409735,0.715340508616491,0.6865881988974836,0.6600116599037503,0.6800907969845732,0.9329092386387219,0.8895391532674696,0.8605855018859193,0.8995744792803955,0.8881635911211018,0.820401227454997,0.6895898505759757,0.8508566468299548,0.8947102914695704,0.8998479883189885,0.8381812365719683,0.860853410554068,0.8897692057193058,0.8707381138008008,0.6278733157475507,0.764211362980207,0.8191373312100583,0.8564038574555364,0.6480905532170165,0.7807172832252153,0.5640055330882063,0.8363656293500504,0.4429363826168582,0.4805522252794197,-0.8728021420423201,0.22658488511115435,-0.5792266024435074,-0.544323545980404,-0.33464739166126906,-0.033358584128180074,-0.2885833727863921,-0.3043003231639506,-0.09496796519106498,0.32314023452002216,0.5864870393740019,-0.9183268813075277,0.2593494272294152,-0.548108846920926,-0.5771441874985417,-0.11185928502694242,-0.07382859625220975,-0.13451697356310469,-0.19692981768105486,0.2735351075380636
0.5912977625319329,0.6108266321928488,0.8584735223607013,0.8105275285423603,0.4330593417545989,0.5107618494502854,0.781131759019238,0.6338559021074838,0.6017634305384256,0.4794763363796315,0.7492152777807892,0.6501859011107513,0.49247573049717025,0.6685851293539588,0.6655541103178073,0.6672241441578993,0.796764929712352,1.0,0.5626895875527265,0.5297633777105972,0.2915046153472907,0.44197039330421006,0.48079954209438514,0.4234374771582878,0.3752470526949058,0.8283747767893224,0.6900457288186906,0.6495532214990964,0.6652868778287131,0.6501901747456049,0.5908562493090997,0.3314123791959598,0.5948480010619983,0.6404970102649532,0.6583326289294736,0.5727298352582628,0.6218018520936173,0.6570645915369806,0.6011032299707408,0.3652859753345733,0.4893409474944318,0.464327420628504,0.5518212257978647,0.3342678961881264,0.5425685055268654,0.282612533554829,0.6227431525405315,0.18328605960033673,0.7053169118300026,-0.6129182059240494,0.2537869632241125,-0.5652679225151698,-0.42876014232188125,-0.3388526542000144,-0.10224562469821222,-0.41394631177415475,-0.32429383057854394,-0.20048572846010193,0.18851332845292593,0.3807034289509679,-0.7177259432516018,0.20850227169850474,-0.5458986591221278,-0.5094103561231189,-0.38870521828843685,-0.17842131696198238,-0.17679332359094896,-0.33873310816604185,0.05623338772691402
0.7403307849966589,0.8255683160137005,0.6466096092158484,0.7376690492677189,0.7508514146649454,0.8189598725353223,0.7557567896212638,0.7979385160093753,0.7654482409960991,0.7742785692421118,0.6843263042005165,0.6077763984045688,0.7414516037632711,0.6992613783877982,0.7763766826865159,0.7614686964979769,0.717582465201906,0.5626895875527265,1.0,0.805687872447416,0.5184321563508308,0.6804244751742413,0.7365287581560238,0.6257513187888311,0.5463299884950703,0.7276692695427173,0.7452836335203972,0.737993142582982,0.8196808018713424,0.7662989448032802,0.6681717006459023,0.6203034203205318,0.787969103093495,0.789877556289406,0.7486759396798058,0.7530001259771262,0.7892445476415613,0.767874617810995,0.7740168668464407,0.6479381711107559,0.7965227274570016,0.7840713122504156,0.7632134912922572,0.675990556633789,0.6581474400041628,0.5977872313375903,0.6687731808921739,0.47040348769376034,0.2909901785228896,-0.7981918209796112,0.10340380634757314,-0.44962424504688275,-0.42145863226799896,-0.22889031477471794,-0.009104765732049451,-0.1443371557283018,-0.3069643475520576,0.11959565549326844,0.25118160864107547,0.4950949899155947,-0.770818516144589,0.17594475984465913,-0.3205552453456461,-0.40025601658713145,-0.006611692311897462,0.04583033597157085,-0.2614639387126502,0.029953944480140906,0.2523028630927934
0.7430662777278795,0.8018919288258927,0.6721673959883722,0.740531300969552,0.7581222833513863,0.8339314687865569,0.7690558512367662,0.7751293160537465,0.7647415557864377,0.7668502434992076,0.675381755268882,0.6170928372021103,0.6759227304574067,0.7116550008599735,0.7424651389548251,0.6258168851633973,0.7172151019343936,0.5297633777105972,0.805687872447416,1.0,0.4899708051006729,0.6255406191074757,0.6943028920221311,0.6110291837212202,0.4629294331772148,0.7338664532986386,0.7199298589797184,0.7394028389018825,0.7791388263688479,0.7261031249324156,0.6226512320255528,0.6494611135656599,0.7639253066987427,0.771738656888941,0.7288624095354177,0.6890270393508042,0.7692308988927198,0.7135370835058125,0.7522962440949816,0.5868283754683825,0.8264484152834256,0.7469199474226008,0.7338939903323208,0.7107975068525925,0.7072252349110706,0.6172092610959444,0.5549941289238901,0.4132507988334058,0.29514793080072593,-0.7779602511345319,0.17723147763812688,-0.4463833721454105,-0.4544286451556838,-0.23063469261378866,-0.003625479982993306,-0.15380488943750165,-0.34779181450287755,6.883251385822267e-06,0.2925308291192534,0.48616442497007173,-0.7542117708157967,0.23592745945442434,-0.35064520164626833,-0.38319865951880944,0.022673812789636958,0.05567008593145762,-0.2665576435231664,-0.0865663257361375,0.25841848407827855
0.7582062105417465,0.673634986156181,0.5032762539176937,0.6402872677472123,0.680577990647412,0.6944521306996235,0.5861097803829111,0.6961542755553339,0.6842535718829628,0.718371246837753,0.5816880720131977,0.7459619545744697,0.7642628823407901,0.5873439837057048,0.6242237818635936,0.5147634887374286,0.5377767861409735,0.2915046153472907,0.5184321563508308,0.4899708051006729,1.0,0.5773026588819683,0.5139048710372951,0.4924745317353184,0.579649624640999,0.5080963421331343,0.6642204652966675,0.6623915172737315,0.6564230068298794,0.7078744609186077,0.7403612729652611,0.5908548734434081,0.6670334784214682,0.6433988989726195,0.6695113784616102,0.6337877928396002,0.6328493206077448,0.6348661218689099,0.6489180898749121,0.5167363013474324,0.5524591835432597,0.6494700024736967,0.6391372803684933,0.5421199382883006,0.5751680810877606,0.4541069539699165,0.5843416147013307,0.38808928688858835,0.01611335483494349,-0.7278715947536087,-0.0010910827841640357,-0.36196325320765865,-0.31068108918066,-0.324989366740854,-0.02839816345907699,-0.08470262990966791,-0.3032183197459839,-0.07415915341235255,0.254819064825501,0.5929660348329344,-0.624181915052197,0.22932791036689537,-0.26321952560949635,-0.29492310189629106,0.14881755160003932,0.07017093665533167,-0.11386910907576167,-0.015376676081646128,0.2547843783664291
0.7156235477586033,0.7750098475344629,0.5202297002226639,0.6448678353332619,0.6766579385441284,0.6909602672283034,0.7367543763510659,0.7770438849453862,0.7832791133319237,0.7898558490556058,0.7037326605797116,0.5634354865461537,0.7946734771687488,0.5995035380066467,0.7174219022362337,0.7695006727721438,0.715340508616491,0.44197039330421006,0.6804244751742413,0.6255406191074757,0.5773026588819683,1.0,0.7859050955297588,0.745698491588552,0.699408778296567,0.6609718336154008,0.7653236965927699,0.7034363176075951,0.7505646226592485,0.7621552562398594,0.7429225690866119,0.8069030810665424,0.7214747106726782,0.7644290463093283,0.8000766526396104,0.8348193313288348,0.7308362757175553,0.7651425272728404,0.8279298495685701,0.7276562718895725,0.6923754050222022,0.7836545834723238,0.7965654532020718,0.6609060134510342,0.6766050078651009,0.5886052610629988,0.7107596443477445,0.6428534456458652,0.09837763360312071,-0.8081467396861475,0.03412382379189106,-0.44920432308062147,-0.5341208092445009,-0.36320064935174384,-0.04311580312390421,0.006177470881560051,-0.2894441809569207,0.0822989191261274,0.31196534217329885,0.5950923626225677,-0.7122593844960076,0.19125902079156654,-0.3094317753090347,-0.4261876231531407,0.11582857200624297,0.025769406269564046,-0.001905682455054525,0.05132819547642193,0.2228676273057854
0.669686395425389,0.7612080694382668,0.5112217815455443,0.6039658967583498,0.671564307792248,0.7135968186169098,0.7126609492408627,0.7805421770718481,0.75979734431313,0.7873593724473262,0.6759779803923813,0.6208487374500199,0.6446721120639703,0.6623165660058581,0.7197515264103852,0.6736804963207842,0.6865881988974836,0.48079954209438514,0.7365287581560238,0.6943028920221311,0.5139048710372951,0.7859050955297588,1.0,0.691721438201519,0.6368956327034075,0.6426589039682223,0.7066775397822903,0.6512870953220152,0.7239130729020054,0.728296158775138,0.6077623972558904,0.6945926530959362,0.7458707014754,0.7611042395156916,0.7309407489152789,0.77199340934586,0.7419884680481295,0.7294985479751356,0.8182170898649638,0.7473153759246943,0.6616939987546347,0.731336907503836,0.7600139945710765,0.653155054361257,0.627977426976512,0.577194238664388,0.6261988442295773,0.6680105255327204,0.24684888244339903,-0.7532998930148496,0.12404200297519835,-0.40355397169386853,-0.5174080111361031,-0.2208494990338509,-0.07053180900716217,-0.0071985321014615185,-0.13173266687057236,0.20486041176671374,0.28678472360841273,0.42936504206223486,-0.7280237858453256,0.1694452975239724,-0.3356290723120206,-0.49601836469792787,-0.002618537534190297,-0.016082580822111763,-0.07611001748868192,0.12426905335794794,0.3036079337317573
0.658221465498408,0.7572630175177842,0.49974143066451254,0.6210261635238968,0.656833142357104,0.7043313994891518,0.6981348063601808,0.7378641248221222,0.7448419896582161,0.7596288593973949,0.6257085489761186,0.5943748384169387,0.6801866092875616,0.6481087229703938,0.6890698172430755,0.7098829733546157,0.6600116599037503,0.4234374771582878,0.6257513187888311,0.6110291837212202,0.4924745317353184,0.745698491588552,0.691721438201519,1.0,0.6667468190337854,0.6675816125631988,0.7302039253830898,0.6859241509012118,0.7329589499069188,0.7168415933200218,0.6324930171170661,0.851090600616316,0.7574579950488256,0.7376319444853179,0.731576787803363,0.8603701215452573,0.7139719368008492,0.745280862064559,0.7753324117421472,0.775110884425378,0.7275458085779619,0.7745664375739062,0.7356265562844972,0.7140622223455219,0.6853515139868637,0.6536792270285725,0.6105729641164942,0.783425884685895,0.1322855064599711,-0.7609173860339387,0.063116001819068,-0.3615389550503907,-0.4353724276359271,-0.28594397964526674,0.020958415644996908,0.0818006489829656,-0.16665605236778502,0.027243836606707553,0.31009419412987155,0.4466209144513374,-0.7068243505246123,0.1611005154537415,-0.308292872429358,-0.3382027219198891,0.061772793149132345,0.06787260422237723,-0.03927569091013162,-0.05360740151915698,0.2501542426993718
0.722222504616985,0.7614361281688429,0.5307728056065397,0.5821784194169654,0.6786963152971417,0.6635643847058134,0.7089931791101961,0.7827334341342975,0.7373937097908804,0.7310909210766169,0.7164885596962824,0.6589252281521596,0.7764363065506711,0.7313109335927804,0.7331006034339491,0.677671371575314,0.6800907969845732,0.3752470526949058,0.5463299884950703,0.4629294331772148,0.579649624640999,0.699408778296567,0.6368956327034075,0.6667468190337854,1.0,0.6536769254176859,0.8086823946354368,0.6867117229191173,0.7489623377413018,0.8048210425815963,0.7186875038333181,0.7342486019609211,0.7828207662636572,0.7834534178691669,0.7944803907111164,0.7723589594971563,0.713011901554324,0.8152944740425073,0.8087725613130764,0.5956077678418343,0.6459704595727891,0.7695196773034066,0.7697249748820382,0.6849244257701866,0.6648159061752615,0.5690204010567276,0.7646018474314464,0.49079746421266884,0.144440761925001,-0.76117107515506,0.23412119509488674,-0.41794807817963237,-0.5501434863507065,-0.34491934746767056,0.037219805693428656,0.09199448942511665,-0.11788067104550198,0.00018357417963259996,0.28948858213402323,0.4894531121792854,-0.7690561851723602,0.31558261835761,-0.4833540625975087,-0.5307799986170136,-0.04315095268522513,0.031801738744129934,0.09953854250378404,-0.04756690529706545,0.18558069197789417
0.8204489974239592,0.8702132229656304,0.906274144949882,0.9062430871512065,0.7227412205188516,0.7719201342931015,0.951213414828762,0.8632977020671914,0.818235208189751,0.7644861903344183,0.87918534693928,0.7802412880380452,0.7752925060027335,0.8562581764144616,0.8649207253794974,0.7854684669504717,0.9329092386387219,0.8283747767893224,0.7276692695427173,0.7338664532986386,0.5080963421331343,0.6609718336154008,0.6426589039682223,0.6675816125631988,0.6536769254176859,1.0,0.8898581792982259,0.8601341689012058,0.8992339678542325,0.8794150105564176,0.8055503981605574,0.6480777206312461,0.8384020348736573,0.8785621091619,0.8768998966307352,0.8149093284764158,0.8475766100546369,0.8826197375612848,0.8452708471088015,0.5913251829970746,0.7837366324433448,0.7910775887672805,0.8277699991114784,0.6387157579306946,0.8011456080767136,0.5783443862997735,0.8033640284627684,0.39705929514070837,0.5366973893414715,-0.8585559849804036,0.2350261377612844,-0.5734830194098743,-0.5350709689301731,-0.35951460447594324,-0.03869330822438484,-0.2894016598162913,-0.3455899723588036,-0.13397522827731118,0.3254007444553399,0.5589145530932252,-0.9133791575452406,0.2682052474471439,-0.5395927215352972,-0.5593820303646375,-0.17391948822561795,-0.08219620743902685,-0.17182159122702068,-0.2607328709743546,0.21964500792688907
0.8911927824641781,0.9132611438958447,0.8269046170868408,0.8732860154712218,0.7836178537406663,0.8241836671137922,0.9212883058975163,0.9157300361012038,0.893292507300242,0.8346617469594638,0.8909010347620888,0.8318696477763353,0.8648710481307208,0.8817068125619979,0.9110922313447576,0.8217448029488165,0.8895391532674696,0.6900457288186906,0.7452836335203972,0.7199298589797184,0.6642204652966675,0.7653236965927699,0.7066775397822903,0.7302039253830898,0.8086823946354368,0.8898581792982259,1.0,0.8885614137911614,0.9269549361366295,0.9303782895018445,0.8512082152980364,0.7649650212427525,0.911361531253234,0.9229716082550263,0.9417876832824301,0.8777819387806542,0.8847998398415912,0.9304809772645003,0.9125844019729199,0.6560418913224391,0.8045894896103515,0.8490640254527796,0.8604233555487355,0.731877051084741,0.8169384262778578,0.6283712042323608,0.8489889638449323,0.4809634783446028,0.38552804824887954,-0.929334992254082,0.18408039462161307,-0.6314486661198568,-0.5941649899921388,-0.4472979713381548,0.01271141387019431,-0.14430619933723304,-0.37807416706550756,-0.11686811364162047,0.3452114700619685,0.6155094318176111,-0.9310309277226646,0.3048785312542228,-0.5789770989127626,-0.564909720354377,-0.13649364679167855,-0.022712182157698043,-0.09696656783627358,-0.22995186127849732,0.19799500684063037
0.9145454301617262,0.917276179019456,0.8428938213299222,0.8677793338819597,0.8084034477562766,0.8380428541363646,0.8998994392839085,0.9157320805241782,0.8569468719725009,0.8427967279004612,0.876419662300107,0.8254814111372408,0.8441467601456288,0.8668293407410568,0.874454355714953,0.7568510384325379,0.8605855018859193,0.6495532214990964,0.737993142582982,0.7394028389018825,0.6623915172737315,0.7034363176075951,0.6512870953220152,0.6859241509012118,0.6867117229191173,0.8601341689012058,0.8885614137911614,1.0,0.9407229392692719,0.9275263153428774,0.8587310529954836,0.7088162833952119,0.9114315953712107,0.8981300399309291,0.8977341459813698,0.845659364636035,0.8865211738470881,0.8926511543732168,0.8778713179245161,0.638141902725113,0.8342203493794942,0.8402923189117854,0.8374156248998724,0.7112829238222791,0.794750056199845,0.5994555500935759,0.8126356242433607,0.44117554110914853,0.3758595489183804,-0.9057578057109449,0.24523848809419477,-0.5446749977028337,-0.47553694440719774,-0.3038594502612853,-0.0072841687627037245,-0.26141294607935317,-0.3662613637886311,-0.06922426948925331,0.4224905492551059,0.6290588205477629,-0.9090545190773605,0.29157383775472023,-0.46625784180357893,-0.47019340882587435,-0.027620224095838815,0.005830144984506884,-0.21316261291019964,-0.16802789837549645,0.34642701488215677
0.9238494011524334,0.965891872904173,0.8356385420894721,0.8881780357395139,0.839987280944971,0.8778984669739771,0.9399815316098454,0.9531246502024733,0.9011031993232019,0.881417228738252,0.8746430504404682,0.8262734808660136,0.881430819773389,0.8854065023151305,0.9294191376293954,0.8140132865884354,0.8995744792803955,0.6652868778287131,0.8196808018713424,0.7791388263688479,0.6564230068298794,0.7505646226592485,0.7239130729020054,0.7329589499069188,0.7489623377413018,0.8992339678542325,0.9269549361366295,0.9407229392692719,1.0,0.9499098702174358,0.864384691120393,0.7633000520282617,0.9449059736242136,0.9500574430339234,0.9283918141851383,0.8981679810786504,0.937605033393086,0.946095114415031,0.9256026157677707,0.6919490791657784,0.8748525677736949,0.9045205879281593,0.9007898349097591,0.7679575629168035,0.8256922064006932,0.6667912275867068,0.862171707307642,0.49386271095895556,0.3759192799307704,-0.9481924549822758,0.23242798833215797,-0.5687091089320345,-0.5227989707549886,-0.30414826664841477,0.00015940537015664874,-0.2528072219076024,-0.3048102538338031,-0.020263695564611155,0.4037723453304929,0.638712392248078,-0.9478645299924473,0.28285337552426204,-0.48739923916817746,-0.5207322706045882,-0.017531992708467052,-0.013184893955936243,-0.18509736930333812,-0.09714999178584545,0.36036727125696644
0.914393283228784,0.9370430490125919,0.828243721902143,0.8680388382530816,0.830840136767079,0.8493723963952764,0.9214793825495903,0.9463126983436202,0.886491490934386,0.876246551676222,0.9000090365366517,0.8547641443431326,0.9033767108676901,0.8921501982840674,0.9060380659241758,0.8022987673932633,0.8881635911211018,0.6501901747456049,0.7662989448032802,0.7261031249324156,0.7078744609186077,0.7621552562398594,0.728296158775138,0.7168415933200218,0.8048210425815963,0.8794150105564176,0.9303782895018445,0.9275263153428774,0.9499098702174358,1.0,0.9072935858006865,0.7636853695954031,0.9297299824988532,0.938737784645184,0.9311975751486096,0.8925104030807676,0.901508655225351,0.9413792380507773,0.9269670903053236,0.6945644211535125,0.8095770600713154,0.8748530732436891,0.8875539832358074,0.7360132792169373,0.8299885474685164,0.6570152337003915,0.8663671219520831,0.49362455306489234,0.3508961403343971,-0.9303844469854634,0.22445649253212038,-0.5347488300836436,-0.5314060865060017,-0.34583998299376967,-0.010548010826107184,-0.2005846718148077,-0.3098271008954915,-0.06221278672913455,0.3785370824837374,0.6328238040960132,-0.9422961235012693,0.2860087551223371,-0.4964424005869486,-0.5360985082029482,-0.06784913005283966,-0.015599361951660333,-0.15392477652800626,-0.12933933799924147,0.3233888754703772
