0,1,2,3,4,5,6,7,8,9,10,11,12,13,14,15,16,17,18,19,20,21,22,23,24,25,26,27,28,29,30,31,32,33,34,35,36,37,38,39,40,41,42,43,44,45,46,47,48,49,50,51,52,53,54,55,56,57,58,59,60,61,62,63,64,65,66,67,68
1.0,0.8974088965596191,0.35664989637059014,0.523186813433024,0.9208455665551174,0.9240458548889494,0.675865892422877,0.825808422755255,0.8418640723667753,0.8201823507271876,0.7676114592568554,0.7576954918055071,0.797829346302066,0.7800151834481478,0.7693013187581142,0.7642510165773221,0.6470359406149737,0.46271692263382186,0.6817006226241096,0.6445053658707365,0.7233359138092598,0.5615577789568357,0.7435104536063382,0.7390909272386277,0.8680494883267842,0.6177244036674419,0.8594805497773977,0.9261650271221366,0.8969476476970937,0.7790717201461708,0.6720476379486187,0.5432986167591384,0.8521235486603936,0.8617227068034929,0.8397621129469854,0.8010890622355417,0.832781753925082,0.8622381428283489,0.8425942549519047,0.7606434053286134,0.8959810866384567,0.866424173356721,0.7181630488393361,0.7566900816048118,0.8125946392049263,0.7969417606255,0.7800744954093243,0.6117082391784963,0.52088136755204,-0.8364328315673046,0.2322714800035621,0.3944955961335783,0.29307450628268367,0.585222025976616,0.22419008411196417,0.11783178518771167,0.28927579452954877,0.4995799726584633,0.6188736686134695,0.4973367361152683,-0.8508419952396825,0.0788146413263711,0.40440074162747164,0.33207795926218525,0.5241158978813409,0.24616373188134477,0.3280650849510295,0.5512590309673022,0.5422201745165033
0.8974088965596191,1.0,0.3268814360900743,0.5080814851607011,0.9555892340556806,0.9344669239424946,0.7667719262463084,0.9384902880261862,0.9442896882817713,0.9501720713521041,0.8817327926318187,0.9111496834465136,0.9417717959208829,0.879905858049746,0.8311675984507965,0.9151825626427409,0.7661197092988339,0.6301570707259975,0.7760112400330936,0.781118996817776,0.8700159829427435,0.7543771932914959,0.9099392479371687,0.9042133449806272,0.9346394966477074,0.7256572545707725,0.9489781890736074,0.8610113336865273,0.9213350617342531,0.8942912237995628,0.8283902993670009,0.7300665895147078,0.9564705594579821,0.9597557200959513,0.9683688364813159,0.9512847934177047,0.9454612901807757,0.9674540823031506,0.9621875953607161,0.9084191687969638,0.9437389947016463,0.9532962864789897,0.8254109427972075,0.8691511868626454,0.907792176070781,0.8900873646859377,0.9062862290918116,0.8119352568329502,0.6675109139353653,-0.9281368465063873,0.2009743815391037,0.4924669272699102,0.11527095983138876,0.6212517429652425,0.2126033364447855,0.24045112511750244,0.4312538025476109,0.5736729877496604,0.7068280801262018,0.6222295548998527,-0.9439270448146886,0.07683604567896488,0.5477005229539964,0.15365945935009143,0.5652996076650331,0.25466376656866335,0.4516371396927284,0.6351494225296089,0.6101736102198713
0.35664989637059014,0.3268814360900743,1.0,0.9126230062625859,0.2743697002402068,0.41174416312891954,0.7826919048301083,0.12319907567470371,0.18716571658725542,0.24030193478730855,0.03114568747651886,0.05342728600323088,0.20246761564502536,0.2614350061206832,0.3493041310790566,0.19327879293731337,0.7354095776028708,0.7078585288440506,0.6877798179395078,0.6671734026599441,0.511079796294492,0.5732897493496663,0.20776930406958904,0.3401430462356956,0.11150726165371798,0.79764461586664,0.41164197792926693,0.5204744644390878,0.570687411994612,0.6146642124534342,0.6316906676414342,0.6087698250101088,0.16329745638309895,0.4046327191361022,0.3330581236399621,0.3003395567098004,0.3274197511087639,0.3827655428203009,0.3553510504299023,0.252818213970033,0.22753498972788097,0.3761129183365489,0.5236727807784666,0.06905368109533937,0.38462314242283235,0.19683635806378166,0.3770652452490106,0.2977150790346744,0.14451533611292233,-0.5339114196162995,-0.3321756801200146,-0.38976757516188115,-0.3245637244076848,-0.30865940933546304,-0.22045817781539237,-0.5631430407815248,-0.4989667555759863,-0.19421858062559005,-0.28723141857432005,-0.026920610082193683,-0.531189196073026,-0.4541598823551112,-0.32508650149002166,-0.1484923692387027,-0.3775367529719965,-0.31033010943125505,-0.5075968641664127,-0.1067150338914567,-0.2723455534176068
0.523186813433024,0.5080814851607011,0.9126230062625859,1.0,0.45893639066792646,0.6108355316456799,0.8676452785598733,0.30723912324564473,0.376010195238134,0.42341562952302964,0.20727584640829483,0.24080918394074835,0.37940735072176784,0.40171240427787297,0.48915947518371683,0.3730206929809429,0.8389072433514885,0.7624032924689301,0.8385900942654649,0.7911250099633885,0.6741049986490846,0.7006868232494604,0.3736738162357097,0.48671882423725304,0.278230770519089,0.8714227365035936,0.5714707805470206,0.6829947967399679,0.7302896371126039,0.7599445676014813,0.7689706481710235,0.7268904206700381,0.3446591700614206,0.5916388278029714,0.5010603985136194,0.47309070158748995,0.49185405910129226,0.5563716145001769,0.5196623405965848,0.4045181115504681,0.40738161372644344,0.5617848047992691,0.7014504420192579,0.26362512336169464,0.5535450695285793,0.3640592311389662,0.5587683870827193,0.4566724999908546,0.22348345591608218,-0.7101640254187063,-0.2960830529380233,-0.2859046719698539,-0.294123267373974,-0.21474985331408947,-0.23855468043609118,-0.5177035191574433,-0.39682334368417665,-0.12396996491116845,-0.13358233608887257,0.18140130829832152,-0.6804110892821812,-0.3693150492143441,-0.21216286496824033,-0.09545529805310017,-0.19815950450617933,-0.2194673970552109,-0.4248652548066122,-0.029746004699783276,-0.10473437607710462
0.9208455665551174,0.9555892340556806,0.2743697002402068,0.45893639066792646,1.0,0.9514103480530536,0.7018018390132161,0.905064841703263,0.9352210460304158,0.9193364257854388,0.8379129558841595,0.8722277710012055,0.8911583508203648,0.8193452982556586,0.7626931636244144,0.879875037722084,0.6938050174570047,0.5406688901898155,0.7072224346447585,0.711502472941995,0.8044398514667659,0.666430149739261,0.850947468239049,0.8366078703519259,0.924227862941821,0.652081057011297,0.897181403802844,0.8571148711985729,0.8864246289018861,0.8278679430586827,0.7547009582338209,0.6335039740461569,0.9302291209290819,0.9249138668135268,0.913741665519395,0.9051540897989012,0.9073563281094607,0.9224809974275464,0.9114104426511943,0.8570686996666265,0.940047745836431,0.9421616156007674,0.8111234665470162,0.8375745492478726,0.8513073760855178,0.8507765483593076,0.8685343366069047,0.7484433914538491,0.6640058150855379,-0.8705602787411374,0.2572845611270596,0.5337270927677635,0.20206906950981057,0.6534360080330907,0.15167589174971116,0.22946312540796843,0.4380684340991408,0.516219401519097,0.7124696770473318,0.5535078717318974,-0.9047397802400082,0.11567278882129842,0.5590844187941935,0.21303309815164204,0.6122242621003914,0.32340622234568417,0.4343952766969677,0.5798252689022022,0.6459018794614058
0.9240458548889494,0.9344669239424946,0.41174416312891954,0.6108355316456799,0.9514103480530536,1.0,0.7875750477617768,0.8458368302206382,0.8865039577413186,0.8791993489804572,0.7596415454958604,0.8007146098231506,0.8454640958949432,0.7963678004293944,0.785424281976639,0.8463345668695047,0.771906285618539,0.6056084432105081,0.8119906980789442,0.7958686662366222,0.8472546216147979,0.7249056099507066,0.8176273911098354,0.826926260870339,0.848028214920495,0.7291765052785159,0.9062013370397449,0.9077759848932822,0.9333630725233113,0.8817246013505733,0.8087778131199342,0.7093903455688259,0.8787929080077537,0.9308669937468363,0.8989774588730255,0.8791503323022014,0.8940111132211497,0.9214020066915644,0.9007568028243486,0.8326556605934006,0.8955451811291204,0.9408846336725455,0.8554317180553894,0.7821863882873208,0.855827120860486,0.8303444077183169,0.8800897375057024,0.7512418003466095,0.6186316664018497,-0.9045196053829527,0.13482379321638102,0.384624225265127,0.16221127486874976,0.5111085077706404,0.08473972336482999,0.0889319107882533,0.2731658960306409,0.4057209402608824,0.5666702460682295,0.5082033237435514,-0.9310793008969682,0.02466964025875816,0.409422712433844,0.17334870332272656,0.4785003953476657,0.24137796148474933,0.26880963771016314,0.4822713032393779,0.5193778922918044
0.675865892422877,0.7667719262463084,0.7826919048301083,0.8676452785598733,0.7018018390132161,0.7875750477617768,1.0,0.5914452026222243,0.6435614027578584,0.7082242270436399,0.49174032572711995,0.5518391281974869,0.6763580672069532,0.6568609757386168,0.6918947854331795,0.6610910202800334,0.9755602392743808,0.9166620316434055,0.945423031301091,0.9383961160543026,0.8700185595389457,0.8858793548970062,0.673966952800397,0.7625141587835822,0.5722176226379805,0.9629956109660399,0.8081362728335046,0.7958109166380648,0.892568844238572,0.9366422177979516,0.941565635768636,0.8898230814450002,0.6372133962515806,0.8107049369536995,0.7700098099316756,0.7460304510816852,0.7470113165764118,0.8006490336948979,0.7797010360993778,0.6932100870885866,0.6682370115903129,0.7927468564659527,0.8314584156130268,0.5253567524160424,0.76895778052004,0.6432321430800778,0.7636847270189514,0.7102037802115793,0.46326929738910755,-0.8884181580535158,-0.11549439419463925,0.010194149577988709,-0.18406746670208454,0.11047035485008375,-0.03953065049578521,-0.2536600991373639,-0.1178229383583562,0.15128232888511509,0.17423245435002102,0.3246581720267468,-0.8914336900952717,-0.2877445205660053,0.09236646356102506,-0.06878692727286692,0.035724155681971244,-0.07368833509093939,-0.10391207859654535,0.24005901336768948,0.1486179825385456
0.825808422755255,0.9384902880261862,0.12319907567470371,0.30723912324564473,0.905064841703263,0.8458368302206382,0.5914452026222243,1.0,0.9394844125790224,0.919882294376239,0.9629612191389281,0.9506105267636722,0.9251272871652261,0.8946425862361154,0.7985724258936515,0.9194649303716182,0.5948762329378217,0.4659123390271311,0.6170210618926215,0.6396255063377246,0.7782961071686113,0.6404439014820528,0.897437983497178,0.8572115132840196,0.9505065380888025,0.5546230040212168,0.8853749121517623,0.7306313008601198,0.7908714324960415,0.7740106821057661,0.6949015837409693,0.6114451184287667,0.9716805448570373,0.913821613880194,0.9363203563401112,0.923720191574435,0.9316407006815536,0.9212063892942064,0.9223081948280273,0.8925132845416252,0.8983982576981602,0.8797011152148939,0.7323117342974597,0.8940797822848959,0.8321703716932919,0.8674455196129263,0.8692351386264136,0.7641980373962164,0.6946845049310928,-0.8216922591146572,0.2370599263456345,0.6174930262616926,0.14904606535093098,0.7148246713092307,0.28005733971903446,0.459937581865536,0.6437842500448732,0.6833560642164186,0.8114785218468283,0.668122895685589,-0.8466316740648585,0.19899732171120255,0.6497603346537578,0.14724142739719698,0.6670783778656033,0.3515515915496416,0.642734956674636,0.7178326094537608,0.699401443821418
0.8418640723667753,0.9442896882817713,0.18716571658725542,0.376010195238134,0.9352210460304158,0.8865039577413186,0.6435614027578584,0.9394844125790224,1.0,0.9209050238775555,0.9005608739814532,0.938044773195437,0.9148270686585115,0.8407383249550356,0.7570132756019883,0.9244116340850546,0.6442037664525037,0.519143461493077,0.654590488938524,0.6723972394942063,0.7881576897171574,0.660347351055962,0.89282487706776,0.8573644040930312,0.941538659481296,0.615305708844195,0.8816506862338331,0.7577548840818896,0.8186987788373482,0.7973397394803594,0.7330355178205378,0.6186765864726164,0.9580354602721664,0.9179066542501831,0.9266636399544191,0.9353780986461008,0.9162986658714395,0.92210362779692,0.9237313275498931,0.8907399455230428,0.914420963981735,0.9077323211452784,0.802004637324583,0.8360249181949994,0.8161105824323511,0.8569084175935446,0.877414919019081,0.7851076416009094,0.7032297181321363,-0.8461232630452903,0.24469320277467613,0.6277558890735762,0.12205697969833919,0.6870530130863696,0.1397481546933931,0.3319574531317929,0.582687759828756,0.5707847277256685,0.793039687462784,0.6404302596883981,-0.8744416353995836,0.198446328926674,0.6513198338801779,0.15556656141228956,0.6647809787819915,0.39381946558805236,0.5458632586225773,0.6154461107712587,0.7156835420040432
0.8201823507271876,0.9501720713521041,0.24030193478730855,0.42341562952302964,0.9193364257854388,0.8791993489804572,0.7082242270436399,0.919882294376239,0.9209050238775555,1.0,0.8675475979223581,0.91795415987234,0.9540034536515952,0.8330569353088849,0.7212665155259192,0.9123735584866046,0.7202896542196185,0.5973293489406246,0.7227163224990804,0.7402881628280329,0.8538033784519573,0.7406037346675937,0.9070422737408785,0.8922167013891142,0.8970412683119658,0.6813820752634739,0.8865920037005696,0.7995395219413614,0.8538160146280823,0.8363957666904078,0.7909789969709514,0.6976903803248742,0.929184282496526,0.913870289166751,0.9349825054378086,0.9432592165696511,0.9232795791259837,0.9222911660570857,0.918263354368967,0.8841020372026398,0.9300624143644305,0.9457081662659476,0.7981801466408706,0.8513345707292199,0.8408806212465482,0.8331308072836507,0.8978289877270165,0.8239460999230519,0.674509799353141,-0.8775126039185517,0.2591656535476844,0.5102948478128522,0.06316220342573435,0.6428716256171305,0.19225032425881713,0.3096946445864566,0.4971123073126961,0.5818820332530079,0.7219076168348473,0.6153343123286552,-0.8951505827744466,0.15092082779845722,0.5838824465436122,0.024635744847722733,0.5971480969227123,0.2163732630508206,0.5213525189488101,0.6160833792999427,0.635927387341561
0.7676114592568554,0.8817327926318187,0.03114568747651886,0.20727584640829483,0.8379129558841595,0.7596415454958604,0.49174032572711995,0.9629612191389281,0.9005608739814532,0.8675475979223581,1.0,0.9329254984446815,0.8885312981566621,0.8825120454611378,0.7700374011623633,0.8760744035339717,0.5048340785082134,0.384557219531467,0.5127087820014277,0.5385170792891119,0.7082646176734178,0.5622427986586189,0.8652804882337168,0.8094855949038783,0.9214627883052138,0.4600519564171222,0.8203483625972163,0.6600221378744271,0.7087872290001314,0.691298026941208,0.6101802762108682,0.5236709500485933,0.9314409097762077,0.851838043871921,0.8904434806595068,0.8737139313401382,0.8825794217203605,0.8627440006927592,0.8791486261176057,0.8578781157820738,0.8510238266598421,0.8104184051772843,0.6585361236486102,0.8457297538826674,0.7697618928229076,0.829239575848197,0.8086802570804094,0.709055238324667,0.635171050948279,-0.7559163071943521,0.2612347245827451,0.6408367480554145,0.15730203608333904,0.7187927804668827,0.3269768413677818,0.5230575300976732,0.6976164748292648,0.7508300815078901,0.8324469666777574,0.6967146357261944,-0.7644164458777906,0.2730305449956573,0.6666657206969893,0.16848329701124365,0.6889172489450459,0.3563138310885022,0.7193639922184081,0.7352866900050891,0.7075085595289886
0.7576954918055071,0.9111496834465136,0.05342728600323088,0.24080918394074835,0.8722277710012055,0.8007146098231506,0.5518391281974869,0.9506105267636722,0.938044773195437,0.91795415987234,0.9329254984446815,1.0,0.9453590892895634,0.8399991415577239,0.7478910536362087,0.9459600910139648,0.5670505943762506,0.4586166639786848,0.5792393461972701,0.6066092485888973,0.765885691441439,0.633779099136215,0.9251824022419866,0.8676170073382385,0.9269357437847391,0.5244774146843812,0.8460027776866771,0.6704814260206928,0.7460242976930619,0.7392143501081194,0.6772993716588531,0.5916503837693194,0.9435348557886949,0.8720403955325509,0.9212588347764424,0.9351357578524052,0.894568165438519,0.901025433439851,0.90389047888676,0.9122782626270749,0.8697440450347144,0.8480862736653533,0.6940949469303209,0.8684569733250649,0.7911227653575993,0.8602001144886585,0.8469051816834989,0.8071279419329104,0.6840738641517922,-0.7992133872932753,0.26079619909963264,0.6607252935036508,0.12754286878883495,0.712441122790508,0.2571212120679785,0.48494741149262716,0.6884090401167859,0.6498533224788329,0.828341010218782,0.7221076212264556,-0.8081995165055849,0.2416577533340941,0.7161794967442094,0.13180797416139747,0.690739535195333,0.3479763764328766,0.6835951354390591,0.6914701287384097,0.7109652442981866
0.797829346302066,0.9417717959208829,0.20246761564502536,0.37940735072176784,0.8911583508203648,0.8454640958949432,0.6763580672069532,0.9251272871652261,0.9148270686585115,0.9540034536515952,0.8885312981566621,0.9453590892895634,1.0,0.8779525498945554,0.7944799522811575,0.9319978793265941,0.6909293140510576,0.5768413283704442,0.6919491947812505,0.7336985818332796,0.8605470963080996,0.7549472698603449,0.961045509416896,0.9396784080917508,0.9060762853747572,0.643480136025902,0.9008594905004018,0.752950228995464,0.8293060948136354,0.8313381258595879,0.7748152972211917,0.7055199170158039,0.9336686669326131,0.9093150100452474,0.9490978619424355,0.9565715968453852,0.9182877376501951,0.9323788462126592,0.9423106475175081,0.9320842897374454,0.8852457091730845,0.8965958528629797,0.7576841678653863,0.8454860212859938,0.8592621452499646,0.8949168877811314,0.8999823097276823,0.8694525772633978,0.6512043745832992,-0.8738890139961808,0.20916751193141078,0.5573778131086368,0.10940705593347841,0.64349417053089,0.3085492019127316,0.3594663895539976,0.5202263778544185,0.6078045441111319,0.725513846409097,0.6712463267520632,-0.8759833380012773,0.15362443041138063,0.6138719447586546,0.07471438184445603,0.5876614934208163,0.2709881076151195,0.5657268879522178,0.65222597484082,0.6291937897350061
0.7800151834481478,0.879905858049746,0.2614350061206832,0.40171240427787297,0.8193452982556586,0.7963678004293944,0.6568609757386168,0.8946425862361154,0.8407383249550356,0.8330569353088849,0.8825120454611378,0.8399991415577239,0.8779525498945554,1.0,0.8862197658268217,0.8303346920266723,0.6581155868741575,0.5521663715599945,0.650384488181386,0.7085271540430459,0.8127515331481571,0.717846641333776,0.8800441506863634,0.8686550295577786,0.8525732602972882,0.6067224438965554,0.8919586902300097,0.7213333705743116,0.7925512995364755,0.8066701538437804,0.7294351913135642,0.6810421210428168,0.8885568448189716,0.8823136690737983,0.9028413754085293,0.863160303639315,0.920726622233282,0.8937078116406917,0.9167884394239451,0.875907106346439,0.7942708402626282,0.8118582981504426,0.7117351385231749,0.7405708724107389,0.8102062198205157,0.8623130244035095,0.8529602729836727,0.7689991668434351,0.5956898258077684,-0.8237679092640593,0.09745040794700624,0.4921198582455537,0.14812288191131337,0.5801070550559904,0.3964750240984338,0.3672800527049431,0.43337402544167464,0.6407481422763169,0.6442499790527276,0.5935566998273418,-0.8387742271206406,0.06259816671821924,0.49960274759200785,0.10942527718258502,0.5006058158633173,0.28811113361849244,0.4971153672423531,0.6917278033416863,0.5644928769925361
0.7693013187581142,0.8311675984507965,0.3493041310790566,0.48915947518371683,0.7626931636244144,0.785424281976639,0.6918947854331795,0.7985724258936515,0.7570132756019883,0.7212665155259192,0.7700374011623633,0.7478910536362087,0.7944799522811575,0.8862197658268217,1.0,0.7721624379676446,0.6849636056484337,0.5726584439249774,0.6996778772887556,0.7275919776958338,0.7878739211081127,0.711017455765127,0.8220875653068993,0.8285848017754183,0.78335555220575,0.6197326719046596,0.8941357134639146,0.7268264774681445,0.807494913634472,0.8207356770341541,0.7313530968252987,0.6958193110781203,0.8165435821815381,0.8535315105113025,0.8517038638955126,0.7931864384254524,0.8263085789541127,0.8790891875079401,0.8775459353090111,0.8259134946943347,0.7103001186569663,0.7371511427619083,0.6720961840485777,0.7095453443623086,0.8413466918315913,0.8917708022786248,0.79012625141982,0.7244218487862553,0.5030934967348911,-0.8234935757314037,-0.03639723108704977,0.4012852148044089,0.19626958103793568,0.4443523351849715,0.3948495703094318,0.19043358575209632,0.2510174267489213,0.48894673578814746,0.503439730996472,0.5449553477298843,-0.8199977066046182,-0.013772211107381877,0.3865239660305043,0.258054742648681,0.36142632531731034,0.2698925444286335,0.325638091998476,0.5972863465850817,0.4153079300779969
0.7642510165773221,0.9151825626427409,0.19327879293731337,0.3730206929809429,0.879875037722084,0.8463345668695047,0.6610910202800334,0.9194649303716182,0.9244116340850546,0.9123735584866046,0.8760744035339717,0.9459600910139648,0.9319978793265941,0.8303346920266723,0.7721624379676446,1.0,0.6651013225860744,0.570441943438327,0.6858991220444336,0.7155952154518038,0.8159642267546223,0.7267259383204185,0.940058417239675,0.9051894668662309,0.8840051133640918,0.6330706052317782,0.8688277502499202,0.7113804355069744,0.8014965377360004,0.8104775142419575,0.7590582970046126,0.6858462374558312,0.9225524468507584,0.9141238533750058,0.9390988665218191,0.9593597848921855,0.918039745228322,0.9320539636613019,0.9271376131133559,0.9464977264602081,0.8566878180844474,0.880047618782179,0.7843628111487433,0.8218915402345416,0.8038981477547583,0.8532032201305093,0.8882281756459405,0.8632212429958545,0.6863763729503383,-0.849992301922674,0.18093288020230605,0.5775860417558981,0.07892972638226844,0.6066812315223707,0.15920199381972416,0.4016689965508818,0.5702570866191944,0.5114267211468287,0.7127396487019665,0.6456133706720724,-0.8663981675411435,0.16619390743071757,0.6203533684031417,0.06698910836115542,0.5732997375395312,0.338260312128466,0.542743843157267,0.5720074526229632,0.6150191405449248
0.6470359406149737,0.7661197092988339,0.7354095776028708,0.8389072433514885,0.6938050174570047,0.771906285618539,0.9755602392743808,0.5948762329378217,0.6442037664525037,0.7202896542196185,0.5048340785082134,0.5670505943762506,0.6909293140510576,0.6581155868741575,0.6849636056484337,0.6651013225860744,1.0,0.9284213462339268,0.935287017865922,0.9353216718583894,0.8888703841392962,0.9103537472832635,0.6881577727719553,0.7750698539200469,0.5681357198230244,0.9538986965583088,0.8055037969209149,0.7798385680645539,0.8809540799280605,0.9384133451307818,0.957850961364312,0.9078072625458526,0.6379006824112232,0.8107425256417788,0.7764977110467989,0.7535400606653162,0.7460496272065072,0.7993485912254403,0.7835524937144948,0.6990276409041486,0.6619124109608936,0.7937113273416587,0.8361537612612099,0.5319991796151771,0.7772908166998244,0.6431206803295683,0.7714401730817182,0.7304326552646294,0.4668578226495344,-0.889198580712964,-0.10976839325983533,0.022110392273774218,-0.20918525305276728,0.10860618886687133,-0.03652510899120835,-0.23559587025430467,-0.09829784730852113,0.1592580723612089,0.18678252910066917,0.35348030351631476,-0.8889362550603759,-0.2772613094181082,0.10575906353850853,-0.09514940476270248,0.03855495077010326,-0.08303688670156449,-0.08312648569617566,0.24070387369836438,0.15907166428864156
0.46271692263382186,0.6301570707259975,0.7078585288440506,0.7624032924689301,0.5406688901898155,0.6056084432105081,0.9166620316434055,0.4659123390271311,0.519143461493077,0.5973293489406246,0.384557219531467,0.4586166639786848,0.5768413283704442,0.5521663715599945,0.5726584439249774,0.570441943438327,0.9284213462339268,1.0,0.8473855868301141,0.8709103882257252,0.7831214757980838,0.882011492709892,0.5936774930747915,0.6843964619837042,0.43622100590347657,0.9117966916609891,0.6890905897672116,0.6159369631779316,0.7464027324185213,0.8386099536924274,0.9030972635222476,0.8508362981182271,0.5124890942164311,0.688294673852756,0.66095816361174,0.6470570984172567,0.6275327287633349,0.6771913016045028,0.6669215137669202,0.6080197579699045,0.523870904181825,0.6556966366970022,0.7297101337415121,0.39668143148337176,0.6484988668189179,0.509346269328595,0.6469893991612912,0.6670934952926816,0.378561621009899,-0.7747628458536153,-0.09883692685365665,-0.032058782185165766,-0.30525576630496626,0.0033664791299991927,-0.058233801446757855,-0.2518472816589714,-0.1458665132122672,0.060255060488221504,0.07782172287271631,0.2789246560006456,-0.772491201427399,-0.3470773519999406,0.05572801201374476,-0.16165470044736888,-0.08025182658045855,-0.09443206355031059,-0.1440507364392543,0.13821545650900718,0.09677041188992819
0.6817006226241096,0.7760112400330936,0.6877798179395078,0.8385900942654649,0.7072224346447585,0.8119906980789442,0.945423031301091,0.6170210618926215,0.654590488938524,0.7227163224990804,0.5127087820014277,0.5792393461972701,0.6919491947812505,0.650384488181386,0.6996778772887556,0.6858991220444336,0.935287017865922,0.8473855868301141,1.0,0.9386165746346946,0.8749778415215345,0.866041010789794,0.6857287478454303,0.7582875928776206,0.5833014660860885,0.9157101978061176,0.8066549095924261,0.7945042503689314,0.8926575316063405,0.9253746384116601,0.9189626858171223,0.886873343229815,0.6526277820425714,0.816712806069629,0.7733915612269318,0.7526786011973178,0.7460088500956141,0.8096985968578214,0.7777437147977965,0.6942403467661444,0.6852003994993607,0.8061503952330668,0.8463369286614897,0.5789138730422964,0.7773164820489756,0.6626096479020308,0.7704223862749761,0.7185405863211209,0.42957468630107537,-0.896087524687766,-0.1335877400181053,0.008263623452708025,-0.18161774040693243,0.1156238340198521,-0.05917550793364981,-0.2226038332918577,-0.07977924733149236,0.1693489226149831,0.200192479779839,0.3964255482694514,-0.8755980723374466,-0.21827723459283582,0.10828671931118755,-0.046088172669977306,0.08992166706701724,-0.06027846676667916,-0.08260964997028204,0.25460024728139447,0.16328975677654523
0.6445053658707365,0.781118996817776,0.6671734026599441,0.7911250099633885,0.711502472941995,0.7958686662366222,0.9383961160543026,0.6396255063377246,0.6723972394942063,0.7402881628280329,0.5385170792891119,0.6066092485888973,0.7336985818332796,0.7085271540430459,0.7275919776958338,0.7155952154518038,0.9353216718583894,0.8709103882257252,0.9386165746346946,1.0,0.9109559682639282,0.9415320098075762,0.7481914378647702,0.8290526027834335,0.6066286577878057,0.9052247847107745,0.8291049534498199,0.732648502063592,0.8572888257296162,0.9438700980427424,0.9436431182243125,0.9314264312414253,0.6836267487880718,0.8315052706359041,0.8012726091198237,0.7852240757457601,0.7772208767484614,0.8204125887251269,0.8128590594614513,0.7455221235973846,0.65821083709093,0.8050440274209931,0.8574325312808141,0.5809064852434779,0.7927177840389757,0.7010509131238344,0.818651674029546,0.7845607017935438,0.5191639272334826,-0.8803561378846783,-0.168702970403773,0.09445804098188185,-0.1261393267136983,0.15107344651014734,0.01782728875720274,-0.1365641178484902,-0.029846123167862,0.17879553510267743,0.2141893962249717,0.35274893260346946,-0.8910495919998682,-0.2249185398504623,0.14349441801494703,-0.13793855587122025,0.07289549951270312,0.04464424777923208,-0.01850724074970381,0.2792520807869769,0.19315171280612667
0.7233359138092598,0.8700159829427435,0.511079796294492,0.6741049986490846,0.8044398514667659,0.8472546216147979,0.8700185595389457,0.7782961071686113,0.7881576897171574,0.8538033784519573,0.7082646176734178,0.765885691441439,0.8605470963080996,0.8127515331481571,0.7878739211081127,0.8159642267546223,0.8888703841392962,0.7831214757980838,0.8749778415215345,0.9109559682639282,1.0,0.9319647130383307,0.8478279599393473,0.8964825445873222,0.7285544925264238,0.8238426740807984,0.8834104906497929,0.7857065685616458,0.8806939122849806,0.9485900495488248,0.93574429608282,0.9144958840972931,0.7983193806855495,0.9021122012053224,0.8902406172628154,0.8756379570379138,0.8737088605822546,0.8991122586791123,0.8875061131621149,0.8278737919280801,0.7572492329886331,0.876653021519388,0.8608287112373514,0.6896262511569232,0.8535799294049145,0.8021476455116858,0.915034089500638,0.8618695700076496,0.5876040990031248,-0.9252635975034109,-0.04400218304072255,0.25742316141152616,-0.06639729681029503,0.30492187791489744,0.0931110349625878,0.028894268605917987,0.1697635546440035,0.3391021097750131,0.4172769794746166,0.5607315178006821,-0.9184778873938553,-0.07589125612433825,0.3243492470685566,-0.0900073829980469,0.28286687151671713,0.05347124941113236,0.1889626318368371,0.4028177583186194,0.3835090000350821
0.5615577789568357,0.7543771932914959,0.5732897493496663,0.7006868232494604,0.666430149739261,0.7249056099507066,0.8858793548970062,0.6404439014820528,0.660347351055962,0.7406037346675937,0.5622427986586189,0.633779099136215,0.7549472698603449,0.717846641333776,0.711017455765127,0.7267259383204185,0.9103537472832635,0.882011492709892,0.866041010789794,0.9415320098075762,0.9319647130383307,1.0,0.779286596410872,0.8542893628134334,0.5857612624806567,0.853631952744407,0.8044036988827692,0.6594149314498413,0.7943521419245215,0.919915470441626,0.9498123171647401,0.9540838668417652,0.6745423004404039,0.8135980316379297,0.7980395629044775,0.7921445443809919,0.7723178012888912,0.8021993273634024,0.8054607055708848,0.7598740865927445,0.6102660516746219,0.7667359520144255,0.8195146651043138,0.562763022870272,0.780484110324264,0.6928265358707653,0.8353952043856366,0.8496234023567483,0.5359673675456822,-0.8518313334236943,-0.15654659791104994,0.15361461862856204,-0.1611769586092241,0.1459419967927148,0.04955954668291852,-0.06193889804536422,0.03534402572920804,0.19175965139145187,0.23944366036270037,0.4261528666819357,-0.8561561923016087,-0.21224531688207982,0.19897762470291575,-0.20962899967843618,0.09288308241993,0.027157105701688684,0.047599908361489224,0.26754695259923805,0.24521033129291847
0.7435104536063382,0.9099392479371687,0.20776930406958904,0.3736738162357097,0.850947468239049,0.8176273911098354,0.673966952800397,0.897437983497178,0.89282487706776,0.9070422737408785,0.8652804882337168,0.9251824022419866,0.961045509416896,0.8800441506863634,0.8220875653068993,0.940058417239675,0.6881577727719553,0.5936774930747915,0.6857287478454303,0.7481914378647702,0.8478279599393473,0.779286596410872,1.0,0.9623139298814188,0.8682794507945064,0.6370618580441241,0.8925841510423822,0.6975663804492862,0.7947438818882011,0.8309280074928305,0.7760034798064793,0.727221602005091,0.9108441669165109,0.8976912800079684,0.9390622041079045,0.9578467907335407,0.9043651274444321,0.9199099803608217,0.950368322630504,0.9688902825126358,0.8301534889130276,0.8565160767262063,0.7579155731213126,0.8047504025501712,0.842323766855454,0.8923244897626463,0.896477729446983,0.9234819395573427,0.674951614502792,-0.8495981022544589,0.12474039588624204,0.5542030038333955,0.08134067637130368,0.60306943715498,0.29349129523817585,0.37817472932741414,0.5084630143601327,0.5706446911143364,0.6782445265796851,0.6267978391229418,-0.8662692746178022,0.13120290393692516,0.5870083080108859,0.04305743734220264,0.5272629282436576,0.3042316036291849,0.545686898968125,0.6350778751685939,0.5942755400991524
0.7390909272386277,0.9042133449806272,0.3401430462356956,0.48671882423725304,0.8366078703519259,0.826926260870339,0.7625141587835822,0.8572115132840196,0.8573644040930312,0.8922167013891142,0.8094855949038783,0.8676170073382385,0.9396784080917508,0.8686550295577786,0.8285848017754183,0.9051894668662309,0.7750698539200469,0.6843964619837042,0.7582875928776206,0.8290526027834335,0.8964825445873222,0.8542893628134334,0.9623139298814188,1.0,0.8279746644913485,0.728025129458645,0.9015099670386745,0.7249174603923617,0.8314546402311297,0.8863473105104389,0.8441008600660914,0.8187517983188192,0.8785654286902588,0.9046471786302104,0.9355672689951554,0.946416963024747,0.896985126758129,0.9204174020005073,0.9475194539414828,0.9460286482255729,0.8061219502486742,0.8660553892986035,0.8005990988431544,0.7707351641009211,0.8684543327925399,0.878664059286587,0.9057383814302111,0.9308679208492024,0.6630860734661446,-0.8823606111890907,0.059739906869151954,0.46147593003804016,0.03669844918448224,0.5115755279608442,0.2590645189468935,0.2630283911790714,0.38218004953420953,0.5033532391518925,0.5777901893168312,0.5709896933294624,-0.8989053258821887,0.03862497578504112,0.4963891061075861,-0.0026599102338151883,0.4162825627793479,0.23419621650190017,0.4294163451652417,0.563882320723531,0.49960658020372606
0.8680494883267842,0.9346394966477074,0.11150726165371798,0.278230770519089,0.924227862941821,0.848028214920495,0.5722176226379805,0.9505065380888025,0.941538659481296,0.8970412683119658,0.9214627883052138,0.9269357437847391,0.9060762853747572,0.8525732602972882,0.78335555220575,0.8840051133640918,0.5681357198230244,0.43622100590347657,0.5833014660860885,0.6066286577878057,0.7285544925264238,0.5857612624806567,0.8682794507945064,0.8279746644913485,1.0,0.5336564837663994,0.8783542933767127,0.744706495093197,0.7958072251587659,0.7487710860534634,0.6618970430155894,0.5441806212408283,0.963870731469498,0.8824656001994337,0.9089660956068051,0.8961605821818315,0.887452915808632,0.9007876691951331,0.9008785804924877,0.8632725568950222,0.9170180921898722,0.8707307110722793,0.706469520355764,0.8786850750945105,0.8226556374246023,0.8631683520636109,0.8210978746446428,0.7089417048726578,0.6505675828224878,-0.8077308115915721,0.3123358924465746,0.64240367172045,0.24235755014095645,0.7507892068770009,0.2930336088301472,0.393011729992592,0.6032398785102434,0.6572867793258843,0.8343200238853647,0.6296854063203702,-0.8327496585796416,0.2141099509921568,0.6550176613161479,0.25555713709499406,0.680191536052491,0.411490329148566,0.6187265537961152,0.7065722677025587,0.7137832439750204
0.6177244036674419,0.7256572545707725,0.79764461586664,0.8714227365035936,0.652081057011297,0.7291765052785159,0.9629956109660399,0.5546230040212168,0.615305708844195,0.6813820752634739,0.4600519564171222,0.5244774146843812,0.643480136025902,0.6067224438965554,0.6197326719046596,0.6330706052317782,0.9538986965583088,0.9117966916609891,0.9157101978061176,0.9052247847107745,0.8238426740807984,0.853631952744407,0.6370618580441241,0.728025129458645,0.5336564837663994,1.0,0.7557732546142955,0.7502920496900886,0.850669102404879,0.8972123365018104,0.9177147383093495,0.8566587397463307,0.5963947590431884,0.7714997319204657,0.7337588807292772,0.7204498956415646,0.70715792046311,0.7586015651576029,0.7399891908332603,0.6580628971288862,0.6404402023715555,0.7595536011470475,0.823311020498166,0.4882490981290435,0.7183711662501511,0.5687858769741195,0.7239373585600775,0.674820865308735,0.4246834022871196,-0.860335219442674,-0.0949566221648719,-0.019956907157913477,-0.2767948277501198,0.0733660625748917,-0.09152001775918714,-0.2606193191627892,-0.11203827271497033,0.1228655863372215,0.1535476113035252,0.3249163425728917,-0.85394881946856,-0.2767528527255315,0.07489980127250741,-0.1117051773954985,0.010457326648491465,-0.08717071038403552,-0.12285289929284891,0.21014805242477733,0.12016494755967519
0.8594805497773977,0.9489781890736074,0.41164197792926693,0.5714707805470206,0.897181403802844,0.9062013370397449,0.8081362728335046,0.8853749121517623,0.8816506862338331,0.8865920037005696,0.8203483625972163,0.8460027776866771,0.9008594905004018,0.8919586902300097,0.8941357134639146,0.8688277502499202,0.8055037969209149,0.6890905897672116,0.8066549095924261,0.8291049534498199,0.8834104906497929,0.8044036988827692,0.8925841510423822,0.9015099670386745,0.8783542933767127,0.7557732546142955,1.0,0.8394672664201681,0.920541251551297,0.9224025472908429,0.8604434023488361,0.7742457672232049,0.9175643555309235,0.9507193032781661,0.9484854209683358,0.9183527241816575,0.9231727158853795,0.9580834040394816,0.9538610785877106,0.8908563184120099,0.859479828744441,0.8993650519633216,0.8025952222193987,0.8084592928969478,0.9045908973869627,0.8956728730879149,0.8983326205949221,0.8090247697361912,0.6406801108330028,-0.9210720793249954,0.11655442000358338,0.4214233017323336,0.11386178864863147,0.5305898850652174,0.25939930602732314,0.15753564255718797,0.3182623145810487,0.48663081036225725,0.583725871756886,0.561467477494502,-0.9496031176345219,-0.047726603124939176,0.46092820194372386,0.163766722492464,0.42652744875412946,0.25155387621530273,0.3468257270712414,0.6007442531237916,0.5403056000207344
0.9261650271221366,0.8610113336865273,0.5204744644390878,0.6829947967399679,0.8571148711985729,0.9077759848932822,0.7958109166380648,0.7306313008601198,0.7577548840818896,0.7995395219413614,0.6600221378744271,0.6704814260206928,0.752950228995464,0.7213333705743116,0.7268264774681445,0.7113804355069744,0.7798385680645539,0.6159369631779316,0.7945042503689314,0.732648502063592,0.7857065685616458,0.6594149314498413,0.6975663804492862,0.7249174603923617,0.744706495093197,0.7502920496900886,0.8394672664201681,1.0,0.9437110621688948,0.8393548557009648,0.7718111057469241,0.6563080397129337,0.7570859503969126,0.8452487591032163,0.8125376888061416,0.7677435037781691,0.806318126402616,0.839230868200833,0.8140921086322981,0.7197086483862347,0.8557663463634091,0.8660836572965893,0.7550900132454345,0.6656408699389262,0.80026760604633,0.7176866058305322,0.768185817513107,0.6294193781929065,0.43538394792339274,-0.877293994117713,0.20604332566664701,0.1779682549515465,0.13833006436806414,0.40618327240912483,0.13057877713752167,-0.05043595147402675,0.08166784602516013,0.37187557528488674,0.44534476347138796,0.45150479127401655,-0.873430701348159,-0.08269751936319528,0.24683993212221153,0.20385496641124579,0.35412180593834897,0.028585746134159474,0.13682695634068423,0.44965294360407665,0.40690209544059786
0.8969476476970937,0.9213350617342531,0.570687411994612,0.7302896371126039,0.8864246289018861,0.9333630725233113,0.892568844238572,0.7908714324960415,0.8186987788373482,0.8538160146280823,0.7087872290001314,0.7460242976930619,0.8293060948136354,0.7925512995364755,0.807494913634472,0.8014965377360004,0.8809540799280605,0.7464027324185213,0.8926575316063405,0.8572888257296162,0.8806939122849806,0.7943521419245215,0.7947438818882011,0.8314546402311297,0.7958072251587659,0.850669102404879,0.920541251551297,0.9437110621688948,1.0,0.9387436906602528,0.8865871599575755,0.7876327742588143,0.8222307048383853,0.9204737184210503,0.8966631326307005,0.8602906056778306,0.8729927003983096,0.9216607317638865,0.8954709674190197,0.8117309402435244,0.8672599379410083,0.9152117675968994,0.8408066348528397,0.7254923265574129,0.8762022445117812,0.8006026219040394,0.8485325067745565,0.7413600494091511,0.5096925773495444,-0.9583146387176897,0.09959759119637786,0.22646192332864246,0.06110424214976695,0.38402270186868603,0.11537850584318174,-0.049099110131234754,0.11849734228490795,0.37264196015354645,0.4571499947754514,0.5095855954836765,-0.9505780632790536,-0.10314556845544005,0.3006466797740543,0.15181500001242126,0.3315681797952496,0.06690185549495094,0.1483264765603822,0.462527103606679,0.39108524164470687
0.7790717201461708,0.8942912237995628,0.6146642124534342,0.7599445676014813,0.8278679430586827,0.8817246013505733,0.9366422177979516,0.7740106821057661,0.7973397394803594,0.8363957666904078,0.691298026941208,0.7392143501081194,0.8313381258595879,0.8066701538437804,0.8207356770341541,0.8104775142419575,0.9384133451307818,0.8386099536924274,0.9253746384116601,0.9438700980427424,0.9485900495488248,0.919915470441626,0.8309280074928305,0.8863473105104389,0.7487710860534634,0.8972123365018104,0.9224025472908429,0.8393548557009648,0.9387436906602528,1.0,0.9636672626495838,0.9109213309985199,0.8089939930019093,0.9246709788093564,0.9035218913333133,0.8781189845752653,0.8747641216882526,0.9189910062580771,0.9098618763394485,0.8356501380060033,0.7833378341548485,0.8895504771662468,0.8828953820213735,0.7031669464934241,0.8848156971155209,0.7981610792863442,0.8882172756191267,0.8253351412956486,0.5849489759698241,-0.9545057695013951,-0.052015163247248336,0.21824349768256485,-0.06869260900544301,0.2942322275156418,0.07721401458627801,-0.04597155442332492,0.10722558927971164,0.32277072460638506,0.3899982956834687,0.490024473411847,-0.9619756177124807,-0.15763708015903677,0.2765442043813174,-0.010862251825925729,0.232649976398077,0.07201217186419145,0.12124966442468421,0.4122797248263005,0.34442834093243824
