0,1,2,3,4,5,6,7,8,9,10,11,12,13,14,15,16,17,18,19,20,21,22,23,24,25,26,27,28,29,30,31,32,33,34,35,36,37,38,39,40,41,42,43,44,45,46,47,48,49,50,51,52,53,54,55,56,57,58,59,60,61,62,63,64,65,66,67,68
1.0,0.7665155422823522,0.685267461799614,0.6805054385479343,0.8527098022666257,0.7933790915060894,0.5895150569636795,0.6028684339968103,0.7383551427572632,0.6387619535848066,0.3927768252746646,0.709897601523314,0.6671757806987524,0.361410766476589,0.7425136082808169,0.5986905827296484,0.5591656760771965,0.49693441343153516,0.4649218202359016,0.6259487687453982,0.630411883759871,0.5735232433856051,0.7421562902902247,0.6321610826900054,0.7784742399733151,0.47458490947443027,0.6932832776128707,0.8479276893049156,0.7739837713607739,0.7290428716039807,0.6905122534118009,0.6084270682548316,0.7209734242764347,0.7263246725016299,0.6875292549410389,0.7209540763105224,0.5934003380426516,0.7089611667361789,0.6948396158956609,0.7102236790617901,0.7243610098859713,0.5998311617361601,0.5719321468853422,0.4823631883667695,0.5879848694209301,0.3781614551747619,0.6145270296097194,0.7030459287420872,0.42309993021303244,-0.7571899376029464,0.27422599540924386,-0.07671480860418999,-0.1907002426334341,-0.2592510865575733,-0.17875612326506593,-0.39516229177452805,-0.41424917262895056,-0.09912542262694128,0.004644367417302299,0.6131405087539344,-0.7464762845996807,0.3320678651465893,-0.1369048688969774,-0.1929777196285175,-0.19513394743384,-0.18823685747654295,-0.5433539162288855,0.17962956897749024,0.1834183975507579
0.7665155422823522,1.0,0.911349024878613,0.9159722400757937,0.7453197843519448,0.8903193220531974,0.9156755742390181,0.9154475756520898,0.9232796372695514,0.9086633577758685,0.7662992721463626,0.8156543659647454,0.850934578502173,0.6698355851423083,0.9359978576277993,0.8757938385924855,0.8815620714170916,0.8489695343019006,0.7872538780398532,0.8491730084585303,0.8342762893907865,0.7992213448610821,0.8367573241925724,0.7963489965689016,0.783480711363527,0.8283675545373109,0.9253197713687887,0.8461825275456384,0.9639771722152328,0.9370116771404363,0.8851554636226854,0.7859492008923652,0.9169281566030038,0.9390140415711925,0.926371685430602,0.9252898994130544,0.8976951659490381,0.9516139979745036,0.9177401376436972,0.7916413977266651,0.8166167323409609,0.8823368835173615,0.8948522333326665,0.7187232804166602,0.8577857594724998,0.6291789465191765,0.8156160767478406,0.6912781983131384,0.6442593897924194,-0.9699926432671576,0.28514436280764816,0.05117832498124214,-0.471958366792652,-0.32190096250923794,-0.1587610528837572,-0.07053457599285465,-0.4894378440638013,0.1331346976431896,0.2236701601131486,0.760458506574762,-0.966463095957227,0.4879624591817666,-0.0493348347349423,-0.46881048819597326,-0.31608211138872233,-0.17168962373006202,-0.41847133665885783,0.28754134244361734,0.3310964925544516
0.685267461799614,0.911349024878613,1.0,0.9454131225276211,0.6793054922562656,0.7868209471470072,0.8938861837984582,0.8917823143370465,0.8359879568312588,0.8348311482257654,0.7428618512351947,0.8098398841612414,0.7113145838525248,0.6363464338614032,0.9122046443855817,0.8613540090311985,0.854347776390514,0.8128861841784344,0.7661874342398024,0.8314061256397001,0.8345284280532571,0.7414307006818991,0.7181498725367961,0.7001959767183339,0.7183647517380002,0.8107630782055418,0.8819990769750091,0.826959365307665,0.9161979775123769,0.9397885378953504,0.848432338742182,0.6852850606398238,0.8756149966417313,0.9125271942915381,0.8854308452111807,0.8556318515700891,0.8489623598407136,0.9009946533679518,0.8602492761959712,0.751310223177276,0.7709391295310108,0.7891250893545273,0.8471469509921505,0.5679895699189863,0.7983154718479454,0.5382371611809109,0.7347702666326019,0.5785151455595422,0.6875223552522466,-0.927028473604011,0.19378812393463823,0.08020844648155717,-0.46013190014080463,-0.28283451414073124,-0.14338332871218432,-0.07296686251224851,-0.4858566421640525,0.13864407363504933,0.23167464944717509,0.7651264973091985,-0.9328896737770528,0.48463375201216197,0.016531847288804285,-0.46955162008121326,-0.3659014606801591,-0.11860048436134343,-0.3614027281185871,0.35519608675274844,0.33206240058946007
0.6805054385479343,0.9159722400757937,0.9454131225276211,1.0,0.6819556514552869,0.8343480456285327,0.8686086587998169,0.8894055970448969,0.8678753912376712,0.8456514660287783,0.7501005706384415,0.8295479468746472,0.7777504503561798,0.6686824650189279,0.9020804137856476,0.8746225117781097,0.8260515556008373,0.8251200655418075,0.7716800497633755,0.8594929743885731,0.8453363666117684,0.7616166755358507,0.7191117977638608,0.681982118072092,0.6947696759085061,0.7794944601078985,0.8902129123887176,0.7943231678853079,0.8973375594176722,0.9258329559738706,0.8657726080391318,0.6722098678883011,0.8735355308756991,0.9103468544765789,0.8954562717547901,0.8335774214593722,0.875150728445397,0.9123382047644765,0.8553416564732581,0.7140696340008679,0.7478419967616908,0.7727780023040702,0.8302877655689975,0.5994548933284086,0.8163223503459317,0.5516155914083619,0.7326145646665109,0.6030544604849069,0.6732589175202557,-0.9352718150655532,0.21680730174572646,0.08254336655076303,-0.4236921707693554,-0.2709954599923749,-0.11557380355248102,0.005130444750166553,-0.5332917933370828,0.1589637514391215,0.2465857600991767,0.7630505407743906,-0.9312141957498774,0.4839046753824406,0.009288145780404631,-0.42354931705082577,-0.32250306241284393,-0.11099226261045116,-0.3877907793045018,0.30074488831404,0.322745767754835
0.8527098022666257,0.7453197843519448,0.6793054922562656,0.6819556514552869,1.0,0.7882620268621795,0.6218384177123523,0.5469416275732437,0.6961353276310248,0.6383714993272149,0.3146403393735006,0.7083786804509095,0.5985193575676768,0.1886339483320041,0.7260687376856664,0.5989708599382826,0.5684968638043,0.44651816921558984,0.5366249187670908,0.6149902713477778,0.6315644701642679,0.5054437002961625,0.699500218537902,0.5741979040731947,0.6265690316624369,0.5274714523206693,0.597671734422955,0.7935016903617143,0.7407182158439717,0.7334332407672746,0.6455119875687744,0.517362802749245,0.6281729835795651,0.6706618583304078,0.6629241679448193,0.6939462066400828,0.5206263858795921,0.6687074295963935,0.6933777938769726,0.7222651492499017,0.7222831016475977,0.6459946812963925,0.5863066329283683,0.4643486608603589,0.6013485825359418,0.41449992349387715,0.600222561185748,0.5724731567490313,0.31922355429939003,-0.7195464375427975,0.2318146120736894,0.01618396176578598,-0.21201222034721084,-0.18938997535699523,-0.17660101208600815,-0.45855112888275823,-0.2837838744621903,-0.08039886932503787,-0.11194276986539223,0.5172562155913261,-0.7051996244037437,0.2988895948101548,-0.04184996217163098,-0.20554890128931094,-0.16430837941166315,-0.19850029412907533,-0.4417314657191077,0.20064050069326392,0.1018934604459623
0.7933790915060894,0.8903193220531974,0.7868209471470072,0.8343480456285327,0.7882620268621795,1.0,0.743459403153376,0.8005598470202764,0.8762347993169131,0.812773957856332,0.6210395497771389,0.787599741647454,0.8264315065428699,0.5865105580485336,0.8211659262571543,0.7610974030293421,0.6821367617477246,0.6848497199316673,0.7290219046437861,0.8148838349827727,0.7712445519653272,0.692208657622037,0.7688437439413839,0.6976329751262437,0.6824360339029016,0.6706937787717066,0.8149843142175337,0.8207623290472308,0.8632189848881106,0.8217653320729107,0.7799989582630256,0.6725683277529684,0.8470366572880783,0.8295003589347808,0.8179875287318333,0.7752111394175505,0.7945424189786273,0.8492824846399954,0.8029163696471813,0.6901140433354229,0.842985819348997,0.791892149105573,0.7328612204623536,0.6762020922705012,0.7567405855909604,0.5047055021463014,0.699062160618649,0.6799781477274139,0.5155754513058207,-0.8776813359923458,0.3158697978273316,-0.01617098449979514,-0.33766594947644263,-0.24524299290195928,-0.12183890212467793,-0.10952263371654704,-0.535906961325943,0.11382253163157603,0.16280246289615014,0.6327779330892905,-0.8619309546212892,0.43533938879823714,-0.09113001364650916,-0.2850637686310148,-0.18295406999471348,-0.15354913234016,-0.4813177403159569,0.2247402236117412,0.2739802635013142
0.5895150569636795,0.9156755742390181,0.8938861837984582,0.8686086587998169,0.6218384177123523,0.743459403153376,1.0,0.869664840584207,0.8154829289243029,0.8627958614471823,0.7445905778510163,0.706317627320444,0.725804197933229,0.5999902899494459,0.8992453563458493,0.8446016210536482,0.9567217096176387,0.8738979573277605,0.8175038168483412,0.7880251375608721,0.7600162113877259,0.7490024690453317,0.7422849335326991,0.7491459055885054,0.6793321038628866,0.9108394251825042,0.8531779129595222,0.7095497617721382,0.9050789458737714,0.8886689384069658,0.791975541856268,0.7503673158548515,0.8174458430839514,0.8738918261501084,0.8604644779226905,0.9010877421114744,0.833666559341441,0.88386323831503,0.8744541783072247,0.7693039071217834,0.7195985924559933,0.8859196507035103,0.9283344553833319,0.637738763720611,0.8262467166724239,0.6856237618198778,0.7837692356642075,0.524903989581558,0.6415197187072327,-0.8981999181693089,0.20653623235855073,0.04790919613918116,-0.5811335553250634,-0.3193579209057987,-0.18070748811904913,-0.06402678661036366,-0.380769557107296,0.16487675975468338,0.211134711821621,0.7345235657436143,-0.9031289883557598,0.4813103936140914,-0.030429955078516414,-0.6105201463936533,-0.39638323277901366,-0.1548346211007463,-0.27751926104238134,0.3626100452538722,0.27762429269035993
0.6028684339968103,0.9154475756520898,0.8917823143370465,0.8894055970448969,0.5469416275732437,0.8005598470202764,0.869664840584207,1.0,0.8824060565690851,0.899359264791774,0.9016447701995608,0.790608206946977,0.846881046483643,0.8342008259905948,0.8752847555935213,0.9012611027006447,0.8504466599690105,0.8798795884510339,0.739384435625128,0.8281595858582442,0.8449422492386345,0.8329918064443951,0.7745030806010491,0.7732395309130342,0.7652239600610595,0.7746753528753164,0.9445141934458772,0.7744412301831716,0.9044041570915793,0.8965193888461881,0.8800544943098966,0.7700651093252233,0.941270598880396,0.9312804394629345,0.9348943738668721,0.8597526089387016,0.9522236989807253,0.9432832073971814,0.8869046409350848,0.7023966941065088,0.746544211680931,0.8338366064753304,0.8914296753399886,0.7280238492529423,0.8598035085779797,0.5898815564563111,0.8058888711692951,0.6688493482071354,0.7197809703930965,-0.9364087577177862,0.3507292642594467,0.07275881570241605,-0.48847653533399404,-0.3377599743030793,-0.10925612800734627,0.12068599045035402,-0.5069029042851259,0.26687726413904117,0.4406227188905873,0.7763689059623033,-0.9457918586208115,0.5785071764689925,-0.042300211143600566,-0.4804643832952159,-0.33070880067428265,-0.12196455954578739,-0.2738007377099087,0.34711490143253015,0.46722908785448664
0.7383551427572632,0.9232796372695514,0.8359879568312588,0.8678753912376712,0.6961353276310248,0.8762347993169131,0.8154829289243029,0.8824060565690851,1.0,0.8548862092980584,0.7590633608826607,0.8116709455717344,0.8677106115448383,0.6947414215893386,0.8745061156291438,0.8314530219059325,0.7867823143865803,0.7807055974780904,0.6777716964161905,0.793905995243976,0.7977173517500155,0.7628501255363325,0.8088314076347324,0.7436466502477194,0.7833576772025252,0.7165027387165558,0.9014618801377482,0.809490603728793,0.894674742289075,0.8651954232833614,0.8501838803416352,0.7384814974309637,0.899538919975028,0.8984908081114659,0.8999901266737265,0.8505072577581495,0.8728763036784641,0.9221768937447137,0.8625757466824553,0.7107848145261697,0.762971091441671,0.8162845529870723,0.8221052443123,0.70898174730344,0.7987157780426772,0.5722909728403848,0.7965818230546646,0.6953668299736628,0.573364661958907,-0.9220684718592124,0.35214112888352495,0.028403965309763725,-0.4249211716829893,-0.32204156441487314,-0.13126715636924605,-0.021107089372295513,-0.473101032420502,0.18704725197340613,0.280678611509993,0.7063822297271403,-0.9128339202724703,0.49822470348294456,-0.09035836207784646,-0.41120516735290086,-0.23895376125666196,-0.16365223904088624,-0.3847213247827798,0.25617242987427796,0.3577624278312572
0.6387619535848066,0.9086633577758685,0.8348311482257654,0.8456514660287783,0.6383714993272149,0.812773957856332,0.8627958614471823,0.899359264791774,0.8548862092980584,1.0,0.7962680510374003,0.7436627610773501,0.851692500723456,0.700406338439505,0.8363415293023001,0.838160665221826,0.8641996393071165,0.8464478921672723,0.7145098130858074,0.8248977498969567,0.828072576828888,0.8324248029398397,0.8254835487919744,0.7841710951768038,0.7106199613950762,0.7695922836202436,0.8697614055439907,0.7421986940137244,0.8845744917880322,0.8735990709695333,0.8664911435892659,0.7919532517536969,0.8626176056584677,0.8734295046604056,0.8880678911691247,0.8927944717718319,0.8844092137035059,0.8976145680769064,0.8965819822939884,0.7618840979078169,0.7323623443455441,0.8605162820171632,0.8981043375917332,0.7182078844500124,0.8663279995542581,0.6527559186172147,0.818569186396878,0.6812251289667203,0.6386652203289844,-0.908829658686834,0.3067681964926378,0.056296352512458105,-0.5154361600600008,-0.37293818889169883,-0.12441808868062727,0.010649872937790154,-0.4402028813995404,0.21959775114781455,0.30548510563684395,0.7278545873480562,-0.9114928789516479,0.4999490247281497,-0.04465876463794038,-0.5076584812719662,-0.3550087289869962,-0.1508807508867078,-0.3017702525759046,0.29340819767625576,0.3569381176974688
0.3927768252746646,0.7662992721463626,0.7428618512351947,0.7501005706384415,0.3146403393735006,0.6210395497771389,0.7445905778510163,0.9016447701995608,0.7590633608826607,0.7962680510374003,1.0,0.5912037861641409,0.7481486901733929,0.8882594488578909,0.6965622036828146,0.7718306780817656,0.7470014551647869,0.8222418632756875,0.5752628663735407,0.6576879549623652,0.7342588445286529,0.7730999647832453,0.6059288391807923,0.6312519431809809,0.6825732264352085,0.6429067932539022,0.8459140584870842,0.5987893202150795,0.7437410293901104,0.742633226948655,0.7742879766668573,0.6631788671967117,0.8311077611597965,0.8005505096593009,0.8184227161590777,0.7263572244098485,0.9012131380484273,0.8146679299940024,0.7429691203282716,0.4851749543968626,0.5280151232677949,0.6910678234138896,0.7914536711695073,0.6276250108162054,0.746108854168125,0.5066210132760147,0.7039280606131619,0.5276173516991572,0.6273010170456937,-0.7853875458571143,0.33826953594220815,0.08727383452187908,-0.4221025122208617,-0.27195084519045415,-0.0666649297522993,0.3513990825519787,-0.4116124411307125,0.3754255826185773,0.5592279202399971,0.671423162678054,-0.8111784436695638,0.5001398483047175,-0.03515271370534057,-0.4427802092827022,-0.27303106228518936,-0.0515001566658485,-0.15119769241601086,0.2628102054609618,0.5226727169307179
0.709897601523314,0.8156543659647454,0.8098398841612414,0.8295479468746472,0.7083786804509095,0.787599741647454,0.706317627320444,0.790608206946977,0.8116709455717344,0.7436627610773501,0.5912037861641409,1.0,0.7627582818313366,0.561284976953423,0.8526980812347065,0.8469179914509185,0.6819370087242445,0.6661421299480033,0.6236549560482152,0.8054457726422173,0.8412078654422434,0.6920179541198772,0.7564245824528907,0.6632973850277682,0.6842337296128057,0.6036619371872495,0.8172816552581271,0.7457621034654826,0.8086718707225808,0.8649741714817212,0.8267397875909764,0.6335251943271688,0.8304490658579193,0.8577635988959798,0.841113246926344,0.7460247446283499,0.7432600402943308,0.8618358500162713,0.8104968668426286,0.727079080771883,0.688956348473863,0.6784038999188118,0.7141728760806029,0.635430209157992,0.768303632926027,0.5157669286968629,0.6913215625251162,0.6618967210404606,0.5255187781858199,-0.8573324366891979,0.2778599930661948,0.07958022396539943,-0.3456758779794887,-0.3176706737822326,-0.06414172418851241,-0.1397482054311193,-0.40799772065139217,0.08093536466985456,0.15862589833892848,0.6611040101453892,-0.8465945357993705,0.48065915241566176,-0.03190966212477917,-0.3101042399103772,-0.3216677822542053,-0.11291462301872074,-0.3252992612568873,0.2659603530795035,0.2584349333281618
0.6671757806987524,0.850934578502173,0.7113145838525248,0.7777504503561798,0.5985193575676768,0.8264315065428699,0.725804197933229,0.846881046483643,0.8677106115448383,0.851692500723456,0.7481486901733929,0.7627582818313366,1.0,0.7172035042023543,0.7789217649614547,0.834332696083674,0.7197923994162918,0.8101658615361552,0.6586239671012558,0.8040072485161627,0.7812036348716369,0.8562185984491264,0.8577678340242515,0.7901406662728627,0.7208955432451589,0.613284593778735,0.8568249473605846,0.7168703584908065,0.8049118129388703,0.792017926615325,0.8510243788985734,0.8051754822913715,0.8441430301227467,0.8424603119829888,0.8715774227738244,0.8073207377659748,0.855399368559023,0.872194935032642,0.8425147760886269,0.7043654256048411,0.7067975652475971,0.7654314131446744,0.7684574294471279,0.7517420689447172,0.7903555103259317,0.5860796693041384,0.762659152080329,0.810941265504959,0.5520694103794448,-0.8668898932521141,0.43033617632274546,0.03825817919262274,-0.4315640556649357,-0.382657640240953,-0.07967586630328612,0.07052868741122252,-0.45903860359639465,0.22179189659575518,0.35102791767713076,0.6900758625033138,-0.8592175707022421,0.5335837319375467,-0.08233403775227008,-0.38181537795892034,-0.24226389819835797,-0.1820208002422653,-0.32812305644695583,0.17538802166657208,0.39976484171685134
0.361410766476589,0.6698355851423083,0.6363464338614032,0.6686824650189279,0.1886339483320041,0.5865105580485336,0.5999902899494459,0.8342008259905948,0.6947414215893386,0.700406338439505,0.8882594488578909,0.561284976953423,0.7172035042023543,1.0,0.5979474085009868,0.6687863939272066,0.6076031014489992,0.7478619082806435,0.4684584922581642,0.6345219467047668,0.6643013595934917,0.7102354939067944,0.5200180364487397,0.5366866285443022,0.6409689892107353,0.5029517499908135,0.7928792793937779,0.5049279808462183,0.6445793964270528,0.6298214913870365,0.6848146499045723,0.5908747392779772,0.8027000850966607,0.7243615702830543,0.7179349875564361,0.6027483131934337,0.8579186005344579,0.7349644251011422,0.6188944425666519,0.3535387118803476,0.47726470507338037,0.5469067406128487,0.6706447988596009,0.583629643831678,0.640189169239464,0.3904771593596646,0.5921448462860892,0.5443958194625728,0.6369872167743612,-0.7034642529399739,0.31942857555759685,0.025110862400235235,-0.33448441850472815,-0.24325413498256873,-0.041748450582712704,0.42693495942427057,-0.5127863044780191,0.31332432726231735,0.5789244788384766,0.5999467586107531,-0.72633701208429,0.46962985317677686,-0.07624026554820215,-0.3257114893318965,-0.2394120776662292,-0.05489542269884916,-0.20599628501156433,0.20852468388962667,0.5240691718279981
0.7425136082808169,0.9359978576277993,0.9122046443855817,0.9020804137856476,0.7260687376856664,0.8211659262571543,0.8992453563458493,0.8752847555935213,0.8745061156291438,0.8363415293023001,0.6965622036828146,0.8526980812347065,0.7789217649614547,0.5979474085009868,1.0,0.8889764274460745,0.8670572004511565,0.8153917134093276,0.7647015512925404,0.8063078851733436,0.8021154380006841,0.7415127111104959,0.7969568859591207,0.7545918019165765,0.7784489938846375,0.805287882754533,0.9071561793710762,0.8124694368101939,0.9420220660027766,0.9315515009328734,0.8467234753614541,0.7244719145370021,0.8893132814468876,0.9386481335262606,0.9005442489032656,0.8932594084176447,0.83321204535519,0.9370958558511553,0.8957508359974066,0.8073380810124867,0.7625027733494132,0.8222770538029025,0.86316505753513,0.6420614598565256,0.8337544970202293,0.6268443335165959,0.792821202197959,0.6343621800664349,0.6491213435398142,-0.9429426042536145,0.23322980120704645,0.05713380449420835,-0.4643701701292969,-0.35517325025351565,-0.16066857879333668,-0.15290432837446505,-0.4204239084198894,0.0732808309020588,0.17603262333069628,0.7583187852545848,-0.94242677083783,0.5102455057381272,-0.05378923536239797,-0.49178745443090033,-0.38969117920484675,-0.1493656253315687,-0.35951049925544776,0.36209985609484135,0.28206375397337025
0.5986905827296484,0.8757938385924855,0.8613540090311985,0.8746225117781097,0.5989708599382826,0.7610974030293421,0.8446016210536482,0.9012611027006447,0.8314530219059325,0.838160665221826,0.7718306780817656,0.8469179914509185,0.834332696083674,0.6687863939272066,0.8889764274460745,1.0,0.8259282979982222,0.8499982513801623,0.7565151539756544,0.8222210897236352,0.8131749448825517,0.8173398261231568,0.8088343562573223,0.7660049387866239,0.6726807774883817,0.7496911964065267,0.8805130466884667,0.7440644491636085,0.8657161826037253,0.8989318549083302,0.8697948314960939,0.7486296251517731,0.8590009209754436,0.9173861437062829,0.9191919018468474,0.8527287614266978,0.8525862697490011,0.9233506316644944,0.8912001003100173,0.7795955652528833,0.711279511905915,0.793611042297799,0.84319988365417,0.6706100519418551,0.8409426914040815,0.631565248418632,0.7704377475914134,0.6791841901234852,0.6526115197136466,-0.9087922122292256,0.33446887305174583,0.11220281044519297,-0.4797510615273444,-0.3404996647986665,-0.0708879658464051,0.019351307049703604,-0.40546388615603096,0.22184347052400405,0.335213076454222,0.756505660785127,-0.9125517885763734,0.5701672340903124,0.015003868832447979,-0.4708949522596867,-0.3604564397641088,-0.0869274842370011,-0.22629432043134776,0.31945384089501716,0.393554334194284
0.5591656760771965,0.8815620714170916,0.854347776390514,0.8260515556008373,0.5684968638043,0.6821367617477246,0.9567217096176387,0.8504466599690105,0.7867823143865803,0.8641996393071165,0.7470014551647869,0.6819370087242445,0.7197923994162918,0.6076031014489992,0.8670572004511565,0.8259282979982222,1.0,0.8900948007154775,0.7370254257073896,0.7655565496358544,0.752549592997324,0.7852795376514895,0.76165995222486,0.7615320626852925,0.6789243642220553,0.8533457337431712,0.8319162013482099,0.666169976282578,0.8719168096304644,0.8634197823468479,0.788968161100723,0.792382359222526,0.7911144604874037,0.8441351669563749,0.8400886376959459,0.9110433518611334,0.828970339538233,0.86419758493649,0.8575047471475858,0.7708175829895229,0.6543034062591176,0.8536965693239079,0.9312229809254472,0.608056643502281,0.817604255356784,0.6882033900498936,0.8036894797741871,0.5495586891076224,0.6404500750893439,-0.869346822046823,0.2057167936599893,0.03933696083334287,-0.6043857836694198,-0.39308247504918226,-0.16305061344779964,-0.02529444912712223,-0.36070142759060486,0.14887687614964534,0.21602398313687174,0.7242962491807364,-0.878631098427445,0.46782258660649395,-0.049583509265342336,-0.6636677537934086,-0.45131546869943934,-0.16405105126588182,-0.23603817663531268,0.34458402876300265,0.26468471687993134
0.49693441343153516,0.8489695343019006,0.8128861841784344,0.8251200655418075,0.44651816921558984,0.6848497199316673,0.8738979573277605,0.8798795884510339,0.7807055974780904,0.8464478921672723,0.8222418632756875,0.6661421299480033,0.8101658615361552,0.7478619082806435,0.8153917134093276,0.8499982513801623,0.8900948007154775,1.0,0.7706559688127794,0.8217203402823645,0.7893778939675717,0.8836608899719677,0.7640458166979673,0.7465982120499958,0.6330844942130307,0.7704045901619336,0.8515641976993863,0.6352875926250192,0.8200205599636962,0.8360872592746789,0.8330866346152809,0.8176942108278972,0.8107952722632279,0.8427647050455134,0.8455185404691737,0.8509312319384162,0.8846921722501477,0.861778361591778,0.8189379099714053,0.6863416212987561,0.627200482436925,0.7558392984930306,0.863683305492507,0.5949360460636933,0.7844757044866835,0.6146763790531554,0.7404442488317565,0.6391343543659224,0.6823137122455356,-0.8613586459777673,0.23174783296257803,0.07374771303114203,-0.559743943514655,-0.39355201113582333,-0.10114536915950924,0.18876851531411454,-0.44657260911867463,0.19271490417159196,0.34504578742972447,0.7375212338341678,-0.8721009504311924,0.49452553897602747,-0.025660091940985254,-0.5931385290241346,-0.4282183581852466,-0.11541953386474296,-0.23607074424566982,0.2678076213732707,0.35055807260465827
0.4649218202359016,0.7872538780398532,0.7661874342398024,0.7716800497633755,0.5366249187670908,0.7290219046437861,0.8175038168483412,0.739384435625128,0.6777716964161905,0.7145098130858074,0.5752628663735407,0.6236549560482152,0.6586239671012558,0.4684584922581642,0.7647015512925404,0.7565151539756544,0.7370254257073896,0.7706559688127794,1.0,0.8026701348938062,0.7052183081311538,0.6670202694233255,0.6569520031823549,0.6526461504812816,0.44558269629979114,0.8018317295723956,0.7078864488087366,0.6048985312726988,0.773176077146324,0.7777484977381453,0.6861717667882418,0.6391564584799527,0.6801346570720379,0.7339163571757602,0.733482321770096,0.716115101430098,0.6806366054829526,0.7501716103087346,0.7566664904439356,0.6645070025848069,0.7235397698003639,0.7614617504173755,0.7377449018122874,0.5623824932301795,0.6986073755689512,0.516970170575658,0.5900303237959263,0.4560320210284303,0.5420263870003746,-0.773083969395734,0.0779588648405547,0.14576312845007894,-0.4854165146096531,-0.2318581810142366,-0.05871690096283122,-0.02109981578865172,-0.36195454345886513,0.0874431258278502,0.12127143348915159,0.6129429946831452,-0.7622556243456635,0.3897528580814377,0.1250845857186908,-0.4505885236961765,-0.3039693272994771,-0.05081702809548087,-0.2219553017313758,0.2719500351685948,0.18110822702338658
0.6259487687453982,0.8491730084585303,0.8314061256397001,0.8594929743885731,0.6149902713477778,0.8148838349827727,0.7880251375608721,0.8281595858582442,0.793905995243976,0.8248977498969567,0.6576879549623652,0.8054457726422173,0.8040072485161627,0.6345219467047668,0.8063078851733436,0.8222210897236352,0.7655565496358544,0.8217203402823645,0.8026701348938062,1.0,0.8792232524136003,0.847743791555491,0.7725262187765292,0.7531609658604504,0.5685681881987845,0.7177100401322467,0.8102692511046163,0.7212261464315548,0.8258501314176155,0.8623175191136107,0.8602732048776082,0.7799845311041308,0.8056359183610193,0.8240387255644263,0.826875833830397,0.7996671166086293,0.8160945320230989,0.8425842943466857,0.8167933006048728,0.7517298163854568,0.7776330941288271,0.7295958577401543,0.7888632183936028,0.5891791521213461,0.7887783329725339,0.49653563306150733,0.6606890175243081,0.7164689504800382,0.665212185556574,-0.8717741758976272,0.15803822077848112,0.11728201008491074,-0.43153490483937035,-0.27912736287347006,-0.057158913197739324,0.07922776330426018,-0.5383786901807915,0.08280152474721186,0.19524895674133927,0.7092126639129375,-0.858311199504415,0.47084350490328636,0.0351715371107554,-0.4055939135608203,-0.29211671438322023,-0.0779860921616987,-0.31169116860096724,0.20790006964997237,0.24502821805077485
0.630411883759871,0.8342762893907865,0.8345284280532571,0.8453363666117684,0.6315644701642679,0.7712445519653272,0.7600162113877259,0.8449422492386345,0.7977173517500155,0.828072576828888,0.7342588445286529,0.8412078654422434,0.7812036348716369,0.6643013595934917,0.8021154380006841,0.8131749448825517,0.752549592997324,0.7893778939675717,0.7052183081311538,0.8792232524136003,1.0,0.8584682850566656,0.7586147250622819,0.717490726339144,0.6604778248844649,0.6370572338913392,0.8202349562507438,0.7550120099262905,0.8168188363511883,0.8897363384314467,0.905058773911554,0.7558211073273148,0.8256940771330489,0.8306799964760693,0.8427604545816608,0.8047553872035972,0.8359558197980653,0.850860838091958,0.8193638920540591,0.7221122485192387,0.6925546647746744,0.7048313304808066,0.7899556211211325,0.5577611141035812,0.7865442447733993,0.4737200766301109,0.7031153122451962,0.6891101108141126,0.5822999192147427,-0.8612015586323564,0.18176852358765605,0.12147116367821591,-0.4039528545685406,-0.2829034471066761,-0.079048891197021,0.10882782092456647,-0.4604125010192752,0.08252357719277523,0.23054297469516366,0.6909971167916494,-0.8632060911548919,0.44463995116824856,0.0008617949346024636,-0.4002946908660913,-0.3287322561479921,-0.07777012021813072,-0.28938295078787823,0.20309530603676823,0.269976356999937
0.5735232433856051,0.7992213448610821,0.7414307006818991,0.7616166755358507,0.5054437002961625,0.692208657622037,0.7490024690453317,0.8329918064443951,0.7628501255363325,0.8324248029398397,0.7730999647832453,0.6920179541198772,0.8562185984491264,0.7102354939067944,0.7415127111104959,0.8173398261231568,0.7852795376514895,0.8836608899719677,0.6670202694233255,0.847743791555491,0.8584682850566656,1.0,0.8365292800601671,0.8096787370541013,0.6716024560987208,0.5994703268656079,0.8101130948870096,0.6831613989374461,0.7742103740464037,0.8113874573801171,0.8892656365012299,0.8851706333984474,0.7867876212252436,0.7940557409828558,0.8324502575258501,0.833137986915579,0.8416369376213112,0.820746313436774,0.8202399282067577,0.7451182811363862,0.6407730971694425,0.6914986077718425,0.7998215713752707,0.5737427613342277,0.7698225289054221,0.5205344185600072,0.7420828994037586,0.7808643910718858,0.6372051735624823,-0.8228370649573228,0.27002571826991717,0.06585362337552748,-0.46841806847169154,-0.3940038875408842,-0.08011858826904396,0.18713878324148606,-0.40811899656790823,0.139935269629168,0.33929629438984416,0.7282960310606541,-0.8314184997989956,0.4952528797158096,-0.0614990293458719,-0.4821886557916854,-0.36280646670389066,-0.11480189398272243,-0.1955272739176572,0.19005828167795072,0.34976098447624393
0.7421562902902247,0.8367573241925724,0.7181498725367961,0.7191117977638608,0.699500218537902,0.7688437439413839,0.7422849335326991,0.7745030806010491,0.8088314076347324,0.8254835487919744,0.6059288391807923,0.7564245824528907,0.8577678340242515,0.5200180364487397,0.7969568859591207,0.8088343562573223,0.76165995222486,0.7640458166979673,0.6569520031823549,0.7725262187765292,0.7586147250622819,0.8365292800601671,1.0,0.8547200060889112,0.7125437226434451,0.6178976165459138,0.7917745271401899,0.7562755199320425,0.8193321437189979,0.8098496706564193,0.8286197481147646,0.8525321388928739,0.7779367271067985,0.8038198068254659,0.8313140523046504,0.8777546670094697,0.7451659222353977,0.834410505825598,0.8840898063872206,0.8760314835077941,0.7203652323179465,0.7533464693950122,0.7708559364398002,0.6471013903412897,0.757856286369592,0.5693629347066063,0.7904666554886061,0.8407277127180769,0.5207509736294735,-0.8415916080187531,0.33585150506486894,0.030799649605104416,-0.477996554281069,-0.44556882993704283,-0.11445390384554409,-0.16014639606851702,-0.3140419505998957,0.05744017562626587,0.17489687675074586,0.6769011676251974,-0.8317165691784069,0.46412946100443325,-0.06174674293225436,-0.4537563441252122,-0.33959677700833024,-0.1762952204643361,-0.2736224972717069,0.2061061453291465,0.25026765195275585
0.6321610826900054,0.7963489965689016,0.7001959767183339,0.681982118072092,0.5741979040731947,0.6976329751262437,0.7491459055885054,0.7732395309130342,0.7436466502477194,0.7841710951768038,0.6312519431809809,0.6632973850277682,0.7901406662728627,0.5366866285443022,0.7545918019165765,0.7660049387866239,0.7615320626852925,0.7465982120499958,0.6526461504812816,0.7531609658604504,0.717490726339144,0.8096787370541013,0.8547200060889112,1.0,0.6562021531942515,0.6811930826611198,0.7568678825370182,0.7381111371126267,0.8058923153796355,0.764284995754873,0.7852101881212414,0.8603123015400349,0.7398293777331513,0.7553716958848221,0.7937745075771937,0.8406640792783754,0.7417793420734228,0.7902630121879496,0.8341921494550686,0.8411305589761119,0.7398810606795115,0.7865088895737696,0.7878005476912135,0.6723313288987324,0.7759540446806978,0.6039407183651997,0.7775610871916451,0.7955221026733597,0.5973124496006724,-0.7962508584399145,0.3168893639746819,0.13241487489229434,-0.44979519795452155,-0.35013714664220685,-0.11063548842730925,-0.017665925059741724,-0.3152044767406952,0.06419013962162938,0.2510551883648926,0.6674684321844002,-0.7900460184225834,0.504680197548408,-0.0025874946729132252,-0.42967643782189163,-0.24608055441275822,-0.1418541551223165,-0.16930710370831636,0.2249726138646784,0.2880358075732037
0.7784742399733151,0.783480711363527,0.7183647517380002,0.6947696759085061,0.6265690316624369,0.6824360339029016,0.6793321038628866,0.7652239600610595,0.7833576772025252,0.7106199613950762,0.6825732264352085,0.6842337296128057,0.7208955432451589,0.6409689892107353,0.7784489938846375,0.6726807774883817,0.6789243642220553,0.6330844942130307,0.44558269629979114,0.5685681881987845,0.6604778248844649,0.6716024560987208,0.7125437226434451,0.6562021531942515,1.0,0.5123191420698309,0.8386136049577467,0.7630164202480832,0.805884505838164,0.7613025300398453,0.7413289805035186,0.6404465826037258,0.843008851445499,0.8117790045862523,0.7829202854687188,0.7556646698618975,0.7403941120539549,0.7909635423910488,0.7522888055253157,0.6364786502617267,0.5956822102614877,0.6517859201334739,0.7078510794484454,0.5896945400536843,0.6727676297565927,0.45857549789079943,0.7489073074797769,0.6281969919316363,0.5316141210471794,-0.7872839912324502,0.33766045707957487,-0.04110971942760874,-0.28543038420710537,-0.3443029221615497,-0.21109393824652878,-0.1750075490462293,-0.3088862887779852,0.07014179316130233,0.2983593217790943,0.7003799600748203,-0.8054585826970897,0.4363605401269558,-0.17743529736729358,-0.34276947666613233,-0.2995563956066821,-0.17223118110714733,-0.32135528690596077,0.2948412202999824,0.3815135204923216
0.47458490947443027,0.8283675545373109,0.8107630782055418,0.7794944601078985,0.5274714523206693,0.6706937787717066,0.9108394251825042,0.7746753528753164,0.7165027387165558,0.7695922836202436,0.6429067932539022,0.6036619371872495,0.613284593778735,0.5029517499908135,0.805287882754533,0.7496911964065267,0.8533457337431712,0.7704045901619336,0.8018317295723956,0.7177100401322467,0.6370572338913392,0.5994703268656079,0.6178976165459138,0.6811930826611198,0.5123191420698309,1.0,0.7492261823597313,0.6090322601790917,0.816656825207635,0.7817809118114474,0.6821545015425822,0.6523914750359472,0.7126289979438547,0.7751949472563808,0.7478499340536954,0.7997798554708346,0.725716411182002,0.7838615993300363,0.7791416263549283,0.6780822306564633,0.687598786395811,0.8418866184529823,0.8356696528180463,0.6146014245862297,0.7397081961507262,0.6413642202982168,0.6546681083054612,0.4085686880987942,0.5724927497881641,-0.7993906294944212,0.14081997474352176,0.12861967474143546,-0.5214475200778883,-0.1832678443268067,-0.12104703425056348,-0.034504543604572425,-0.3559273463201349,0.1448942325524156,0.1347832317795664,0.6188421132017795,-0.7987152603814943,0.3914625529871502,0.07533657573255367,-0.522244967997728,-0.2678625728716419,-0.09476124582523882,-0.2621755329358361,0.2869493612434159,0.23109027297949902
0.6932832776128707,0.9253197713687887,0.8819990769750091,0.8902129123887176,0.597671734422955,0.8149843142175337,0.8531779129595222,0.9445141934458772,0.9014618801377482,0.8697614055439907,0.8459140584870842,0.8172816552581271,0.8568249473605846,0.7928792793937779,0.9071561793710762,0.8805130466884667,0.8319162013482099,0.8515641976993863,0.7078864488087366,0.8102692511046163,0.8202349562507438,0.8101130948870096,0.7917745271401899,0.7568678825370182,0.8386136049577467,0.7492261823597313,1.0,0.7914254193815123,0.9178357165488589,0.900366553978357,0.883466667532792,0.7570879776808911,0.9498548264039175,0.9505977808689464,0.9333385182601523,0.8663802524165323,0.9198514950893389,0.9486981644674826,0.887825724296906,0.7178794708780055,0.7276433900706404,0.8005714824759431,0.8585895465923088,0.7176765625581663,0.8420839399929347,0.5750561907325193,0.802604853407096,0.6913208402388349,0.692737310297378,-0.9476546208682756,0.33243575520787855,0.062389497870796805,-0.4383993548567368,-0.35621702954304013,-0.11926312008799173,0.035778448420193565,-0.48270081725658337,0.1888854807799336,0.3834382578864354,0.803392627255038,-0.9503035902362036,0.5454021324381081,-0.05698471540219274,-0.44137451290083995,-0.31559520605893593,-0.13595661034579798,-0.3434558035515276,0.30413622498935977,0.4275278518335745
0.8479276893049156,0.8461825275456384,0.826959365307665,0.7943231678853079,0.7935016903617143,0.8207623290472308,0.7095497617721382,0.7744412301831716,0.809490603728793,0.7421986940137244,0.5987893202150795,0.7457621034654826,0.7168703584908065,0.5049279808462183,0.8124694368101939,0.7440644491636085,0.666169976282578,0.6352875926250192,0.6048985312726988,0.7212261464315548,0.7550120099262905,0.6831613989374461,0.7562755199320425,0.7381111371126267,0.7630164202480832,0.6090322601790917,0.7914254193815123,1.0,0.8700569805633128,0.8400321419239547,0.7967349773338979,0.673147102193257,0.8236192909540089,0.8211532867586582,0.8170160854532817,0.7797874639653612,0.7435624208566662,0.8165629459908192,0.796911524060101,0.7458644502254982,0.8520981184486428,0.7434747720268493,0.7157697579935428,0.5566099981457096,0.7145700267315562,0.4239948491819328,0.7024029837051874,0.7136144748741666,0.5800425686926483,-0.8542607073926699,0.343765072805322,0.06845317101207639,-0.2742816292192913,-0.23700757596338418,-0.1654657921758216,-0.21193969959696035,-0.47136802782411075,0.026476504544659038,0.21923033001257028,0.6916188996497947,-0.8495882285600455,0.47817387659056204,-0.04505308642634073,-0.2670857208982024,-0.17861573683703014,-0.19289457693119236,-0.4272561594338219,0.2609520031692694,0.3634015189040525
0.7739837713607739,0.9639771722152328,0.9161979775123769,0.8973375594176722,0.7407182158439717,0.8632189848881106,0.9050789458737714,0.9044041570915793,0.894674742289075,0.8845744917880322,0.7437410293901104,0.8086718707225808,0.8049118129388703,0.6445793964270528,0.9420220660027766,0.8657161826037253,0.8719168096304644,0.8200205599636962,0.773176077146324,0.8258501314176155,0.8168188363511883,0.7742103740464037,0.8193321437189979,0.8058923153796355,0.805884505838164,0.816656825207635,0.9178357165488589,0.8700569805633128,1.0,0.9326057908656342,0.8657380661836965,0.7733656890009181,0.9102085866048768,0.9291933755547357,0.9120100942785032,0.9135469196124417,0.8718358652530201,0.939435591015967,0.9050490054367956,0.7994166561414989,0.8271345658839907,0.8744539999614885,0.8897294333044568,0.6972602831526035,0.8516555390792233,0.6121371696465256,0.8152828515952911,0.6733436806935802,0.6745157193766163,-0.955069856378014,0.2592140434954973,0.07377924616653936,-0.43470741744786506,-0.3246476908229868,-0.18486057618251978,-0.11395806218375877,-0.45743593017502165,0.09232969195942348,0.22170872137955766,0.7592280528373528,-0.954603413684385,0.503735925645443,-0.031899902684272854,-0.45601115103415146,-0.3166733010561037,-0.15485361668715833,-0.3792824535708793,0.33243552704026574,0.33219611269189475
0.7290428716039807,0.9370116771404363,0.9397885378953504,0.9258329559738706,0.7334332407672746,0.8217653320729107,0.8886689384069658,0.8965193888461881,0.8651954232833614,0.8735990709695333,0.742633226948655,0.8649741714817212,0.792017926615325,0.6298214913870365,0.9315515009328734,0.8989318549083302,0.8634197823468479,0.8360872592746789,0.7777484977381453,0.8623175191136107,0.8897363384314467,0.8113874573801171,0.8098496706564193,0.764284995754873,0.7613025300398453,0.7817809118114474,0.900366553978357,0.8400321419239547,0.9326057908656342,1.0,0.9155406419537372,0.760159812443297,0.8870860113966711,0.9365213485043598,0.9189764245277982,0.9022195594089958,0.8617720205685955,0.9296522060795325,0.9062870175615728,0.8075114536721357,0.761842673338725,0.812623353501325,0.8729230549881407,0.6234090402386281,0.8469218801779922,0.5737682443437817,0.7810375859952496,0.6631331385915272,0.634068114535907,-0.9505060771018086,0.2192676187660744,0.12791209377409443,-0.4440778669566888,-0.3254614098418602,-0.12026602096808135,-0.06919332570619623,-0.4363523943728131,0.07912138592739555,0.2004149115322448,0.7780771409977059,-0.954507346603212,0.465251440939263,0.020263423421101934,-0.45737995865650144,-0.3799201320008129,-0.11253226646516581,-0.3479022378440939,0.28743986899505863,0.31129273580529454
