0,1,2,3,4,5,6,7,8,9,10,11,12,13,14,15,16,17,18,19,20,21,22,23,24,25,26,27,28,29,30,31,32,33,34,35,36,37,38,39,40,41,42,43,44,45,46,47,48,49,50,51,52,53,54,55,56,57,58,59,60,61,62,63,64,65,66,67,68
1.0,0.9092729659483048,0.9369776342018808,0.9542979668666659,0.8976789540861865,0.9303723427268835,0.9282994777386822,0.8991807746412874,0.8935504778755369,0.8500987998278521,0.8964362230800798,0.8928680089337379,0.8589474846750932,0.921044537133085,0.8862727079912855,0.8400697510043598,0.8829040292797263,0.8581077317017858,0.8944016139067411,0.9000312344228024,0.8893229005590718,0.7931835674075581,0.769684935620915,0.3974616550956568,0.8969795613349628,0.9009287392942488,0.8981320566230555,0.9554141860915714,0.8590352311637274,0.9157759106719019,0.8377778989399219,0.6066514475570234,0.9062518123683114,0.9021330747344101,0.8823102664100098,0.7895647539956482,0.8867966381140772,0.8902486908416849,0.8673765273501545,0.708075228685153,0.9124228067129787,0.9148038393110126,0.829324474511116,0.8116707733130403,0.8865002769151039,0.8358725034622412,0.7663853635808415,0.4815465994999643,0.8571871783283944,-0.8847446653092085,0.48375997560328593,-0.26368650173262964,-0.4293656692290728,-0.15531576190257934,-0.2999216358820648,-0.11703858590442265,-0.4985969641612884,0.43546238972100665,0.41002024336310683,0.7222587648712966,-0.9246595623688754,0.46770311117678803,-0.3177549496745057,-0.35301330313608514,-0.1629664368631561,-0.2989864300238703,-0.4646760753704362,0.17902130605625605,0.5879062554034957
0.9092729659483048,1.0,0.9160008373624172,0.9486520079760874,0.9310620469430183,0.9470937901003449,0.9547086348424008,0.9813939652224151,0.9599805749366026,0.9215843962264817,0.9477675234174107,0.9306985519709524,0.954850836765367,0.969913314407107,0.9646713105438539,0.9363534829941017,0.9289924066344064,0.9173501218023943,0.9090827785440466,0.9526921856606543,0.9416339699737328,0.9107485163683539,0.9015023239366913,0.6166521017436069,0.9356265738144209,0.9218079631892412,0.9774327353640899,0.9481606267313246,0.9627390899493998,0.9792248496621695,0.9408770839160462,0.7403823265460636,0.9841408504630791,0.9797685883377126,0.9760626115018891,0.9319509432463582,0.9777044087624075,0.9778925646636826,0.9671842283608599,0.8573859913844859,0.9588625513437947,0.9776485718080834,0.9368125715315787,0.9417504732482622,0.9590157277343475,0.9191089438253423,0.8962315231005965,0.7055492553020138,0.7959041714689903,-0.9799143476385267,0.4330846146958655,-0.15298791301677991,-0.5506918964817896,-0.21940182593518875,-0.26980815159881605,0.1307556839857111,-0.5036145821248901,0.501731998526092,0.39940611700722256,0.8780199250279284,-0.9777224688779728,0.5054882454504893,-0.1357423991878792,-0.4925471095637517,-0.1351248353425166,-0.25427532179110224,-0.3501661261432512,0.27304140259760806,0.5692613041084839
0.9369776342018808,0.9160008373624172,1.0,0.9624493523895254,0.8811534162655784,0.9172375107845784,0.9586276944512144,0.8983602596007974,0.8744454311887234,0.8474086362371333,0.8817754149331671,0.8517409621301201,0.8419853335070776,0.9283586580839918,0.897906349205401,0.8368757968413975,0.903103779129767,0.9022121064129778,0.9170722543294146,0.9051884305068443,0.8879247211065113,0.804311986603672,0.7601436923496248,0.42409974778015536,0.8592566003413306,0.9476273452034624,0.9067020216007985,0.9456965020163594,0.888099119166536,0.9220265592498585,0.8698212515195364,0.624552077505272,0.9079216414595385,0.9213318663102389,0.8925545344145145,0.8055262334334053,0.9060786052403478,0.9008658979216879,0.8784924403684431,0.7229279936736137,0.9161510846575035,0.9203853959587998,0.8446618306947634,0.8192956504933673,0.8767696352578633,0.8253260293228969,0.7494541552427081,0.4905460453406987,0.8751531108484129,-0.9060725688319273,0.3783399084808212,-0.2784445938774957,-0.5311945793672922,-0.23037503770555073,-0.349817662813341,-0.09863936896324074,-0.5695892695700981,0.3711005422511969,0.2884483177163037,0.7726226549386895,-0.9395499938975871,0.3966886531976684,-0.31580288243058685,-0.4371863332716796,-0.20779343322435465,-0.3338966424288954,-0.5309656115131953,0.16040660888675756,0.491950787348007
0.9542979668666659,0.9486520079760874,0.9624493523895254,1.0,0.928181738712333,0.9549781466708247,0.9586699967171538,0.9422512073108682,0.9313933471104029,0.9003383517006516,0.9273595991446932,0.9194532957293771,0.9103653470119334,0.9542868794276319,0.9305930519931388,0.8956424238318906,0.9121255932919422,0.9143101944406428,0.9167373802742126,0.9406488764726758,0.9382887705471522,0.8716854696840615,0.8286514175375471,0.47796071492301384,0.9170257133594062,0.9311356684147882,0.9452030204126112,0.9559809507810482,0.9065219130054505,0.9561926101710981,0.9036470854664459,0.6587253507035336,0.9466492426778561,0.9474987596939597,0.933412365634695,0.8567529789530812,0.9377589358756011,0.9399747326485501,0.9260811675808944,0.7978059885377474,0.9369124151558899,0.9474104845233133,0.8788756810714273,0.863925049404845,0.9260347928269232,0.8667992769120754,0.8180852072019654,0.5832562364466476,0.8303898501528953,-0.9431324104401411,0.4354385184746238,-0.2721837937675086,-0.5321497728615946,-0.2561958439569865,-0.3291638303349233,-0.03990209703135537,-0.5485147800142947,0.43239171500016416,0.3373483823327993,0.8189011766823272,-0.960463458709424,0.46333960098274435,-0.28895456272177805,-0.4607351810820305,-0.20824105381429592,-0.32198781940131854,-0.4467211490428102,0.19952323100870406,0.5201832386911195
0.8976789540861865,0.9310620469430183,0.8811534162655784,0.928181738712333,1.0,0.9499229240502918,0.9250500592750396,0.9310940790552249,0.9353102952174549,0.9360858051627015,0.9311523468903308,0.9072039488713018,0.9189294144494023,0.9248875656947186,0.8985671582687395,0.8835035352814212,0.8950689102916413,0.8639407976753,0.8785350111089453,0.9183656338989848,0.9360254341225721,0.8685218187931666,0.8462627105935849,0.49089111250483364,0.9237383669360443,0.8901692979610252,0.913582220540731,0.8985915886410418,0.8689535304789283,0.9184001281154082,0.874139390358432,0.6532984130977612,0.9350240592538401,0.9100716323909164,0.9089809677620477,0.8510894897827094,0.9062599213838546,0.9172302077501415,0.9175007782491172,0.8229966626633338,0.9138697161238454,0.9424764881888401,0.8933642315623191,0.866348237953501,0.9184258760538729,0.8814593557606658,0.8104613414049932,0.627557273929332,0.7097902004183444,-0.9152636715080257,0.4950223119021886,-0.2572361935720541,-0.4968287472040008,-0.20996112467124972,-0.28728086991246554,-0.024589749549804023,-0.4987806295437281,0.5143540696108222,0.3360745397839923,0.8097236169745883,-0.9153494830315242,0.5391237809913371,-0.24034958291511013,-0.46350346030070133,-0.12309711361878566,-0.24448504456663908,-0.2987692699546326,0.3141866500778823,0.503753609329298
0.9303723427268835,0.9470937901003449,0.9172375107845784,0.9549781466708247,0.9499229240502918,1.0,0.9394679052288932,0.9402286577939548,0.9299706896472533,0.9088307546172584,0.9175552007103353,0.9216156510250806,0.9231692416088436,0.9433407167413612,0.911844262103419,0.9054599987135736,0.8828291517402378,0.8971513921394143,0.9235044171102201,0.9555563412683568,0.9363830896700722,0.8714673897571904,0.8330147792828365,0.49796890395695564,0.903184248564836,0.901547997797858,0.9325777882957459,0.9382909583635975,0.8940829857195483,0.9372859132991964,0.8676943981548142,0.6468947034169534,0.9466331133718152,0.9293484074692421,0.9181393343332414,0.8505430282173708,0.9210691903953392,0.9278600467834476,0.9171749524117906,0.8020179382105331,0.9516197914994233,0.9470749073108453,0.8703630424177732,0.8739307440992452,0.9206345679656955,0.8670035672600591,0.8096736820674704,0.6088118073338133,0.7667695132916279,-0.934131681103315,0.494607357331744,-0.24344941647606125,-0.4988053772852181,-0.22177524093125026,-0.3057683493155851,-0.0002779617604020002,-0.5114527461062047,0.4933267172781295,0.35535641217123287,0.8244922994764189,-0.9353696926870948,0.5314823554138419,-0.22197195990492574,-0.43921643902659613,-0.14284584269112283,-0.27388667723633664,-0.3684461371410082,0.27179995772950577,0.519034397372809
0.9282994777386822,0.9547086348424008,0.9586276944512144,0.9586699967171538,0.9250500592750396,0.9394679052288932,1.0,0.9354799076740339,0.9176583274879492,0.8887988545743979,0.9195958933542794,0.8831241278347289,0.892093787828524,0.9419138752374387,0.9222188163328285,0.876575639257035,0.9580935654878469,0.9270812682930155,0.9302536166135718,0.932530782560696,0.9057473397229218,0.8539912807354508,0.817749870100586,0.5156411952560458,0.8999476369356505,0.9723252512702186,0.9341061016466718,0.9559907880942864,0.9193070460208014,0.9466691383132703,0.9041493994988453,0.7002616949315915,0.945004744404824,0.9453241385018003,0.9296768337567346,0.8638298240992667,0.9361019823904864,0.9336195493675387,0.9176363653306789,0.7854190920552748,0.9446315221938978,0.9623685555022196,0.9164455860801725,0.8697225552066739,0.9194870383119824,0.8901732020439121,0.8137296560044105,0.5761199515465113,0.8331839417593716,-0.9360932444989203,0.46304571343745904,-0.2242849178961699,-0.5137329012019879,-0.18838785222430518,-0.31471552622758814,-0.04931455495110204,-0.5199499058278786,0.47254766005151605,0.3356045781609387,0.8031654283996709,-0.9554051653525788,0.5065877374003763,-0.2376107053812151,-0.45235416770740333,-0.1326336251367583,-0.2952136466007001,-0.42136333291185085,0.24061315561910665,0.5398039545429956
0.8991807746412874,0.9813939652224151,0.8983602596007974,0.9422512073108682,0.9310940790552249,0.9402286577939548,0.9354799076740339,1.0,0.9678353966940405,0.9376346425475973,0.9630216613365052,0.9453001910987465,0.9659208175008785,0.9756152109108855,0.9662540987844801,0.9493640677653176,0.907238592556621,0.9075029741792401,0.8922174374948405,0.9475560603181463,0.9516806477969216,0.921415985371973,0.9174187794469378,0.6145329411397275,0.9518492840730441,0.8963439515497489,0.9807458706572607,0.9285743188614667,0.9481410407347126,0.9771770120372413,0.9384493352351726,0.734967871949069,0.9826352895358548,0.9771529884997476,0.9787078754679911,0.9360927724084582,0.9771900138221906,0.9812173466281779,0.9739406967473492,0.8697818916958241,0.9405371337974766,0.9655194831469415,0.9229488547759984,0.9462229728455867,0.962510414779528,0.9155828603788733,0.9064568653480586,0.7261782733825743,0.7725683647910797,-0.9810641227703385,0.41873250060392797,-0.18278617231572936,-0.583528086519796,-0.2645213423093157,-0.2716500898267689,0.1555252202371702,-0.48282699574588794,0.5061873832838621,0.400828363994207,0.8876446542370725,-0.9725064608502675,0.4908591219628118,-0.1578365647559099,-0.5303731974354865,-0.16882369761101623,-0.2528118620308907,-0.30730768382249574,0.28398161157866186,0.5529810277366025
0.8935504778755369,0.9599805749366026,0.8744454311887234,0.9313933471104029,0.9353102952174549,0.9299706896472533,0.9176583274879492,0.9678353966940405,1.0,0.9419605954908928,0.9551512712493001,0.9402674551168739,0.9550150917209832,0.9506338631934571,0.936880912828165,0.9275495203981341,0.8956758852793575,0.8768009491022809,0.8641404503677779,0.9292704322557221,0.9510323884631089,0.9169570204856273,0.9142686613918136,0.5761655412084903,0.9532657132383445,0.8717527760784244,0.959278133857339,0.9131990284108824,0.9104260553559013,0.9575699843435478,0.9267310331110389,0.7203684310133792,0.963754136033274,0.9487623225471841,0.9596345624934607,0.9185275039836259,0.9546117958968003,0.9584655994887796,0.9603948402532833,0.8581270281787496,0.9267274014697179,0.9532632566349853,0.9018423610701488,0.9161497058635618,0.9447165682366162,0.9048942603228972,0.8961396164311328,0.7109997020434291,0.7424105236878554,-0.9588042654613033,0.45581268768505406,-0.22357410711920617,-0.5537412594471713,-0.26838657729861215,-0.2565663074375904,0.11829122677712288,-0.4533584668209563,0.5165960749178261,0.4251926795706105,0.8719032981875123,-0.9471940383637829,0.5269172749547991,-0.19049458434444486,-0.5085171358743127,-0.16263518084532796,-0.24137913983746662,-0.2622677581109583,0.2852217572210849,0.5490209290456972
0.8500987998278521,0.9215843962264817,0.8474086362371333,0.9003383517006516,0.9360858051627015,0.9088307546172584,0.8887988545743979,0.9376346425475973,0.9419605954908928,1.0,0.9307082978215064,0.9124433857709487,0.9267798283152447,0.9263636733166339,0.892296870774568,0.8936210374221231,0.8743813801627275,0.8491352871564846,0.8389481252973312,0.8816389919503496,0.938287013760897,0.8858357598504351,0.8739880129315744,0.5729297403938459,0.9134677852354574,0.8522254638512673,0.9158903785047294,0.8670907926506987,0.8664580195411719,0.9166045615680866,0.8909483875150468,0.7305109576307074,0.9250673799024718,0.9084316105020104,0.9181660209176637,0.8858395306892638,0.9075147477650484,0.9173279286612906,0.922910259101647,0.819259262555054,0.8879524787278498,0.9247379746800914,0.884872595645564,0.8922225754328262,0.9188747392497975,0.8982408307256143,0.8502674881815049,0.6690877085676243,0.6911189350459307,-0.9201780365525241,0.4595185397398163,-0.23689154437798646,-0.5527012134707682,-0.2697664663381375,-0.2575998906004136,0.08312754962281373,-0.4469570868128139,0.4895494363188819,0.3530185517368254,0.8297679973672261,-0.9109212666415556,0.5129377058931315,-0.22329850937431928,-0.5329778618978838,-0.15825023836433638,-0.23438055787226367,-0.25683236290915384,0.3091709225251319,0.49826960631597766
0.8964362230800798,0.9477675234174107,0.8817754149331671,0.9273595991446932,0.9311523468903308,0.9175552007103353,0.9195958933542794,0.9630216613365052,0.9551512712493001,0.9307082978215064,1.0,0.9314550785981761,0.9395632238058651,0.951000951565688,0.9294834178836361,0.9220744709323564,0.891314452085836,0.879429644353286,0.873771410456117,0.9167900139076531,0.9352730132310988,0.8977222513216895,0.8875008518699737,0.528940684166467,0.9607378246898527,0.8791116245726905,0.9476437766683234,0.9011512317409882,0.8929022676514505,0.9503433538484445,0.9134314751705456,0.6833102453091164,0.9543641028597685,0.9404957309039214,0.9495702547307745,0.8880615763977203,0.9435368835731037,0.9514236835865082,0.9497980015108438,0.8359612507015102,0.9031829673014782,0.93908792917802,0.8894555711470646,0.8990500834479997,0.9354585733224969,0.8919043882535527,0.8648183184305086,0.6644415793164891,0.7601116013201301,-0.9436560922432562,0.4538360033316452,-0.24499531102659491,-0.5696995144821355,-0.2573412825701087,-0.2680841571198782,0.06764097429823036,-0.42855259953939956,0.5177777504910722,0.39007730214512104,0.8452686905465434,-0.9431990120944754,0.5033769487346414,-0.22887775553577322,-0.5328825967075506,-0.1726513900552296,-0.2545707447640482,-0.25787636361212807,0.29979193896672185,0.5266692485979909
0.8928680089337379,0.9306985519709524,0.8517409621301201,0.9194532957293771,0.9072039488713018,0.9216156510250806,0.8831241278347289,0.9453001910987465,0.9402674551168739,0.9124433857709487,0.9314550785981761,1.0,0.9480022100996394,0.9433798457220715,0.9214383622563636,0.9250882411615691,0.8545076970924521,0.8483150218854651,0.8436200334039254,0.9097816261721066,0.94993832495393,0.8812766313238608,0.8600900881808162,0.5408801547518206,0.9419596647188642,0.8399938291970948,0.9354625496143127,0.886708699909278,0.8675347244794399,0.9361060234675928,0.8753046517195935,0.6840857195624225,0.9420341197359694,0.9233576465867679,0.9304817943578725,0.8763434158960061,0.9236769544969519,0.933252909251533,0.924492543900803,0.8149507104667557,0.8962780653773412,0.9206443585975875,0.8653147597778738,0.8878351922789497,0.9256359897133434,0.8752886811027408,0.8636396686876704,0.649824459914345,0.7282255640116742,-0.9272921306033595,0.46251382732243335,-0.2162773598201252,-0.5288377078454907,-0.2460968704868039,-0.25046229453757907,0.12622266548814037,-0.4123274183349861,0.5083923285608287,0.41801548207048717,0.8253639787304943,-0.92443283473785,0.5095687936441603,-0.2048199201185258,-0.49486858033024894,-0.1825153481601442,-0.23834790812175272,-0.26647989553803136,0.2760742201975263,0.5420770646199156
0.8589474846750932,0.954850836765367,0.8419853335070776,0.9103653470119334,0.9189294144494023,0.9231692416088436,0.892093787828524,0.9659208175008785,0.9550150917209832,0.9267798283152447,0.9395632238058651,0.9480022100996394,1.0,0.9428894353751077,0.9372637224515349,0.9575616868009922,0.8653159902824407,0.8837179843495137,0.8645484966797953,0.939656908266688,0.9413852185773938,0.9321331034556855,0.9181225092024629,0.6087257478986439,0.9379930150448328,0.8427671389685706,0.9577872280336555,0.880715725847977,0.9129519396148985,0.9508429085349568,0.9109675067509981,0.7144948103373621,0.9599977842175449,0.9423376519187918,0.9579097474012569,0.9140079618472148,0.9473957946701635,0.9552449288402258,0.960688254209552,0.866972056975296,0.907978248156512,0.9357912323589134,0.9012213418438192,0.9321433344491431,0.9448720221303594,0.8976254488599565,0.9081280292595795,0.730313866276384,0.6998420201267839,-0.9565893097089447,0.4052490450842287,-0.17367560922715702,-0.5782963921351157,-0.28134376663199695,-0.24662407120482935,0.1974528590687854,-0.4590171981443715,0.4995009081256331,0.38754108432178425,0.8691381316818272,-0.9375323150924749,0.4895407530220923,-0.12766114358185898,-0.5362659384076612,-0.167300380167246,-0.2402911940269022,-0.2568607796601048,0.30525880031293856,0.5206537617853075
0.921044537133085,0.969913314407107,0.9283586580839918,0.9542868794276319,0.9248875656947186,0.9433407167413612,0.9419138752374387,0.9756152109108855,0.9506338631934571,0.9263636733166339,0.951000951565688,0.9433798457220715,0.9428894353751077,1.0,0.95743794793432,0.9323570296727686,0.9003509844762861,0.9005388985874261,0.9005150355657877,0.9451372970223718,0.9509603940455965,0.8907374789792821,0.8789399555992198,0.5659923229251674,0.9369683886224789,0.911202032294322,0.9684181352975864,0.9355585677381152,0.9338525509800228,0.9694988331482619,0.916244738322516,0.7015831708480816,0.9693980402844278,0.9712566609841922,0.9604960681990026,0.905384212908891,0.9653680385131755,0.9686868859769173,0.9554837255521672,0.8341238509503321,0.9392033026974443,0.958817672774054,0.899972293752914,0.9171244021370883,0.9452545528896276,0.894986188797156,0.871150290737648,0.6597025168848198,0.8123345507882654,-0.9671355756157606,0.41936711582333025,-0.21120473276488153,-0.5776065075508955,-0.25206023083229523,-0.30208313601942943,0.10562275447942071,-0.5010333149846635,0.46823032108546314,0.378681935260715,0.8627297572034591,-0.9724418839522531,0.4660841033229106,-0.2069665415746395,-0.5148358700724802,-0.18075067312780416,-0.28742542704695734,-0.3737570109380509,0.25041931089364866,0.5427394103993468
0.8862727079912855,0.9646713105438539,0.897906349205401,0.9305930519931388,0.8985671582687395,0.911844262103419,0.9222188163328285,0.9662540987844801,0.936880912828165,0.892296870774568,0.9294834178836361,0.9214383622563636,0.9372637224515349,0.95743794793432,1.0,0.9378613737701609,0.8947702860416217,0.8991848513405207,0.8697782529837589,0.9247423723864324,0.9267129807814039,0.905877994027979,0.8989805713513268,0.5997598633571035,0.9316325173993799,0.8845921689603131,0.9734681079076543,0.9145551205098537,0.9451339589635497,0.9683404748496387,0.9322089346128922,0.7305754401372909,0.969529878544786,0.9738054999216408,0.9648722704149524,0.9217344872045506,0.9688261767393115,0.9768456993437914,0.9573883145734677,0.8550340950332584,0.916276579162697,0.9418009400127375,0.9048796543098385,0.9185381228882171,0.9426227697463172,0.897231142715281,0.8980276706676501,0.7207437425436714,0.7824716803055893,-0.970406131515151,0.35021582993591027,-0.17080904490261933,-0.5948047016451371,-0.2876223627999287,-0.28843373023411106,0.14582809249979778,-0.5255184035739908,0.4246319981548442,0.3517662922932025,0.8684093376906034,-0.9682746084701894,0.4327395854681403,-0.1551539382783457,-0.5314003373613138,-0.21948779472771654,-0.26201426177474285,-0.3724419193738059,0.18817704160144913,0.5210556241260829
0.8400697510043598,0.9363534829941017,0.8368757968413975,0.8956424238318906,0.8835035352814212,0.9054599987135736,0.876575639257035,0.9493640677653176,0.9275495203981341,0.8936210374221231,0.9220744709323564,0.9250882411615691,0.9575616868009922,0.9323570296727686,0.9378613737701609,1.0,0.8398466977909952,0.8953973722513235,0.8614132938432112,0.92934455171577,0.9128057096739499,0.9459307091281918,0.9114403185080309,0.6104792044913319,0.9184741429554031,0.8243486100986432,0.9453849504040243,0.856461939180436,0.8972364344475413,0.9391472947698566,0.9061448239663569,0.7076841101706036,0.9434888479054657,0.9349366649821749,0.9445514832567717,0.9094199176657691,0.9373177396286542,0.9529018398097339,0.9501985536533065,0.8856388553029249,0.8852760898080168,0.9106102317509119,0.8693121262950195,0.9058889123178372,0.9231858546179549,0.8652930709186623,0.8981768953397993,0.7547253684576298,0.6915241893366807,-0.9472268405722106,0.3523456138809816,-0.1935292951132121,-0.6089102545202695,-0.31882195447499534,-0.25738720066808557,0.21409572168595986,-0.46944193606700985,0.4485873495635102,0.335970548360709,0.8642903404090988,-0.9280602288415741,0.4308512482586174,-0.13766394110324362,-0.5602375078462043,-0.20664605587100027,-0.2551000171641349,-0.28356498474623715,0.2423826726843651,0.47289728187171964
0.8829040292797263,0.9289924066344064,0.903103779129767,0.9121255932919422,0.8950689102916413,0.8828291517402378,0.9580935654878469,0.907238592556621,0.8956758852793575,0.8743813801627275,0.891314452085836,0.8545076970924521,0.8653159902824407,0.9003509844762861,0.8947702860416217,0.8398466977909952,1.0,0.9001531739298768,0.8796419333839979,0.8783358579050732,0.8746512094462624,0.8301677022440093,0.8048066190704862,0.5483242225611995,0.8790054461503487,0.9422198438646029,0.902287066516914,0.9190935662467826,0.8997332341971954,0.9218097942622,0.9022719366644685,0.7415526369134048,0.9156937291782336,0.9176015942842445,0.910905794523898,0.8679534733254161,0.910778101981322,0.9059403181247624,0.8896122237774768,0.7729740682926066,0.906914415199868,0.9452929764066752,0.9369954168686628,0.8571135554259959,0.9047397161292262,0.8979271030599307,0.8187511580308228,0.5903625962612293,0.7815336822629708,-0.9068572975915943,0.4637913763085036,-0.19016132466450342,-0.4883216829340057,-0.16315664040924002,-0.2712073006703082,-0.030050618213229182,-0.48299720879905594,0.4800778843963431,0.33392476105914765,0.771657798454326,-0.9248417147550424,0.5278168442855525,-0.19612153859453857,-0.45466719967188596,-0.10877271597119476,-0.24787000607760973,-0.3653650325098775,0.23960724450580156,0.5381213014021206
0.8581077317017858,0.9173501218023943,0.9022121064129778,0.9143101944406428,0.8639407976753,0.8971513921394143,0.9270812682930155,0.9075029741792401,0.8768009491022809,0.8491352871564846,0.879429644353286,0.8483150218854651,0.8837179843495137,0.9005388985874261,0.8991848513405207,0.8953973722513235,0.9001531739298768,1.0,0.9357614699798477,0.9000689521634941,0.8560116581536703,0.886023487973883,0.834231015222492,0.5082815154410348,0.865517602212881,0.8926896047115419,0.9162539613870441,0.8804031676423787,0.8856329054350985,0.9182240593428518,0.8871283110815094,0.6727300743445155,0.9150033206490232,0.9140368512196024,0.9097469603116294,0.8474129134592037,0.9073608227470984,0.9119815931341383,0.9028312078835582,0.7918473492288997,0.8809561212887967,0.9044140923292695,0.8715248629923601,0.8559048428732464,0.8916404112529926,0.8286543423111091,0.8114668256877021,0.6393081156759994,0.7487849451039406,-0.920122217044169,0.36215672310235225,-0.26828738265497304,-0.5820987758838705,-0.3102796583201404,-0.30323034444400393,0.005053085300098621,-0.5432201465614334,0.39803336974402215,0.2612011937346135,0.8240099560435541,-0.9197032562096914,0.43265267636678245,-0.2422386441719826,-0.5355732856000357,-0.2153089844189055,-0.30670058384859916,-0.40008891796578305,0.2116369086459077,0.43032540775335937
0.8944016139067411,0.9090827785440466,0.9170722543294146,0.9167373802742126,0.8785350111089453,0.9235044171102201,0.9302536166135718,0.8922174374948405,0.8641404503677779,0.8389481252973312,0.873771410456117,0.8436200334039254,0.8645484966797953,0.9005150355657877,0.8697782529837589,0.8614132938432112,0.8796419333839979,0.9357614699798477,1.0,0.9140744318304003,0.8591391642533326,0.822847010968537,0.796656143163695,0.43253998782281833,0.8472278809903813,0.9014007809695301,0.8903011378015986,0.9012523615195807,0.8647791606453198,0.8996258075547761,0.8357431415271935,0.5966203494220873,0.8995337543229238,0.8938219365747457,0.8816622994975678,0.7894243801423906,0.8844792521336666,0.8846737206595209,0.8748277610107753,0.7354351323892759,0.8996040453629597,0.9126237369101466,0.8417738647543725,0.8232258586260036,0.8643581639356325,0.813953385422948,0.7553990625319725,0.5290212456071381,0.7820070295805949,-0.893440082988636,0.431358137492098,-0.2518506389308786,-0.49697686988011197,-0.19097675695179314,-0.31148544960339214,-0.0406788591928275,-0.5229355527105506,0.44784303789774477,0.31381742746176355,0.776808749673039,-0.906412954859851,0.4649376749014378,-0.25293602561484163,-0.4204234857880082,-0.13438572296723486,-0.3112704130737878,-0.43391040087412375,0.23543119772944246,0.47491332129847874
0.9000312344228024,0.9526921856606543,0.9051884305068443,0.9406488764726758,0.9183656338989848,0.9555563412683568,0.932530782560696,0.9475560603181463,0.9292704322557221,0.8816389919503496,0.9167900139076531,0.9097816261721066,0.939656908266688,0.9451372970223718,0.9247423723864324,0.92934455171577,0.8783358579050732,0.9000689521634941,0.9140744318304003,1.0,0.930992169250766,0.8964210221857419,0.8622387892506704,0.5486836822667297,0.8987354859240322,0.8935521006664617,0.9436203059263383,0.921167162193273,0.9160831353723274,0.9441835125519087,0.8901646665973447,0.6537617765616112,0.9476516781000954,0.9417351014390065,0.9336174541217823,0.875554684269075,0.9383495345678281,0.9382837819456545,0.9346329173845058,0.8304105525882222,0.9416055386986114,0.943249797679925,0.8818605348658756,0.8962045293884986,0.9208390797189473,0.8662473209015981,0.8442800424226046,0.6491553570148251,0.7612349242024885,-0.9478308988833306,0.4209083925652325,-0.20913443172218144,-0.5525727867348176,-0.23327739298149566,-0.3105655978059756,0.08393670700050458,-0.5421171001278665,0.4703805800181363,0.33829171571474126,0.8423988491607423,-0.9437460777489132,0.48170689984534565,-0.16937934675785996,-0.47366939780173356,-0.14850532941585556,-0.2872765371343756,-0.38193612859914705,0.2574151859733201,0.5045744804349219
0.8893229005590718,0.9416339699737328,0.8879247211065113,0.9382887705471522,0.9360254341225721,0.9363830896700722,0.9057473397229218,0.9516806477969216,0.9510323884631089,0.938287013760897,0.9352730132310988,0.94993832495393,0.9413852185773938,0.9509603940455965,0.9267129807814039,0.9128057096739499,0.8746512094462624,0.8560116581536703,0.8591391642533326,0.930992169250766,1.0,0.8843445941000307,0.8755478359052778,0.5372811026082435,0.9241140942275972,0.8654610137918789,0.9414337292765124,0.8985039267544332,0.890569416241857,0.9462617265242229,0.9090668739868208,0.6819247176665005,0.9456368517136674,0.9372282709995403,0.9374206105016775,0.8822066843922749,0.9369657947720986,0.9394230600790587,0.9374035139370499,0.816979925116765,0.9115220514353132,0.9367602398441673,0.873270881529049,0.8939414061921593,0.9304335073365778,0.8839160359964235,0.842516065198104,0.6465190380434492,0.7296011283843922,-0.9442307682215083,0.42922863042707454,-0.22639127031712195,-0.5654434793742417,-0.27586746611345075,-0.2793197109047884,0.09878240124688933,-0.5003296234031691,0.46709943157815925,0.34053274361703517,0.8467531973542308,-0.9383687645293114,0.4882326745703915,-0.2045855872396444,-0.5132837262986819,-0.1924679665477671,-0.25465790917447323,-0.32646818555720003,0.2708141295305827,0.49313169838542675
0.7931835674075581,0.9107485163683539,0.804311986603672,0.8716854696840615,0.8685218187931666,0.8714673897571904,0.8539912807354508,0.921415985371973,0.9169570204856273,0.8858357598504351,0.8977222513216895,0.8812766313238608,0.9321331034556855,0.8907374789792821,0.905877994027979,0.9459307091281918,0.8301677022440093,0.886023487973883,0.822847010968537,0.8964210221857419,0.8843445941000307,1.0,0.916425751986127,0.6470434005488139,0.9017167172846144,0.7948247983416784,0.9255448007555037,0.8265198559161514,0.8744360471660735,0.9152772712662969,0.9335183952218158,0.7503465034670639,0.9203704878351628,0.903201084886791,0.9314278342829485,0.9205199259978935,0.9065039486924233,0.9271237359117303,0.9424285357137466,0.904799303438544,0.859136033215422,0.8853759109565793,0.8697679304444925,0.8800665126470733,0.9051109253408738,0.8415631739775913,0.8993201870351248,0.7992584097987017,0.6340298487904964,-0.9298186967266724,0.33226560225445784,-0.21749413871666193,-0.6068060355776612,-0.35730708990155396,-0.2765294845117377,0.19289996573638607,-0.487522206365698,0.4206228760905922,0.3023079464585049,0.8720230954757159,-0.8997169840233266,0.4364500210075634,-0.14959710203141544,-0.5766722950095023,-0.2185394418266013,-0.24657956823381852,-0.2572262749199467,0.21784357393543993,0.4193989079135103
0.769684935620915,0.9015023239366913,0.7601436923496248,0.8286514175375471,0.8462627105935849,0.8330147792828365,0.817749870100586,0.9174187794469378,0.9142686613918136,0.8739880129315744,0.8875008518699737,0.8600900881808162,0.9181225092024629,0.8789399555992198,0.8989805713513268,0.9114403185080309,0.8048066190704862,0.834231015222492,0.796656143163695,0.8622387892506704,0.8755478359052778,0.916425751986127,1.0,0.6507986761104231,0.890247108806607,0.7611125975306163,0.9133754675712421,0.8023536921785857,0.8698217567604185,0.9022598686398976,0.9001257604309597,0.7327051280225144,0.9096526484031782,0.9004510341819081,0.9191778272767215,0.921850221545395,0.9131573150651928,0.9192344990210142,0.9417790621863074,0.8908992963284161,0.8331512780536406,0.8712750800446636,0.8607216442755597,0.8900818225248174,0.8924182265730665,0.8512254329518296,0.9064127440880941,0.8188266077456613,0.6159227063493448,-0.9202957254315206,0.32458919362405436,-0.15423603895369897,-0.5614194988286911,-0.2952424504712197,-0.21237730612424388,0.2639835331880491,-0.4313862690254663,0.4598570517559696,0.3617434730004134,0.8534510383421389,-0.8837564872364149,0.43861613626101703,-0.07444573257477821,-0.5233954073498143,-0.16247498892723117,-0.23035288939798837,-0.1825939264672813,0.27700574187163113,0.46128572304766435
0.3974616550956568,0.6166521017436069,0.42409974778015536,0.47796071492301384,0.49089111250483364,0.49796890395695564,0.5156411952560458,0.6145329411397275,0.5761655412084903,0.5729297403938459,0.528940684166467,0.5408801547518206,0.6087257478986439,0.5659923229251674,0.5997598633571035,0.6104792044913319,0.5483242225611995,0.5082815154410348,0.43253998782281833,0.5486836822667297,0.5372811026082435,0.6470434005488139,0.6507986761104231,1.0,0.5302715987805302,0.49962347710882293,0.610370009401031,0.5222066742922895,0.6833997187209364,0.5950037219605211,0.6455265985467585,0.8162641594396031,0.609251244950038,0.6074329725946469,0.6277621124732329,0.778851816891526,0.6083733867037362,0.6105169508544364,0.6115945695335854,0.6558999703234132,0.5766631443810659,0.5773537972691603,0.6515883660423767,0.6694791939032542,0.603270876692341,0.606519354986424,0.7177604745538668,0.7484152751811277,0.3373179751566569,-0.6247039806324409,0.2114525323443612,0.21301011911795717,-0.34564700999134623,-0.08452068044141912,-0.10652356687514586,0.5030653014508142,-0.25805491188709323,0.2841175818900765,0.3378398293537392,0.6204808333218209,-0.5774699657448674,0.34354504815395165,0.308644769313355,-0.31714133684806795,0.04599269938053586,-0.03504229450637027,-0.07645894727102726,0.14834395282652288,0.3809923880256547
0.8969795613349628,0.9356265738144209,0.8592566003413306,0.9170257133594062,0.9237383669360443,0.903184248564836,0.8999476369356505,0.9518492840730441,0.9532657132383445,0.9134677852354574,0.9607378246898527,0.9419596647188642,0.9379930150448328,0.9369683886224789,0.9316325173993799,0.9184741429554031,0.8790054461503487,0.865517602212881,0.8472278809903813,0.8987354859240322,0.9241140942275972,0.9017167172846144,0.890247108806607,0.5302715987805302,1.0,0.8539897204571972,0.9481120522903922,0.8896239008996772,0.8788293569296186,0.9421169642817476,0.908063054215765,0.6874827444775108,0.94906110244289,0.9275496566466686,0.9427059324213477,0.8861758880263917,0.9318415747900818,0.9450007941401611,0.9431189207597339,0.8445622014132425,0.8817629146498727,0.9286701635992248,0.8877976612128161,0.8907040197549794,0.9348586519921182,0.8868264647476466,0.8793694376450536,0.6874780744494665,0.7337041172879306,-0.9339619405602251,0.42632847453282363,-0.26348232843419,-0.5533853578332739,-0.28064235689522393,-0.2655769339143242,0.07416364750620406,-0.4385448201093891,0.5060427854984927,0.41950783582204804,0.8292580279189006,-0.9320017794740229,0.4740419470939094,-0.25826517865418824,-0.5282383188090086,-0.21110256912425474,-0.24580656193882203,-0.2541265002967912,0.263768998607779,0.5416536526848493
0.9009287392942488,0.9218079631892412,0.9476273452034624,0.9311356684147882,0.8901692979610252,0.901547997797858,0.9723252512702186,0.8963439515497489,0.8717527760784244,0.8522254638512673,0.8791116245726905,0.8399938291970948,0.8427671389685706,0.911202032294322,0.8845921689603131,0.8243486100986432,0.9422198438646029,0.8926896047115419,0.9014007809695301,0.8935521006664617,0.8654610137918789,0.7948247983416784,0.7611125975306163,0.49962347710882293,0.8539897204571972,1.0,0.8944484614849166,0.9368670227551271,0.8936337178229289,0.9105677325329398,0.8679120090267392,0.6857657856725233,0.9067492903113546,0.9130116488824146,0.8894723363833099,0.8292267038369141,0.9017510126833861,0.8936311177327241,0.8725164488146848,0.7427922283689834,0.921171637338813,0.9381289167186617,0.9027515695273868,0.8304584527352209,0.8816611722729256,0.8599599743323783,0.7708743691677984,0.5267139919188485,0.8316466047967797,-0.8976928248912944,0.46011606013237566,-0.20707100033510503,-0.47469221629488184,-0.13057544147537456,-0.3163449120999298,-0.073900138281205,-0.5196337263211203,0.4464984166992302,0.31751869844002034,0.7589238876595374,-0.9252327589401237,0.48540502604757163,-0.2360425138547082,-0.41304859781028,-0.08799160634832771,-0.28760210162268846,-0.44674663909506784,0.2199558083801457,0.5351856550239832
0.8981320566230555,0.9774327353640899,0.9067020216007985,0.9452030204126112,0.913582220540731,0.9325777882957459,0.9341061016466718,0.9807458706572607,0.959278133857339,0.9158903785047294,0.9476437766683234,0.9354625496143127,0.9577872280336555,0.9684181352975864,0.9734681079076543,0.9453849504040243,0.902287066516914,0.9162539613870441,0.8903011378015986,0.9436203059263383,0.9414337292765124,0.9255448007555037,0.9133754675712421,0.610370009401031,0.9481120522903922,0.8944484614849166,1.0,0.9290020494857618,0.9513882801251445,0.978478372748311,0.9439244562715436,0.7336952203369002,0.9805283759830563,0.9765902785748687,0.9786843730726246,0.9329198349412602,0.975859550952432,0.9800194035426154,0.9725523373850532,0.8638092138996692,0.9348794690294907,0.9573731871119914,0.9160124948906502,0.9342756318713087,0.9549957343456753,0.9019603720569084,0.9087939635952077,0.7260392548013648,0.7812143207797114,-0.9836002067424261,0.38721941444428837,-0.19639825687248902,-0.6015959115816577,-0.29776853852030194,-0.2864146770954196,0.14411408171210294,-0.5154983835582607,0.4550759687644159,0.3843831284293003,0.8946253653467915,-0.9747239024659646,0.46510342743586147,-0.17324922872575926,-0.5458001514403841,-0.2085534986459223,-0.2761122878780035,-0.3523799720646431,0.23697395469645177,0.5271494923551465
0.9554141860915714,0.9481606267313246,0.9456965020163594,0.9559809507810482,0.8985915886410418,0.9382909583635975,0.9559907880942864,0.9285743188614667,0.9131990284108824,0.8670907926506987,0.9011512317409882,0.886708699909278,0.880715725847977,0.9355585677381152,0.9145551205098537,0.856461939180436,0.9190935662467826,0.8804031676423787,0.9012523615195807,0.921167162193273,0.8985039267544332,0.8265198559161514,0.8023536921785857,0.5222066742922895,0.8896239008996772,0.9368670227551271,0.9290020494857618,1.0,0.9243852965047393,0.9418196513895305,0.8845866508752691,0.6854810795193084,0.9375770596233917,0.9367000773815932,0.9193510372402102,0.856144429694021,0.9260918033929157,0.9223453971971664,0.8995633306747065,0.7625093424159703,0.9582574348639933,0.9511459019413019,0.8872153497581139,0.8664400506948682,0.9152242818591206,0.8733583848810295,0.8125562480365199,0.5694766362261646,0.8480879543985729,-0.9254302822518204,0.4875771344109731,-0.18185682973180411,-0.4524200944755467,-0.14563169614708985,-0.28795444355807787,-0.018950131562947267,-0.5088448066470228,0.4619746724852231,0.4233215406991313,0.7908405523776814,-0.9475398363596874,0.5127528834402774,-0.21054380387794772,-0.3721417071217621,-0.10307420605173645,-0.26565368291561625,-0.43408353781683806,0.21075368208527195,0.6131611811238258
0.8590352311637274,0.9627390899493998,0.888099119166536,0.9065219130054505,0.8689535304789283,0.8940829857195483,0.9193070460208014,0.9481410407347126,0.9104260553559013,0.8664580195411719,0.8929022676514505,0.8675347244794399,0.9129519396148985,0.9338525509800228,0.9451339589635497,0.8972364344475413,0.8997332341971954,0.8856329054350985,0.8647791606453198,0.9160831353723274,0.890569416241857,0.8744360471660735,0.8698217567604185,0.6833997187209364,0.8788293569296186,0.8936337178229289,0.9513882801251445,0.9243852965047393,1.0,0.9556439366111598,0.9260572532946673,0.7482294224194201,0.9505365396287707,0.9590123185968507,0.9513025489060215,0.924408670142359,0.9541939363774974,0.9508306047847767,0.9372030157393585,0.83474288132943,0.9319177839246255,0.9415286887529565,0.9213129484177557,0.9310501865217908,0.919981479602749,0.884502499179512,0.880258988084715,0.7145700432122469,0.776592998336499,-0.9561961118167899,0.3494652150599988,-0.056313465779042955,-0.5455935728876089,-0.20538516777801377,-0.2772957907191174,0.2076311259659464,-0.5382157141843623,0.4164370276298439,0.37350671172168765,0.8635432761051107,-0.9544341935196177,0.4396796952350411,-0.041664788805203405,-0.4604156892587199,-0.1214139705371996,-0.22663501232168862,-0.3937491185874984,0.20848376666270782,0.5622855916738978
0.9157759106719019,0.9792248496621695,0.9220265592498585,0.9561926101710981,0.9184001281154082,0.9372859132991964,0.9466691383132703,0.9771770120372413,0.9575699843435478,0.9166045615680866,0.9503433538484445,0.9361060234675928,0.9508429085349568,0.9694988331482619,0.9683404748496387,0.9391472947698566,0.9218097942622,0.9182240593428518,0.8996258075547761,0.9441835125519087,0.9462617265242229,0.9152772712662969,0.9022598686398976,0.5950037219605211,0.9421169642817476,0.9105677325329398,0.978478372748311,0.9418196513895305,0.9556439366111598,1.0,0.9491875300078223,0.7375261667578462,0.9781865277088012,0.9807226877306344,0.9769154567678556,0.9276703719351611,0.9766905254497812,0.9782529229874731,0.9673592345202812,0.850968518107481,0.9418771627448915,0.9642294191079611,0.9233409817948682,0.9242459980477775,0.9542696089817374,0.9058763760067371,0.896739062341908,0.6940945394109356,0.804730564560637,-0.9793919054603524,0.3974563204924898,-0.17966510998600027,-0.5759739388532841,-0.2660446626680786,-0.29310400837832135,0.12266268272453805,-0.522175279027528,0.45031032748109834,0.37360697123487024,0.8693620333235821,-0.9823943324089486,0.4671997361944702,-0.1750265375264078,-0.5180732258634879,-0.19933167339014646,-0.280258880028596,-0.378605862489008,0.21288666082318622,0.5434681612902574
