0,1,2,3,4,5,6,7,8,9,10,11,12,13,14,15,16,17,18,19,20,21,22,23,24,25,26,27,28,29,30,31,32,33,34,35,36,37,38,39,40,41,42,43,44,45,46,47,48,49,50,51,52,53,54,55,56,57,58,59,60,61,62,63,64,65,66,67,68
1.0,0.9698875053991154,0.9116609418436074,0.9557818477013154,0.9475135796097486,0.9454868299881891,0.9413910444276564,0.9344832346466324,0.9022933924883607,0.8986444250198172,0.8459863263452831,0.9287952608039753,0.9087077135117766,0.7955303183230423,0.9534951928202334,0.9374986448549486,0.9089126866108763,0.8333028964953603,0.8339529089036614,0.9040192010242313,0.9320837511532072,0.9009919717494409,0.8408380368253212,0.8233367918667662,0.9565786593141639,0.9262910933005049,0.9527954802893434,0.9626444145819681,0.9666529302963085,0.9639804568479529,0.9327219764806177,0.7221319107983424,0.9586938610750139,0.9318255302865028,0.9530983723326297,0.9407316794716712,0.920493984913433,0.9613226966655334,0.9387068513914962,0.8104805815883108,0.9184910134413411,0.9447403665211617,0.9288486206953516,0.791217928435715,0.878528619349443,0.8127643718815414,0.890851089138992,0.7285475583047604,0.7672125959306925,-0.959382961419752,0.24833401259287546,-0.4134981641397078,-0.6254857648994111,-0.23591644375696916,-0.18654086238094694,-0.33013869234171783,-0.29791839868950815,0.2050944522415289,-0.20068871227588594,0.6671051467969884,-0.960282916298738,0.3270256783121712,-0.4165062794806011,-0.6982408310899648,-0.515345080314147,-0.341540804396461,-0.38759689209223835,-0.26318882241975206,-0.01079394502729328
0.9698875053991154,1.0,0.9267188482245814,0.9620067502816951,0.9509389413143318,0.9466289063640216,0.9612023866855309,0.9498449564932201,0.9152970398014169,0.9102171948574312,0.8656045585999026,0.9215157607113401,0.9192846166932597,0.8096481136378849,0.9627523230599542,0.9380391381979271,0.933621176909023,0.864649385761777,0.8561415319337355,0.9256284811891665,0.9426544767960321,0.919515418742238,0.8467980533307248,0.828856291121579,0.9488866055306473,0.9498641629443336,0.962509753511779,0.9656853505433698,0.9729637197785258,0.9647061444569841,0.9432973098212755,0.7460461477538133,0.965612628821159,0.9515698025843129,0.9675277455161833,0.9522585376008158,0.9353063784833608,0.9683052587737275,0.9502169326512185,0.8079915073049586,0.9383577597216405,0.9604603821580213,0.947236067146717,0.8111434676880059,0.8917030424870862,0.8318848029430448,0.8960936382166117,0.7239151804697161,0.7712668152169238,-0.9717450670656147,0.27399103524986373,-0.4363742397818958,-0.6731571602440913,-0.25484216348744926,-0.1936677689695074,-0.31933465272809314,-0.29501510414655613,0.21224541691586518,-0.20717368914243628,0.6817250677017861,-0.9693742152542926,0.34218326647772324,-0.43799717411484795,-0.742655050565583,-0.5329271297337943,-0.3457062974541232,-0.39475173016315696,-0.2596961736487937,-0.013975756704013308
0.9116609418436074,0.9267188482245814,1.0,0.9522712103185953,0.8742125052876486,0.8635528727119225,0.9553241170300415,0.9169637860063647,0.9422307172425051,0.791953022978821,0.9327400846402132,0.9018361190197844,0.8008870268576025,0.8995522642196176,0.9438623638405148,0.8474029169090271,0.9264433101654375,0.9282647007865588,0.8184063752619125,0.9195088351968839,0.8797661840255558,0.8919502792718614,0.6771871727073066,0.660634651703629,0.8684791543190193,0.945929852685127,0.9333576937752714,0.9217563880775125,0.9176044166479914,0.886924755185287,0.8626561218050974,0.6198329205478703,0.9412639278277994,0.9513912639969274,0.9179285293921623,0.8457972296249724,0.8999258068264546,0.9001939666420676,0.8476039155335008,0.6284094323782724,0.9103683092247603,0.8775952509459017,0.865038984170264,0.7389141684617918,0.8306683931503053,0.7254931328449797,0.8019456375654619,0.5418500115313988,0.7780884817038912,-0.9422612717315025,0.40260213113727517,-0.5514028630520939,-0.6981818689841992,-0.42278787964421205,-0.22118288457985852,-0.4537408821111107,-0.444167861422455,0.03555427609097853,-0.07182945925323614,0.69399639822732,-0.9389100597681953,0.4349771981174892,-0.5789050485669349,-0.7231123056768766,-0.6046547409675285,-0.30898707684321974,-0.5278971321737006,-0.3075031231818708,0.0807242714072034
0.9557818477013154,0.9620067502816951,0.9522712103185953,1.0,0.9341459816233686,0.9290327690260954,0.9634854950969418,0.9416903631508985,0.9345236950711822,0.8666118065676699,0.8859586712322521,0.9308359594947746,0.873632111436475,0.8386673231010658,0.9607242612933604,0.9202259738122172,0.9311796137101844,0.8847305771570824,0.841298472400405,0.9341104088458484,0.9302296746169396,0.9239853816500738,0.7795049895704061,0.7653473224144255,0.9211653622643006,0.9473425662674235,0.9627156720005923,0.9537897347113304,0.9549259339017967,0.946982448852031,0.928298506630867,0.6803915685345288,0.9598343114991184,0.9550841975241158,0.9543608366888333,0.9134037329415992,0.9329675196933866,0.9481457139531415,0.9175606704286445,0.7450481435122186,0.9205084039032813,0.9285274718874128,0.9159756366316563,0.7781995862590037,0.8598077548807344,0.7744825927897475,0.8615253859974361,0.6629106609217084,0.8035978743247775,-0.9644154514575166,0.3423890891732956,-0.4780957027314231,-0.6801282304743349,-0.3270651491897437,-0.221795865780479,-0.37060587810994655,-0.3718157537403108,0.1304560979004425,-0.13801108937062878,0.6664855447427013,-0.9706933941449777,0.3671049587402984,-0.4978874840073919,-0.7375667385473439,-0.5864717178182527,-0.33877306898871407,-0.4544888290929025,-0.28521536909407774,0.02002490183527971
0.9475135796097486,0.9509389413143318,0.8742125052876486,0.9341459816233686,1.0,0.9485387985432845,0.9248984616074074,0.9263235308036624,0.862620418012867,0.9081927624623719,0.7911325879565456,0.884122454956513,0.9016061835636153,0.7374068211383967,0.9159094715182562,0.9208613031449208,0.8906184058241037,0.7856316700241535,0.8393185707435833,0.9131538790423923,0.9331265383705407,0.8823313099414161,0.8340184787365953,0.8308318047788289,0.9277063271107072,0.9083398124510994,0.9268550402164505,0.939532760076948,0.9474540438226186,0.9493184038041647,0.9242034880163469,0.7332222628930162,0.9347314347871295,0.9092643412297577,0.9287907300336836,0.9369453390545402,0.9252503321831091,0.9424258172729337,0.9368701703670597,0.8090852010801673,0.9066451873481486,0.9466014363213879,0.9229830929406145,0.7889571709027713,0.8668346391263466,0.8283423183029484,0.8816581989938573,0.7222826003593218,0.7777419636571555,-0.9237689706622598,0.24970437101177964,-0.39818108922281464,-0.5992917602467273,-0.17324212933208663,-0.17364218613570392,-0.23500233261098988,-0.22916008822771003,0.25751245122445393,-0.184547509959188,0.5668745916167224,-0.9465316306145846,0.28695629191997124,-0.3843880916277077,-0.7146064307338392,-0.49912914621500626,-0.3393458586643909,-0.3206213554695492,-0.19003692849623868,-0.039629270599191455
0.9454868299881891,0.9466289063640216,0.8635528727119225,0.9290327690260954,0.9485387985432845,1.0,0.9092087772477195,0.9086857955807758,0.8534564072459531,0.8974521797216628,0.7816602247024047,0.8803412148644353,0.9071315115051689,0.7316343611211297,0.9110554999884887,0.9200098831069344,0.8635968512610112,0.7709256576784737,0.8396750354988185,0.8978252922630144,0.9303848318248589,0.8713427364957711,0.8401109638658316,0.8333959455217348,0.9258971252674719,0.896174495774574,0.9173013420187681,0.9375024855927606,0.9413404213608846,0.9427212456256716,0.9107482953772058,0.7073893415835137,0.925149923136911,0.8989239955509022,0.9273435386187276,0.9349373805913326,0.9075793076725104,0.9337897421450899,0.9291224122381273,0.8248596723709394,0.9039261997481378,0.9412935715637137,0.9127632416906378,0.7820620069851542,0.8568134918326481,0.7960407466239864,0.8790632111298277,0.730177774456174,0.743926522910637,-0.9224609930210023,0.2283456081338232,-0.35836125604592567,-0.5749150861996649,-0.1394078668072463,-0.2026486178301507,-0.2289772132928218,-0.24357098967672622,0.26513281789267634,-0.21291304384387966,0.5880456534133889,-0.9368603841237587,0.2943759987427231,-0.3368647226738312,-0.6724215130805256,-0.46324686201241255,-0.32498325325805005,-0.3528154789488414,-0.21412547298046597,-0.044454800272760296
0.9413910444276564,0.9612023866855309,0.9553241170300415,0.9634854950969418,0.9248984616074074,0.9092087772477195,1.0,0.9444300218776716,0.9334205109541132,0.8577128693284589,0.8936997421909386,0.8965448473085255,0.8564564251152027,0.8553252977304343,0.9622187042407016,0.9005330552892344,0.9616636400117422,0.9114419667997748,0.8683061913004633,0.9439949569427368,0.9099664767767017,0.9234229329275683,0.7639321654791948,0.7472014225906685,0.9119463016888952,0.968198015810967,0.9612602824706955,0.9434890075741685,0.9530307438165664,0.9306102254915546,0.9146762391695527,0.7106504744713128,0.9580069040245798,0.9631003048650404,0.9504101345290175,0.9094754523450972,0.9382693947412902,0.9389400566179824,0.9064043437748975,0.7276667437169893,0.9238092634734101,0.9350098069315086,0.9216715507649782,0.7793869393815478,0.8601455224848298,0.7892925755386563,0.8439379862991782,0.6276220497469439,0.8028201185461356,-0.9590702724624273,0.34761572923325024,-0.5157105479193962,-0.6952799184573756,-0.3335792054731701,-0.22002077668340866,-0.37282404815618286,-0.36918270140971465,0.10807105131765586,-0.11920619786191493,0.6521716761464389,-0.9681021135525135,0.3691846319160361,-0.5384638587306131,-0.7573032455872838,-0.5930856127750626,-0.3394399669597964,-0.45195615522423394,-0.2586152088435115,0.028565896541459128
0.9344832346466324,0.9498449564932201,0.9169637860063647,0.9416903631508985,0.9263235308036624,0.9086857955807758,0.9444300218776716,1.0,0.884424917921074,0.8465437617100904,0.8485349343112291,0.891367971027805,0.8480546056793082,0.826063763433501,0.9431611899986339,0.8932780321632068,0.9151387895067595,0.8332886682157653,0.8462014074327671,0.9150448743880778,0.9100335246468568,0.8760794977820459,0.753724900189055,0.7544599188818437,0.9152694969967713,0.9258971923150033,0.9490103044171435,0.9380663241533107,0.9451909989336492,0.9251794233824524,0.8927524789301791,0.6862899140640201,0.9656066817940526,0.9530306155431539,0.944118990358056,0.904220278099461,0.9498015885371472,0.9420135324674919,0.9017142287056074,0.7388132915574396,0.9172393675534662,0.9280449281419064,0.9040551907789167,0.8510172265323697,0.876556124994885,0.7695609988310513,0.855706813847549,0.6270802738961525,0.80747107063138,-0.9385251314813453,0.36569982181610994,-0.4985547759483609,-0.6910623703714263,-0.27759785064677356,-0.22312213993228444,-0.280448530135958,-0.2920295113177354,0.1948220587970653,-0.0960136064285795,0.5942032126078083,-0.9623600039102354,0.38257652851607404,-0.5140478218199563,-0.7661443517607345,-0.5728141572550572,-0.35592322058165926,-0.3638474671651527,-0.19184322670389606,-0.020929710823768294
0.9022933924883607,0.9152970398014169,0.9422307172425051,0.9345236950711822,0.862620418012867,0.8534564072459531,0.9334205109541132,0.884424917921074,1.0,0.8057150290844496,0.9036837851383528,0.8931008229153139,0.8092506416635258,0.8755130259839041,0.9260808910523542,0.8600302203867146,0.914773158808859,0.8992167739885948,0.7937357089617569,0.9116500727572706,0.877420535753397,0.9013809087793152,0.694734463851939,0.6828881139867011,0.8677657574011393,0.9244737621018411,0.9191170351289192,0.8965471368161316,0.8965938773680102,0.882381146645247,0.8690487266701463,0.6482045478135088,0.9124920625123829,0.9245232086296286,0.9046693992412982,0.8505955474867867,0.8833493854774356,0.888746751672158,0.8489988768977442,0.6579960467881784,0.8823424893847934,0.8737537073258967,0.8615182387656871,0.6870074203938299,0.8101871469380992,0.7308177499725254,0.7962210248334558,0.5754148503794995,0.7539810305564864,-0.9271687493731288,0.383214575661779,-0.5053567992915913,-0.6915658614105636,-0.37661981784322285,-0.1927969074128422,-0.4243822959902475,-0.4180448285727719,0.03260816759548747,-0.08745232006890215,0.6905554828703466,-0.9182010678446649,0.3847954968034476,-0.5332440137874336,-0.6980287133535836,-0.5584797970897258,-0.2942212937170655,-0.4932494421639762,-0.3051006051794514,0.06427205937008772
0.8986444250198172,0.9102171948574312,0.791953022978821,0.8666118065676699,0.9081927624623719,0.8974521797216628,0.8577128693284589,0.8465437617100904,0.8057150290844496,1.0,0.7409840476141814,0.8431174473904098,0.9374827064035423,0.6310298743828535,0.8544854155238132,0.897181542423081,0.8415684572216134,0.7419021939725402,0.7471758018772118,0.8427367470315105,0.9064275055311518,0.8478983806946891,0.9033422335914927,0.8825768855948394,0.8947545556409684,0.855761549371156,0.8655980912322976,0.8917372473699336,0.896342668062659,0.9140668804190273,0.9102780008360986,0.7790837213341982,0.8625523288351878,0.8296079587631813,0.8879850104365049,0.9216085363645002,0.8250277485231957,0.906407034838505,0.9238767506354665,0.8596510037082344,0.8648381259169792,0.9226503044258307,0.9143445289889022,0.7747427073957424,0.888074529984582,0.8766404246942591,0.876143614481534,0.8078060472268573,0.6309410344284249,-0.8887905632611,0.15913519854853625,-0.2994091524332568,-0.5891770230585108,-0.115083133973046,-0.12696298696157038,-0.2329472783106755,-0.17614246535345562,0.29395913273457597,-0.3188099754445642,0.634460726157916,-0.8682677998352883,0.2683446937319188,-0.25469646464831014,-0.689480912094056,-0.3783021669140674,-0.347016115084135,-0.2834106047010434,-0.2269327856594314,-0.07718443304320458
0.8459863263452831,0.8656045585999026,0.9327400846402132,0.8859586712322521,0.7911325879565456,0.7816602247024047,0.8936997421909386,0.8485349343112291,0.9036837851383528,0.7409840476141814,1.0,0.8617925443616039,0.759720143367779,0.8962473361607511,0.8958219089480096,0.7909446605768711,0.8786152423232564,0.9005742639591033,0.7227267943629684,0.8488912846264176,0.8145657898683284,0.8693871243769493,0.6274543038043415,0.6151169076307256,0.8275009345160642,0.8814915895881896,0.8661846106610129,0.8480909613799276,0.8446747533809248,0.8279540620093505,0.8227418515212775,0.6047613374501515,0.8779625335566994,0.8988167908544453,0.8693583987679753,0.7881813914081779,0.8165612450546175,0.8365329040774425,0.7848135765832315,0.5862202600949847,0.8452513685301202,0.8042439395424457,0.8134989119664099,0.6908589016970569,0.7862582122723243,0.6825894135445558,0.7483115644159172,0.5106280053256276,0.6678233122686797,-0.8981929751787021,0.3968145685902795,-0.5294296321065075,-0.718512081724527,-0.45264627939719193,-0.17493010974452294,-0.49242302050849873,-0.4100862435186129,0.03037649503231672,-0.10190820067601114,0.7385576397261172,-0.8685603569766163,0.44829890591033966,-0.559682820847964,-0.6932635856648263,-0.5495299615808216,-0.2734986832383017,-0.5055095267949239,-0.33310731132739513,0.09261542318013787
0.9287952608039753,0.9215157607113401,0.9018361190197844,0.9308359594947746,0.884122454956513,0.8803412148644353,0.8965448473085255,0.891367971027805,0.8931008229153139,0.8431174473904098,0.8617925443616039,1.0,0.8731822871976014,0.8066067502363066,0.9289157019606421,0.9071599528296088,0.8771988123098255,0.8319583072945425,0.725567103915933,0.8461719358274842,0.9035132056693036,0.8922934981467788,0.7953570721564887,0.7728693388238359,0.9073102482876184,0.8736833647314985,0.9186306351250633,0.9124241317776086,0.9132249130853308,0.9246430081297223,0.9052556342217624,0.6781626294352181,0.921795621322416,0.9010172964049505,0.9209115554260592,0.8835706554710105,0.8572735565087201,0.9250851334338298,0.8882281101610877,0.754636020105319,0.860907866339159,0.8755963777841509,0.8868769305270787,0.7487328794197439,0.8518008044965533,0.7524969051390298,0.8571510336574839,0.7067931073971112,0.6890983954232424,-0.9405707355857733,0.26936085672121374,-0.4232461062455427,-0.6617446440281556,-0.3557359728271384,-0.19048369168225182,-0.397882407204106,-0.32567632475575614,0.1969882402630994,-0.23037237903816085,0.7366713826002744,-0.9123880014602783,0.3752044216000435,-0.43619509667342987,-0.6937385298803943,-0.5238314337740927,-0.32171292760089093,-0.4132208153193278,-0.29072208481768486,-0.01663093745283792
0.9087077135117766,0.9192846166932597,0.8008870268576025,0.873632111436475,0.9016061835636153,0.9071315115051689,0.8564564251152027,0.8480546056793082,0.8092506416635258,0.9374827064035423,0.759720143367779,0.8731822871976014,1.0,0.6654323340618336,0.870595296591525,0.9197018299846897,0.8309131222045463,0.7524191859917684,0.7574391777530104,0.815260172720508,0.9182369634624452,0.8729460223331375,0.9373356962424187,0.8957387634510589,0.9091898416937094,0.8532657170391006,0.8752152176816955,0.8960147878466285,0.9020296611698487,0.9280789544290647,0.928558800943817,0.7683731524874443,0.8716508657384283,0.8393682341626765,0.9035394034631586,0.9395465565192156,0.8296743143735623,0.928640437659328,0.9388791542572903,0.8872121510406796,0.8613173200595463,0.9172639050297885,0.9271213363227526,0.7645128404135452,0.8750497976408863,0.8342211528338943,0.9124790953596467,0.8444103434601876,0.6223047702287456,-0.9088837864225751,0.12302540571441418,-0.28671788610880994,-0.6104567941274858,-0.12664542308500085,-0.11601324361684537,-0.21125221229333005,-0.1541121437609766,0.35126697080524866,-0.38019895660253333,0.7002158904866087,-0.8753701490547827,0.27462678249791583,-0.24080852973353462,-0.6885910096234737,-0.39572916891619586,-0.34156906701379536,-0.28648615449442477,-0.243954083019781,-0.11074722764830813
0.7955303183230423,0.8096481136378849,0.8995522642196176,0.8386673231010658,0.7374068211383967,0.7316343611211297,0.8553252977304343,0.826063763433501,0.8755130259839041,0.6310298743828535,0.8962473361607511,0.8066067502363066,0.6654323340618336,1.0,0.849698018270694,0.7255505747966141,0.8380330301657742,0.8410999293228003,0.7065062683363738,0.8360744685469294,0.7664422072355069,0.8157749002954465,0.5189417261506927,0.5245637957072329,0.7484142582353759,0.8344831438896714,0.8282703433938146,0.8004244526716998,0.7939944587042285,0.7658908288079505,0.7380880373416583,0.540153729958992,0.8446003862286365,0.874852836804994,0.8067086944073073,0.7314039463878905,0.8189342286375846,0.7908507918788669,0.7087767650573746,0.5080735747475403,0.8007098729323846,0.7549857408095214,0.7487955823260369,0.6173146070023846,0.7034563037743949,0.5993104742611806,0.673133294453815,0.41259956048309143,0.700286344317388,-0.8377189422952417,0.41156189909704016,-0.55417679376211,-0.6953487499143698,-0.4132825282430379,-0.23130863010962194,-0.4187615614682754,-0.3968061055095724,0.003768140836326616,0.03215172599768649,0.6290116171609335,-0.8354562645772958,0.4254131497023654,-0.6148618057249482,-0.6772750372622038,-0.5513737141428378,-0.2317075958561147,-0.48113707920182885,-0.2765547371266899,0.08930780570215732
0.9534951928202334,0.9627523230599542,0.9438623638405148,0.9607242612933604,0.9159094715182562,0.9110554999884887,0.9622187042407016,0.9431611899986339,0.9260808910523542,0.8544854155238132,0.8958219089480096,0.9289157019606421,0.870595296591525,0.849698018270694,1.0,0.9215224228520564,0.9392992934456509,0.8939813282045095,0.8397684491523263,0.9147825302469752,0.9103992380952811,0.9208032432675889,0.7911763123638649,0.764667497458292,0.9360578815588344,0.9437813559386384,0.9671484472230684,0.9412218401456014,0.9559045324559127,0.9411569389249448,0.9194791651289628,0.7016069812113709,0.9636086636896398,0.9621480176494807,0.9598568638808823,0.9205280092836701,0.9264175358457568,0.9498028487215884,0.9140641394393426,0.7533617239986438,0.9150500182760142,0.9260274718558693,0.9151381015812833,0.7910474688946981,0.8685972060467686,0.7964136707432108,0.8602192381827144,0.6700917489750545,0.773876646952202,-0.9715371519699205,0.3088470956479703,-0.4995367360831293,-0.7112491891691846,-0.35743903880413086,-0.2325616768684968,-0.39536297626696804,-0.36834780357758556,0.1408214161926441,-0.16831401788119965,0.6990919758278946,-0.9669215154325084,0.3519594437236279,-0.5270843436742474,-0.747263229449836,-0.5943573959212123,-0.3453960273596865,-0.45466588713291906,-0.2880615644821014,0.008985713200173804
0.9374986448549486,0.9380391381979271,0.8474029169090271,0.9202259738122172,0.9208613031449208,0.9200098831069344,0.9005330552892344,0.8932780321632068,0.8600302203867146,0.897181542423081,0.7909446605768711,0.9071599528296088,0.9197018299846897,0.7255505747966141,0.9215224228520564,1.0,0.8804593058452836,0.7866479277861272,0.7761999542396193,0.8643807232923548,0.9091629518739838,0.9109906722010711,0.8810932223171418,0.8508590380050168,0.9303388031323097,0.8772102690138509,0.9236959096052372,0.9142574727631176,0.9355649150372427,0.9497187286155067,0.936695479740513,0.7623031521973249,0.9105701596194671,0.8948132486568231,0.9329863989058873,0.9406042178019468,0.8920435646899796,0.9489663744878033,0.932909154700923,0.8642413886222182,0.8651613429413065,0.9208359208643702,0.9146732207536029,0.7545599172527936,0.8672448094705494,0.8091754195346806,0.8916065895187074,0.7917319092319681,0.7222553514684894,-0.9345154849311654,0.1854509291206986,-0.36208584809446004,-0.6492832459720269,-0.2203337561399997,-0.18435457729918772,-0.24828317575556508,-0.23255748205493335,0.27744694331802355,-0.28386908137269584,0.6534782730602315,-0.9245671567535207,0.24973963277186376,-0.3579255587061396,-0.7222894477584856,-0.5048973841269838,-0.352512364904336,-0.30877626587662504,-0.24167083250526022,-0.07488366697623414
0.9089126866108763,0.933621176909023,0.9264433101654375,0.9311796137101844,0.8906184058241037,0.8635968512610112,0.9616636400117422,0.9151387895067595,0.914773158808859,0.8415684572216134,0.8786152423232564,0.8771988123098255,0.8309131222045463,0.8380330301657742,0.9392992934456509,0.8804593058452836,1.0,0.88781003178533,0.8020676154392429,0.9122254924882897,0.8738421287750958,0.918510555775046,0.7381290707907744,0.7175461504508223,0.8887537655823828,0.9390117902753965,0.9401113623927827,0.9055747326090797,0.9181079386238209,0.9011254256730219,0.8954642030527583,0.7569575049628073,0.9302534122063959,0.9364934093154683,0.9237654479913585,0.8854207617681131,0.9074099537684677,0.9119465601306447,0.8793455888301143,0.7120416534013622,0.8835011547291239,0.9168815566294284,0.921061662008432,0.7539723404041888,0.8455531431422879,0.7781547604234129,0.8145082302993086,0.6005576089122787,0.769568910310187,-0.9356942818059536,0.352255642508522,-0.5571976811575586,-0.7141393813991878,-0.3799345001081561,-0.2215661571618003,-0.39346259566695857,-0.34625327648838167,0.10967760998155053,-0.12251121397098612,0.6628040303437133,-0.9346261579234102,0.3717651723100309,-0.5827450398069218,-0.776471685089555,-0.6050539272498188,-0.34623589211873346,-0.41374578437733905,-0.24881383988704564,0.033130476579276605
0.8333028964953603,0.864649385761777,0.9282647007865588,0.8847305771570824,0.7856316700241535,0.7709256576784737,0.9114419667997748,0.8332886682157653,0.8992167739885948,0.7419021939725402,0.9005742639591033,0.8319583072945425,0.7524191859917684,0.8410999293228003,0.8939813282045095,0.7866479277861272,0.88781003178533,1.0,0.8139395128628957,0.859607434990399,0.8077984048429807,0.8538904234915471,0.657708558596333,0.6000592987648699,0.8064261232165993,0.9204089945304866,0.8705267596338762,0.8387378800418391,0.8503889221331418,0.812372560125565,0.8152353307807609,0.5483061639749894,0.8607841602133426,0.8921360619599314,0.8615833702897051,0.7769537713519526,0.8130434517367702,0.8298541657641576,0.788490358873571,0.5570422948160255,0.8492046836262869,0.8032881459705553,0.8044541853016393,0.6671554548963696,0.7656042587429275,0.6856045446126636,0.7269038857970546,0.5067795160707284,0.6889903952642864,-0.8948198685335595,0.3652776432335053,-0.5271834065581065,-0.7014362640641455,-0.4692296867110448,-0.1887394211530742,-0.5139742020431948,-0.4991986304359044,-0.03173277127046892,-0.12017592742595462,0.7167043913982174,-0.8675713882322185,0.38173625034475256,-0.5562509700237788,-0.6886363577601767,-0.58561550932525,-0.3033032152874809,-0.580639973974275,-0.3516434464939583,0.10060070680879711
0.8339529089036614,0.8561415319337355,0.8184063752619125,0.841298472400405,0.8393185707435833,0.8396750354988185,0.8683061913004633,0.8462014074327671,0.7937357089617569,0.7471758018772118,0.7227267943629684,0.725567103915933,0.7574391777530104,0.7065062683363738,0.8397684491523263,0.7761999542396193,0.8020676154392429,0.8139395128628957,1.0,0.8521079196311047,0.833976610491124,0.7736056168849739,0.6933249976083481,0.650156848596761,0.7949644314793194,0.882995640535924,0.8368253016917013,0.8412395091703251,0.8549303436075593,0.8172966750684448,0.7927903849696555,0.5179172374108197,0.8373489179923336,0.8562724368941638,0.8319098445972443,0.8018364608497892,0.8670637696380429,0.8254307831963447,0.8032785159864309,0.6273677149366444,0.8389727841359538,0.8365618447825267,0.784872001887755,0.6798556150186864,0.730283071241556,0.6879432795931125,0.7314754854257346,0.5279637951873832,0.7400040364962766,-0.8246977665622228,0.27957992517164665,-0.3530905454007162,-0.5518884881312548,-0.15927009997289818,-0.17060490281773624,-0.19513243606950814,-0.3387077204595287,0.09861538497735296,-0.08707961679150804,0.4265527987701507,-0.8715712376630517,0.23847037257708847,-0.37242545352920503,-0.6045188006933716,-0.518850361584856,-0.28885329412788474,-0.42841304878285946,-0.17142598368137715,-0.00968947763395047
0.9040192010242313,0.9256284811891665,0.9195088351968839,0.9341104088458484,0.9131538790423923,0.8978252922630144,0.9439949569427368,0.9150448743880778,0.9116500727572706,0.8427367470315105,0.8488912846264176,0.8461719358274842,0.815260172720508,0.8360744685469294,0.9147825302469752,0.8643807232923548,0.9122254924882897,0.859607434990399,0.8521079196311047,1.0,0.9035081994791294,0.8938645446450317,0.7163019770363044,0.7220181916566947,0.8650737319434105,0.9284592490769386,0.9192540815254409,0.9157807170233578,0.9194734214219196,0.8979130863580244,0.8760834910109855,0.6857309156267025,0.9198064134573124,0.9339758631723901,0.9103827281022994,0.8784324567911292,0.9305759908472104,0.8967378379475917,0.8790178383284404,0.6933232211656848,0.9137043170699494,0.9106011152214968,0.8753104195079523,0.734915033867015,0.8163291783492406,0.781165028245003,0.8041837627828697,0.5919503404714445,0.7921520583947118,-0.9131418595861803,0.3580325348331803,-0.4768054427571633,-0.6567156579614915,-0.2625546052047612,-0.21403734228714458,-0.29334506278413536,-0.34245284128893455,0.10704700005379149,-0.06906162330679622,0.5579728896907705,-0.9375814405374554,0.31902865000837477,-0.4903001719415588,-0.7311475075682273,-0.5447096643509499,-0.28499632037832207,-0.4197832488656904,-0.23741729292717875,0.060688039146878967
0.9320837511532072,0.9426544767960321,0.8797661840255558,0.9302296746169396,0.9331265383705407,0.9303848318248589,0.9099664767767017,0.9100335246468568,0.877420535753397,0.9064275055311518,0.8145657898683284,0.9035132056693036,0.9182369634624452,0.7664422072355069,0.9103992380952811,0.9091629518739838,0.8738421287750958,0.8077984048429807,0.833976610491124,0.9035081994791294,1.0,0.8917769146732454,0.8394171630593369,0.8166971278905357,0.9037440991560358,0.9062973583586182,0.9148726697089179,0.93471086620505,0.9272842828054588,0.9391857456709858,0.9255385374118861,0.7071707618703426,0.9218619386015664,0.9104318537802171,0.9261783847490616,0.9250348728352062,0.9068540562270423,0.9353365916588269,0.9260022824767535,0.7993259363555713,0.9127701319722847,0.9323677526017394,0.9169276567742393,0.7531803651216918,0.8589652043644636,0.8026885050446996,0.8745367901613438,0.7271367628812566,0.7155759119167251,-0.9292769451729237,0.2635372074063515,-0.3617679229480412,-0.6494286227034528,-0.18387899288024168,-0.17680176034648692,-0.2076989328887606,-0.2573824884260601,0.20910910551522874,-0.24403827838176528,0.614338853816738,-0.9299528328805516,0.31690453044912564,-0.3559915032755107,-0.7176997744460788,-0.48896246777339863,-0.3124805269567311,-0.3782226484362489,-0.2606170256881963,-0.04579855574122085
0.9009919717494409,0.919515418742238,0.8919502792718614,0.9239853816500738,0.8823313099414161,0.8713427364957711,0.9234229329275683,0.8760794977820459,0.9013809087793152,0.8478983806946891,0.8693871243769493,0.8922934981467788,0.8729460223331375,0.8157749002954465,0.9208032432675889,0.9109906722010711,0.918510555775046,0.8538904234915471,0.7736056168849739,0.8938645446450317,0.8917769146732454,1.0,0.8016069233547423,0.7862771275668684,0.8819264725078805,0.8973708107585834,0.91476801128351,0.8916314442146822,0.9022261253204895,0.9164254413683861,0.9330608380339563,0.7791213801541269,0.902514530326109,0.9107193871757351,0.9168953222950665,0.9095060463871657,0.884681899543082,0.9157588407787923,0.8987817820299312,0.7869928281601392,0.8651802405940834,0.896426048127531,0.9023186806130078,0.6966358336903212,0.8263880099610931,0.7775036853448835,0.8500295210939821,0.7105089460570713,0.7143087656284068,-0.9293848424498663,0.28055691579916475,-0.4392836046535237,-0.7074870327619681,-0.31922373454025627,-0.15652610636393124,-0.3294058542432917,-0.30160257296232806,0.14536455633997764,-0.22431263771908205,0.6816505322036027,-0.9170951195343743,0.30251905387191985,-0.4661575110142966,-0.7561770672301517,-0.5683192496375375,-0.3103129787500762,-0.3857469632623616,-0.2854648269506515,-0.04442790795558654
0.8408380368253212,0.8467980533307248,0.6771871727073066,0.7795049895704061,0.8340184787365953,0.8401109638658316,0.7639321654791948,0.753724900189055,0.694734463851939,0.9033422335914927,0.6274543038043415,0.7953570721564887,0.9373356962424187,0.5189417261506927,0.7911763123638649,0.8810932223171418,0.7381290707907744,0.657708558596333,0.6933249976083481,0.7163019770363044,0.8394171630593369,0.8016069233547423,1.0,0.9258572275655826,0.854214018918433,0.7623493482597282,0.7971808787314981,0.8192874188971174,0.8403760536287649,0.8738019181118613,0.8797352455103127,0.7658499016807184,0.7771052506230424,0.7388901937182857,0.8320584757760345,0.9069500446404489,0.7360982571924037,0.8688818639862553,0.9103439081354086,0.9227774902059538,0.7774649094348511,0.8546509635658759,0.8607466532085447,0.7037729847186097,0.8125604499734095,0.8231849045845548,0.8738335780232123,0.9254398353655335,0.5303491853003552,-0.8307943190218777,-0.034460214300779606,-0.15126933742032972,-0.531433509061429,-0.04434907801380582,-0.06865733087987702,-0.1490650309676385,-0.09374469851200133,0.37834143106565543,-0.47035772313234187,0.6433125533617945,-0.7909135435185644,0.1394966492669236,-0.10311571648113411,-0.613242889325329,-0.326248454010705,-0.3179649074678701,-0.2082568359901347,-0.2300528244674318,-0.16480907230771757
0.8233367918667662,0.828856291121579,0.660634651703629,0.7653473224144255,0.8308318047788289,0.8333959455217348,0.7472014225906685,0.7544599188818437,0.6828881139867011,0.8825768855948394,0.6151169076307256,0.7728693388238359,0.8957387634510589,0.5245637957072329,0.764667497458292,0.8508590380050168,0.7175461504508223,0.6000592987648699,0.650156848596761,0.7220181916566947,0.8166971278905357,0.7862771275668684,0.9258572275655826,1.0,0.8271670537843258,0.7382336264747402,0.7796715908068783,0.8144716846616191,0.8286816409706556,0.8717386221595016,0.8698142259411387,0.8067431621676905,0.7654324259838807,0.7192736342793722,0.8133787816200204,0.8977475675354852,0.7370355461888286,0.8434177162718983,0.8956525121976586,0.9292210624561191,0.7626834061018375,0.8414462530526217,0.8402866453631888,0.7248861227057265,0.8015342442634333,0.818791569452553,0.8524256274709899,0.9145047566822937,0.5444699913489524,-0.8011024178007574,-0.008646515287484587,-0.08989487149163641,-0.50459990466208,0.010016751713544844,-0.08801371759013966,-0.10928719097903647,-0.044669358834281025,0.38635749634986477,-0.42083344568293873,0.5719449478697723,-0.7808736017296368,0.12442221093618575,-0.06931487827158658,-0.6029083010175728,-0.2990328818554274,-0.2674526769367086,-0.14675446861680008,-0.22865125376396872,-0.15899014589292637
0.9565786593141639,0.9488866055306473,0.8684791543190193,0.9211653622643006,0.9277063271107072,0.9258971252674719,0.9119463016888952,0.9152694969967713,0.8677657574011393,0.8947545556409684,0.8275009345160642,0.9073102482876184,0.9091898416937094,0.7484142582353759,0.9360578815588344,0.9303388031323097,0.8887537655823828,0.8064261232165993,0.7949644314793194,0.8650737319434105,0.9037440991560358,0.8819264725078805,0.854214018918433,0.8271670537843258,1.0,0.8926343694504953,0.927647744160927,0.9180681446837642,0.9432475997396095,0.9449761975588024,0.9241715898299465,0.7217038800576308,0.935755378502833,0.9037681389167975,0.9391739013408884,0.93423285332175,0.8861581718708685,0.9419445957835665,0.9307148483501998,0.823913026304997,0.884322611146259,0.9278591731437451,0.9148043669131604,0.8027498846519731,0.8766440017835464,0.8143223599789025,0.887757807053273,0.7472241491961406,0.7282361155239454,-0.9401781711509972,0.22434098819940404,-0.40681506974196135,-0.620298097215944,-0.23147314660845045,-0.193946782369875,-0.34604929765190484,-0.26854970223838975,0.24213107166319128,-0.2472374808337463,0.6660123916283972,-0.9359118717750933,0.3187351767776418,-0.3960610472903893,-0.6986284659633419,-0.4991973102038485,-0.34837491039848834,-0.35510595925897964,-0.2303725551125486,-0.030273411637543445
0.9262910933005049,0.9498641629443336,0.945929852685127,0.9473425662674235,0.9083398124510994,0.896174495774574,0.968198015810967,0.9258971923150033,0.9244737621018411,0.855761549371156,0.8814915895881896,0.8736833647314985,0.8532657170391006,0.8344831438896714,0.9437813559386384,0.8772102690138509,0.9390117902753965,0.9204089945304866,0.882995640535924,0.9284592490769386,0.9062973583586182,0.8973708107585834,0.7623493482597282,0.7382336264747402,0.8926343694504953,1.0,0.9423683410123533,0.9342064934304848,0.9387153907053065,0.9117393712956536,0.8960641657555373,0.681004192451361,0.9401967842062167,0.9483796867944928,0.9333028108345518,0.8922369912962536,0.918265635236571,0.9236879666869298,0.8927478398299291,0.708507620053924,0.924114677571718,0.9231696219471597,0.9096982154765506,0.7664168890270335,0.8535399798571703,0.7821000128669288,0.8357126791355147,0.6148227961867382,0.7760531637822908,-0.9455356874548089,0.3424664742595874,-0.48601119372938306,-0.6817186792963038,-0.30501824339980477,-0.19310239736876406,-0.3557659447508348,-0.37787975636518734,0.08580602055279848,-0.13645401403375193,0.6552311890045608,-0.9489545486580604,0.3731105944787547,-0.49987268060143264,-0.7324514915635364,-0.5619210390103829,-0.3252893800448964,-0.4716363422324292,-0.27470504537181173,0.027747992688674977
0.9527954802893434,0.962509753511779,0.9333576937752714,0.9627156720005923,0.9268550402164505,0.9173013420187681,0.9612602824706955,0.9490103044171435,0.9191170351289192,0.8655980912322976,0.8661846106610129,0.9186306351250633,0.8752152176816955,0.8282703433938146,0.9671484472230684,0.9236959096052372,0.9401113623927827,0.8705267596338762,0.8368253016917013,0.9192540815254409,0.9148726697089179,0.91476801128351,0.7971808787314981,0.7796715908068783,0.927647744160927,0.9423683410123533,1.0,0.9496965639006146,0.9569437303843424,0.945491911323339,0.9237920117521076,0.7208877909497533,0.9608498409246091,0.9564544967921719,0.9602198825915159,0.9271087810126447,0.9337411773105804,0.9550206182361629,0.924403297510706,0.7702104571425494,0.9052766213223302,0.9358987561144979,0.9250587170161503,0.7965114888252274,0.8642801518354677,0.7820413876279769,0.8666368449345011,0.6775237361460638,0.8058294470907436,-0.9640988397138962,0.3054572043456028,-0.4899552914148369,-0.7028184085738011,-0.33691437966401916,-0.23703200110789563,-0.3464222177352728,-0.3336275558467141,0.14760309488236031,-0.1334748170785262,0.6747658041844042,-0.9689806559273592,0.3421327259723277,-0.5203671441437908,-0.7723237346795244,-0.6101692674033259,-0.3507870903843812,-0.4094937396629943,-0.2620235542817855,-0.002418643012054365
0.9626444145819681,0.9656853505433698,0.9217563880775125,0.9537897347113304,0.939532760076948,0.9375024855927606,0.9434890075741685,0.9380663241533107,0.8965471368161316,0.8917372473699336,0.8480909613799276,0.9124241317776086,0.8960147878466285,0.8004244526716998,0.9412218401456014,0.9142574727631176,0.9055747326090797,0.8387378800418391,0.8412395091703251,0.9157807170233578,0.93471086620505,0.8916314442146822,0.8192874188971174,0.8144716846616191,0.9180681446837642,0.9342064934304848,0.9496965639006146,1.0,0.9627847354008573,0.9546249344030528,0.9226622956496882,0.7170848511447988,0.954948831461647,0.9360209354558126,0.9506211615232564,0.9301454346422189,0.9234263778141294,0.9514832285922082,0.9317201409873004,0.7817691886142984,0.9384267967597921,0.9470717096883509,0.9274321443235714,0.7964026253948059,0.8752195914620935,0.8026103601854594,0.8874861402812131,0.7015491464007049,0.7676438401282724,-0.9531641766200022,0.2900977012911724,-0.41293873275301324,-0.6375844903627764,-0.23874159200349998,-0.1999693576602785,-0.29466707616876514,-0.2988649090474406,0.19365298478944634,-0.17198601632574537,0.6566822541405691,-0.9556912410611078,0.3696619156941667,-0.41701029906980847,-0.7137156445062892,-0.5156426885560491,-0.3342042731119627,-0.3904500528562618,-0.2643664450810542,0.006067474888769231
0.9666529302963085,0.9729637197785258,0.9176044166479914,0.9549259339017967,0.9474540438226186,0.9413404213608846,0.9530307438165664,0.9451909989336492,0.8965938773680102,0.896342668062659,0.8446747533809248,0.9132249130853308,0.9020296611698487,0.7939944587042285,0.9559045324559127,0.9355649150372427,0.9181079386238209,0.8503889221331418,0.8549303436075593,0.9194734214219196,0.9272842828054588,0.9022261253204895,0.8403760536287649,0.8286816409706556,0.9432475997396095,0.9387153907053065,0.9569437303843424,0.9627847354008573,1.0,0.9631034939144886,0.9364338193622456,0.7392019008201226,0.9588910070450252,0.9412690994707128,0.9602433921051483,0.9440097119347745,0.9310358826402527,0.9623722641731125,0.9444549310794677,0.8060968885174076,0.9310487044902458,0.9518397360129858,0.9302752743007756,0.812127757653437,0.8795837382521827,0.8186199473436314,0.8894637296405611,0.7229120207089577,0.7809186281971814,-0.9612882015359618,0.2571308459716415,-0.4262878537387559,-0.647391769018002,-0.2557011480733628,-0.19584337722969508,-0.31422694178881944,-0.29833762144613485,0.21505253279848094,-0.19677641095031118,0.6531764929111286,-0.9659419091993521,0.3164390979340024,-0.42511552086263826,-0.7245197186079481,-0.5454774276042391,-0.3426808170208826,-0.39148541469575643,-0.24623191266372402,-0.016030562804005423
0.9639804568479529,0.9647061444569841,0.886924755185287,0.946982448852031,0.9493184038041647,0.9427212456256716,0.9306102254915546,0.9251794233824524,0.882381146645247,0.9140668804190273,0.8279540620093505,0.9246430081297223,0.9280789544290647,0.7658908288079505,0.9411569389249448,0.9497187286155067,0.9011254256730219,0.812372560125565,0.8172966750684448,0.8979130863580244,0.9391857456709858,0.9164254413683861,0.8738019181118613,0.8717386221595016,0.9449761975588024,0.9117393712956536,0.945491911323339,0.9546249344030528,0.9631034939144886,1.0,0.9626460562881491,0.7611262096743987,0.9430320541907111,0.92016337843331,0.9549111019512468,0.9571904674225244,0.9152819462273764,0.963205065871902,0.9553438919067585,0.8511633219985791,0.9071433985806575,0.9482137248539693,0.937976066408902,0.7907541007744255,0.8808326106004745,0.8329375549880004,0.9059363997042686,0.781971924407315,0.753140761833252,-0.9527555481219283,0.2031306711457219,-0.3581440724019476,-0.6370256866011181,-0.20662894599268472,-0.1888261782477351,-0.2671883278507604,-0.23344245784487272,0.254386080366369,-0.2595999699611803,0.6490213191326573,-0.9534590703706943,0.27958810005407153,-0.36315723769296154,-0.7235206165498693,-0.5085157247480688,-0.33265368573022497,-0.34103968739221496,-0.24975149408586533,-0.04302953312458667
