0,1,2,3,4,5,6,7,8,9,10,11,12,13,14,15,16,17,18,19,20,21,22,23,24,25,26,27,28,29,30,31,32,33,34,35,36,37,38,39,40,41,42,43,44,45,46,47,48,49,50,51,52,53,54,55,56,57,58,59,60,61,62,63,64,65,66,67,68
1.0,0.8774089792884764,0.9115498190138661,0.8493873794158533,0.8054753782688505,0.6706404533117523,0.8318288800151123,0.8452344677701922,0.8374974398578354,0.7815024430188532,0.8311971604583984,0.8911083718781225,0.8310415884838557,0.8282499941127277,0.8670719433548258,0.7200681502670423,0.8579742200098337,0.6356051351862785,0.3430121370535586,0.40359418072184766,0.7506488882813653,0.5675185038814045,0.4590149600770693,0.428852839812613,0.9021600714550695,0.7286742997171377,0.8622726425872306,0.9332192025243813,0.9009393723027598,0.898236898549802,0.7670367148894132,0.41983842197882804,0.8910567576196639,0.885335201612852,0.8576826147743898,0.7213058540177031,0.8453507686728119,0.8606654264700455,0.8107053540603198,0.4321621366939099,0.6992162711893574,0.813353144651406,0.8005715432008444,0.5971208981304955,0.7955764885332313,0.6572889289462002,0.8422492172275232,0.13634919313343402,0.692669577487133,-0.8854447142742614,0.2198929012661138,-0.6835601584033946,-0.3776156493184246,-0.30158001635879345,-0.1634520965714099,-0.35303261957322785,-0.21215810199172286,0.13966229657196555,0.4687480929925106,0.5971915568488071,-0.867567118601671,0.1134404296056972,-0.6332394645145689,-0.42284358715790527,-0.24067181247551522,-0.25001631308859307,-0.1987092620395487,0.01612446901026193,0.15068614086142915
0.8774089792884764,1.0,0.9233018126228532,0.8906614778897652,0.841208069878596,0.7920463117488201,0.9488340194566572,0.9395827745745778,0.9257621931302296,0.8950816709253266,0.9329663766794053,0.8474309797808246,0.8700534479120847,0.8713281935174046,0.9626910549573812,0.9036989562382238,0.948904275161896,0.8368230262506188,0.5755135784392152,0.6606104735197466,0.7032074078221184,0.7416358059199838,0.6946306657363057,0.5796727824104647,0.9017563564087149,0.8911517010197352,0.9515621564233608,0.9139781243233526,0.9746388646080383,0.9575461438916603,0.8706987958115822,0.5595682359135761,0.9537450353543548,0.9630880897826659,0.9600317227134334,0.8742613403228933,0.9461582521541153,0.9627965723503275,0.9525975565312982,0.6300679050917595,0.8351849598764852,0.9453733821792273,0.9173962196288463,0.7434142855540751,0.8726389684940363,0.7465850634700605,0.8982772586884641,0.35086526550413266,0.7493019252269704,-0.9687148860585807,0.2584309566217533,-0.6415937820353461,-0.5000883415711525,-0.29361677808803566,-0.2075070486654502,-0.25660443261591165,-0.26812045522441813,0.07807445026043024,0.4216747694980526,0.6824667108574557,-0.969572363886458,0.12001974878622645,-0.6375633338101785,-0.5032547315457487,-0.2011827667739871,-0.22774755781149567,-0.23525037592156575,0.038112215106590026,0.10504534189073052
0.9115498190138661,0.9233018126228532,1.0,0.8778583877649478,0.8431197025487143,0.7274822334970052,0.9185757647852058,0.8633193585468317,0.8786006467331767,0.8240893732669801,0.8760004669487943,0.8099657852881185,0.7964697921193968,0.838867084957312,0.8984090271283228,0.8151415433854201,0.918742734924948,0.7680142334433618,0.4723093578372462,0.5613696925810607,0.7496236737178916,0.712585628954788,0.5494023823070384,0.4923956355883908,0.8625957992053103,0.861069477077381,0.91626924999096,0.9143118597797759,0.9292561981537075,0.9207164772768563,0.8456374371052556,0.5075318588922297,0.8992192101762383,0.9035032347946832,0.9065254810772116,0.7981087717518811,0.8697551772531014,0.8998775957500934,0.8799633871744429,0.5343569947924208,0.7597517759030356,0.8691730081065522,0.8628306326782306,0.5992148333260147,0.7924730277590363,0.6543472007625208,0.8435631557162957,0.21901920394085775,0.7172326269890665,-0.9324559841868894,0.16931090725891873,-0.6638632089263778,-0.44629783563025344,-0.3422962234493702,-0.25217982686039747,-0.3480502949529328,-0.3561040688110207,-0.03374892597797116,0.4094355500499429,0.725075228929577,-0.8992743301742651,0.09306324258164829,-0.6289712579005566,-0.43052566487128585,-0.16769253562065733,-0.26358449163006686,-0.27405298306232273,-0.05970755888304555,0.1649289531452624
0.8493873794158533,0.8906614778897652,0.8778583877649478,1.0,0.7671371882228453,0.8182777793075665,0.8934532564933707,0.8304830321737369,0.8529695564871215,0.8505723182816158,0.8122659094970319,0.8289888174897331,0.823991947677531,0.7046526222291349,0.8691228015734839,0.7774745306950149,0.8659606251988436,0.7526816965026643,0.5051663539361928,0.6313963173702805,0.6513001774969017,0.6644137569516182,0.5491526223127641,0.46186235013245,0.8105677838502101,0.7863154148299444,0.8407318535582899,0.8569143416916685,0.890054942184761,0.8596249235765085,0.8027579058309474,0.4586203409962663,0.8422770441414539,0.8805584393646904,0.8942986637946112,0.7606260984951916,0.8574273365020229,0.8728566670993363,0.8549889749523861,0.4792328914348587,0.6841940424831988,0.8348066710767066,0.781888549912407,0.6747350959349633,0.8254540902718783,0.7263417862613646,0.792068653130525,0.14686851114710486,0.6343117008920384,-0.8959950226260402,0.25086598042045377,-0.586014784966476,-0.40448022816269497,-0.3016606669776817,-0.13830940587924215,-0.27077956997574226,-0.28992498653173593,0.13334304613500408,0.421257124650873,0.6735343423093888,-0.8878207797193614,0.06278286553360346,-0.6096972371104774,-0.40219931916084806,-0.24730615207904075,-0.21484818791843663,-0.3719819968616869,-0.0113191298864359,0.03589695107734636
0.8054753782688505,0.841208069878596,0.8431197025487143,0.7671371882228453,1.0,0.7621158409808036,0.8068261790380088,0.8142919506419518,0.799415723909595,0.781584699048405,0.8389800792034052,0.7299735361857727,0.8098386713889661,0.7833819806327541,0.8132870634655789,0.7600525830401973,0.8126481469914811,0.6767607055219452,0.40757823684998534,0.4842198216733694,0.7538164501903407,0.6070670920984165,0.5291267493069647,0.4813319558575778,0.7480635573168248,0.7749130495403033,0.8117306659958046,0.781088773863973,0.8286286974612533,0.8267609573066869,0.6913657067888803,0.44858391102429057,0.8615637412486884,0.8245573477083828,0.8121329370267099,0.730822109850658,0.8133499256448711,0.8174508768938201,0.7929413666147042,0.5169610917359144,0.7011032405853673,0.803772135540642,0.7763157602170461,0.5652181193853792,0.7450739562248685,0.6093607874328199,0.7995654513295973,0.279464113323247,0.6388234680104026,-0.8490760312116141,0.1920679240920683,-0.5992529875356343,-0.34479417427805803,-0.22081820661836332,-0.18903293272190733,-0.23791097213277546,-0.34076079345660065,-0.00606250332683604,0.3203487530804728,0.5350934913970093,-0.8101420712604251,0.1363555389825008,-0.5226787611274756,-0.2922911565738664,-0.04295318954955794,-0.16655501160253164,-0.21895960368745926,-0.027766729958301924,0.10141569281980424
0.6706404533117523,0.7920463117488201,0.7274822334970052,0.8182777793075665,0.7621158409808036,1.0,0.8085891045158997,0.7161768885547105,0.7757977597604898,0.8250952778131997,0.6944592825626155,0.6301992212453887,0.7305833768299418,0.5831651429506632,0.7388444209085776,0.7053350818034263,0.7218725827208922,0.7149802120976991,0.6198672114068151,0.7616515429032088,0.6145529335623409,0.5160616094205125,0.5708150807018264,0.3372319352310609,0.6153837403231209,0.7689230196892136,0.7091203825743683,0.7107374144634301,0.7777480360586331,0.7047545506536462,0.5974327710920054,0.3126620471640776,0.7563130474683917,0.740451147096711,0.74145907688668,0.6049543859960866,0.7471357442404069,0.7283427225922658,0.7375517656936608,0.3491924485041547,0.7445531579469954,0.8019821877111578,0.7051105052643373,0.6889641698263199,0.725344845283381,0.6976570266308658,0.648056657619629,0.12332138347236535,0.5084952462542357,-0.7540298790933564,0.21301647663264045,-0.4452849948063254,-0.2308444281243166,-0.06995695403367153,-0.1208804524454806,-0.18042173955613985,-0.35368934091381593,0.10351897954864318,0.3472034965854543,0.5295394355388643,-0.7648946615203485,0.09095477622573198,-0.46057867140608666,-0.18985983498815512,0.022192519824024867,-0.1312965820515238,-0.365977005159927,0.05167023325433803,0.04025667331185226
0.8318288800151123,0.9488340194566572,0.9185757647852058,0.8934532564933707,0.8068261790380088,0.8085891045158997,1.0,0.8699197766501428,0.9043549662074644,0.8699732362850525,0.8713443368809484,0.763998620222734,0.789763244126579,0.7844105669118105,0.9118279976551029,0.8540862521833916,0.9458029874769989,0.875886928773136,0.6339765820255903,0.709610186834606,0.6294868421085945,0.716954305971136,0.6485071989556093,0.506101545666268,0.8324267455503522,0.9334158955496733,0.8984916895374075,0.8731676993405153,0.9369931706517265,0.9033496311086366,0.8158473429611912,0.5032151509186121,0.8912838301440276,0.9110241098084558,0.9193246625324071,0.8166101753840675,0.8910898684515052,0.9117264925057982,0.9109930516583508,0.5513844467024461,0.7994138315432264,0.9295030367112526,0.9028561340305592,0.6928617655497054,0.8273760430540046,0.7442860148559403,0.8308753619449075,0.258975620141091,0.6941219700535137,-0.9333005411784402,0.19069828998384142,-0.588627566823609,-0.43581156928434533,-0.241755072051796,-0.18533072320297048,-0.26959562351183053,-0.3693356006225283,0.055385492316412904,0.40348622854173843,0.7270501887208949,-0.9205996935165262,0.07142586791660505,-0.5951603231995642,-0.4190915857706077,-0.11040093157920597,-0.21266595405529481,-0.3351821313773247,0.01793669093429784,0.1048782414244835
0.8452344677701922,0.9395827745745778,0.8633193585468317,0.8304830321737369,0.8142919506419518,0.7161768885547105,0.8699197766501428,1.0,0.862833531980838,0.8766701038975364,0.9476622461756037,0.8778031525851092,0.885695924908015,0.884374016943889,0.9474530867333709,0.8824644057747261,0.8942818057403918,0.7555115278988577,0.48301733252243606,0.5243752090064911,0.6841912063556174,0.7018882182264765,0.7185818210821642,0.6192824741160389,0.9097404615517667,0.8182339138672572,0.9424411895394488,0.8734287282907917,0.9297202079341742,0.930338625522237,0.846685385071615,0.5811485094435929,0.950844135692464,0.9438750187312751,0.9334659235431068,0.8676913730184419,0.9323032743859948,0.9511025000796235,0.9257649183273855,0.6813183243036428,0.7843740780179853,0.8909323495825342,0.8807263540322733,0.7832942950388561,0.8950998857418233,0.726046873138288,0.9072692792382274,0.445433390539519,0.7694048233048684,-0.9402454019136344,0.3073772006108785,-0.6306136222834803,-0.5468254022142764,-0.3350904292720455,-0.19732380513868214,-0.28646312088070613,-0.10607839044274443,0.1556221902944998,0.40677402188440503,0.60701028566274,-0.9405660433222095,0.1468690408613705,-0.6233143299326906,-0.5328192830612702,-0.2606132266601994,-0.2623574417101548,-0.07558772913352355,0.08104328047432234,0.1339982459022833
0.8374974398578354,0.9257621931302296,0.8786006467331767,0.8529695564871215,0.799415723909595,0.7757977597604898,0.9043549662074644,0.862833531980838,1.0,0.8735920775646193,0.8671238859742937,0.7915889892383139,0.8374582711508649,0.8187887927333446,0.90836952730684,0.8469150633878771,0.9173348446923513,0.8007860772071389,0.5000530031614205,0.609764389452765,0.6696437898317432,0.7157591858717764,0.5948293625250686,0.5485260365437818,0.8627637754930666,0.8616014630155296,0.9066672114811778,0.8739492737164076,0.9130207342298717,0.9115409954212581,0.8450282949966803,0.5390176475572307,0.8925753575479706,0.9167613851450304,0.9098840071771395,0.8265356508248245,0.8921447391808404,0.9112282728468633,0.8941149796210675,0.5735344716978691,0.7630405981588708,0.9087430050920208,0.8676721954762764,0.6340225096256001,0.8165761153591463,0.7435007853216085,0.8584813168565791,0.2889193162284273,0.7233464882418786,-0.9166141668854094,0.20194718882373758,-0.6360728248342784,-0.4493074204777262,-0.26437205014457077,-0.1897299656699245,-0.20429922101929987,-0.3180882787328832,0.01671505076808817,0.3693230358807084,0.6578526989640712,-0.9220472797705512,0.07417024016582782,-0.61531849617013,-0.4863710497377869,-0.16568098403684017,-0.17494974030169974,-0.24325424878468335,0.024022660503910154,0.1271588453943563
0.7815024430188532,0.8950816709253266,0.8240893732669801,0.8505723182816158,0.781584699048405,0.8250952778131997,0.8699732362850525,0.8766701038975364,0.8735920775646193,1.0,0.8781839950384589,0.7929069114481342,0.8617219812824776,0.7540460013621769,0.871470423416009,0.811191213074437,0.8717721067265225,0.7627929575206364,0.4796147616122742,0.6139136915171909,0.673629740073881,0.6299451346339736,0.63960661257216,0.5477406500207797,0.8270752311561455,0.8317983999434673,0.8582332786317909,0.8321187940191471,0.8848759344653566,0.8665174320382355,0.7913760328463967,0.5178925123273447,0.8769726712460778,0.8784950975570807,0.891856847220474,0.800670111426347,0.8598557052951101,0.8833729140948346,0.8704959158104012,0.5755718149097999,0.7583129192613327,0.8805629196129493,0.8414406124040212,0.7578174543200205,0.8857305085245532,0.8261488468782839,0.8096526092511088,0.3324386469721988,0.6775394340910836,-0.8760814101539606,0.2748130615469602,-0.5121969822138202,-0.39301062531364805,-0.21098694665364434,-0.15238956325629888,-0.1970298259620285,-0.1932118263687492,0.0876310594454108,0.39743411016889374,0.6021813130735452,-0.9049932472443694,0.09678833466779303,-0.5453375059934196,-0.3937126257723184,-0.15844878153591047,-0.20688307867787675,-0.22930201314623208,0.020288845424947216,0.10837767749426822
0.8311971604583984,0.9329663766794053,0.8760004669487943,0.8122659094970319,0.8389800792034052,0.6944592825626155,0.8713443368809484,0.9476622461756037,0.8671238859742937,0.8781839950384589,1.0,0.8512987040275755,0.8796278072629687,0.8949025802529031,0.9342784615771769,0.8788879692800757,0.9140195677473342,0.7647005012388827,0.4356331422586892,0.5023811859890701,0.7291671565688658,0.7456477288563095,0.6954783227448884,0.6529181147352726,0.9015530590131204,0.8287077473256862,0.9312260836756608,0.8705680905320544,0.9185673972142672,0.9427229998976422,0.8765696147484648,0.6274925210761985,0.939324931058834,0.9330108452975476,0.9400298965859081,0.8938591211992395,0.9098191224819643,0.9467389188608123,0.9273799221513185,0.714134348400491,0.7650778015439981,0.8795172004288418,0.8805720261959663,0.6850642303027284,0.8520644009491904,0.6892951465579914,0.8914678932235629,0.47780564384882107,0.766368749280037,-0.9444355519794573,0.24969238584310793,-0.6124796162868128,-0.5277973760550045,-0.34398287173315034,-0.23707662353346148,-0.2615780977865663,-0.16626545725552178,0.03629486169101354,0.38941079190377037,0.61085084946862,-0.9287746033595218,0.1320116560262475,-0.5869099083340815,-0.5075821856697271,-0.22262827539525618,-0.2575866200350528,-0.10494217224420704,0.0029053161545551883,0.11372311885614518
0.8911083718781225,0.8474309797808246,0.8099657852881185,0.8289888174897331,0.7299735361857727,0.6301992212453887,0.763998620222734,0.8778031525851092,0.7915889892383139,0.7929069114481342,0.8512987040275755,1.0,0.8732103059626308,0.8032668973598365,0.8663055794909903,0.7284276142089737,0.8160563226339287,0.6194751093491685,0.29291976990394675,0.3470464833819755,0.7080241609099421,0.5601371301278119,0.5562250563001851,0.5002564468763389,0.9002767739547175,0.6488351448954723,0.837087450489721,0.8817416884228675,0.8616258529951706,0.8693304243866892,0.7810421283735516,0.4540022918595061,0.8869755990883009,0.885539041192291,0.8617489053420121,0.7493017267523726,0.8529594538440949,0.8684761551724145,0.8256763090282316,0.5241179476876772,0.6422843744476694,0.7657708219809818,0.7477780404115764,0.6362857581337881,0.8173124022855728,0.6764554509913586,0.8267799283305064,0.2765756144320538,0.6980259284659741,-0.8565387215842821,0.29226135540932796,-0.6044290398833614,-0.40403068952827287,-0.2842086007470318,-0.11182766698701369,-0.2841376792593292,-0.025092806756103557,0.2495457805372298,0.42448909309868227,0.4978566207708005,-0.8742662622025588,0.12329919520814524,-0.5892608346278833,-0.4544352468369086,-0.3587384289354082,-0.2006052971125954,-0.13441166733913698,0.08350684640836134,0.10015553627235038
0.8310415884838557,0.8700534479120847,0.7964697921193968,0.823991947677531,0.8098386713889661,0.7305833768299418,0.789763244126579,0.885695924908015,0.8374582711508649,0.8617219812824776,0.8796278072629687,0.8732103059626308,1.0,0.8376993945181055,0.8787657447407781,0.823105221666759,0.8456907131176912,0.6759372343580228,0.30107019200631696,0.4459769929714332,0.7333141133657224,0.611905516647228,0.5507023392470057,0.5598029844859663,0.8573723894018538,0.740166659717735,0.8579564102207237,0.8188264328607442,0.8496309453325762,0.8913741259738014,0.7855331957316373,0.5182022369318852,0.8926518256055145,0.9013438983411122,0.8806550129185003,0.8019462712484835,0.8869118197677321,0.8837321478566353,0.8417535077333256,0.5940746663497224,0.6794973435312145,0.8041859371266284,0.7861456940606425,0.6554952482860706,0.8342094421847285,0.7100576621440361,0.8469966519873713,0.33348324762715287,0.7520666391465514,-0.8723740565747914,0.30841384577608477,-0.5598532854316773,-0.41922694517819703,-0.23911688959659774,-0.17750827888735277,-0.17881844431463412,-0.09618316759678999,0.09667823316808384,0.3818478522777536,0.4726354644132216,-0.8951937061078218,0.18264060010409072,-0.5402648977835414,-0.48060685389643687,-0.2365509419628202,-0.14828585408808018,-0.1372011872343672,0.016128235749328645,0.131239772673603
0.8282499941127277,0.8713281935174046,0.838867084957312,0.7046526222291349,0.7833819806327541,0.5831651429506632,0.7844105669118105,0.884374016943889,0.8187887927333446,0.7540460013621769,0.8949025802529031,0.8032668973598365,0.8376993945181055,1.0,0.8942114430355624,0.828613077992722,0.8578864410352778,0.6827913675085374,0.3316448373287002,0.40623865282063,0.7251168649909392,0.7009889035826441,0.6027262328003635,0.6180631778768961,0.8757104664324621,0.7665829175845086,0.9095524582243099,0.8214691152660152,0.8574323425970708,0.9076016891475143,0.8320677782489097,0.5989946186571048,0.8978122586878722,0.8873261534986135,0.8569271088467469,0.8467650969242522,0.8605366618925516,0.8901500236888122,0.8562703411766934,0.6759920309684138,0.7038569319518206,0.797892869434718,0.8216130628352898,0.5846638228673484,0.7682976828653991,0.598433797330862,0.8531536121098116,0.45611455487163344,0.7592443475134579,-0.8796845044098571,0.22508296272564335,-0.6079097381516578,-0.5075745130900609,-0.3212950325192314,-0.299789581904214,-0.2677635585338589,-0.142703768194308,-0.05630308967440342,0.3531003448707491,0.5490640763872011,-0.8689339313612334,0.16073044702705852,-0.5474540535351776,-0.5423654547028761,-0.206031108779764,-0.2093714145782665,-0.025942492857055216,-0.02171972915460115,0.2025060327375699
0.8670719433548258,0.9626910549573812,0.8984090271283228,0.8691228015734839,0.8132870634655789,0.7388444209085776,0.9118279976551029,0.9474530867333709,0.90836952730684,0.871470423416009,0.9342784615771769,0.8663055794909903,0.8787657447407781,0.8942114430355624,1.0,0.9067198782713703,0.9328138431734243,0.8115529739497799,0.5002084690327849,0.5874371932131282,0.6861335636653001,0.7546003079267419,0.6929974018619591,0.6157465534922965,0.9234841711762823,0.8570810544637457,0.961849367999079,0.8926704861149733,0.9532615203134654,0.9558567208675057,0.8909511105179987,0.5856747870488458,0.9521051050227168,0.9655989581553912,0.957015740134893,0.8931197597405951,0.9422841756967159,0.969931488704844,0.9466595217770631,0.681110798371959,0.7766308766912161,0.9092476709346019,0.8852417059031779,0.7278557623741442,0.8788321540629017,0.7356663480937414,0.9076883802957868,0.40875817838859474,0.7653819862145743,-0.9640720285900335,0.26252791434009387,-0.6680268632458816,-0.5524983886640825,-0.3439948287912724,-0.2097627404637446,-0.2398922565561928,-0.2325166435131874,0.061996419286986494,0.38699234572262564,0.6513862046514846,-0.9664637686950434,0.11148971659783176,-0.654039921243447,-0.5600740660030201,-0.26915897401073585,-0.24905581893810774,-0.18158814964249517,0.03933703885497946,0.1211921273860219
0.7200681502670423,0.9036989562382238,0.8151415433854201,0.7774745306950149,0.7600525830401973,0.7053350818034263,0.8540862521833916,0.8824644057747261,0.8469150633878771,0.811191213074437,0.8788879692800757,0.7284276142089737,0.823105221666759,0.828613077992722,0.9067198782713703,1.0,0.8713905035030899,0.8373003837690226,0.5689761571176508,0.6618806492846707,0.6063783697979492,0.8217018873764016,0.7475349625172371,0.6260305082558458,0.8118852834419031,0.8209779265504346,0.900723512491323,0.772752357618397,0.8738951217219435,0.8966140316301983,0.8718296271692143,0.5886158416015128,0.8707453823375106,0.8904748383246851,0.905469039591707,0.8756670154419804,0.89457128963509,0.9064548032687522,0.9098556852661683,0.7166496914688761,0.7386305437869299,0.8494938491334423,0.8325493601309086,0.6645440472018893,0.7813229719855996,0.6620605487197659,0.8603360534054354,0.5088084670097538,0.7224574369683948,-0.8926113418092684,0.2234969993914779,-0.5590476680791503,-0.5520646087931085,-0.3415716923961681,-0.2571743751186055,-0.17863230525567775,-0.23691886829020764,-0.04225703804324136,0.30101816622172867,0.5970023858078478,-0.9061982315358598,0.10530687032272798,-0.5439801670941953,-0.5637162384589309,-0.22229659278360112,-0.17247345449618307,-0.1354588947951652,0.011027514551401574,0.09244171695032379
0.8579742200098337,0.948904275161896,0.918742734924948,0.8659606251988436,0.8126481469914811,0.7218725827208922,0.9458029874769989,0.8942818057403918,0.9173348446923513,0.8717721067265225,0.9140195677473342,0.8160563226339287,0.8456907131176912,0.8578864410352778,0.9328138431734243,0.8713905035030899,1.0,0.8284921456499833,0.47132360477725077,0.5898038724440995,0.6834325841057132,0.7493383655971851,0.6124521756054653,0.6085818562329626,0.8867294314814802,0.9023665386943318,0.9258098332720545,0.8909658401080582,0.9378060811827574,0.9458667934266718,0.8789943292739887,0.5970745938244099,0.9085874413054008,0.937099466963234,0.938959923523594,0.8816437833890999,0.9084720608057033,0.9391782961271065,0.91833442907443,0.6338219879052729,0.7605780112758901,0.9122177717446334,0.9102593410587939,0.6494415681518048,0.8405203306884947,0.7337575931107664,0.8694777585808688,0.3556281133508919,0.7545295256827653,-0.9481225255811732,0.1780081191579186,-0.6189006731460613,-0.4749687056961066,-0.27353064203347316,-0.2267730710627263,-0.24479735764406815,-0.2982394630450685,0.001425437475627875,0.3827881540862903,0.6776647814792512,-0.9383322331737601,0.06374947289265552,-0.5854034641530202,-0.48548834358237686,-0.16402412333786742,-0.20345611998053997,-0.23350119597636276,-0.008566029068614185,0.12361698240883992
0.6356051351862785,0.8368230262506188,0.7680142334433618,0.7526816965026643,0.6767607055219452,0.7149802120976991,0.875886928773136,0.7555115278988577,0.8007860772071389,0.7627929575206364,0.7647005012388827,0.6194751093491685,0.6759372343580228,0.6827913675085374,0.8115529739497799,0.8373003837690226,0.8284921456499833,1.0,0.7336510179628393,0.735170113995459,0.43406165505709027,0.7234440452818691,0.7531903298052528,0.41634926024064545,0.7029951755988578,0.8349780029431566,0.7914177703182652,0.6967493815640903,0.8058261752220346,0.7758196071330665,0.7469900994602261,0.38011012545117673,0.7791503990896537,0.8088538904110831,0.8273410649930342,0.733119811946412,0.8209492381696287,0.8108887299034745,0.8503265412990018,0.5314262320502608,0.6837886202611965,0.8068028392829925,0.780155480155129,0.5744035166370557,0.6779776119767306,0.6335851004424496,0.7240662745494147,0.3152427620931512,0.6477669959066007,-0.8028985584595589,0.14409549134254127,-0.4297276321332682,-0.36214246079549217,-0.18257440605287167,-0.19682524455252037,-0.1518912315758251,-0.33812311312262205,0.03792350652023541,0.29745189825515567,0.568678082564234,-0.8320457315055111,0.06433802757771123,-0.44002432386989043,-0.39210728989221716,-0.1117694736098945,-0.10829094768046749,-0.2892142019177872,0.10483663340506612,0.07301369965499799
0.3430121370535586,0.5755135784392152,0.4723093578372462,0.5051663539361928,0.40757823684998534,0.6198672114068151,0.6339765820255903,0.48301733252243606,0.5000530031614205,0.4796147616122742,0.4356331422586892,0.29291976990394675,0.30107019200631696,0.3316448373287002,0.5002084690327849,0.5689761571176508,0.47132360477725077,0.7336510179628393,1.0,0.8137809729052559,0.18554490204655708,0.4537899043187096,0.7072641776170995,0.09949505195769699,0.3614012719163806,0.5789958735916367,0.47302722136079384,0.41793961510094557,0.5575411993680977,0.43687387397622934,0.3861012611448908,0.06939867588248622,0.48575551739650713,0.48143870333301714,0.49970661671566335,0.36764166519291736,0.5208287446786388,0.4901258397158802,0.5646578234311641,0.20660758970525764,0.5922836699709954,0.6166809510244009,0.5482459828561238,0.5586094951277526,0.4204133924783178,0.43507955036899204,0.4116352894198287,0.12455148210193571,0.3064776628871203,-0.498954119458274,0.1255010238057839,-0.223087700024705,-0.19017257146717823,-0.048943540281876356,-0.07607754572916006,-0.1868117062248593,-0.3018059339841399,0.1836442009841771,0.21570689905447735,0.4154712158431178,-0.5187101550288646,0.034487485640244224,-0.27362804565077964,-0.14904299782574898,0.03322367992177803,-0.10732493189905466,-0.2971110356258156,0.1782885830984522,-0.08296377067075998
0.40359418072184766,0.6606104735197466,0.5613696925810607,0.6313963173702805,0.4842198216733694,0.7616515429032088,0.709610186834606,0.5243752090064911,0.609764389452765,0.6139136915171909,0.5023811859890701,0.3470464833819755,0.4459769929714332,0.40623865282063,0.5874371932131282,0.6618806492846707,0.5898038724440995,0.735170113995459,0.8137809729052559,1.0,0.37042387587668885,0.557306952442838,0.6373013018475342,0.2530653575639981,0.3998133860310547,0.6938723094726004,0.5559848612907031,0.5030991883103755,0.6383912709324245,0.5407928092959099,0.511521196795155,0.24464798653277348,0.554066906957216,0.565099163177767,0.5969338684831034,0.5052814343989364,0.5971344533406193,0.5712618152938215,0.6346321562109298,0.3060116402526526,0.6929142776626613,0.6870644975976589,0.6067373648823439,0.6028975941927713,0.5284120505954841,0.5447475434604843,0.4625469350562327,0.18172658465004346,0.32263444554610027,-0.5866404753160136,0.1161604422618298,-0.2735876277658025,-0.2429023748952266,-0.054797441452992056,-0.12393674087163173,-0.05378591208476567,-0.4129885269641494,0.004044978333248465,0.2293652822754918,0.5219815137012553,-0.6190720598732651,0.014827693307233302,-0.35373576099424203,-0.20499413523936086,0.043274981426481604,-0.0804965336020012,-0.41576816658582333,0.04941782014057899,-0.04011730516900476
0.7506488882813653,0.7032074078221184,0.7496236737178916,0.6513001774969017,0.7538164501903407,0.6145529335623409,0.6294868421085945,0.6841912063556174,0.6696437898317432,0.673629740073881,0.7291671565688658,0.7080241609099421,0.7333141133657224,0.7251168649909392,0.6861335636653001,0.6063783697979492,0.6834325841057132,0.43406165505709027,0.18554490204655708,0.37042387587668885,1.0,0.5063737506517294,0.35560372729565404,0.38779947224067324,0.6429895380334365,0.6122228543926012,0.7033284166095655,0.7308858290640776,0.7056780891984018,0.7420867950222257,0.6714388309759407,0.40941680099954725,0.7343370619052363,0.7010061968152674,0.6802429627260752,0.593810863456701,0.6491056819354446,0.6808864271394177,0.6339859743216993,0.3858711433384947,0.6600365062977486,0.6619303718561768,0.6756598451114688,0.45415129247113134,0.6116974608304385,0.4742997839053009,0.6305598551587557,0.2066753560900411,0.48969491075500743,-0.7185156805350051,0.1356847445322257,-0.5615549376576658,-0.34746806096563926,-0.24943663608049524,-0.19807212543082992,-0.17583749322014852,-0.2804900792964237,-0.1616073917253808,0.2897752663965543,0.5118208843650791,-0.6905195496838717,0.11161589017960143,-0.483431957336501,-0.29873714594105355,-0.07012667285190194,-0.1870682458768742,-0.15268966285842916,-0.12113603795778553,0.08481412307891492
0.5675185038814045,0.7416358059199838,0.712585628954788,0.6644137569516182,0.6070670920984165,0.5160616094205125,0.716954305971136,0.7018882182264765,0.7157591858717764,0.6299451346339736,0.7456477288563095,0.5601371301278119,0.611905516647228,0.7009889035826441,0.7546003079267419,0.8217018873764016,0.7493383655971851,0.7234440452818691,0.4537899043187096,0.557306952442838,0.5063737506517294,1.0,0.6597111549050672,0.6654438797285569,0.6879339702758361,0.6763742233953915,0.7840671325555078,0.6295892848545332,0.7176568553349708,0.7678513161900642,0.874379234966441,0.719660005239099,0.6938371953810601,0.7268097501736053,0.779309276726904,0.824307454116886,0.7209566216868362,0.7751765009788782,0.8120166440367328,0.7281575824162984,0.5441870033543149,0.6845321291160984,0.6905322985089608,0.45047273578714164,0.6175232450013394,0.4878368100690773,0.734731068771587,0.5445191643431277,0.5713402397846257,-0.7615709311994187,0.05816263040443675,-0.5304243318780326,-0.5859471033949808,-0.4418126053884391,-0.32066154720218265,-0.21829970040435934,-0.28983464276449233,-0.23329210740688536,0.1436183042401896,0.6272963743766043,-0.7433510914723536,-0.0638889900321516,-0.4916079599006487,-0.537569856970066,-0.2156275117744557,-0.21378552521944952,-0.07310779555893772,-0.0898377725942466,0.037422563459798434
0.4590149600770693,0.6946306657363057,0.5494023823070384,0.5491526223127641,0.5291267493069647,0.5708150807018264,0.6485071989556093,0.7185818210821642,0.5948293625250686,0.63960661257216,0.6954783227448884,0.5562250563001851,0.5507023392470057,0.6027262328003635,0.6929974018619591,0.7475349625172371,0.6124521756054653,0.7531903298052528,0.7072641776170995,0.6373013018475342,0.35560372729565404,0.6597111549050672,1.0,0.4351546640786565,0.6142848877204332,0.5827287036639139,0.6681545529325892,0.5353142160025097,0.6670680224166612,0.6308941581943367,0.6230602786676968,0.33868858491145687,0.6899415851312165,0.6603056206582861,0.6910682308101198,0.6342924568383056,0.7064569948199828,0.6926440063199873,0.7721640513667297,0.5977588913837713,0.5939350479855879,0.6517956969260804,0.6546449128978624,0.6334222895982199,0.6118236765257987,0.5028843269344797,0.6303887447997538,0.5740315367033684,0.5143232446261633,-0.654337856661492,0.22052248286311002,-0.34257626607300595,-0.404112161270102,-0.2069296402550673,-0.15466253307467195,-0.18331265240742495,-0.0633810658597737,0.16914689991396611,0.23243797564261318,0.3745259330760061,-0.6974320705411029,0.08010481341773748,-0.35218346569516523,-0.37960128138523924,-0.18659867764480678,-0.19549752145357366,-0.06847538768112421,0.2002773619005879,-0.04354220361411867
0.428852839812613,0.5796727824104647,0.4923956355883908,0.46186235013245,0.4813319558575778,0.3372319352310609,0.506101545666268,0.6192824741160389,0.5485260365437818,0.5477406500207797,0.6529181147352726,0.5002564468763389,0.5598029844859663,0.6180631778768961,0.6157465534922965,0.6260305082558458,0.6085818562329626,0.41634926024064545,0.09949505195769699,0.2530653575639981,0.38779947224067324,0.6654438797285569,0.4351546640786565,1.0,0.5627047791768802,0.5379567773636196,0.620066583503061,0.5218925722564336,0.561070979796718,0.6194564574078057,0.6940640591345746,0.9097114395461834,0.5767038094593003,0.5843592256533324,0.603528683308899,0.8505281345253017,0.5832726207282813,0.6556709959272747,0.6268509765617267,0.8581658603376242,0.4666526888377665,0.5508526362751035,0.5501600085451503,0.4483186667717167,0.595958999808031,0.4655553864624219,0.6426473372669858,0.7387181383728482,0.489750188508957,-0.5999582067362815,0.06729852229309306,-0.3692014106103517,-0.4794504268749908,-0.26773167662592606,-0.19503409135032537,-0.18649997111121436,-0.03034408705521832,-0.14416489314479825,0.1264391081391484,0.33019449264747996,-0.5949587464428175,-0.06210655735075893,-0.34505964839053205,-0.4310040088119074,-0.21013604979590503,-0.15358488945477053,0.09988683563388821,-0.0962375876894112,0.07510985431822637
0.9021600714550695,0.9017563564087149,0.8625957992053103,0.8105677838502101,0.7480635573168248,0.6153837403231209,0.8324267455503522,0.9097404615517667,0.8627637754930666,0.8270752311561455,0.9015530590131204,0.9002767739547175,0.8573723894018538,0.8757104664324621,0.9234841711762823,0.8118852834419031,0.8867294314814802,0.7029951755988578,0.3614012719163806,0.3998133860310547,0.6429895380334365,0.6879339702758361,0.6142848877204332,0.5627047791768802,1.0,0.7444194452701784,0.9198041801266456,0.8951429358821624,0.9112002721818105,0.9328408154721204,0.8559166071444287,0.5450556206339652,0.9192012514138894,0.9185689806607433,0.9166916474596206,0.8278492693216437,0.8880103514704191,0.9252766058279058,0.8890021278664305,0.6162153852594418,0.6695610024412819,0.8347184138757837,0.8345058325595488,0.6574442481234376,0.8440438033447265,0.6952866606561895,0.8956175046323965,0.3526242799731258,0.7662894537507196,-0.914232100831179,0.26413966533355754,-0.6735128467482997,-0.5028051529535261,-0.3731726338633375,-0.1926638944590648,-0.31232233755295424,-0.09631381132950269,0.13525092133643843,0.4271988550262916,0.600867173070547,-0.915197350474139,0.08871475358540065,-0.6439992791806951,-0.5366631119060246,-0.3271190435882748,-0.2781148790068394,-0.08723387918602131,0.05164469442357272,0.18068186825158836
0.7286742997171377,0.8911517010197352,0.861069477077381,0.7863154148299444,0.7749130495403033,0.7689230196892136,0.9334158955496733,0.8182339138672572,0.8616014630155296,0.8317983999434673,0.8287077473256862,0.6488351448954723,0.740166659717735,0.7665829175845086,0.8570810544637457,0.8209779265504346,0.9023665386943318,0.8349780029431566,0.5789958735916367,0.6938723094726004,0.6122228543926012,0.6763742233953915,0.5827287036639139,0.5379567773636196,0.7444194452701784,1.0,0.8584259718374417,0.7904498860176042,0.8701233878731343,0.8428354208927742,0.7698523976399326,0.5449607714436382,0.8371789617721399,0.846860722746136,0.8487255754520926,0.8024393301490054,0.8281818531406824,0.8581991000440544,0.8507344970808318,0.5675291906356518,0.8144608932598443,0.9110772637203681,0.8955898500796255,0.6656944466965041,0.778846070706908,0.7089790910301479,0.7677292526105963,0.2891517765566037,0.6782877788084081,-0.8763498795248077,0.13860638769061906,-0.5457150880548993,-0.4173652730873559,-0.17704818488397345,-0.20880886477147267,-0.23576821233078207,-0.4069366664048144,-0.07731581122506238,0.3265379941929452,0.6870349800578512,-0.8580160697086843,0.07626880786086448,-0.55226347945493,-0.3752714702329233,-0.0002930291090493373,-0.1808299171829003,-0.28875399825657916,-0.04277554956222736,0.14041710604296423
0.8622726425872306,0.9515621564233608,0.91626924999096,0.8407318535582899,0.8117306659958046,0.7091203825743683,0.8984916895374075,0.9424411895394488,0.9066672114811778,0.8582332786317909,0.9312260836756608,0.837087450489721,0.8579564102207237,0.9095524582243099,0.961849367999079,0.900723512491323,0.9258098332720545,0.7914177703182652,0.47302722136079384,0.5559848612907031,0.7033284166095655,0.7840671325555078,0.6681545529325892,0.620066583503061,0.9198041801266456,0.8584259718374417,1.0,0.8931104014186269,0.9435649237848599,0.9550733381707114,0.9025203181974926,0.619885395990446,0.9474560909131643,0.9438806202820256,0.9465645972712061,0.8874283625982381,0.919298791226037,0.9571099545356496,0.9338403410317087,0.680235849357228,0.7831210481131011,0.9023299098447587,0.8889835450386416,0.6988010796284652,0.8605853885583786,0.694310328458052,0.9139806095829925,0.4177440514701098,0.773608487236109,-0.9602686214312394,0.24257654180358576,-0.6947952398621895,-0.5702217888004186,-0.3927745525623889,-0.26353612604245313,-0.3009955672735202,-0.24058752155169574,-0.013065161619858079,0.36529509202167704,0.6978718320389729,-0.949704324577342,0.0975309357604004,-0.6695169766205185,-0.5675245595053343,-0.25676267829156874,-0.27284967128444304,-0.1399983430962457,-0.02365220147962287,0.16635558235079625
0.9332192025243813,0.9139781243233526,0.9143118597797759,0.8569143416916685,0.781088773863973,0.7107374144634301,0.8731676993405153,0.8734287282907917,0.8739492737164076,0.8321187940191471,0.8705680905320544,0.8817416884228675,0.8188264328607442,0.8214691152660152,0.8926704861149733,0.772752357618397,0.8909658401080582,0.6967493815640903,0.41793961510094557,0.5030991883103755,0.7308858290640776,0.6295892848545332,0.5353142160025097,0.5218925722564336,0.8951429358821624,0.7904498860176042,0.8931104014186269,1.0,0.9387879223581898,0.9199880023925917,0.8222980212852263,0.5094311452815107,0.9097318152649992,0.9067959203832753,0.8956598778988858,0.7894995513640994,0.8694045236310828,0.8971383553166357,0.8624093858915006,0.5152055526823623,0.8025510293560941,0.8751291501417776,0.8413183898678178,0.6545122301487631,0.822673345599418,0.7029341194473366,0.856798564961522,0.22462652311613615,0.7058689214822272,-0.9122434552559732,0.19061238560380964,-0.6605893985143368,-0.38919519479667714,-0.26686366900458736,-0.17379394591942934,-0.3110905501471868,-0.22083338592772866,0.11522491459425988,0.4744142934395344,0.636530834181099,-0.9037538837822983,0.0745947623202005,-0.6494731841362131,-0.4277745603437595,-0.217587227931593,-0.23738943195561288,-0.2173401703333571,0.01495919302721671,0.15835659922890125
0.9009393723027598,0.9746388646080383,0.9292561981537075,0.890054942184761,0.8286286974612533,0.7777480360586331,0.9369931706517265,0.9297202079341742,0.9130207342298717,0.8848759344653566,0.9185673972142672,0.8616258529951706,0.8496309453325762,0.8574323425970708,0.9532615203134654,0.8738951217219435,0.9378060811827574,0.8058261752220346,0.5575411993680977,0.6383912709324245,0.7056780891984018,0.7176568553349708,0.6670680224166612,0.561070979796718,0.9112002721818105,0.8701233878731343,0.9435649237848599,0.9387879223581898,1.0,0.9522892663252608,0.863821314153935,0.5445519357193616,0.9510764346957697,0.9504307494072922,0.9503951300328143,0.8546205184358269,0.9288615831861675,0.9513856192377688,0.9360702589855234,0.5960049730478681,0.8355273008794506,0.9365744658681379,0.9074990002943184,0.7449870530442853,0.8754910816851447,0.7442002355672466,0.8956091598515248,0.317556186072392,0.7357316430682378,-0.9604839238677163,0.2456097734692588,-0.6473567715556631,-0.47034578693554235,-0.29325321708896634,-0.18788189016389487,-0.3066003513116861,-0.2612935420169692,0.10006001288412254,0.44872239211103415,0.6768740803002812,-0.9584722260242133,0.09978028180367844,-0.6514735985641453,-0.466300313162202,-0.1981483898924067,-0.24846573656280316,-0.23679538936210245,0.026888144969774184,0.12629786294748746
0.898236898549802,0.9575461438916603,0.9207164772768563,0.8596249235765085,0.8267609573066869,0.7047545506536462,0.9033496311086366,0.930338625522237,0.9115409954212581,0.8665174320382355,0.9427229998976422,0.8693304243866892,0.8913741259738014,0.9076016891475143,0.9558567208675057,0.8966140316301983,0.9458667934266718,0.7758196071330665,0.43687387397622934,0.5407928092959099,0.7420867950222257,0.7678513161900642,0.6308941581943367,0.6194564574078057,0.9328408154721204,0.8428354208927742,0.9550733381707114,0.9199880023925917,0.9522892663252608,1.0,0.9108464974638196,0.6135648310226146,0.9440502597526668,0.956506715867433,0.958889438967591,0.8938953636327813,0.9260131875263066,0.9578892482909875,0.9315168794207346,0.6687081542101984,0.7693726164564842,0.894569105889143,0.8951683280675533,0.6582985570454947,0.8494075535820451,0.7098110128075802,0.9106641274452483,0.3864744391682928,0.7624657212273864,-0.9637931688263657,0.2139876066093908,-0.6554757698474544,-0.5272226079545832,-0.3656713853447215,-0.2436283808086245,-0.2542801525643383,-0.23230400903954812,-0.003282418577048908,0.4065439915893479,0.6680685603691255,-0.9561971455657154,0.09488772062349607,-0.6397853302932189,-0.5526470140470445,-0.25742442653861547,-0.2348778426489728,-0.1700169971506883,-0.026050383635125778,0.14124855580637602
