0,1,2,3,4,5,6,7,8,9,10,11,12,13,14,15,16,17,18,19,20,21,22,23,24,25,26,27,28,29,30,31,32,33,34,35,36,37,38,39,40,41,42,43,44,45,46,47,48,49,50,51,52,53,54,55,56,57,58,59,60,61,62,63,64,65,66,67,68
1.0,0.9524455724503307,0.9627062269697738,0.9648179603531525,0.9213093477894821,0.9100836848094134,0.9291106182884726,0.9285644730362311,0.9524280171975138,0.9221104794994907,0.9163653000222581,0.9576337213219873,0.8862495342782358,0.9309552614092711,0.9436013955573926,0.9059610357620789,0.9291120433466543,0.8154219461564439,0.7590730296089689,0.911743208305385,0.9509782930920812,0.8896826583053458,0.8321928026230183,0.7254581073836819,0.9262693511612405,0.892359070381522,0.9460426371180579,0.9490924064708547,0.9544552982918822,0.9551668756939249,0.9086248262239701,0.6168980669364974,0.9354741908275073,0.9395797301277583,0.9431049218556902,0.9300997511333688,0.9448569060636745,0.9391897903433438,0.9248992490191473,0.7635918304157089,0.8246587724595902,0.8874858634085157,0.9024644085998472,0.8165004681889788,0.8865456777908793,0.8123305701268737,0.8773501107898688,0.5006691728842109,0.8993051194744714,-0.9618300469065019,0.49008571925228106,-0.6874671866205951,-0.7678927985845693,-0.5902118792655984,-0.08831219709072856,-0.4086633071789384,-0.45029689932094763,0.22856311845332214,0.03269636620979466,0.8601720776905432,-0.9466209208694234,0.12650220466044704,-0.7056497470914375,-0.7353355371681216,-0.6052428861521583,-0.09444839148105996,-0.5321788098304718,0.0555659870352761,0.21835309083024895
0.9524455724503307,1.0,0.9621684072881593,0.9629875970228803,0.9296289466501787,0.9372811988489659,0.9650265150194391,0.958765273440371,0.9660380016418145,0.9572072555284208,0.944551728438652,0.9245620459398931,0.9439451069017347,0.9480892518822522,0.9708784159631629,0.9445429533056804,0.9552960045403313,0.8767261528402808,0.8174363218252698,0.9350828766242986,0.9449525139510184,0.9384252599961871,0.8991418835919391,0.795380145708595,0.9098667743963259,0.945069228009819,0.9723492067787185,0.9484624717317306,0.9749951523196314,0.9705430984080267,0.9464318136957466,0.69915971507748,0.9651582227989666,0.9754570917598572,0.9708681348843115,0.9677270528198012,0.9791387064932879,0.9694319386310316,0.968927877328193,0.8441436393427183,0.8934173731921345,0.9439730691402514,0.9481015263624977,0.8819363060297181,0.9116514293110712,0.8609361892639324,0.9001380864041224,0.5940905011532016,0.915837883593949,-0.9820922505530764,0.4848079159090023,-0.6737568556269379,-0.8035419952369163,-0.5484246119552985,-0.06834479402833299,-0.3388021706513335,-0.46356294165733175,0.2268166362892562,0.07768008612469095,0.8622556664410157,-0.9823081431171905,0.09938934708692168,-0.7146421666658056,-0.7897425723601311,-0.590455019750451,-0.07414188735759732,-0.5637283513097726,0.07062336008952128,0.21489726663433106
0.9627062269697738,0.9621684072881593,1.0,0.9741816869564456,0.9224832663559815,0.9078985857178686,0.9602623211261259,0.9370254216709365,0.9560912631013978,0.9348836287411739,0.9241316591471611,0.9354921931739736,0.9012153484520617,0.9260452511364365,0.9489533919076069,0.9086209090240924,0.9497602645325588,0.8640239151302106,0.7775370957083259,0.9173769704634664,0.941028713831017,0.9043482450763248,0.8528500883839367,0.7314902576289923,0.9119741048851334,0.9436222839074906,0.9489675010743134,0.9452338516019954,0.9675776895579911,0.9528092512375331,0.9212337885824204,0.6330786275368162,0.9396615664208833,0.9459569610655271,0.9453980726478087,0.9447728452504792,0.9533926834033318,0.9448122877334936,0.9353472736468397,0.7752109540123407,0.8592409205355437,0.9042205898833526,0.9273837534015638,0.8493623734576542,0.877858926338417,0.8273007943241641,0.8749629835593881,0.5226724154557455,0.8946756917773018,-0.9699771479833358,0.5043626583765721,-0.6931408712805404,-0.7745923980969823,-0.6154291025979408,-0.08901603039947127,-0.42410732327411516,-0.4843713117479851,0.19555421648669336,0.028756857959243175,0.8872799557845968,-0.9566611524893593,0.14362511143505258,-0.7123995926633983,-0.7584999874058682,-0.6152192137343107,-0.1256353821640604,-0.5655315501434256,0.03810734594228415,0.19883246135843266
0.9648179603531525,0.9629875970228803,0.9741816869564456,1.0,0.9247800683982682,0.9163017625197707,0.9493726266286474,0.9232020924862726,0.9575469548872697,0.9258007310349559,0.9137135995023042,0.9303333021094241,0.9031558233289937,0.9165829054048386,0.9448399031976403,0.9179802017497358,0.9448411911475735,0.8691546429678995,0.8041220371705312,0.9292722268987647,0.9457947786949491,0.9128633826040083,0.8436580731891435,0.7227574428857735,0.8959976379237679,0.9286416452282338,0.9481184588797904,0.9392143148121416,0.9620455085808124,0.9532948242024898,0.924437238489736,0.6146350665425167,0.9304906033800652,0.9421986945620509,0.9487045465581073,0.9391684024409596,0.9551862510858429,0.9399916999114434,0.9310860263453531,0.7646429889870222,0.8299168701256443,0.8837802399885665,0.9088473652643411,0.8217781946425773,0.8768681488842003,0.8221600431332903,0.872537633499329,0.5148838562598939,0.8988803252181994,-0.9702389520250189,0.4952840662004913,-0.6897590787115508,-0.7671813953264749,-0.6250426758081329,-0.0733268401136484,-0.4267646416312737,-0.5024297074342957,0.15926507647728982,0.007551885705798856,0.8836980562889214,-0.9553378612531122,0.1255037507839764,-0.7164372399050954,-0.7465370305331425,-0.626727711403166,-0.09248930747582822,-0.5847618021769846,0.010345277182225767,0.1791119007536064
0.9213093477894821,0.9296289466501787,0.9224832663559815,0.9247800683982682,1.0,0.9171638546417898,0.9104276969219407,0.9081550645289999,0.9210979114998493,0.9170100477999975,0.8943669110307904,0.9157575112858575,0.8968530450008221,0.9078248275242284,0.9075756864076705,0.8872405314587583,0.9035077182808979,0.766987822574212,0.7319981578751806,0.9178630554964976,0.9337117248944408,0.8874898823406752,0.8083246269794225,0.7284360022491386,0.8588848748551321,0.8778819903004291,0.9195837985975139,0.9006375345022399,0.9148318626203826,0.9240479821386157,0.886672109294961,0.6672691446227692,0.9243704527512493,0.9173513436232439,0.9235808865027122,0.9083792641311083,0.9289275072742618,0.9140147701505794,0.9183935122690771,0.7933783781332872,0.8197921058241534,0.8717839170663403,0.8831587637336732,0.8228697407582221,0.8933344535407726,0.8295431485370275,0.8222265907119851,0.5169628001643825,0.8564735706144383,-0.9304184972191807,0.4277990516682919,-0.625367059163332,-0.7235821352275408,-0.5181698679763319,-0.03698193859160224,-0.3352472363235489,-0.42485615910649016,0.20860569818433444,0.0156702049937827,0.7900599896821753,-0.9234158523061978,0.1057237632208744,-0.6462532015620792,-0.7091154818551811,-0.5492665844776732,-0.04180898243174473,-0.5136459908959448,0.06874700421894764,0.15829941801926287
0.9100836848094134,0.9372811988489659,0.9078985857178686,0.9163017625197707,0.9171638546417898,1.0,0.884275499322963,0.8918713244780684,0.905660083367815,0.8900776903338382,0.858776904480282,0.8703491758179995,0.931031358502403,0.8865524728057174,0.9117736202349279,0.9032079432285075,0.859439758684601,0.8177973052891441,0.8773363644609112,0.9363774490189553,0.9102527335342583,0.874071906736091,0.8289373948054058,0.7477858116334624,0.8098675521577895,0.8550106138239247,0.9062221847493077,0.8878903919294096,0.9090394990980756,0.9171758313201084,0.8615630021946198,0.6023318560076568,0.9071538023691678,0.914517980736589,0.9192425399928795,0.8850543289523694,0.9314578155561157,0.9037640351845666,0.9141418689523807,0.7846736083410214,0.8748747287561678,0.8978306230404044,0.8685902797056007,0.8125795713386962,0.8701697975472621,0.7894655841946542,0.8353152978553592,0.5036430273830046,0.847797259395128,-0.9257435177980511,0.46013346268160354,-0.6075589012931035,-0.7290121388407872,-0.4690672051673456,-0.0666254898762978,-0.30783465206100563,-0.4960442232383346,0.16179571834908082,0.04987671441588961,0.7981117640648322,-0.9285979432963575,0.07067067223476224,-0.6576452278641535,-0.7040636168155356,-0.5076753968831941,-0.005800441304879003,-0.606300469708881,-0.012900002374843936,0.1874891918144419
0.9291106182884726,0.9650265150194391,0.9602623211261259,0.9493726266286474,0.9104276969219407,0.884275499322963,1.0,0.9367355004554818,0.9577467147948424,0.9505387236918688,0.9327545365491422,0.9022963432945366,0.9046124863692114,0.9206708481858471,0.94596256101862,0.9088122202040211,0.978583731335009,0.8821236895552003,0.7544257890280299,0.9143924191405913,0.922701275845609,0.9303478784716003,0.8828158673341009,0.751505199410582,0.9048017141203966,0.9716386596337695,0.9509133099682411,0.9365809895919809,0.9609104154864931,0.9399858393397521,0.9352052768951687,0.7070184744345447,0.9419027787220056,0.9470258751553701,0.9463360206905737,0.9587199554548059,0.9542020972890549,0.9470459046604748,0.9456628822744165,0.8025877504231027,0.8676189428464669,0.9207506650001135,0.9530451694307716,0.8723672145454608,0.8879655642335272,0.8590677050561768,0.8638231073129881,0.5816870090977448,0.8828914685120235,-0.9628767413012738,0.4489009508642438,-0.677923674188799,-0.7782713338706495,-0.5780571247496049,-0.07385458452846203,-0.4041552610976246,-0.45508336247926795,0.21062604996751152,0.040771563773492295,0.8615630412273726,-0.958628653944276,0.09343401781623126,-0.7098910713214281,-0.7748724263727105,-0.5995445931886731,-0.11992449564506218,-0.5456518716255985,0.08140388437880679,0.1754861896876726
0.9285644730362311,0.958765273440371,0.9370254216709365,0.9232020924862726,0.9081550645289999,0.8918713244780684,0.9367355004554818,1.0,0.9485906064732679,0.957840458426345,0.9637402887668483,0.9398482650372092,0.9236111714068866,0.9603474644007898,0.964896080227464,0.9373193826901339,0.9291129766971902,0.8067714807034823,0.7323102554756272,0.8857665397307349,0.9310742325419549,0.9103290662671066,0.8876866289713591,0.8147928753720426,0.9407294356954277,0.9125206062562805,0.9692762823324913,0.9324886490564396,0.9606364434198913,0.960134727865388,0.9462502544457901,0.7249315640564562,0.9738015907504487,0.9727663046168249,0.9540536526373486,0.9602166348025498,0.9590717238707347,0.9755993709976944,0.9565642941971851,0.8821463385130945,0.8823763816935649,0.9343458644630779,0.934596523195851,0.9125983822721003,0.9150359013411667,0.857805595058722,0.9065520378529206,0.6392229574752263,0.9099333151242734,-0.9664530806092397,0.5133917400733315,-0.6578148680151635,-0.8397332308880137,-0.5450072904821527,-0.10297775344531969,-0.2578973768730157,-0.36869250278568894,0.34832141394777144,0.1838798042157156,0.8234956489009367,-0.969758124747099,0.1713892262221729,-0.7142913953621635,-0.8323227271215425,-0.5943914806424029,-0.09368194666751514,-0.447366946476411,0.2028203744298956,0.28143874923797085
0.9524280171975138,0.9660380016418145,0.9560912631013978,0.9575469548872697,0.9210979114998493,0.905660083367815,0.9577467147948424,0.9485906064732679,1.0,0.9480861046334799,0.9300021253355636,0.9351292111423073,0.9113261208585516,0.9347771479408491,0.9544204972386652,0.9262762846641158,0.9527463752396162,0.8480769176995355,0.7648398002814373,0.9143965604818541,0.9414058668011462,0.9232299425164705,0.8740195055256702,0.7667993729788766,0.9201594720865623,0.9337044527877476,0.9584393449503321,0.9387465541213617,0.9615321549933316,0.9516827717262029,0.9320006060424346,0.6860135910277981,0.9493002394487349,0.9540110230073718,0.9534743965834706,0.9557242158055277,0.9588312379896017,0.9539565618223899,0.9480321586807102,0.8173086356331305,0.8565718521445422,0.9176549534659241,0.9318610800972048,0.8566606453922581,0.8938018225214679,0.836678534554484,0.8830144194089623,0.5856882126529761,0.9057266165736272,-0.9706455945383088,0.4790777606755173,-0.6970417709668194,-0.7935911330847012,-0.5801382993775106,-0.07438444555773362,-0.3855896082003932,-0.4475465276701105,0.23873931697254416,0.06573669676992827,0.8610801462669546,-0.9634640302962331,0.11694949069469698,-0.7314346272471786,-0.7733231502699198,-0.6096491136884054,-0.106584671020549,-0.5393216160992951,0.1000754817922706,0.19965527302660313
0.9221104794994907,0.9572072555284208,0.9348836287411739,0.9258007310349559,0.9170100477999975,0.8900776903338382,0.9505387236918688,0.957840458426345,0.9480861046334799,1.0,0.9451801385352365,0.9140730257414071,0.9169923901470837,0.9375704286441964,0.9414068409047969,0.9093072197855183,0.9485470120192396,0.8239466094153632,0.7187036581770367,0.9082348993467922,0.9327042909836728,0.9215418478220846,0.8828141684123938,0.7986405751192006,0.918067423864484,0.9254756525740901,0.9583280277819219,0.9396015630923934,0.9517658377177008,0.9442465018591193,0.9420306564856052,0.7457337334190933,0.9575240504433088,0.9510622383531179,0.9524494599819067,0.9604547727616326,0.9512560639193635,0.9566049836084926,0.9483404051566512,0.8513062517567054,0.8876854392046793,0.926694069774685,0.9449417408330895,0.9077677295053282,0.9347833929929086,0.8912074741673482,0.876253630461352,0.6378731151582773,0.8933025296652622,-0.957679532441695,0.43837162429246945,-0.6794217038877566,-0.8063466750534379,-0.532930517214016,-0.09037749941743195,-0.316328042960548,-0.3951271660942834,0.28585816462569713,0.09130954882365211,0.823787253805847,-0.9601496782120196,0.11328623899880913,-0.7134362787752317,-0.8001715180343306,-0.5767394915076185,-0.09646808755799466,-0.4806091235091879,0.15804256474871922,0.22464635443690462
0.9163653000222581,0.944551728438652,0.9241316591471611,0.9137135995023042,0.8943669110307904,0.858776904480282,0.9327545365491422,0.9637402887668483,0.9300021253355636,0.9451801385352365,1.0,0.9146830354683441,0.8963165405076439,0.9408463206191161,0.9479986571470045,0.9188576490653654,0.9323024925864954,0.8020089295429025,0.6857309627419831,0.8546678629635478,0.9157887658837494,0.9168264322331912,0.8769113186847606,0.7956694573769172,0.9432127476603389,0.9051573348811095,0.9602689864037899,0.9334461659522796,0.9519644216964028,0.9467733950945445,0.9578429078569132,0.7236748014950051,0.9598901186790122,0.9562238937172487,0.9494634903733793,0.9534112928590769,0.943549489520394,0.9641953015728494,0.9513572430629941,0.8645893167679352,0.8476617635305521,0.9095237254078713,0.9276313249573792,0.8868604691464045,0.9112630391493832,0.8636352370502873,0.9065614076127914,0.6350089078008182,0.890775383474486,-0.9507858915467029,0.46655101395792126,-0.6460847277411502,-0.810763109596539,-0.5525919014848701,-0.0740880467347389,-0.27636954461699376,-0.3449285064009725,0.3318257338789454,0.1855430215465531,0.8176591168963258,-0.9521965884320909,0.15363359938126095,-0.675388135333033,-0.7982908718934445,-0.577491704421928,-0.0988349479051818,-0.41436108829297064,0.19230617751266038,0.2797890040479189
0.9576337213219873,0.9245620459398931,0.9354921931739736,0.9303333021094241,0.9157575112858575,0.8703491758179995,0.9022963432945366,0.9398482650372092,0.9351292111423073,0.9140730257414071,0.9146830354683441,1.0,0.8737713965786346,0.9413725601164352,0.9298316678496357,0.8927968294501162,0.9058813107177467,0.7421343374225974,0.6839561924449714,0.8816080088931817,0.9501524443499693,0.8570622470251474,0.8101144153163227,0.7208081042334704,0.9348842345088882,0.8675699736618987,0.9371719112522804,0.9148015854959007,0.9298860855259266,0.94775307943189,0.8908549586330627,0.6293928824715442,0.9384565809600407,0.9342032315597915,0.9226612940301551,0.9172807291735592,0.9263733315210543,0.9345063886474607,0.9103587789231126,0.7843216755536248,0.7950908027825121,0.8722509294850691,0.8866617648102108,0.8279253234590936,0.880862262688922,0.8102996535287974,0.8565190518791851,0.5006848816068429,0.8889603169623329,-0.942660982168264,0.5117318389869067,-0.6602980098730619,-0.7915013986048994,-0.571027631365277,-0.12041899353096622,-0.34379471210636564,-0.36973922801179937,0.30131664918831474,0.1082345286255862,0.8143304627981579,-0.9309860251762587,0.18223101736570607,-0.700331845766889,-0.7643548221102916,-0.6099773265646823,-0.12061988253407584,-0.4427452923663655,0.14105900828575885,0.24886916126453154
0.8862495342782358,0.9439451069017347,0.9012153484520617,0.9031558233289937,0.8968530450008221,0.931031358502403,0.9046124863692114,0.9236111714068866,0.9113261208585516,0.9169923901470837,0.8963165405076439,0.8737713965786346,1.0,0.9153399398840247,0.9338766772317312,0.9402510620667957,0.878285849011292,0.8347650525975738,0.8511760665122852,0.919166477836665,0.9107780180510376,0.9130661486808639,0.8893305523856007,0.7913595068169882,0.8392520318123144,0.8823603580173118,0.9259974551027909,0.8722132594092273,0.9118465231612284,0.9291965153689701,0.8948217475667036,0.6482020747250289,0.9333365300934016,0.9406017887037388,0.9260946419455466,0.9171652564875216,0.9439877922817371,0.9358486074722789,0.9368261034083962,0.852855235000973,0.8889139524601591,0.9260618418878094,0.8999214312999173,0.8617423118857529,0.8888078634098228,0.842787833494953,0.865025584146339,0.59091574277401,0.8700984716005006,-0.9320424457565235,0.46824169456469694,-0.6045689084806183,-0.7965146603372367,-0.44757117029726,-0.07661589989203306,-0.21252974558110066,-0.4232943562011287,0.26193983680221716,0.13765941965079506,0.7920452432849602,-0.943523481859541,0.08200030835206712,-0.6529953581062297,-0.7825010761917679,-0.5034148530849523,-0.032319763674445806,-0.5301030360960872,0.09295945422174609,0.23358608634601818
0.9309552614092711,0.9480892518822522,0.9260452511364365,0.9165829054048386,0.9078248275242284,0.8865524728057174,0.9206708481858471,0.9603474644007898,0.9347771479408491,0.9375704286441964,0.9408463206191161,0.9413725601164352,0.9153399398840247,1.0,0.9561596040697257,0.9258130469738601,0.9156215011213013,0.7892775205764769,0.7216583147301106,0.8829863997201115,0.9344901035063422,0.9024005277680994,0.8879577779148757,0.777270689752699,0.9210685126295627,0.8881831037631235,0.9572412273844306,0.9155371590110364,0.9388346492045219,0.9593307655852703,0.9259686288989979,0.6951794790487805,0.9598072829462805,0.9660792740104793,0.9390491193872099,0.9498547352205998,0.946693971531239,0.9664236920612842,0.9486814738305287,0.8623860370988143,0.8465770396367857,0.9078301111312952,0.9158088779545231,0.8628880113779251,0.9006135623334074,0.8491412533310925,0.8769299164159192,0.595689868436848,0.8972381640173024,-0.9503357563525355,0.4901923399881994,-0.6217968926365327,-0.8097693490063187,-0.5106014612376713,-0.06887558133996112,-0.25007006300141443,-0.3360906800957313,0.3613972723239384,0.17621350563714624,0.785563386213552,-0.9564543991497311,0.1349164278909303,-0.6838473716652048,-0.7984769912905473,-0.5751259277213292,-0.06416441495587444,-0.43336321669248457,0.1711396697465364,0.25056371074532163
0.9436013955573926,0.9708784159631629,0.9489533919076069,0.9448399031976403,0.9075756864076705,0.9117736202349279,0.94596256101862,0.964896080227464,0.9544204972386652,0.9414068409047969,0.9479986571470045,0.9298316678496357,0.9338766772317312,0.9561596040697257,1.0,0.9464317760138587,0.936203430506407,0.8573856398673494,0.7916063076549762,0.9061557988018829,0.9321646051327676,0.9204207805319827,0.9051410943456972,0.7874015564973785,0.922122543618693,0.9228553098124294,0.9709246531742012,0.9279743583601155,0.9634415570308595,0.9656022851332676,0.9388634345001053,0.6802647747506649,0.9651376487483649,0.9771359118729901,0.9560042637922298,0.9576976868139293,0.9670216629878341,0.9733130608972256,0.9601373765337987,0.855619645523321,0.8695349227757537,0.9301406210862705,0.9295967454574715,0.8734155557138391,0.8945415573703537,0.8527922137081446,0.8941901324617529,0.6023080106752351,0.904149523648144,-0.9731029265533205,0.5067764223365535,-0.6649678060014521,-0.8189166340100344,-0.557010101293433,-0.07610418959508666,-0.29344973153749027,-0.4193900372335364,0.2752292495053782,0.13874358218992044,0.8283876868429424,-0.9754971517349871,0.13396255198873697,-0.7208343855268216,-0.8057313940390721,-0.6099344106194095,-0.09631509897540069,-0.5105714208033643,0.11021555212048541,0.23427888696673876
0.9059610357620789,0.9445429533056804,0.9086209090240924,0.9179802017497358,0.8872405314587583,0.9032079432285075,0.9088122202040211,0.9373193826901339,0.9262762846641158,0.9093072197855183,0.9188576490653654,0.8927968294501162,0.9402510620667957,0.9258130469738601,0.9464317760138587,1.0,0.8943817853142043,0.8607373217782832,0.8234823075580011,0.8796015463832101,0.9022947888769653,0.9345149868661032,0.9074632609701719,0.7873060706983154,0.8811212906500058,0.8824861140909182,0.9384854701280144,0.8805732211220689,0.9286198098366352,0.9356251925021577,0.924692069426424,0.6406472608424708,0.9358118126721486,0.9510362394409438,0.9390138803434912,0.9315736352338526,0.9500285857974196,0.9492052430612186,0.9415280691095145,0.8731806005693564,0.8356296898385317,0.901523404346421,0.8916515507023812,0.8342295877899564,0.8797428725591843,0.8121450935862901,0.8927304255174962,0.6321125412568505,0.8959899809086732,-0.9482643592651779,0.49779288656247134,-0.628388194480159,-0.8302677865667213,-0.5663842033998799,-0.06919555749915493,-0.2350836555545377,-0.4078027470797452,0.27389558143718296,0.144907522085374,0.8098369573601853,-0.9492901777125474,0.10199291682514099,-0.6789637922402311,-0.8073432257276247,-0.5937864600274309,-0.0410226479699275,-0.49872922641285755,0.13964824563754186,0.24096695819689215
0.9291120433466543,0.9552960045403313,0.9497602645325588,0.9448411911475735,0.9035077182808979,0.859439758684601,0.978583731335009,0.9291129766971902,0.9527463752396162,0.9485470120192396,0.9323024925864954,0.9058813107177467,0.878285849011292,0.9156215011213013,0.936203430506407,0.8943817853142043,1.0,0.8706817839027973,0.7146037979223628,0.8953229149199785,0.9202933494681422,0.9227438172492205,0.8769462443323613,0.7281374369334602,0.9116415235673552,0.9630202312935515,0.9462925899648731,0.9354806075358062,0.953728801929117,0.9339726517362659,0.93461544848434,0.7140201165206393,0.9333903795010067,0.9388170253893698,0.9410690860093567,0.9560719438536289,0.9451085806213236,0.9393450550794057,0.9345492426867762,0.7849726596728197,0.8366254120613051,0.9062035223487448,0.9505598062197224,0.8616996024860053,0.8848111092799634,0.8544282115756276,0.8594042017122597,0.5721492579472729,0.8801760859858319,-0.9567496927901109,0.42650728211419736,-0.6945588338229488,-0.7824135948160378,-0.5989764277549481,-0.06885935965891242,-0.41553752446822045,-0.43409256094346316,0.21933002346577193,0.02427800568567357,0.853638579625222,-0.9480585331567386,0.08910854101926581,-0.7180160378499904,-0.775946163654228,-0.6247914374898369,-0.1314638632957688,-0.5214557256279209,0.09091628861228956,0.16383784738884444
0.8154219461564439,0.8767261528402808,0.8640239151302106,0.8691546429678995,0.766987822574212,0.8177973052891441,0.8821236895552003,0.8067714807034823,0.8480769176995355,0.8239466094153632,0.8020089295429025,0.7421343374225974,0.8347650525975738,0.7892775205764769,0.8573856398673494,0.8607373217782832,0.8706817839027973,1.0,0.8533900023306827,0.8161131067942339,0.7949863921175739,0.8875987089222676,0.8890528944557924,0.6543203592993702,0.7586219260044632,0.8903036032154635,0.8405644460670566,0.8095295645986348,0.8578334666779721,0.8270160595778888,0.840491040264266,0.5413997541788077,0.8176303118634342,0.8447708805811472,0.85000638907338,0.8512502805383132,0.8696611859101583,0.8359301144234327,0.8551241864665612,0.7054438499459803,0.781155918878273,0.8378950184401466,0.8375070104860467,0.7329482547247482,0.7493191345390094,0.7279936150913282,0.7918037896789404,0.5579642065707874,0.7821704910191002,-0.8696771008929962,0.4010812496197379,-0.6430945149921861,-0.7245957747760662,-0.5817831833091417,-0.02858036179363311,-0.39948403570882096,-0.5438081649001908,0.08154062343778512,-0.037370538241620524,0.8064273392435534,-0.8675922794391299,0.00040976074017539125,-0.6573939348912651,-0.7212924254514541,-0.5810465677573267,-0.07265686272250915,-0.6336904279836129,-0.06963588227527227,0.07154628783547098
0.7590730296089689,0.8174363218252698,0.7775370957083259,0.8041220371705312,0.7319981578751806,0.8773363644609112,0.7544257890280299,0.7323102554756272,0.7648398002814373,0.7187036581770367,0.6857309627419831,0.6839561924449714,0.8511760665122852,0.7216583147301106,0.7916063076549762,0.8234823075580011,0.7146037979223628,0.8533900023306827,1.0,0.8306128883629078,0.7581908947300786,0.781624540146546,0.769338482103506,0.6351618011772856,0.6208890153076133,0.7510409533943723,0.7578050788817086,0.7208477418269741,0.7721045849119477,0.7780346995412769,0.7225085029142709,0.4156229544449731,0.7448248540998881,0.7801027887468266,0.7770582702997315,0.7379544092465521,0.8122214440281337,0.7590680034563677,0.7788764091891147,0.6505588063638055,0.7726745545008383,0.7941187159749457,0.719716755085308,0.6645772538825544,0.6859535026212092,0.622819181681158,0.7202836172411725,0.4301110520290405,0.7276013411189818,-0.7965838581726701,0.4423620112477165,-0.5243375772126087,-0.6498393162115218,-0.4350092445232336,-0.047506022564906214,-0.26631066227798594,-0.5601959073056221,0.04193244927709177,0.0005072427692205222,0.7184270384713146,-0.8010045410946616,0.029478787588051916,-0.5684738552048014,-0.6126485466679883,-0.4436058286199355,0.024059758084195845,-0.6719620653362137,-0.1325983384605109,0.12312188926020871
0.911743208305385,0.9350828766242986,0.9173769704634664,0.9292722268987647,0.9178630554964976,0.9363774490189553,0.9143924191405913,0.8857665397307349,0.9143965604818541,0.9082348993467922,0.8546678629635478,0.8816080088931817,0.919166477836665,0.8829863997201115,0.9061557988018829,0.8796015463832101,0.8953229149199785,0.8161131067942339,0.8306128883629078,1.0,0.9268035509244326,0.8870011316573915,0.8102941926381728,0.7431004482879884,0.8069706194655747,0.8838776084485518,0.9043996146850048,0.8994153091456923,0.910294916434786,0.9206568778216809,0.8718799940437094,0.6596183695099211,0.8968781481197478,0.9064263028513582,0.9114723939058283,0.8955760286009018,0.923198034489588,0.9002164754170294,0.9049715539565879,0.7683202910335017,0.8683181306772342,0.8787095301212116,0.8805503644956046,0.8330931201765176,0.8756761869251761,0.8277856002329929,0.7957752065560451,0.517754598886699,0.8531695056942167,-0.9254501978397767,0.43102593542583567,-0.62914197359245,-0.7205294296995424,-0.47878577473766987,-0.10643339071152859,-0.3471290431918913,-0.4923940719247536,0.13351120468277058,-0.020430237843232484,0.8288983320001566,-0.9259629629605755,0.07148180843091133,-0.6808165670689708,-0.7141615612756241,-0.5233600145478523,-0.04840672647251995,-0.6161162806591951,-0.0003259912128503789,0.1647562096795394
0.9509782930920812,0.9449525139510184,0.941028713831017,0.9457947786949491,0.9337117248944408,0.9102527335342583,0.922701275845609,0.9310742325419549,0.9414058668011462,0.9327042909836728,0.9157887658837494,0.9501524443499693,0.9107780180510376,0.9344901035063422,0.9321646051327676,0.9022947888769653,0.9202933494681422,0.7949863921175739,0.7581908947300786,0.9268035509244326,1.0,0.894902667815438,0.8348234284183023,0.7309276543695277,0.8985090759252798,0.8874208561569319,0.9430590110007899,0.9282379185150039,0.9364213796225679,0.9516737542392123,0.919099595949106,0.6440480681578368,0.9384893590576087,0.9360389171777903,0.9396118984043857,0.9246798721598344,0.9412795225658339,0.935829673803768,0.9252615572346561,0.7823544425640313,0.8447361816442449,0.9001777033523809,0.9055705584527145,0.837110519171145,0.900008215821929,0.8320742411438653,0.8548689780285778,0.5273326053276536,0.873752672210338,-0.9513358082147045,0.4748569348481476,-0.6673703075149338,-0.7745779198784879,-0.5377957702076078,-0.07154267464627512,-0.35092786208884064,-0.4304566386519759,0.23756385685887407,0.05329226446063363,0.8388561114938619,-0.946591521754749,0.11921764115839978,-0.7070596795096027,-0.757183969881184,-0.5785742573000495,-0.09620598061422744,-0.534066168835481,0.08243367712371522,0.22576636006394415
0.8896826583053458,0.9384252599961871,0.9043482450763248,0.9128633826040083,0.8874898823406752,0.874071906736091,0.9303478784716003,0.9103290662671066,0.9232299425164705,0.9215418478220846,0.9168264322331912,0.8570622470251474,0.9130661486808639,0.9024005277680994,0.9204207805319827,0.9345149868661032,0.9227438172492205,0.8875987089222676,0.781624540146546,0.8870011316573915,0.894902667815438,1.0,0.9135923408816303,0.8188711579000597,0.861391316905618,0.9071094423346256,0.9262506345780088,0.8958537460303319,0.9232650522739277,0.9172686036380544,0.9476672856398888,0.7277144897020306,0.9142509850129765,0.9295730500948208,0.9383280853887317,0.9445775653251884,0.9366960650573336,0.9331255234922804,0.9453231372534983,0.8672876534998201,0.8411603529081485,0.8984025174767676,0.8999548315793839,0.821655693812636,0.8846699023972755,0.828718248350458,0.8916450621925983,0.6805358542407566,0.8705252895087301,-0.9352519863714833,0.4165574754241321,-0.6352096435793113,-0.7764010538353574,-0.5206637668113422,-0.03448064402893391,-0.2782523145106314,-0.4537208994160765,0.22491274589067656,0.036943769165378115,0.8188986709615762,-0.9398733331606614,0.03252503344949115,-0.653261492077242,-0.7634502051494596,-0.5432145614052575,-0.05763742249741546,-0.5364450083832638,0.08589411383111356,0.15813143562394874
0.8321928026230183,0.8991418835919391,0.8528500883839367,0.8436580731891435,0.8083246269794225,0.8289373948054058,0.8828158673341009,0.8876866289713591,0.8740195055256702,0.8828141684123938,0.8769113186847606,0.8101144153163227,0.8893305523856007,0.8879577779148757,0.9051410943456972,0.9074632609701719,0.8769462443323613,0.8890528944557924,0.769338482103506,0.8102941926381728,0.8348234284183023,0.9135923408816303,1.0,0.7531497749158368,0.8321211192743543,0.8731675764422178,0.8857865231003192,0.8234041136715956,0.870474927130996,0.8725329315775331,0.8795412716147613,0.6567612687288455,0.8899693026481479,0.9087947669048762,0.8819053931723614,0.9089948353476229,0.9023977870504367,0.9040789843881359,0.9127179058815603,0.8477550368098911,0.8286634832276157,0.9045734050988531,0.8798373010775365,0.8083770190387903,0.8218209488642664,0.8012725144719534,0.8422240051718782,0.6925613387194862,0.8299105425028396,-0.8905783530485282,0.41748467790406574,-0.6254056257537699,-0.7902850015264955,-0.4658166160897564,0.00977258248187542,-0.20557394596057074,-0.3721792549126086,0.32753470918998034,0.13023819044884916,0.7467447591064317,-0.9029506209863041,0.009876020157514098,-0.6529406787257368,-0.7777091889688099,-0.5074394971468267,-0.06116112266355637,-0.4646199818886295,0.13643977063882404,0.167806818559789
0.7254581073836819,0.795380145708595,0.7314902576289923,0.7227574428857735,0.7284360022491386,0.7477858116334624,0.751505199410582,0.8147928753720426,0.7667993729788766,0.7986405751192006,0.7956694573769172,0.7208081042334704,0.7913595068169882,0.777270689752699,0.7874015564973785,0.7873060706983154,0.7281374369334602,0.6543203592993702,0.6351618011772856,0.7431004482879884,0.7309276543695277,0.8188711579000597,0.7531497749158368,1.0,0.735921851882462,0.7329679890526116,0.7915094459930978,0.7716974419872752,0.7923571789502715,0.7885126598236442,0.8139497361202592,0.7898038296967357,0.7969499475248477,0.8084976796996985,0.8028861884722565,0.819199052768549,0.7879727779018875,0.8097193628080378,0.8162188106079871,0.8947968924008217,0.8056737359387667,0.8177386911466318,0.774681767502811,0.7904577121639113,0.7688254778773275,0.7120729880439824,0.8240161220085302,0.7823843812913851,0.7597005446376459,-0.7827694980134622,0.3947766801202368,-0.5030182207706808,-0.6711064426693294,-0.2887527260151625,-0.08194943839344021,-0.04928541271575529,-0.354978139637401,0.2761477589942932,0.15156409092548276,0.6689884607747212,-0.8118944044493943,0.0266591680481373,-0.5569187237353754,-0.6761013548866253,-0.3556696248197446,-0.05717934617510298,-0.4181937363795672,0.1934699233273895,0.2803528832487134
0.9262693511612405,0.9098667743963259,0.9119741048851334,0.8959976379237679,0.8588848748551321,0.8098675521577895,0.9048017141203966,0.9407294356954277,0.9201594720865623,0.918067423864484,0.9432127476603389,0.9348842345088882,0.8392520318123144,0.9210685126295627,0.922122543618693,0.8811212906500058,0.9116415235673552,0.7586219260044632,0.6208890153076133,0.8069706194655747,0.8985090759252798,0.861391316905618,0.8321211192743543,0.735921851882462,1.0,0.8721896551648648,0.9415688096956093,0.9181427407465733,0.9320832510847935,0.9244370133499913,0.9149456858824492,0.6590630082479632,0.9403010137659299,0.9223156149736899,0.9180825313357454,0.9247308378219686,0.9127410464599301,0.9321374514501547,0.909201503311178,0.7968313915463598,0.7853697890455555,0.8715603971584361,0.9005741277545947,0.8441400787939914,0.8800886648417575,0.8275195671865927,0.8887147503279003,0.5712423289939557,0.8720223518265203,-0.9288490209924617,0.45464285948566796,-0.6622540649341375,-0.7976119604987337,-0.5886426162548585,-0.10372995627668317,-0.337323730206068,-0.32741400389493514,0.33749076257487715,0.17072694093366345,0.7957697058324551,-0.9184802011430455,0.15874215269533662,-0.6804785745387626,-0.7789985582864642,-0.6109005607465532,-0.12429389224374478,-0.37468343546200555,0.2021758929103016,0.2704424247041262
0.892359070381522,0.945069228009819,0.9436222839074906,0.9286416452282338,0.8778819903004291,0.8550106138239247,0.9716386596337695,0.9125206062562805,0.9337044527877476,0.9254756525740901,0.9051573348811095,0.8675699736618987,0.8823603580173118,0.8881831037631235,0.9228553098124294,0.8824861140909182,0.9630202312935515,0.8903036032154635,0.7510409533943723,0.8838776084485518,0.8874208561569319,0.9071094423346256,0.8731675764422178,0.7329679890526116,0.8721896551648648,1.0,0.922307274191033,0.9069127837884178,0.9409615309468888,0.9170488417297011,0.909542414065732,0.6879148647846254,0.9125712879617721,0.9243183005353994,0.919367369925941,0.9386225508679763,0.9328716663810288,0.9209079856396206,0.9199829871188343,0.777963446537008,0.8568036645281992,0.9150668288066814,0.9481028711764566,0.8658301518013894,0.8483184422323992,0.8287880159553357,0.8414024831404022,0.5642232851674096,0.863323446394474,-0.9406369543902489,0.458929354350351,-0.6703100781365077,-0.7713272564936752,-0.5742997065239738,-0.06992575685258597,-0.40493303358337845,-0.4637006514364117,0.19051475658206246,0.01753418252239277,0.8503485623325513,-0.9352338991933383,0.09706663151500519,-0.7007643356429829,-0.7709882671817972,-0.5962110075222424,-0.14874208040256556,-0.544325462720518,0.057699142950868754,0.15608360898526305
0.9460426371180579,0.9723492067787185,0.9489675010743134,0.9481184588797904,0.9195837985975139,0.9062221847493077,0.9509133099682411,0.9692762823324913,0.9584393449503321,0.9583280277819219,0.9602689864037899,0.9371719112522804,0.9259974551027909,0.9572412273844306,0.9709246531742012,0.9384854701280144,0.9462925899648731,0.8405644460670566,0.7578050788817086,0.9043996146850048,0.9430590110007899,0.9262506345780088,0.8857865231003192,0.7915094459930978,0.9415688096956093,0.922307274191033,1.0,0.9474203047268301,0.9702905464967989,0.96978507093077,0.9555344565752152,0.7067224008537655,0.9775420367985667,0.9746736164930223,0.9712229590599616,0.9649062488313048,0.9693185688699809,0.9742646510601585,0.966140509430142,0.8562373982581577,0.8651188543586814,0.9234312663665709,0.9354745584683473,0.8810489221806427,0.9238275155040729,0.8692464013318645,0.9060969006865636,0.6091352306424118,0.9093113166051138,-0.9767828125664602,0.452026330252931,-0.6707437187803943,-0.820248934727694,-0.5688011834215262,-0.08560185058151176,-0.3134637041793503,-0.4159554849723999,0.27345845096790306,0.13921076328160198,0.8307992854854391,-0.9769071313984217,0.11293531589476523,-0.7097812192440854,-0.8051257095061237,-0.6078064700915821,-0.07641970081795557,-0.49665761921280016,0.126918999165838,0.23194073728147366
0.9490924064708547,0.9484624717317306,0.9452338516019954,0.9392143148121416,0.9006375345022399,0.8878903919294096,0.9365809895919809,0.9324886490564396,0.9387465541213617,0.9396015630923934,0.9334461659522796,0.9148015854959007,0.8722132594092273,0.9155371590110364,0.9279743583601155,0.8805732211220689,0.9354806075358062,0.8095295645986348,0.7208477418269741,0.8994153091456923,0.9282379185150039,0.8958537460303319,0.8234041136715956,0.7716974419872752,0.9181427407465733,0.9069127837884178,0.9474203047268301,1.0,0.9608321319648205,0.9429195164093118,0.9342410961705385,0.7081706674313694,0.9343551439946485,0.9315730793554778,0.9455790394768105,0.9346910153978624,0.9323667756998401,0.9353302710243173,0.9247888690113351,0.7847913761961524,0.8745943028881914,0.8955344863585017,0.920172782921798,0.8713263977528026,0.9106901460537434,0.8413214250844259,0.8822348129428539,0.5610703103149339,0.8815986975947985,-0.9502444859445055,0.4499201247655615,-0.6717618288140763,-0.7501913637925225,-0.5526699743446445,-0.10735176540361446,-0.38704262030168396,-0.43829015042744524,0.2340159704063524,0.07178776244167666,0.8572142261471345,-0.94269022690143,0.1357736933769203,-0.689245293523204,-0.7307385195650321,-0.5654243792472554,-0.10966473197519123,-0.5094770794610596,0.08312482367484388,0.25218467422376944
0.9544552982918822,0.9749951523196314,0.9675776895579911,0.9620455085808124,0.9148318626203826,0.9090394990980756,0.9609104154864931,0.9606364434198913,0.9615321549933316,0.9517658377177008,0.9519644216964028,0.9298860855259266,0.9118465231612284,0.9388346492045219,0.9634415570308595,0.9286198098366352,0.953728801929117,0.8578334666779721,0.7721045849119477,0.910294916434786,0.9364213796225679,0.9232650522739277,0.870474927130996,0.7923571789502715,0.9320832510847935,0.9409615309468888,0.9702905464967989,0.9608321319648205,1.0,0.9665297594117134,0.9544007366789453,0.7013244827456406,0.9581859887946781,0.965016293384675,0.9635632548179465,0.9653295662378489,0.9658039828082852,0.9653381936297845,0.9560190374820178,0.8327087784529016,0.8788600597178781,0.9217397000881519,0.9417599750860943,0.8872471930849184,0.9024228638812656,0.8477189735117044,0.9079475844230714,0.5949031800463838,0.9094559912777299,-0.977966646855848,0.5008888963678241,-0.6725175111238638,-0.7954483191786178,-0.5823166819123,-0.09764565758860348,-0.35921255880610425,-0.4648417275055544,0.2280489248860462,0.09323838486097909,0.8767530444689948,-0.973173013995759,0.13866804645552935,-0.7134932090338496,-0.7855247576044607,-0.6044203309130162,-0.11536397268443131,-0.5382620343582901,0.0913869056919728,0.2415102345670023
0.9551668756939249,0.9705430984080267,0.9528092512375331,0.9532948242024898,0.9240479821386157,0.9171758313201084,0.9399858393397521,0.960134727865388,0.9516827717262029,0.9442465018591193,0.9467733950945445,0.94775307943189,0.9291965153689701,0.9593307655852703,0.9656022851332676,0.9356251925021577,0.9339726517362659,0.8270160595778888,0.7780346995412769,0.9206568778216809,0.9516737542392123,0.9172686036380544,0.8725329315775331,0.7885126598236442,0.9244370133499913,0.9170488417297011,0.96978507093077,0.9429195164093118,0.9665297594117134,1.0,0.9438464967140725,0.6881849953189825,0.9617510865867447,0.970302665251605,0.9607096205818904,0.9589305065602627,0.9661726993227686,0.967637690854978,0.9599970592798714,0.8486931178215441,0.8619509084069243,0.9196660563311402,0.9318529594903058,0.8690897476329467,0.9028003361394948,0.8507788195400418,0.8942354954139485,0.5703772367563177,0.9124398616251568,-0.9714124728041098,0.4857504063050355,-0.6298612040871254,-0.7983007881026808,-0.5349892000420092,-0.10026982951028092,-0.3053726958827482,-0.4160299425264938,0.24785719185963834,0.11949547924886504,0.8391800747104774,-0.9725000809583361,0.13460021716381518,-0.6883861676508384,-0.7883496248865282,-0.5862663063763632,-0.06862186892196073,-0.51860156733096,0.08549800343328755,0.2403451612150745
