0,1,2,3,4,5,6,7,8,9,10,11,12,13,14,15,16,17,18,19,20,21,22,23,24,25,26,27,28,29,30,31,32,33,34,35,36,37,38,39,40,41,42,43,44,45,46,47,48,49,50,51,52,53,54,55,56,57,58,59,60,61,62,63,64,65,66,67,68
1.0,0.8937480220575769,0.9061619554990535,0.9073698733104945,0.8998411892896817,0.8365270317913983,0.8363993212808507,0.8586770929075692,0.8447487599222819,0.8234373738180982,0.7976334580658498,0.8802973972059944,0.8343544598903272,0.8451378078182018,0.8116880228799433,0.7220836389722178,0.7864556026565113,0.6044677385849115,0.5053595272723685,0.6514089530033256,0.6797505655067337,0.3755334875089276,0.5412723418809336,0.4983437086876003,0.6920361585659496,0.7787240094424684,0.8340844548958251,0.877750910585552,0.8870695565408744,0.8039645266629674,0.7051536618291643,0.4626669271829073,0.871720592070714,0.8305931652720736,0.824642344313709,0.7551194462058736,0.8761602763391894,0.8650251229526053,0.7988384116177947,0.5394422164686076,0.6639417179934286,0.843359400827657,0.7648770714348113,0.6321321727915327,0.8101156465213583,0.3915117973379526,0.763229377125233,0.26785720395709683,0.48151709734947584,-0.8956457290312964,0.3467653133315657,-0.49807341026748014,-0.49644675394825327,-0.26437416195300767,-0.2205664014769806,-0.3891320565549465,-0.19593499949188312,-0.18005500426101134,0.2342411129161182,0.8070731567814412,-0.8557022717916766,0.05295708304654776,-0.6194674996284183,-0.5319641079197076,-0.3196266279573287,-0.20278011914228714,-0.23991274416462874,-0.22865578330952527,0.17950392362273615
0.8937480220575769,1.0,0.9475473648537047,0.9282656525061481,0.8473074786916035,0.8066188845410649,0.9516397465946066,0.9525509188363268,0.8685519042227693,0.8837348873688818,0.9051354126709679,0.7962268297874541,0.8970142319039363,0.9114331445120393,0.9180265817296989,0.8327093236141929,0.9330684117777802,0.8029582879279438,0.6783348039758093,0.7961013398621495,0.6691011770134816,0.658018899287702,0.6982561678323246,0.7041250742452063,0.8038404562090178,0.9154069165885127,0.9420262563108655,0.8750018849061947,0.9679087887736911,0.9167207219241816,0.8328307090508247,0.7019182941905043,0.9505182891868988,0.9443044227648596,0.9306775576928407,0.9054678467675069,0.9402044361714411,0.9492483564228098,0.9325705017406348,0.6157419265956984,0.7451201429897653,0.940516856788669,0.8952164971422266,0.6568735468083514,0.8319300855177957,0.3928568701098678,0.8681365766745136,0.48074231170327786,0.6854340083457562,-0.9740663062267176,0.331882673532647,-0.42053534613610344,-0.6035477399366117,-0.20027516663695477,-0.10851336534939744,-0.28019678294350037,-0.14680247798092122,-0.1812769342359475,0.19847404623409454,0.8001188179144254,-0.9572392115237759,0.0459107222898417,-0.5273054318454758,-0.5473556589995767,-0.3716921777318503,-0.15951218435158107,-0.27032449679957693,-0.290708870519568,0.1061768560310678
0.9061619554990535,0.9475473648537047,1.0,0.9545927724706592,0.851592336035868,0.8065281036738269,0.9476269230560058,0.932445220077718,0.8472365000587002,0.8481114938774942,0.8891951656275924,0.8381646725019672,0.9004201125717827,0.9127104974627361,0.910900378847726,0.7990500725072408,0.92157786147258,0.8105356837752329,0.6056309946951809,0.761160306411156,0.7097795929845511,0.6166136904924588,0.6107798654538066,0.6681964215559868,0.8036693855610684,0.9105517595008156,0.9279908175312084,0.8631236978731961,0.9477725993076613,0.9079544552861416,0.8425263121064158,0.6672717546512936,0.9286891992514108,0.9324528097540219,0.9061055245131062,0.8584866949802508,0.913628060370148,0.933660149907512,0.8951327327927483,0.5661030692940664,0.6642217392153414,0.8801870690316385,0.8550016611146978,0.6006564761915993,0.8131333773224232,0.32507904058886156,0.8467172359760945,0.3991564336800685,0.6944099698244273,-0.951655192417164,0.3332561534078378,-0.44708315183088226,-0.5761702245879019,-0.23655601308420207,-0.15435363974476812,-0.33587723768285066,-0.17818884535448998,-0.25440412089683745,0.1682732626865743,0.8032436957559775,-0.9532419631763174,0.05014519554465886,-0.5806273608700403,-0.5273990411501409,-0.4240807081411541,-0.17484973444860766,-0.301583855975928,-0.36115962060493395,0.096998371036343
0.9073698733104945,0.9282656525061481,0.9545927724706592,1.0,0.8540216320078472,0.8358061602790671,0.9181988777787266,0.9051013660346298,0.8464341755696853,0.8559055765809682,0.8563655544714516,0.824886051795092,0.8839032424643319,0.8740922950212733,0.8858144393389975,0.8036228924487584,0.8826337231228468,0.7960096715347188,0.6133303368489484,0.772040377480882,0.7133375580349498,0.5952121854987357,0.6181320256706017,0.649339062733526,0.7575349517432086,0.8883686575873563,0.9001290486787337,0.8186829919860105,0.9162358408650045,0.8669172021157584,0.8249379513253247,0.6263554331859615,0.893087277799135,0.900485886078726,0.8846329744585634,0.8367704121193263,0.903837049794963,0.9109624402973285,0.8763518073623343,0.5842678075428048,0.6460602372094457,0.8622621459506428,0.8253434684535416,0.6217690792045483,0.8093179626036948,0.37406715008828867,0.8147354129372559,0.3934753978057278,0.6520107631220009,-0.9391634273488276,0.3379508858267734,-0.4488658043206202,-0.5666202707992332,-0.2897635220917394,-0.15977365083183892,-0.32464386180840665,-0.18109426385241162,-0.27184940251608414,0.17303177535194553,0.7865930483841818,-0.9256807909531278,0.05658269202467369,-0.5627464982675695,-0.5182377933200594,-0.42067309444788253,-0.20590179188415964,-0.2963165880122282,-0.3767701356881971,0.09718079214382293
0.8998411892896817,0.8473074786916035,0.851592336035868,0.8540216320078472,1.0,0.8946524147082484,0.8036686252013209,0.820143696997676,0.7949604078142137,0.8514942950481282,0.746800565764961,0.8308479635809098,0.7866231235936628,0.8138118263944281,0.7464717988959316,0.6677100133716203,0.7512034552541308,0.5930391976283136,0.5126591392212988,0.6850625594087967,0.6531573778118931,0.3594836067067683,0.5367902347456611,0.5136992218836813,0.6508651212841727,0.7816541017018077,0.7784059160115069,0.7883060890711328,0.8219378000143077,0.7450003190092037,0.633278300708836,0.46374793452702084,0.8334370243294444,0.79193751900728,0.7572426773651401,0.7080700873932938,0.8066825125403195,0.7999489983779074,0.7354769417095808,0.507331822712465,0.6307618081453781,0.8026067349023424,0.7541614784713159,0.5979371318986082,0.7708200011148063,0.3956126673788198,0.6901051742841714,0.27503336065727296,0.47139090507819564,-0.8358225951264542,0.3993477432480804,-0.3726792339572012,-0.4085254367219375,-0.2186478867065206,-0.16971022994139862,-0.2879826230707437,-0.21096256651704376,-0.13583153628861624,0.21806459785142512,0.757584809386349,-0.8189843473786333,0.10434687451957528,-0.5256861639480095,-0.4207727990565623,-0.3029768250018453,-0.15519222253386236,-0.2740276966374909,-0.22163740871158427,0.16180402726291176
0.8365270317913983,0.8066188845410649,0.8065281036738269,0.8358061602790671,0.8946524147082484,1.0,0.7589423481509765,0.754003375743306,0.7415231794261146,0.8224419872351318,0.657715682509325,0.7604930084266723,0.7002112144710869,0.7645539301889059,0.7050573397208014,0.6091871966114482,0.6971044920355907,0.6011274573484223,0.5980243422929534,0.7755182456485789,0.5883467931725189,0.32987686640022973,0.5762950400392434,0.5043870497978324,0.5341491131639012,0.7664070627325694,0.7190771675080779,0.7203374124012819,0.7724436913706257,0.6718021702005901,0.568690236238838,0.43358021592047163,0.7597031036586741,0.7420133313614574,0.6806000007435158,0.6566080792624589,0.7723350950290889,0.7411562111266662,0.6975843532198989,0.5001614264247084,0.6781468312167515,0.7683487744068204,0.7068778611364871,0.589408537869388,0.7250629602517988,0.40391453668837124,0.5931715722184837,0.26800881029687734,0.476680754357364,-0.8038930911464448,0.35534306598900495,-0.391483478956462,-0.3948787607878436,-0.2332566575004372,-0.14102848437380894,-0.26313516748190874,-0.29157274611547646,-0.20879416978122783,0.21420703722500484,0.687690554476421,-0.7672919344641941,0.0905371145920159,-0.4872606664773176,-0.3644296437567648,-0.293960862896376,-0.1629827394770563,-0.3397704608380813,-0.2834351925474219,0.16632693595886577
0.8363993212808507,0.9516397465946066,0.9476269230560058,0.9181988777787266,0.8036686252013209,0.7589423481509765,1.0,0.9496605534544907,0.8494945481220808,0.8610110019973934,0.908635380300276,0.765811614637195,0.8910867882417648,0.9036491851235429,0.9298642712520346,0.8167374995860124,0.9674365326909291,0.8755712055959625,0.6369428621441511,0.7994794914387283,0.6737101549933651,0.7373613383168522,0.6892368551332817,0.7541212810696417,0.8423621603538752,0.9515468741144147,0.943817157452597,0.8162747219374605,0.949520888668381,0.9314326442485937,0.8715141503932956,0.7779116372151653,0.9339717840999707,0.9535521495456502,0.919778600217716,0.9051480532622402,0.8988582974800035,0.9393580975088357,0.9333287246928159,0.5977700934965836,0.6612793812702376,0.9055692379243254,0.9049772041923713,0.6021257501020135,0.8119809732942237,0.353124630608737,0.8616748812123903,0.5242844003125534,0.7766711102645254,-0.9509166395700803,0.3247799689566035,-0.3667166269348468,-0.6052990680447754,-0.1770479535456896,-0.09456542888677852,-0.24862200155591258,-0.12007734265774012,-0.18432125937877225,0.13961437763794954,0.7662185827543779,-0.965118225031111,0.0790900703581265,-0.48351547251526295,-0.5267818387531052,-0.40913146716925514,-0.13190718285792738,-0.2854200282375458,-0.3282879961905415,0.05592703138329701
0.8586770929075692,0.9525509188363268,0.932445220077718,0.9051013660346298,0.820143696997676,0.754003375743306,0.9496605534544907,1.0,0.8537113789444147,0.8837602544601799,0.9445381635498297,0.8126693046355282,0.9225044589711354,0.9031761615458198,0.9111199684280678,0.8116755700155864,0.939855409957346,0.8016093147428272,0.5992872996081949,0.7533538562233348,0.7417435090321599,0.7015771238882089,0.6604813287415334,0.7147283876195774,0.867354269072431,0.9055351342766492,0.9418980709256077,0.8493951639439161,0.9483837876326916,0.9449601931060866,0.8833821090867864,0.7553687426863519,0.9579789714030348,0.953508708107047,0.9450751641812453,0.8974972637251225,0.9039577048758584,0.9491290126457729,0.9301832425349182,0.6280185782604814,0.6307159034846118,0.9013083339933256,0.8941082218115264,0.65402787746854,0.800483636094976,0.345406017178938,0.8691558965730607,0.514966071173061,0.717360879433879,-0.9555835520004353,0.30720863076120514,-0.37473839666697023,-0.6430919405902142,-0.25060666539934284,-0.09021797484457772,-0.17734128671769925,-0.06914399792237622,-0.10474349199055756,0.1781114713959707,0.7670507701901759,-0.9620558090501207,0.057438521013836306,-0.5025472766976529,-0.5821300808557164,-0.4525583335784193,-0.15556481478525958,-0.20903140161946912,-0.26955260253442453,0.09422901840369942
0.8447487599222819,0.8685519042227693,0.8472365000587002,0.8464341755696853,0.7949604078142137,0.7415231794261146,0.8494945481220808,0.8537113789444147,1.0,0.7930470525018921,0.7725493624770663,0.7581188650046113,0.8067356396078986,0.8176578710338797,0.8491564130751098,0.7668226029727132,0.8088859723453662,0.6703995930773123,0.49042713267365373,0.6561288450407097,0.6004139559133821,0.5329020743007271,0.5869818268820703,0.5975612480056569,0.714477082049126,0.7958703103815957,0.8563851703796368,0.7854294546098134,0.8653367307064107,0.8132732138585747,0.7351021159809561,0.5863385446444386,0.8773481865448027,0.8417527240389403,0.8308769257769919,0.7857341706943939,0.8207748392214727,0.8654413075824202,0.8248145922080774,0.5161703571729077,0.5911711990835377,0.8272352588366387,0.7971553766556767,0.604347532604522,0.7800354248496525,0.4405145930712214,0.7891343400328323,0.37942786922720595,0.6176519744806263,-0.8769315779498137,0.3002436391609884,-0.44380183791296857,-0.5702619813510238,-0.2748584060788039,-0.16511636591421255,-0.3132939827020533,-0.13885998832752422,-0.029741400647119935,0.1216754857725097,0.7202691385980226,-0.8505741248632899,0.14138146713455724,-0.4803109829115417,-0.5711211914775295,-0.3474026986645909,-0.16069486378387426,-0.20243346414848715,-0.16198037938121532,0.1251703861347076
0.8234373738180982,0.8837348873688818,0.8481114938774942,0.8559055765809682,0.8514942950481282,0.8224419872351318,0.8610110019973934,0.8837602544601799,0.7930470525018921,1.0,0.8356727410210715,0.7722927854773962,0.8406604992264409,0.8326358812129303,0.7833286305421067,0.6989183965773726,0.8328492467832245,0.7003821712961014,0.5671980916920485,0.7867825646116056,0.7083810666236464,0.5622315597771116,0.6297626372929502,0.6855543219532282,0.7173290846747905,0.8484346666630429,0.8388448641886647,0.780969194098988,0.8558305068790567,0.8239753201125011,0.7574423518106611,0.6760104091299438,0.8568039408163961,0.8365243577363953,0.8381409451663709,0.824553367382475,0.8402622165408408,0.8408497298631463,0.8404338294553831,0.5902143433803173,0.6447337845925026,0.8673819877076125,0.8333657683416092,0.6688767379171667,0.8193702468534245,0.4718076578406974,0.7416833060614887,0.48890147367540854,0.586631960439552,-0.8858958427246685,0.30619652644232365,-0.3033925762378797,-0.5628588238620609,-0.2512496648925718,-0.08094872583169732,-0.18651897254073926,-0.12431087483230388,-0.08460844972988905,0.23415863119580288,0.6990136797675136,-0.8721875741213567,0.05905332216596491,-0.43730575531975757,-0.5359643162526022,-0.372551123103575,-0.1693391225594502,-0.2645807421165085,-0.25150620856092276,0.11930295892754857
0.7976334580658498,0.9051354126709679,0.8891951656275924,0.8563655544714516,0.746800565764961,0.657715682509325,0.908635380300276,0.9445381635498297,0.7725493624770663,0.8356727410210715,1.0,0.7449424854031148,0.9222088709937584,0.8475992139922021,0.8699723686631992,0.7711687590422872,0.915711425724283,0.7704841710205524,0.5500460300885022,0.6848512152431212,0.7432489230266803,0.7315279772062272,0.6121246458030685,0.7007164816262651,0.8850267355904486,0.8596563692587633,0.9098170841276154,0.831508183995688,0.9090963307724632,0.9365032771734074,0.9060958541605637,0.7564267591621399,0.9082809306836181,0.9112578440374416,0.9245218799086481,0.8862350756027877,0.8755825158158913,0.9224774683320774,0.909403985100945,0.6106746850422458,0.5660561091596501,0.8604034365952018,0.8587795033746495,0.5844304603562906,0.7703868811114184,0.3206042367457432,0.8621948007331304,0.5235162181834663,0.6769752486344981,-0.911980565114235,0.31391307628655646,-0.2985634186319901,-0.6262584268418679,-0.2394988806131789,-0.05839327158781816,-0.15705408827562073,0.0026223086137047917,-0.14483054343450005,0.21671706377166244,0.7189264598686143,-0.9223280446752535,0.039356408189010594,-0.42568053739374556,-0.5468297143495073,-0.45774086123986174,-0.131159200529085,-0.16495539078947,-0.2989427760150987,0.06177109798774104
0.8802973972059944,0.7962268297874541,0.8381646725019672,0.824886051795092,0.8308479635809098,0.7604930084266723,0.765811614637195,0.8126693046355282,0.7581188650046113,0.7722927854773962,0.7449424854031148,1.0,0.8062862121276395,0.8456683106167683,0.7572732852223375,0.6037345772533254,0.7250261886012945,0.5503862668947687,0.3640591752422974,0.6005633993880777,0.8136066589967349,0.34233642945497933,0.4003574232718995,0.46304655854380544,0.7174562439825493,0.7092853224787959,0.7928467460832733,0.7345021257513588,0.7801020908451075,0.7724174515166606,0.6868432950392136,0.49311793307410295,0.8221304819171229,0.7901711440280345,0.7550362004567652,0.656590845635318,0.7648382821745456,0.7816424471210153,0.7125555558946935,0.4167756684428531,0.4446675334077676,0.7138262300322941,0.6721916145216211,0.5118748530709314,0.7099420986735369,0.2394475911493203,0.6491058576208274,0.24670652221871806,0.4815915791838988,-0.8055257440334374,0.28999920526235795,-0.44422873693650666,-0.4779951619230489,-0.3113177863865455,-0.23296721896476835,-0.28520881449988716,-0.15647289162160352,-0.18144994091733768,0.149674358279362,0.7055977348600074,-0.8104307059527549,0.0030237289985544135,-0.6141401788469815,-0.526765901603986,-0.41041906976655346,-0.19826940557179262,-0.2431424025144486,-0.2900325058235801,0.10396961022279862
0.8343544598903272,0.8970142319039363,0.9004201125717827,0.8839032424643319,0.7866231235936628,0.7002112144710869,0.8910867882417648,0.9225044589711354,0.8067356396078986,0.8406604992264409,0.9222088709937584,0.8062862121276395,1.0,0.8658794196522255,0.874740213910982,0.7805685377100084,0.8866356203728517,0.7363341530672516,0.5068812811175047,0.6865347390189344,0.7751106947646913,0.6603082786122579,0.5428681948174893,0.6379667864360568,0.8593973416738048,0.8414716365696611,0.9127381085335914,0.8127888158093096,0.9004835091066751,0.9138294361981147,0.8950121859763915,0.6785637388234502,0.9017534048730896,0.8986471822153858,0.9089994623306866,0.8542462290857908,0.8634614545098097,0.917693986779542,0.8742124894365436,0.5242585445703978,0.5344254124626625,0.8500035384057671,0.8225625524700688,0.5551711020801382,0.7829196629416953,0.31289225745917865,0.8667790667621784,0.4344608351745278,0.6307411077511843,-0.9046218391577083,0.31229433718671784,-0.3253709427708424,-0.609597608988129,-0.2653797336441282,-0.12704893296480255,-0.2264101028450848,-0.03270842738537409,-0.14411261904267283,0.19155402577175423,0.7206951065760182,-0.9160418876179358,0.027785516932538525,-0.4867172122564537,-0.5686031821759325,-0.43878887575172,-0.16248051137492395,-0.1541220112869989,-0.2932474313701326,0.07509687882578679
0.8451378078182018,0.9114331445120393,0.9127104974627361,0.8740922950212733,0.8138118263944281,0.7645539301889059,0.9036491851235429,0.9031761615458198,0.8176578710338797,0.8326358812129303,0.8475992139922021,0.8456683106167683,0.8658794196522255,1.0,0.9014386455395048,0.765992710179388,0.8864552789450884,0.7657618336660671,0.580517707333895,0.768091658201332,0.7254626087826368,0.6253831975059397,0.5996991896158358,0.658393885153174,0.8210440524867645,0.865641269729992,0.9206894149340628,0.7786310284378578,0.8991247335784534,0.8931378495146025,0.8123264671159793,0.7172616526565262,0.9237971993165417,0.9202610758368802,0.8603613758852969,0.8479185765748569,0.8596621049418771,0.9038992722836227,0.8655330889033163,0.5324487441004805,0.5890546073364465,0.8370352206955853,0.826383119221363,0.5140893802424529,0.7628092573937733,0.24657601219889114,0.7901299292957422,0.4498475789419824,0.6817704631957666,-0.9116795974643506,0.3188442941677578,-0.4035979002485868,-0.5489824536803027,-0.20401045829236064,-0.14442665082332018,-0.27990944746852175,-0.1752096854728615,-0.22632513684133637,0.1599973341110231,0.7499997036245483,-0.9313382205610768,0.06221679904901736,-0.5508351229071299,-0.5435207447488406,-0.43533047337729586,-0.12761630085675568,-0.31587914524375077,-0.38449346452519023,0.03932482601200377
0.8116880228799433,0.9180265817296989,0.910900378847726,0.8858144393389975,0.7464717988959316,0.7050573397208014,0.9298642712520346,0.9111199684280678,0.8491564130751098,0.7833286305421067,0.8699723686631992,0.7572732852223375,0.874740213910982,0.9014386455395048,1.0,0.8550580146196025,0.9210005308302601,0.8231675346247155,0.6232026129926549,0.741984085350924,0.6621754110956137,0.712777439978785,0.6302950143413943,0.6749018602126949,0.8281949636696675,0.8764605992152918,0.9448145363179041,0.7735906309044517,0.9211709206712829,0.9116421103669885,0.85849282534993,0.729650353528204,0.9199445177767994,0.9376418347182849,0.8950039261039412,0.8693792192862686,0.8859025635376441,0.9319938240516458,0.8883602669223146,0.5266395902889903,0.5802187288397056,0.860135543052025,0.8471506851021883,0.5544830941293207,0.7863867584507815,0.33226333201439784,0.8370719393647891,0.46106771860726553,0.7324320773938344,-0.9325455462069537,0.2917064721524803,-0.41956841507872217,-0.6290787466872203,-0.23034723645550279,-0.10195133643022544,-0.27349549294971387,-0.16030344275939873,-0.19936974465002075,0.12607552724454055,0.7283302910983691,-0.9331157515137664,0.09411528115011422,-0.5044080482503266,-0.5566491909726963,-0.4499220056945536,-0.1385636238633209,-0.2679124767073101,-0.36420082455609826,-0.014191634497870014
0.7220836389722178,0.8327093236141929,0.7990500725072408,0.8036228924487584,0.6677100133716203,0.6091871966114482,0.8167374995860124,0.8116755700155864,0.7668226029727132,0.6989183965773726,0.7711687590422872,0.6037345772533254,0.7805685377100084,0.765992710179388,0.8550580146196025,1.0,0.8182678717357145,0.7604168038388494,0.6577586301087885,0.6666525822799344,0.49906905642548893,0.6858250299252076,0.6531048785996529,0.5638892188248539,0.6997804786032166,0.7594662281041434,0.8235025140196004,0.6980039468662794,0.8248110154379044,0.7955077629156093,0.7588966782977813,0.5931201325157933,0.8076523313959333,0.8198367016538328,0.8210539205561207,0.8089638987277936,0.8105948090421499,0.8611509780631871,0.8009111600855455,0.5716324459490031,0.5669937074705736,0.7821171312802797,0.7447881086161087,0.520358727996717,0.7053056005461282,0.3497828453732474,0.7907602643268594,0.45422423881984525,0.5784402594547549,-0.8389975344842634,0.2913844673175299,-0.3281904690519824,-0.5426378317277037,-0.23537372230899303,-0.06991506077853255,-0.23037810101393333,-0.14358709584897147,-0.1566020088372927,0.1555036810178838,0.6585790852203356,-0.8246175105500206,0.0985219808407332,-0.42226832793543473,-0.4945145359430662,-0.36143654710848827,-0.145345130247868,-0.20461927608073385,-0.2790812484368384,0.04896961381673915
0.7864556026565113,0.9330684117777802,0.92157786147258,0.8826337231228468,0.7512034552541308,0.6971044920355907,0.9674365326909291,0.939855409957346,0.8088859723453662,0.8328492467832245,0.915711425724283,0.7250261886012945,0.8866356203728517,0.8864552789450884,0.9210005308302601,0.8182678717357145,1.0,0.8896459382303823,0.6443661872221225,0.7679291631773796,0.67347262146159,0.7784863719224298,0.6857459298751001,0.7432912535918728,0.8638035326101999,0.9302396444239878,0.9375924355703749,0.7893759361093364,0.9316861429466076,0.939638118931996,0.8883676976248582,0.8034379750486434,0.9165925508637345,0.9466583273607302,0.918063975686847,0.902487809585983,0.8826315693108262,0.9313798716640322,0.9263783448826255,0.5834365796483397,0.6177613953245628,0.8921901686808072,0.9014765915985022,0.55730597089846,0.7726439425261876,0.3010342889587372,0.8640164349444772,0.541994141204512,0.7841167800038169,-0.93125577606774,0.32767961233121035,-0.32896038147333523,-0.6058898561618753,-0.16731682639735784,-0.07331045310362927,-0.2106731024044201,-0.08420050812016225,-0.18533933193767385,0.13976715631009648,0.746046359834221,-0.9553530570214833,0.07931544491162337,-0.449255062160597,-0.5064150882451407,-0.4243124058636975,-0.14278094193487298,-0.2669552905264184,-0.33869490567188265,0.03470547363408704
0.6044677385849115,0.8029582879279438,0.8105356837752329,0.7960096715347188,0.5930391976283136,0.6011274573484223,0.8755712055959625,0.8016093147428272,0.6703995930773123,0.7003821712961014,0.7704841710205524,0.5503862668947687,0.7363341530672516,0.7657618336660671,0.8231675346247155,0.7604168038388494,0.8896459382303823,1.0,0.7295520958824369,0.7647490997807986,0.5193647713796538,0.8240985573794174,0.7243861395873595,0.7319124877620529,0.7429918382523804,0.8723067604274856,0.827788626059915,0.5891405919246064,0.8011531276101965,0.8191553575549346,0.7882873000967906,0.7775657630800575,0.7731938066331758,0.8337027722890835,0.7821494828828219,0.7956196094501002,0.746876567329807,0.7943502237984642,0.8301814416957698,0.5102943073047372,0.5424712446294861,0.7394419040954501,0.7932526259280872,0.40092277436507956,0.6194281098312773,0.18869221775973538,0.7375972634106802,0.5241040087878006,0.8076103866683535,-0.7992443238930906,0.28108085008413597,-0.21814978140294897,-0.5417644568311535,-0.1278040414806137,-0.012508397258515703,-0.16204091858567282,-0.1437509241417739,-0.23321236424417718,0.027583161062858744,0.6156672057390093,-0.8574924642999813,0.06635816101278975,-0.3488845155173749,-0.39456593840354154,-0.42113381611982387,-0.10833970934544548,-0.35200662521272963,-0.39811371827010206,-0.02011950570504583
0.5053595272723685,0.6783348039758093,0.6056309946951809,0.6133303368489484,0.5126591392212988,0.5980243422929534,0.6369428621441511,0.5992872996081949,0.49042713267365373,0.5671980916920485,0.5500460300885022,0.3640591752422974,0.5068812811175047,0.580517707333895,0.6232026129926549,0.6577586301087885,0.6443661872221225,0.7295520958824369,1.0,0.7392506661413838,0.24352980778049807,0.5729477881972331,0.7786862353083364,0.4824847195123849,0.4195652799577683,0.655441803540141,0.6131779319996945,0.47714343350913674,0.6340575787425092,0.5730073789196057,0.4732014749906299,0.46166372041423587,0.5863914598801282,0.6137158700410249,0.5871755284923902,0.5883692869020078,0.6668447648835999,0.6085365787246017,0.6475993393387892,0.430912360895934,0.6933786818160087,0.6699241519866372,0.6487767448050642,0.41258962271002264,0.47168083431246993,0.2130782089458604,0.5195531523034732,0.29602658749568017,0.4727919178909723,-0.6546494016902696,0.22577669033406306,-0.20753924857324868,-0.35578055590464125,-0.014375045030983736,0.07530660697974961,-0.12347412010184032,-0.27757994312438,-0.2161112321584057,0.07842712189965052,0.49742923740106265,-0.6387388438055924,0.03347525019192348,-0.2922510644999994,-0.23314049418684477,-0.20455677829933477,-0.08811778445843003,-0.35903148200098167,-0.31025145783780966,-0.0011573283034290011
0.6514089530033256,0.7961013398621495,0.761160306411156,0.772040377480882,0.6850625594087967,0.7755182456485789,0.7994794914387283,0.7533538562233348,0.6561288450407097,0.7867825646116056,0.6848512152431212,0.6005633993880777,0.6865347390189344,0.768091658201332,0.741984085350924,0.6666525822799344,0.7679291631773796,0.7647490997807986,0.7392506661413838,1.0,0.5207969475309101,0.6500901040245348,0.6932960703452116,0.670467291212837,0.5741136814989279,0.8119486661114773,0.7585359315797596,0.5790879664356684,0.7580287246063863,0.7153218762225373,0.6535017802320487,0.6806132794782759,0.73772910799785,0.7660660373926131,0.7089159808258262,0.7573325756660279,0.7573033004444927,0.7349934655268974,0.7670993331072605,0.5263801230087289,0.66547858566169,0.7607544194840431,0.7312355750405621,0.4999009669426206,0.656571608382642,0.29723289028543365,0.6028619026047773,0.5066199122339005,0.6467552029799685,-0.7915866527738006,0.26516281614621673,-0.29113583979871743,-0.49766877115537894,-0.09906337994238323,-0.009054860311984613,-0.14711491022212866,-0.28317630053460574,-0.23499197398952254,0.09914004218182026,0.5754081635295628,-0.7965767784219288,0.03989521281542657,-0.3798335592255978,-0.41543882805237975,-0.34507401893245093,-0.13082128026522266,-0.44666534022721505,-0.3874401352179053,0.00845976865706042
0.6797505655067337,0.6691011770134816,0.7097795929845511,0.7133375580349498,0.6531573778118931,0.5883467931725189,0.6737101549933651,0.7417435090321599,0.6004139559133821,0.7083810666236464,0.7432489230266803,0.8136066589967349,0.7751106947646913,0.7254626087826368,0.6621754110956137,0.49906905642548893,0.67347262146159,0.5193647713796538,0.24352980778049807,0.5207969475309101,1.0,0.4756534199897269,0.25556087116932064,0.4584847182837067,0.7549327004838225,0.6131896768415152,0.7226768961756209,0.6024108257903723,0.6533477725214136,0.7607258834134001,0.7939162076078626,0.6093965740710457,0.7081092815209739,0.7293088450145321,0.7012981029541009,0.6198603987664049,0.6160527002864167,0.6837743081213473,0.6400651086120098,0.34373483370072483,0.2371317938618251,0.5935453675590785,0.6044692706782712,0.32721124294108184,0.5601557815045834,0.11315402414991936,0.5979302478846227,0.35818760190873994,0.5519001401774777,-0.6951678547095241,0.2990881778891141,-0.21066944339908628,-0.4701024390668913,-0.30248439748935113,-0.07273642953854534,-0.04098635328044334,0.004638362624848837,-0.15364608178129496,0.1411603646891028,0.47838505906539514,-0.7303652133906677,0.07258599217388136,-0.35032546493452354,-0.43240339116374854,-0.45089604210251616,-0.11696169671195938,-0.14300541380065987,-0.36209765926499726,-0.0059874215476356
0.3755334875089276,0.658018899287702,0.6166136904924588,0.5952121854987357,0.3594836067067683,0.32987686640022973,0.7373613383168522,0.7015771238882089,0.5329020743007271,0.5622315597771116,0.7315279772062272,0.34233642945497933,0.6603082786122579,0.6253831975059397,0.712777439978785,0.6858250299252076,0.7784863719224298,0.8240985573794174,0.5729477881972331,0.6500901040245348,0.4756534199897269,1.0,0.6542602305063584,0.7336709259790731,0.7426046248410365,0.7123105732473519,0.7295120512505384,0.4585573861806055,0.6601307078600297,0.7637163620968447,0.804185616163947,0.8543159388590376,0.6636305143507996,0.731381000296608,0.7161349479491954,0.7765121188812129,0.5985626934105029,0.6974899025882458,0.7718495463754325,0.5333070067289596,0.35729432373585995,0.6065625840903571,0.6912225584001341,0.260167889388577,0.4755066618532282,0.11795397889322282,0.6934803338471841,0.6946593998786345,0.7516331759493812,-0.6580199594394258,0.1903125525101384,-0.026763879627543872,-0.5265860395435211,-0.07021869277192212,0.13978729286218594,0.06842048799775527,0.04335585327411223,-0.10743208628295427,-0.005719769883493621,0.3750343923920574,-0.7246211189692168,0.08323618018224739,-0.09828852814234927,-0.3618441745164076,-0.3991238800674226,0.0076729722962586445,-0.17391181829796917,-0.36383201450854635,-0.09975958848178479
0.5412723418809336,0.6982561678323246,0.6107798654538066,0.6181320256706017,0.5367902347456611,0.5762950400392434,0.6892368551332817,0.6604813287415334,0.5869818268820703,0.6297626372929502,0.6121246458030685,0.4003574232718995,0.5428681948174893,0.5996991896158358,0.6302950143413943,0.6531048785996529,0.6857459298751001,0.7243861395873595,0.7786862353083364,0.6932960703452116,0.25556087116932064,0.6542602305063584,1.0,0.5646294559318004,0.5092211401997248,0.6926209802545921,0.6415513520165393,0.5307487535385704,0.6712585052979486,0.6219113206001876,0.5153584789434476,0.5271347498582125,0.6460964401049519,0.6404886718397509,0.6414800605957514,0.6601475338156656,0.6664788211239545,0.660648419331914,0.741788111050566,0.6005775969081634,0.6448606948054,0.6967656864699525,0.7134519397463153,0.4728427854415972,0.5304465877355582,0.3013769583607551,0.6078954363698161,0.4799170618468089,0.4878704271449842,-0.6766518554428754,0.17451611770850223,-0.17903457479326146,-0.40630968195732364,-0.06448330684843352,-0.029826151349232156,-0.07134941290911805,-0.1787773433632746,-0.028861843344999378,0.07471724385382376,0.5142779798483851,-0.6678585709315735,0.024578577999215347,-0.25350323833611577,-0.3403695380472163,-0.24826901457781064,-0.06883434714794158,-0.2410613760820658,-0.1485726083801478,0.06419528190953964
0.4983437086876003,0.7041250742452063,0.6681964215559868,0.649339062733526,0.5136992218836813,0.5043870497978324,0.7541212810696417,0.7147283876195774,0.5975612480056569,0.6855543219532282,0.7007164816262651,0.46304655854380544,0.6379667864360568,0.658393885153174,0.6749018602126949,0.5638892188248539,0.7432912535918728,0.7319124877620529,0.4824847195123849,0.670467291212837,0.4584847182837067,0.7336709259790731,0.5646294559318004,1.0,0.6364676536871647,0.7547478227014648,0.7100180977407876,0.5627776375850059,0.7010382397922836,0.7050455494955344,0.6736182975828088,0.8512649175865585,0.7003750967035973,0.7099302743205996,0.6875201326499719,0.8175989646112293,0.6394954099243015,0.6676769773967614,0.7394747877322619,0.6085812372585385,0.5096478243897365,0.6685018671038894,0.7032122420885643,0.5137212480821711,0.6047631793836051,0.35131011258109457,0.6243883430958852,0.7083707223362219,0.6804022131335822,-0.6986828405769513,0.07594502524232034,-0.19175960028113087,-0.45185118840642063,-0.13396717727946073,0.039463694120687884,-0.07739422255389472,-0.05639850399923866,-0.10723654379620204,0.10027372821351756,0.4978533307906724,-0.7179821503524275,-0.008293778721626776,-0.2234856325411904,-0.33883564089278023,-0.32277286381800857,-0.04064284004022081,-0.2272813510052281,-0.3208357535041906,-0.011765034732786974
0.6920361585659496,0.8038404562090178,0.8036693855610684,0.7575349517432086,0.6508651212841727,0.5341491131639012,0.8423621603538752,0.867354269072431,0.714477082049126,0.7173290846747905,0.8850267355904486,0.7174562439825493,0.8593973416738048,0.8210440524867645,0.8281949636696675,0.6997804786032166,0.8638035326101999,0.7429918382523804,0.4195652799577683,0.5741136814989279,0.7549327004838225,0.7426046248410365,0.5092211401997248,0.6364676536871647,1.0,0.7893789589427475,0.8825513487870132,0.7071630566328776,0.813205895274113,0.9098611890611581,0.8856765644521204,0.7684028987368651,0.8647858429183839,0.881263599840273,0.8432347822936948,0.8083273209139192,0.7476007203896075,0.8544638072388271,0.8296080727940255,0.4907687758408929,0.3856012320356362,0.7268122037499548,0.7538362927801283,0.3960504231228474,0.6530955553976091,0.13993472632136114,0.8118084132392224,0.527131244985911,0.7229138939207489,-0.8036453617312335,0.33330374839420535,-0.22746134424597328,-0.5701820266600983,-0.19654521817771486,-0.038740498834069624,-0.08909151364867827,0.09141831896501462,-0.13328813048178897,0.13872979683517173,0.6225757754380907,-0.8758015879824663,0.04522022604091922,-0.39999610692761417,-0.49500893625387477,-0.4886335750032305,-0.08573042294559213,-0.11412927536220452,-0.3465630203753368,-0.009935664733250839
0.7787240094424684,0.9154069165885127,0.9105517595008156,0.8883686575873563,0.7816541017018077,0.7664070627325694,0.9515468741144147,0.9055351342766492,0.7958703103815957,0.8484346666630429,0.8596563692587633,0.7092853224787959,0.8414716365696611,0.865641269729992,0.8764605992152918,0.7594662281041434,0.9302396444239878,0.8723067604274856,0.655441803540141,0.8119486661114773,0.6131896768415152,0.7123105732473519,0.6926209802545921,0.7547478227014648,0.7893789589427475,1.0,0.8930614274677285,0.7662563842250543,0.9069025251754997,0.8807277376472158,0.8176094753880587,0.7540191207500784,0.8826462011137325,0.9135911838164948,0.8714886536786411,0.8715561418098112,0.8580995682765538,0.8917178729687847,0.9006269575320035,0.583692583091855,0.7018492918060415,0.8903563912986963,0.9025008714295182,0.5973225413838147,0.7668720525050294,0.331926923583831,0.8087710099467066,0.5071667421315504,0.7649681516504223,-0.9081338726477313,0.31371618184729516,-0.3298386586804633,-0.5653987052695914,-0.12942616137611354,-0.07593614009631632,-0.22313048384681206,-0.11852121237604722,-0.2194987458932292,0.1355590261862909,0.7338764149026306,-0.9334866560113394,0.05654904093094839,-0.4501549077999619,-0.4659386761857185,-0.3834605997210555,-0.11366738574439428,-0.3094965300602268,-0.3378962802602751,0.07853372274816507
0.8340844548958251,0.9420262563108655,0.9279908175312084,0.9001290486787337,0.7784059160115069,0.7190771675080779,0.943817157452597,0.9418980709256077,0.8563851703796368,0.8388448641886647,0.9098170841276154,0.7928467460832733,0.9127381085335914,0.9206894149340628,0.9448145363179041,0.8235025140196004,0.9375924355703749,0.827788626059915,0.6131779319996945,0.7585359315797596,0.7226768961756209,0.7295120512505384,0.6415513520165393,0.7100180977407876,0.8825513487870132,0.8930614274677285,1.0,0.8066038994333266,0.9378872021591264,0.943673498485178,0.8875406867781733,0.7631756552638193,0.9508290165653676,0.9490147130474582,0.9352851735305442,0.8938184323596728,0.8979476353357122,0.9446859155804561,0.924553715446773,0.5422695646382608,0.600090199228095,0.876085447427482,0.8669228340040437,0.5622724126901423,0.802332183688245,0.3263131615905573,0.8695462826278276,0.5081689865425514,0.7602820751647587,-0.9487612468387729,0.3004029587702512,-0.38992371234470186,-0.6360058713870479,-0.23479916205005102,-0.09660191595425334,-0.2442739607735325,-0.10828717534051126,-0.16929342257884228,0.15065555066552236,0.7411119063709661,-0.9592546754604243,0.04626452241217657,-0.5040062317246087,-0.5592698471246049,-0.4550380609340314,-0.1314647202062447,-0.24012554025187394,-0.3563531363246177,0.026322956443956574
0.877750910585552,0.8750018849061947,0.8631236978731961,0.8186829919860105,0.7883060890711328,0.7203374124012819,0.8162747219374605,0.8493951639439161,0.7854294546098134,0.780969194098988,0.831508183995688,0.7345021257513588,0.8127888158093096,0.7786310284378578,0.7735906309044517,0.6980039468662794,0.7893759361093364,0.5891405919246064,0.47714343350913674,0.5790879664356684,0.6024108257903723,0.4585573861806055,0.5307487535385704,0.5627776375850059,0.7071630566328776,0.7662563842250543,0.8066038994333266,1.0,0.8949079382428179,0.829446935465325,0.7444469521704785,0.5281417602908922,0.8587879747832645,0.8124832787045653,0.8436383709699599,0.7837102189620773,0.8455398008746644,0.8556508972466561,0.8058053839901503,0.5826539019263969,0.718319373444638,0.8363330073482514,0.7717814072221335,0.6338681086311947,0.7854418226696929,0.4210579087090236,0.7917233376591365,0.34815934788604797,0.5096487813035254,-0.8685944686616367,0.3041481527823585,-0.4036102259601867,-0.5125342167169393,-0.19757902609755112,-0.1638395702479089,-0.28209223627204016,-0.08570611342541674,-0.1269645984587156,0.3265639115456919,0.739942495454288,-0.8218150240991055,0.028163423406741845,-0.48698896309497497,-0.4777173922087765,-0.2613686230785001,-0.15711558921085028,-0.10601463116190392,-0.14418501339775358,0.21314757178649293
0.8870695565408744,0.9679087887736911,0.9477725993076613,0.9162358408650045,0.8219378000143077,0.7724436913706257,0.949520888668381,0.9483837876326916,0.8653367307064107,0.8558305068790567,0.9090963307724632,0.7801020908451075,0.9004835091066751,0.8991247335784534,0.9211709206712829,0.8248110154379044,0.9316861429466076,0.8011531276101965,0.6340575787425092,0.7580287246063863,0.6533477725214136,0.6601307078600297,0.6712585052979486,0.7010382397922836,0.813205895274113,0.9069025251754997,0.9378872021591264,0.8949079382428179,1.0,0.9254246194848319,0.8492049944650696,0.702389005829721,0.9491774669255145,0.9366948978819345,0.9326760317020972,0.89645906125265,0.9285302026777466,0.9526826223653585,0.9252507576012736,0.597361323365835,0.7210104297249297,0.9233360254238254,0.8899099769123123,0.6520390084197796,0.8248819942259433,0.3955012919558451,0.8760338912985645,0.46055031838990557,0.6976520905969008,-0.9642391017641212,0.3136783091882754,-0.4142776773042309,-0.6110782555584588,-0.2015808666690014,-0.11701407217342615,-0.2859200831028474,-0.13036954887029184,-0.15252661832103237,0.2081412563673411,0.7929391076660793,-0.9497881143813359,0.06505546757746239,-0.5107696671767001,-0.5536404721629642,-0.3693310057930419,-0.15346538345038685,-0.2242486814063773,-0.2744781810697401,0.10690163935579085
0.8039645266629674,0.9167207219241816,0.9079544552861416,0.8669172021157584,0.7450003190092037,0.6718021702005901,0.9314326442485937,0.9449601931060866,0.8132732138585747,0.8239753201125011,0.9365032771734074,0.7724174515166606,0.9138294361981147,0.8931378495146025,0.9116421103669885,0.7955077629156093,0.939638118931996,0.8191553575549346,0.5730073789196057,0.7153218762225373,0.7607258834134001,0.7637163620968447,0.6219113206001876,0.7050455494955344,0.9098611890611581,0.8807277376472158,0.943673498485178,0.829446935465325,0.9254246194848319,1.0,0.9331108862738472,0.7986053089499563,0.9322502273105513,0.9448521891918188,0.9223975353506529,0.887972932746518,0.8681466391332191,0.9319999296316794,0.9162192314899924,0.5664355685101972,0.5634166660287186,0.8541807449367341,0.8704576986093461,0.5212935675487738,0.7672275634978575,0.28888032656262036,0.8515320453417244,0.5299775745435512,0.7595529579917782,-0.9211826547263492,0.3347234600496426,-0.2909975387174972,-0.6308789633967231,-0.21951960937694787,-0.07586344970992116,-0.1755274519940971,-0.023165245900955603,-0.144360708797449,0.15928629340926978,0.7105348473624356,-0.9515941302791471,0.07051064421731182,-0.4271875721436603,-0.532934214594864,-0.45292024569318684,-0.13368140759515487,-0.18322749858538906,-0.34254627723493164,0.046487789758247924
