0,1,2,3,4,5,6,7,8,9,10,11,12,13,14,15,16,17,18,19,20,21,22,23,24,25,26,27,28,29,30,31,32,33,34,35,36,37,38,39,40,41,42,43,44,45,46,47,48,49,50,51,52,53,54,55,56,57,58,59,60,61,62,63,64,65,66,67,68
1.0,0.9524160140876123,0.9558776771411072,0.9596719242732098,0.9487906212862746,0.9297568304261188,0.9043630730189632,0.9277598891276552,0.8868094345023076,0.8351725942270987,0.8453535004454659,0.8339929499967064,0.8395568208109917,0.9091398983059372,0.8701904790128293,0.8024391224370677,0.7893748656124513,0.7245488166961109,0.8543562783279804,0.8525791853143253,0.8959093534018182,0.7199148762593529,0.7280583489798417,0.6167916068695065,0.8946693649387539,0.893425094284762,0.9472925224862058,0.965305340661156,0.957415013568131,0.9431895594888221,0.8965009144962517,0.19933483832649365,0.9449135636712264,0.9387821822924087,0.9331404346523943,0.8780740454593271,0.9363133420906465,0.9269047416207769,0.9128462047134472,0.740654576657446,0.9228838489523624,0.9024117707904243,0.8675552381503076,0.8209911986934174,0.8754735593425497,0.7021608321668982,0.9104960761576232,0.3862588154853458,0.21189631919354815,-0.965407968441002,0.13640162235022052,-0.30531504928268005,-0.48326846726854616,-0.5135252299511064,-0.2257238543662483,-0.2934333802787723,-0.5170942662053161,0.5003835391532352,0.7049566165818247,0.8219718679747052,-0.9099121717966797,0.2944535066418408,-0.25078673884529284,-0.24388223934262368,0.35447518634129566,0.04092097858910096,0.1659753852479362,0.47239051354245376,0.5855250304646181
0.9524160140876123,1.0,0.9504783985934933,0.9398603307140382,0.9435888866141127,0.9437540489334092,0.9462342008331289,0.969751240121892,0.9364427252863732,0.9101216318919735,0.8984636311905803,0.8572806942082564,0.8960311832484538,0.9309622322805124,0.8667392932208345,0.840479190859163,0.861906660877588,0.7622595355008294,0.8798206680703518,0.8913339718732021,0.9140748000636064,0.8017848969967798,0.750849100419431,0.611121298284846,0.9196450252544291,0.9181456325689671,0.9604245840964082,0.9355188507112393,0.9505491180026907,0.9589982334097034,0.9217423367787426,0.2946195818383737,0.9725660638672231,0.9427865105150581,0.9607721068435593,0.9140383323758604,0.9583623503957481,0.9431466677680244,0.9554603392070534,0.7527791892903802,0.932220503715819,0.9544532320459269,0.9308712614776031,0.8749084730968584,0.9190978930434217,0.7706071339951992,0.9227535528420716,0.37575544522153637,0.3141840673135993,-0.9655996092856324,0.14486266913412463,-0.27684523563612523,-0.5642317369486514,-0.4300026214017348,-0.1875199275355615,-0.25261468337778664,-0.38095083385808226,0.6057637356967064,0.7014777248383156,0.7754904634403537,-0.9369237723313489,0.15722738973223335,-0.2634085830715878,-0.3573127218118846,0.3535923528461893,0.03928483439855282,0.23504824943479322,0.5486077544796946,0.6168865976322127
0.9558776771411072,0.9504783985934933,1.0,0.9586292075013999,0.9255318298833027,0.9249806269785009,0.930552762186306,0.9340719361620247,0.8893990078672807,0.8298209889803699,0.8765811660914499,0.8255916275303173,0.8422108958634915,0.9142724205847282,0.8871956612592808,0.8073816039188483,0.8425126710415958,0.8024439703246617,0.8567127480178443,0.8614562551467945,0.8854422031376634,0.750021500534627,0.6910100575629472,0.5716085976351142,0.8746111917226239,0.9225553909415911,0.9442739158953694,0.9516084419715798,0.9597693165120712,0.9385896537863319,0.9020025383613703,0.20585703777631925,0.9472739155059011,0.948269510654202,0.9329903686124392,0.8609934850312245,0.9415871083475368,0.9372798425886821,0.9215541418881441,0.7124733589935383,0.8989756723499213,0.892709911077499,0.8712424323490213,0.8014803877750236,0.8662769116815521,0.669448870142043,0.8993531078244059,0.3138593698836985,0.2423500411650762,-0.9622237194671187,0.11114311099511219,-0.3453603768680678,-0.5203762260508252,-0.5202994455058304,-0.234978495796605,-0.3478255613566785,-0.5132627751158995,0.5116899842066092,0.6515253116986685,0.8006151979446371,-0.9220096985165551,0.29917565008823455,-0.3179932560808282,-0.28973370287367767,0.31541254772655525,-0.0033779337120855373,0.16319840521467854,0.5090742642268139,0.5364940019019019
0.9596719242732098,0.9398603307140382,0.9586292075013999,1.0,0.9378632418225831,0.9310905022413706,0.9055301504340173,0.9204541553897795,0.8846050476535559,0.8239499733011794,0.8618062233383553,0.8583863427494569,0.8451986103399941,0.8904364274730885,0.8905760268607144,0.8285197757329096,0.7859190650044193,0.7385344535759734,0.8792026646205532,0.8791787272808086,0.9049169373575646,0.7009008471741001,0.7314719601406039,0.6003476272349133,0.8562973280234492,0.901442411103961,0.9313285229871766,0.9559798228625416,0.9537581927970031,0.9420522070263625,0.9057517131825182,0.12397635245835192,0.930940133097019,0.9437391881811337,0.9354060892555536,0.8767222712044271,0.9288712639240668,0.9334893026913852,0.9182773519296461,0.7600469009122185,0.8983874615738536,0.8953065084016781,0.8497216779650681,0.7981761755521963,0.8618602540199947,0.668974690811726,0.8988518754663595,0.37991527143406006,0.20688615546588393,-0.9566031427249698,0.13498622422224324,-0.3243556319920427,-0.5322458554973416,-0.5117672068420328,-0.23010914740456048,-0.28472342786208565,-0.5097194376766653,0.48528274796164195,0.6602476654450965,0.7941899410648974,-0.9196327812849515,0.2969904194262308,-0.2857384349191473,-0.317263862296322,0.30152389040919936,0.008961203300050076,0.13213845492669032,0.4515367005980539,0.5443471087076357
0.9487906212862746,0.9435888866141127,0.9255318298833027,0.9378632418225831,1.0,0.9283005653235188,0.9067265414249905,0.9351325024006323,0.8959717245055643,0.863758884640863,0.8637679962148992,0.8473350490322952,0.8759151501024249,0.903045157409364,0.8450094302176928,0.8009308815976083,0.7968338165799121,0.6631007407723848,0.8419393921314345,0.8408691287139214,0.8960675716590111,0.7046613138578567,0.7276116382970123,0.5934401683766829,0.9026049768351941,0.8896110308579241,0.9308391769263624,0.9388894980632947,0.9355573337830432,0.9282022384500006,0.8738576823774472,0.20662749345177137,0.9358078394406728,0.9230117939113525,0.9310609143388994,0.8717482273223188,0.9305978946190113,0.9178745782234964,0.9168564340753204,0.7365085291763476,0.919521145375471,0.9257551544845394,0.8801947436194372,0.819022996347577,0.8763257633014809,0.7272606072133324,0.9126987038727578,0.3744981887083098,0.20736198680989926,-0.9420748307714149,0.17588527959106015,-0.29619364347915633,-0.5020762389302048,-0.4698268209060284,-0.21620026280895746,-0.23098360549714644,-0.39403671806065516,0.5562803173102082,0.7125798058579903,0.7955840505250901,-0.8940051906949155,0.2489770928834064,-0.26813101261054034,-0.2702476940576664,0.3587135248397452,0.03437325762507076,0.21457545031855293,0.5196437092090819,0.6047892590296068
0.9297568304261188,0.9437540489334092,0.9249806269785009,0.9310905022413706,0.9283005653235188,1.0,0.9097788127921798,0.9260012723867644,0.8991138223189762,0.8458477320096519,0.8636112946600838,0.8609161440458103,0.8483067211509558,0.8933208762979293,0.8670397408829097,0.8303436274399332,0.8127098349646894,0.7339545106442918,0.8997824581759688,0.8935227492409761,0.8940908858145147,0.7496374176123911,0.7107228029979399,0.5585701760523928,0.8557181400698174,0.8878144559664916,0.921572843644803,0.9139441597848861,0.9326656252200091,0.9184771089542815,0.8799546622599344,0.19483003861795875,0.9340035994470008,0.9234435185954841,0.9256290945450084,0.8564324490146623,0.9249108422501592,0.9247888442661851,0.9178776753000375,0.7188821160325501,0.9023489083075007,0.914877815464659,0.8773610323309211,0.8177649826921307,0.8665632002407317,0.7223943105611222,0.890779761530409,0.3610410367146054,0.2900699417111146,-0.9233195127953735,0.17657771789875237,-0.30299409518336146,-0.5111630821293855,-0.40883160840761895,-0.2039408550338619,-0.263569120428805,-0.4011191327115483,0.5448931796043543,0.6289743824983192,0.7227012649660154,-0.9176552248487676,0.18484811895410014,-0.30785095061258855,-0.3266671777094145,0.293975911357375,0.020096089098233436,0.15247407668194576,0.4894382773373896,0.5425160902104799
0.9043630730189632,0.9462342008331289,0.930552762186306,0.9055301504340173,0.9067265414249905,0.9097788127921798,1.0,0.9398173135926087,0.9153004713566169,0.8809704362953621,0.9069591144039741,0.8339575798761549,0.8672213503812846,0.906889558873777,0.8578253651201257,0.8019097106425759,0.9336740056344184,0.7926600492401854,0.8563877218004561,0.8490882728885321,0.8359799979202446,0.7725629808405728,0.7408513940226463,0.525311963182551,0.8991733726767325,0.948481270723601,0.9305016808952238,0.8938403242537282,0.9319242411068537,0.912701297458888,0.8787885112046122,0.28801554817017405,0.9398359159424536,0.9208787247405591,0.930223893719814,0.8678571948891974,0.9247252142604657,0.927819471709325,0.9348020703748579,0.6909523284377873,0.8721781536370177,0.9248629416519542,0.913709886045449,0.8145946362519707,0.8802954576143265,0.7627264623177566,0.9031622124687954,0.2981156876560104,0.27249669578131297,-0.9252322713731264,0.14514208660575148,-0.3764093215081274,-0.6114213899909793,-0.44433943479834664,-0.2539747211215041,-0.34314324010217917,-0.3211847406608578,0.5953071639177432,0.6353399978632861,0.7470881680400286,-0.905009117047926,0.18993040308041959,-0.37354677949258674,-0.41876766069781785,0.3021586816057913,-0.027066699297064834,0.24669263533691202,0.5693089920378338,0.5565160883797663
0.9277598891276552,0.969751240121892,0.9340719361620247,0.9204541553897795,0.9351325024006323,0.9260012723867644,0.9398173135926087,1.0,0.9262788299522408,0.9220371729960984,0.9088800563347217,0.8430511235796319,0.9129335359314591,0.9380489853807237,0.8455333914398049,0.8281551343095183,0.8681554172597203,0.7378186319554946,0.8458612789794351,0.8741833960835023,0.9107604730986092,0.7976718180992598,0.7227466459344376,0.6016828057476263,0.9274622516139952,0.9109813275114046,0.9524916431786227,0.9223462251282466,0.9384295210820688,0.9465285696444479,0.905152373623364,0.32704913250571854,0.9681993445930156,0.9356007598077614,0.9498814859126251,0.8964442525333636,0.9584741436245751,0.9334174006735904,0.9475631653417149,0.7325046550929266,0.9189033929236535,0.9477601692903335,0.9273789546933457,0.8822594120044162,0.9119316072262201,0.7627398234356227,0.9132407674632353,0.351782738982911,0.30681983382531786,-0.95167737268956,0.16142057663554318,-0.2922743127718442,-0.5987485024466304,-0.44153682414724865,-0.18981464232706702,-0.2152214177877337,-0.335328014852798,0.6551237126484732,0.68971203536311,0.7543428616811555,-0.9242479279727929,0.17895704886866434,-0.2889983536320358,-0.36394289807907837,0.3464715765579775,0.0446313611087992,0.28062008166568747,0.6010797646452859,0.6086605883880201
0.8868094345023076,0.9364427252863732,0.8893990078672807,0.8846050476535559,0.8959717245055643,0.8991138223189762,0.9153004713566169,0.9262788299522408,1.0,0.9139133876000627,0.8629298204802897,0.8485449533427074,0.8978632134297746,0.879201706017704,0.7979775437227986,0.8135635085322331,0.8485412319529307,0.7329520361916257,0.8506418044172295,0.8584755949667674,0.8718323035237764,0.8124447317624471,0.7551406523706088,0.5940396718294402,0.8759893671922437,0.8774620564797366,0.8969471338426042,0.8658335031233912,0.883083768698924,0.9086037684674387,0.8883926321624246,0.3328977897431023,0.926323380686296,0.8737170927726993,0.9184645098522697,0.8904826039318732,0.8992125413616043,0.8970041951498382,0.9285822254845855,0.7508388618449557,0.8789765712979094,0.9331733010508249,0.9152160700601729,0.834820987612886,0.871713059014497,0.7659929692152787,0.879427220836329,0.3878386181949371,0.301431833684796,-0.9105932718135143,0.15250949533531646,-0.24127387308432421,-0.602361067419462,-0.3526640966462694,-0.1686635665317277,-0.21816143917716396,-0.2947665209776687,0.6379941003938313,0.6779505278722509,0.7270458715605082,-0.8826797297359034,0.054644759177465384,-0.25363948709613937,-0.40022810614407994,0.3557817591875944,0.052466805133819516,0.24147941101577608,0.5682085503882003,0.6122252900933164
0.8351725942270987,0.9101216318919735,0.8298209889803699,0.8239499733011794,0.863758884640863,0.8458477320096519,0.8809704362953621,0.9220371729960984,0.9139133876000627,1.0,0.8379875892194789,0.7692395267218208,0.9346739440287981,0.8560273145767023,0.7085777993781249,0.7559113598686104,0.8378967870533295,0.6630579772388074,0.7804937044515026,0.8361718879273798,0.856345272691463,0.8086096777616005,0.7317956273721676,0.6254387839989375,0.8772548451380423,0.8384481685449696,0.8668711302027625,0.8162885740857392,0.8381611614893704,0.8817352791844463,0.8672273855930336,0.44007423513041083,0.8954977922311825,0.8214495622670497,0.8833273763816575,0.8786166879677189,0.8757645669283874,0.8385597496409954,0.8988865725061608,0.7238584811989358,0.8671299628058702,0.9339232617695116,0.9211074832391161,0.8700387740674075,0.8960200696213589,0.8180736122871526,0.8503605543743019,0.36374105991897887,0.33765278331144566,-0.8643110590719092,0.15510627059761267,-0.13772251433360816,-0.5813605335560964,-0.26995280618083695,-0.11418197259924033,-0.12815858743225156,-0.17321756369084906,0.6698309698693945,0.6925056039486713,0.6472112339934569,-0.8548784257164315,0.0018375462956468742,-0.17089186673421658,-0.39692203290747696,0.35129459737632834,0.12158276752254629,0.29824119404662963,0.5746220397662768,0.6659806762389311
0.8453535004454659,0.8984636311905803,0.8765811660914499,0.8618062233383553,0.8637679962148992,0.8636112946600838,0.9069591144039741,0.9088800563347217,0.8629298204802897,0.8379875892194789,1.0,0.8635373852548741,0.8420135828883407,0.8669194339254339,0.8855771973788618,0.8582245559625948,0.8535911108988156,0.6991108255757236,0.805269046678921,0.7927076259069142,0.8439991053444778,0.7439158447112625,0.6821856580857792,0.4669330112805655,0.852056411017468,0.8408941881140953,0.8843886779129196,0.8497442260957004,0.8869245038171683,0.8973146768636638,0.8663606903221126,0.21177491980784857,0.8981144440972846,0.9093496430120687,0.9179118469716044,0.8414621759481409,0.8876733575550522,0.9273804218073926,0.9208525985516457,0.7045872882559107,0.778177262732788,0.857752600767776,0.8390979462573472,0.8032997814451351,0.8422509409873066,0.6840493717554571,0.8509812594782443,0.31992318965640576,0.3694673603347668,-0.8642502051856504,0.18890819314209173,-0.3710099616999684,-0.5973574038675616,-0.4274499951787786,-0.23061657101460736,-0.2291554006444273,-0.21286138572584942,0.6265823540254445,0.5362502417500707,0.6456902811815666,-0.90459913041267,0.13817560746186452,-0.3927477225306209,-0.48534802818531736,0.1698173555926538,-0.0971585790212594,0.2836835254205738,0.5678099444679251,0.48511575757365877
0.8339929499967064,0.8572806942082564,0.8255916275303173,0.8583863427494569,0.8473350490322952,0.8609161440458103,0.8339575798761549,0.8430511235796319,0.8485449533427074,0.7692395267218208,0.8635373852548741,1.0,0.8052880896609452,0.8122637463173127,0.8985614830078847,0.8688018984680053,0.7371265809288955,0.6408958069801365,0.8301373928265809,0.8021473461719024,0.8486982210998313,0.6302130784813728,0.7447260117690787,0.5019643243316556,0.7665436908998955,0.7659528380850752,0.8446912470652788,0.8198130354575148,0.8523601775845762,0.8703771720248727,0.8246222052291777,0.04714207215401944,0.8582819735953697,0.8851807409413439,0.8897906992951492,0.8532679275963375,0.8359824615910687,0.9125494754935235,0.8824512352072779,0.7686030159786331,0.7477923186858788,0.8145525360646733,0.7744017524631073,0.7963380849939518,0.8182686948575157,0.6912987179317821,0.8139637162709649,0.4794383742956773,0.30411456423434013,-0.8403042878329908,0.2211351439014913,-0.3146919889260336,-0.565989082928525,-0.41111064819023113,-0.22297489091960354,-0.19713438209229242,-0.24941270792506348,0.5103112718881544,0.5481795838933065,0.6417025818731268,-0.8678085109281435,0.05770008899406512,-0.32824604008679975,-0.49146718784066257,0.15743260975715515,-0.09221256988897981,0.19212433083374295,0.4317582277043008,0.4679612856270303
0.8395568208109917,0.8960311832484538,0.8422108958634915,0.8451986103399941,0.8759151501024249,0.8483067211509558,0.8672213503812846,0.9129335359314591,0.8978632134297746,0.9346739440287981,0.8420135828883407,0.8052880896609452,1.0,0.8538017608767312,0.7473101996913999,0.7826372643860989,0.8030464894376724,0.6327935749691029,0.7609838392223526,0.8316760495214658,0.8560162075427428,0.7536899559976863,0.7324993472839292,0.6519264250159595,0.855782858937396,0.8419678525426686,0.8615812090247245,0.8356408133764724,0.8543073363068195,0.8804734342876728,0.8641117717114095,0.36970593171019667,0.8884663103137783,0.8480401775451775,0.8822707316762685,0.8783821066079803,0.8826905464340676,0.8630113134756207,0.902639888767706,0.7426760372876634,0.8556890685470365,0.9074437713653718,0.8882996161729696,0.8304809356794286,0.8731671057334881,0.7818015004362228,0.8511031322876844,0.35700781811868093,0.2550969582437517,-0.8701633869111136,0.14990390063384088,-0.14895250484365039,-0.5569059288794996,-0.30522269283748354,-0.11332614156854115,-0.11816441603403587,-0.20373070089390935,0.6316101096741704,0.6844058956599084,0.670716382999882,-0.8504814933900985,0.0785764345704999,-0.1752258908298593,-0.3617156216098484,0.34699922125729094,0.1210290207948659,0.29089650486577323,0.5593227111572326,0.6284570963834235
0.9091398983059372,0.9309622322805124,0.9142724205847282,0.8904364274730885,0.903045157409364,0.8933208762979293,0.906889558873777,0.9380489853807237,0.879201706017704,0.8560273145767023,0.8669194339254339,0.8122637463173127,0.8538017608767312,1.0,0.825782409717036,0.7454441749861782,0.8198737147672766,0.6892708022314803,0.8020081075293645,0.8162978523217204,0.8620356157555111,0.7198694844103014,0.6426368001890257,0.5188622123862913,0.9201901349205275,0.880852446508015,0.9435294869766505,0.8931151198865978,0.9102091643536733,0.903129554201861,0.8371274240504278,0.2657810588900839,0.9483226910051434,0.9208889967399686,0.9077541183553071,0.8374339915175865,0.958206851792873,0.9128452666738414,0.9017809492663401,0.6438610849658515,0.8656531533781952,0.8946534026184007,0.8761003672977735,0.8242440051103266,0.8590948531938954,0.7072047418234689,0.8885193804624139,0.2651293006843346,0.24035017261280434,-0.9304323913640071,0.11868159069060406,-0.32607316854257234,-0.5612009998225692,-0.47366120124543987,-0.23314904453282118,-0.2729566602773931,-0.3763517963620221,0.5918165840129618,0.6750983951658104,0.7829915218069131,-0.8707907495172623,0.21809506696650596,-0.3027014967133897,-0.292339515521313,0.3839774065901418,0.02054241457519683,0.27859907539556034,0.6122070398058457,0.5636219971980285
0.8701904790128293,0.8667392932208345,0.8871956612592808,0.8905760268607144,0.8450094302176928,0.8670397408829097,0.8578253651201257,0.8455333914398049,0.7979775437227986,0.7085777993781249,0.8855771973788618,0.8985614830078847,0.7473101996913999,0.825782409717036,1.0,0.874929808896052,0.7531206490323277,0.7233263198532884,0.8348823019385962,0.8047793079586913,0.8069460816122838,0.6143291253018803,0.7178523508787458,0.4821385216218588,0.7570450625469612,0.8137151484620911,0.8736875629518842,0.8723581102582136,0.9076415016873363,0.8782662462915264,0.8298946499653536,-0.008345722636705686,0.8643161186597756,0.9400278779775902,0.8972749230292936,0.8226325120034529,0.8627745698724621,0.9425637113930498,0.886569860237661,0.7322109300377742,0.7584214642113811,0.7819232344571189,0.7487975842064948,0.7539026045175113,0.809665499477719,0.6167228413799191,0.8351870396628649,0.4068928037729389,0.2894786133834949,-0.8713920334446471,0.19073703764362454,-0.41531788261570973,-0.49809779339615445,-0.5233509161573291,-0.2460177552399321,-0.2477167744582337,-0.41874812980890297,0.4173593583023655,0.5064100711497065,0.678780368158159,-0.9002391093771619,0.26180074597007424,-0.3961664219885233,-0.40028749984197104,0.12318613540077031,-0.13303909463765318,0.11665768867561,0.381041886520661,0.3902020538305414
0.8024391224370677,0.840479190859163,0.8073816039188483,0.8285197757329096,0.8009308815976083,0.8303436274399332,0.8019097106425759,0.8281551343095183,0.8135635085322331,0.7559113598686104,0.8582245559625948,0.8688018984680053,0.7826372643860989,0.7454441749861782,0.874929808896052,1.0,0.7281782582952065,0.6786701730153328,0.8163583008398992,0.828350464017522,0.8187856681311471,0.7113163876215933,0.7809894484793181,0.545758995361239,0.7174291115514594,0.7430370673440809,0.8086883545257214,0.8023696827621368,0.8301171340339971,0.8724180239109515,0.8419511368063054,0.12255929788079435,0.8197584159304073,0.8649806453151369,0.8709124229750618,0.8529621273318965,0.8075876182550522,0.8782530448349387,0.8696712447662394,0.819275747691708,0.7509979807912174,0.794488013763512,0.7668802210440963,0.7643866379877793,0.7769084143762418,0.6508879142319487,0.7657697140493132,0.5467130618963203,0.4353465588193932,-0.8136085679871953,0.2092060414620852,-0.21619099152032592,-0.5507537908625536,-0.3459236203500195,-0.16250439102348926,-0.11246552966026221,-0.27217607996765164,0.5372460783154186,0.45845219585980074,0.5358120041328529,-0.8993005963904591,0.03454095426150168,-0.24429735608086334,-0.47265024814568946,0.0651764813945851,-0.04762155705196874,0.1293285647528966,0.35244935261868987,0.43062351018216005
0.7893748656124513,0.861906660877588,0.8425126710415958,0.7859190650044193,0.7968338165799121,0.8127098349646894,0.9336740056344184,0.8681554172597203,0.8485412319529307,0.8378967870533295,0.8535911108988156,0.7371265809288955,0.8030464894376724,0.8198737147672766,0.7531206490323277,0.7281782582952065,1.0,0.7929926075362328,0.7354629636169557,0.7653882580719694,0.747954143059633,0.8047554229834668,0.6638200301469136,0.43240808631567634,0.8294184029923696,0.8816991484811946,0.8405090303051687,0.7755850229875961,0.8265267118757462,0.8251454227201632,0.8118779154268533,0.42283371389345437,0.8581880084465517,0.8177648465043031,0.8360295941592772,0.780582038520134,0.8315953937908096,0.8278667936288845,0.848260222566368,0.5888789023559627,0.768796071209205,0.8496205149583731,0.86916239720984,0.7545493030601743,0.791302079009944,0.7327857051203522,0.7901523125705554,0.2384089803410142,0.3581741220294015,-0.8202580745335362,0.14405228654359095,-0.3602232824093639,-0.6048847081141578,-0.39970501265566666,-0.23833553556246032,-0.38066033797037196,-0.20851584803902926,0.6150321940375534,0.5215653938420736,0.6127796965995781,-0.837725089821165,0.09765317825042877,-0.40103760950427236,-0.44474971664878993,0.1850388255438579,-0.04369732242323176,0.24782539205874587,0.5649837791614598,0.49638398808585543
0.7245488166961109,0.7622595355008294,0.8024439703246617,0.7385344535759734,0.6631007407723848,0.7339545106442918,0.7926600492401854,0.7378186319554946,0.7329520361916257,0.6630579772388074,0.6991108255757236,0.6408958069801365,0.6327935749691029,0.6892708022314803,0.7233263198532884,0.6786701730153328,0.7929926075362328,1.0,0.7636382003289792,0.7754745973888512,0.647712961082342,0.7578536944771296,0.6116545560878591,0.4429799841634844,0.6214830480964498,0.7742023568746151,0.7367851314531143,0.7206530655948031,0.7548813824082986,0.7285477010743615,0.7483934958097496,0.20209848929998875,0.7351277808773018,0.7418567410860158,0.7395294206388371,0.6865734076241906,0.7244019333734302,0.7468194839150585,0.7459292508073637,0.5800066016242468,0.7040346965504872,0.6887416564777477,0.702964212124419,0.6439153711425494,0.6799936272888177,0.521847558137728,0.6938307222942831,0.3604087842818128,0.35211876604011777,-0.7559137977879378,0.15294397337100663,-0.3050991875397107,-0.4808589443783335,-0.42147282113397055,-0.17811282791615793,-0.3825017175687463,-0.4642127894757739,0.39918315393781834,0.3953172394693857,0.5439746639008642,-0.7777928646723341,0.15749685428426835,-0.33606582226790727,-0.3638850201691651,0.11588560260072908,-0.02824297393024858,0.0028176817757653134,0.3331013577268819,0.3312417172543553
0.8543562783279804,0.8798206680703518,0.8567127480178443,0.8792026646205532,0.8419393921314345,0.8997824581759688,0.8563877218004561,0.8458612789794351,0.8506418044172295,0.7804937044515026,0.805269046678921,0.8301373928265809,0.7609838392223526,0.8020081075293645,0.8348823019385962,0.8163583008398992,0.7354629636169557,0.7636382003289792,1.0,0.8862301762253152,0.7989240503589318,0.6585112140069642,0.7794270955766178,0.5602193458220583,0.7564094406958065,0.8462962274138732,0.8497656229020147,0.8469132604191625,0.8765420087469299,0.8670407054367725,0.8250554941227357,0.05374851299427974,0.8498161253016839,0.8635199393860987,0.8795492417549529,0.8376008539404097,0.8436033249357221,0.8743827506821674,0.884543226086885,0.7483241861445868,0.8307392025444124,0.8606696537395654,0.8256915399161131,0.7824447063956237,0.8344204274632744,0.6913326241860309,0.8341743644291258,0.397070595289441,0.27658331674192216,-0.8586230365998855,0.14068986138918446,-0.22167748379770075,-0.5306736482771498,-0.3180188465640118,-0.13214264113550148,-0.21996684711601686,-0.3654334281126168,0.478849695447052,0.5732503873432773,0.6466134757189838,-0.8703070493549387,0.10673149821736386,-0.20989983542019722,-0.3903079354703451,0.27248578626150666,0.0030323560733642656,0.11231403518852608,0.38917009138710523,0.5082869052024171
0.8525791853143253,0.8913339718732021,0.8614562551467945,0.8791787272808086,0.8408691287139214,0.8935227492409761,0.8490882728885321,0.8741833960835023,0.8584755949667674,0.8361718879273798,0.7927076259069142,0.8021473461719024,0.8316760495214658,0.8162978523217204,0.8047793079586913,0.828350464017522,0.7653882580719694,0.7754745973888512,0.8862301762253152,1.0,0.8507117211252474,0.7475856875107106,0.7335414963063471,0.622381504905374,0.7496237935904901,0.8296202592106159,0.8511808224204048,0.8455208102736461,0.8677245369105473,0.8817982894154824,0.8654080891381157,0.20862250174721098,0.8632371101712057,0.8601640397214186,0.8714543556551513,0.85013697151683,0.8708336812700588,0.8613746360949649,0.8745419247793855,0.7322075593181224,0.8617292336984059,0.8681944242278303,0.8399760301655435,0.8100112793185404,0.8389101553490808,0.7274829820632405,0.8043057838042081,0.44734431276312714,0.32818284613286225,-0.8739994524405564,0.14426674928243033,-0.13912344737951046,-0.5149962759999397,-0.3239481070525979,-0.08568771332737228,-0.15277933971893382,-0.4091089552620819,0.5108991965553378,0.6068909604968299,0.6145890801738146,-0.8914575713358872,0.07650999626513999,-0.16956717438096128,-0.355828620707777,0.25110306539056026,0.11823417150018539,0.07211880074341842,0.3861306133976105,0.5139822067341331
0.8959093534018182,0.9140748000636064,0.8854422031376634,0.9049169373575646,0.8960675716590111,0.8940908858145147,0.8359799979202446,0.9107604730986092,0.8718323035237764,0.856345272691463,0.8439991053444778,0.8486982210998313,0.8560162075427428,0.8620356157555111,0.8069460816122838,0.8187856681311471,0.747954143059633,0.647712961082342,0.7989240503589318,0.8507117211252474,1.0,0.7736996686573117,0.6445602119060381,0.5638824018470625,0.8363360425120075,0.7944600904758768,0.8902051986886902,0.8812182126915026,0.8745144350111285,0.9284054695386267,0.9098946597520249,0.26372130761368945,0.9096126170474946,0.8760686287352493,0.8980928556887452,0.8547253867997479,0.8946963460194143,0.8705313679456774,0.8798149761932591,0.7305997784807966,0.8661766586369147,0.8814822486517734,0.8499491674665094,0.8287221497987095,0.8516876516175522,0.6957493932232195,0.8169671330113049,0.38802110109345495,0.3485331416858128,-0.9008449652853165,0.14482163775246362,-0.183871662193867,-0.5121687078547503,-0.394291982493023,-0.13375613717670223,-0.17818868397278848,-0.38789129379642656,0.5774682070021923,0.6499074079642505,0.6777336935626433,-0.9004402975102792,0.0912380904731884,-0.19717723790436584,-0.33546823428445033,0.2745337426242183,0.053039246582026106,0.15972716630387332,0.49755504951054363,0.5801533326523487
0.7199148762593529,0.8017848969967798,0.750021500534627,0.7009008471741001,0.7046613138578567,0.7496374176123911,0.7725629808405728,0.7976718180992598,0.8124447317624471,0.8086096777616005,0.7439158447112625,0.6302130784813728,0.7536899559976863,0.7198694844103014,0.6143291253018803,0.7113163876215933,0.8047554229834668,0.7578536944771296,0.6585112140069642,0.7475856875107106,0.7736996686573117,1.0,0.5433437160875606,0.48533522598727896,0.7419702678720145,0.7099089614866912,0.7463092581648878,0.6888809056189523,0.6990852896756579,0.7703126460598706,0.83336610746089,0.6032640643114096,0.7854426422122256,0.6963818609729281,0.7552482221600558,0.7241757428298168,0.752362099712454,0.7008777205373209,0.7649085669476128,0.5818750104625063,0.7524466532043375,0.7797388013306441,0.8000457624224636,0.7195361167463382,0.7108010820763989,0.6480846173365653,0.6965515839107084,0.3650597612506204,0.531614472460841,-0.7418795094954259,0.17121172654560846,-0.16088799234956028,-0.489985637066418,-0.2606217912145105,-0.1250628603998976,-0.23495395203272237,-0.25917784304418356,0.6162530524590465,0.48026085322315554,0.48995840553190945,-0.7888490753314417,-0.112523275103643,-0.23652005842594886,-0.35750819984196525,0.176535009535477,0.07250327511784181,0.09281014964562034,0.48104236842095377,0.5193771162744154
0.7280583489798417,0.750849100419431,0.6910100575629472,0.7314719601406039,0.7276116382970123,0.7107228029979399,0.7408513940226463,0.7227466459344376,0.7551406523706088,0.7317956273721676,0.6821856580857792,0.7447260117690787,0.7324993472839292,0.6426368001890257,0.7178523508787458,0.7809894484793181,0.6638200301469136,0.6116545560878591,0.7794270955766178,0.7335414963063471,0.6445602119060381,0.5433437160875606,1.0,0.6741035941652813,0.6539460738802885,0.7262546639063233,0.7109129785269123,0.7185445691685399,0.7463874061655413,0.7695473288298172,0.7258156368947798,0.099516875244628,0.7094745855884816,0.7411945806413283,0.7708640650892372,0.8578305134727493,0.7031734293688653,0.7628915157053887,0.7987208627426553,0.8570288760174383,0.7149392913148371,0.7598440058039311,0.7362019443391734,0.7230766391842219,0.7292497895136554,0.6978314715083929,0.7299486077689648,0.6448099757716722,0.2063842006554205,-0.7417912829925521,0.19929200115435647,-0.11130086584524605,-0.5336082358868013,-0.2734978827540808,-0.12375943463999785,-0.07071442586260512,-0.17303476699991133,0.43331032909756706,0.5108911642160053,0.542157312615706,-0.7574747930566247,0.02916231721534136,-0.10391257804850929,-0.4326900752163106,0.17071088224992947,0.04730275294507679,0.18620492315000498,0.2615475288627299,0.462456896309824
0.6167916068695065,0.611121298284846,0.5716085976351142,0.6003476272349133,0.5934401683766829,0.5585701760523928,0.525311963182551,0.6016828057476263,0.5940396718294402,0.6254387839989375,0.4669330112805655,0.5019643243316556,0.6519264250159595,0.5188622123862913,0.4821385216218588,0.545758995361239,0.43240808631567634,0.4429799841634844,0.5602193458220583,0.622381504905374,0.5638824018470625,0.48533522598727896,0.6741035941652813,1.0,0.5365561889186371,0.5811724793623299,0.5702499132230687,0.6378433266849275,0.6110845558608327,0.6602446477813269,0.6508286215758162,0.3481497216494488,0.5726639093056156,0.5801224111204415,0.593174140894632,0.734148463676892,0.5874141873391132,0.5671784412861578,0.6096222512272583,0.7084269875442855,0.6983506926158736,0.6215497863768639,0.6042180219319114,0.6368840981745937,0.6328837639161685,0.6071024291661214,0.600737755900022,0.5571299576716924,0.17574426760355913,-0.6115090248471196,0.13181013057901672,0.11617766262007262,-0.29576978741417037,-0.12917156076389688,0.07014312968732735,0.07665137231694708,-0.252718078756912,0.33732645924216886,0.5148304897145798,0.4225354487329237,-0.6076539429285622,0.08756967580658771,0.12667998939732972,-0.16361994377044298,0.2829489751269513,0.2146954819399852,0.08216341985796351,0.1535472327300981,0.471280737374535
0.8946693649387539,0.9196450252544291,0.8746111917226239,0.8562973280234492,0.9026049768351941,0.8557181400698174,0.8991733726767325,0.9274622516139952,0.8759893671922437,0.8772548451380423,0.852056411017468,0.7665436908998955,0.855782858937396,0.9201901349205275,0.7570450625469612,0.7174291115514594,0.8294184029923696,0.6214830480964498,0.7564094406958065,0.7496237935904901,0.8363360425120075,0.7419702678720145,0.6539460738802885,0.5365561889186371,1.0,0.8657126608764621,0.931458158819785,0.8673629609990534,0.8772012127259421,0.8850790456638482,0.8319726896209513,0.3785232276036664,0.938201348277194,0.8687546194467144,0.8963347743998613,0.827088589331083,0.9170485404801304,0.8630066851639578,0.885964450545372,0.633424281360942,0.8716518388120756,0.9136776106455231,0.8929559872476288,0.8219228411139555,0.8622089184853042,0.7426397426197054,0.8912301294471232,0.24712823963763839,0.22399062337970044,-0.9038121792106486,0.08595199243774199,-0.31906116557196845,-0.5684703794919572,-0.43653873815732586,-0.22126896724318953,-0.2574360378919129,-0.2919717684625105,0.6201688627695228,0.7015025857612667,0.779831008543652,-0.8322985285307135,0.18541586119089143,-0.2714993847208781,-0.29620436214319196,0.4117186862466268,0.035989244935656056,0.32800359211282415,0.6331417506431878,0.6169046740436114
0.893425094284762,0.9181456325689671,0.9225553909415911,0.901442411103961,0.8896110308579241,0.8878144559664916,0.948481270723601,0.9109813275114046,0.8774620564797366,0.8384481685449696,0.8408941881140953,0.7659528380850752,0.8419678525426686,0.880852446508015,0.8137151484620911,0.7430370673440809,0.8816991484811946,0.7742023568746151,0.8462962274138732,0.8296202592106159,0.7944600904758768,0.7099089614866912,0.7262546639063233,0.5811724793623299,0.8657126608764621,1.0,0.8982084157955623,0.8963774404326226,0.9172424635667776,0.8842658954787147,0.8386228303112186,0.2693539875934332,0.9105366350257698,0.8945598389472839,0.8869938333625194,0.8430626956306803,0.9021147633987353,0.8914109464913215,0.8990163447594972,0.6750029667999017,0.8906205493851374,0.9134436209567237,0.9088315417145778,0.7741925547514777,0.8504750806717543,0.7290576761474743,0.8873347457856402,0.2527219212745477,0.16261428291790403,-0.9174519496736808,0.07375043897209255,-0.3322023512250574,-0.5566987224027196,-0.4220989057641198,-0.23013021770563222,-0.34734558288955214,-0.3821235768658707,0.5431761575722479,0.6534237373243132,0.783940745557826,-0.8551371748161489,0.26608183710759453,-0.3021049157312285,-0.3214229038167016,0.4066043577474835,0.02570493484409003,0.2469352746271191,0.547157192094247,0.552376488221567
0.9472925224862058,0.9604245840964082,0.9442739158953694,0.9313285229871766,0.9308391769263624,0.921572843644803,0.9305016808952238,0.9524916431786227,0.8969471338426042,0.8668711302027625,0.8843886779129196,0.8446912470652788,0.8615812090247245,0.9435294869766505,0.8736875629518842,0.8086883545257214,0.8405090303051687,0.7367851314531143,0.8497656229020147,0.8511808224204048,0.8902051986886902,0.7463092581648878,0.7109129785269123,0.5702499132230687,0.931458158819785,0.8982084157955623,1.0,0.9302180656784533,0.9507598693029743,0.9412192742031523,0.8882038701989046,0.24106258337095202,0.9653820063614776,0.9479447375351973,0.951264701431762,0.8763293574291984,0.9586403221908096,0.9386474610771789,0.927789034996047,0.6989019948415535,0.899412798100472,0.9153206458980084,0.8871596103980514,0.851238028092379,0.8938933806784263,0.7262720580437207,0.9188156710317062,0.33942134434615445,0.2978155174194054,-0.9541514406704374,0.15135322578648136,-0.3608389217666209,-0.5767345802841232,-0.49502962993891864,-0.22134968747513328,-0.2683201165881862,-0.4238811642788468,0.560395258831609,0.6515296105875034,0.7706514094117888,-0.9259699369700045,0.24176751440730992,-0.32889082012356385,-0.33507652004539834,0.30640728229315584,0.012402656651647389,0.21193185860599129,0.5274450446643689,0.5525226612305929
0.965305340661156,0.9355188507112393,0.9516084419715798,0.9559798228625416,0.9388894980632947,0.9139441597848861,0.8938403242537282,0.9223462251282466,0.8658335031233912,0.8162885740857392,0.8497442260957004,0.8198130354575148,0.8356408133764724,0.8931151198865978,0.8723581102582136,0.8023696827621368,0.7755850229875961,0.7206530655948031,0.8469132604191625,0.8455208102736461,0.8812182126915026,0.6888809056189523,0.7185445691685399,0.6378433266849275,0.8673629609990534,0.8963774404326226,0.9302180656784533,1.0,0.9604925960673282,0.939806914862684,0.8891920589361757,0.18040262203797763,0.9264149094539801,0.9412125041475261,0.9271807670224107,0.8727199149774957,0.9257660596433444,0.92546106804522,0.9060046499641428,0.7514538491116635,0.9205853506291313,0.8846966837933963,0.844167205318801,0.815084579059085,0.8633782629405856,0.6786099814106683,0.9048911759631064,0.38584834962240067,0.20004266207325908,-0.9528511790110632,0.1657280933878193,-0.3181031281279199,-0.4969564227373031,-0.5140824419298826,-0.22871478940320497,-0.25179960405545476,-0.5057442259340112,0.5115664709824846,0.6799996074200779,0.7994141875055506,-0.9080159713893968,0.355830844419229,-0.26925015706159017,-0.2529105613546163,0.3337679485178999,0.022886258437187466,0.1884927100605703,0.4756080623373707,0.5576047221908353
0.957415013568131,0.9505491180026907,0.9597693165120712,0.9537581927970031,0.9355573337830432,0.9326656252200091,0.9319242411068537,0.9384295210820688,0.883083768698924,0.8381611614893704,0.8869245038171683,0.8523601775845762,0.8543073363068195,0.9102091643536733,0.9076415016873363,0.8301171340339971,0.8265267118757462,0.7548813824082986,0.8765420087469299,0.8677245369105473,0.8745144350111285,0.6990852896756579,0.7463874061655413,0.6110845558608327,0.8772012127259421,0.9172424635667776,0.9507598693029743,0.9604925960673282,1.0,0.9458807365080739,0.8943450089379611,0.1586694802308601,0.9419767196590313,0.9634052870509456,0.9476780104243688,0.881835667414029,0.9437578913996169,0.9541478829399748,0.9353269348454234,0.7464183464727742,0.9040321494964311,0.8987844367540565,0.8666413348599215,0.8421584878269052,0.8967284986640287,0.7147865421751312,0.9207436421416485,0.3647139419436478,0.24760475068170898,-0.9549104969548252,0.17769465147077976,-0.35948080288943085,-0.5343849945980411,-0.5044306228378529,-0.22044154769695923,-0.28296187716205284,-0.4564693862751689,0.5196752881995101,0.6529202376651959,0.773791714856334,-0.9350009081352988,0.32398377376113646,-0.32395663603325897,-0.30943207738855455,0.2835281141749754,-0.00603814745277239,0.20009048885033312,0.48364993868738904,0.5281630588894521
0.9431895594888221,0.9589982334097034,0.9385896537863319,0.9420522070263625,0.9282022384500006,0.9184771089542815,0.912701297458888,0.9465285696444479,0.9086037684674387,0.8817352791844463,0.8973146768636638,0.8703771720248727,0.8804734342876728,0.903129554201861,0.8782662462915264,0.8724180239109515,0.8251454227201632,0.7285477010743615,0.8670407054367725,0.8817982894154824,0.9284054695386267,0.7703126460598706,0.7695473288298172,0.6602446477813269,0.8850790456638482,0.8842658954787147,0.9412192742031523,0.939806914862684,0.9458807365080739,1.0,0.9450971312001293,0.2633186122635838,0.9451659886740034,0.9456519264454495,0.9538594628143277,0.930316159433793,0.9383545068194195,0.9382832851326337,0.940352818606075,0.7982944365358917,0.9051376551183705,0.9233986562993922,0.8977246052263635,0.8724520337878368,0.9010026870405735,0.7565428768121867,0.8869764598873949,0.44321281073170704,0.3322346559492962,-0.9495552905197743,0.1519657274927051,-0.23927076389315974,-0.5655723676660271,-0.4327107024372012,-0.18360838069506816,-0.2206507925880976,-0.3939516830880363,0.5702378002054409,0.6576699067365611,0.7221486311542663,-0.9526736291896671,0.16782954098310857,-0.22319006831353347,-0.3763685410897023,0.26405730125306215,0.01153975391126469,0.2027287898038625,0.4825920324190019,0.5845024453205809
