0,1,2,3,4,5,6,7,8,9,10,11,12,13,14,15,16,17,18,19,20,21,22,23,24,25,26,27,28,29,30,31,32,33,34,35,36,37,38,39,40,41,42,43,44,45,46,47,48,49,50,51,52,53,54,55,56,57,58,59,60,61,62,63,64,65,66,67,68
1.0,0.9286164388864829,0.9598627506462377,0.926380099976922,0.9132262629639041,0.9175495720451018,0.9054237611198628,0.928963761127537,0.9011415989666894,0.8781858846271696,0.9057187761241873,0.9004113348504476,0.8704277602673437,0.8842155743498438,0.8962245206867143,0.839872057134822,0.9129162939475882,0.7773096451439798,0.7594104819787386,0.8511242531940083,0.8814485028693706,0.7745677700413282,0.7501323296920719,0.777813137221295,0.897426870157588,0.8234964144009636,0.9268351968575149,0.9604714747919156,0.9298464169586427,0.9244216657030547,0.8080492487135866,0.7706193363071707,0.9390711244342579,0.9061448735326402,0.8956291531038792,0.8796394660098691,0.8889229908673676,0.9165201224867287,0.8768986615710919,0.7591436019897029,0.8559096621429225,0.8907698711150728,0.8806120185317934,0.8473953085533736,0.8489910428063333,0.766572895301583,0.8739797755013815,0.5619075959985731,0.7046655940801653,-0.9222083215822701,0.0910788255800083,-0.47865205052145654,-0.2764125474536003,-0.16506183742256925,-0.06900245402242997,-0.22655296442361558,-0.44439272348509573,-0.007307255265139209,0.34438772911264504,0.7671081755000383,-0.918943339761139,0.14314444448440308,-0.4626699894511016,-0.3404091611184839,-0.1359943024751898,-0.15836891536264722,-0.4039440276825477,-0.00957475715650974,0.49012366396209556
0.9286164388864829,1.0,0.952334771600124,0.938024843533704,0.8900021722180826,0.9512894559891819,0.9676692552847981,0.9730914154579676,0.965793722661803,0.9489161005301551,0.9420439450241568,0.9185637650749358,0.9387935094121073,0.9005718536765417,0.936232207208508,0.9187042546251055,0.9697894722440951,0.88036831498329,0.8365690052353231,0.9352796003306522,0.8843473136659604,0.8752105953519249,0.8729670534871531,0.8745554879076229,0.9117877806776694,0.9033483758398793,0.9608222245539264,0.9265977613111781,0.9759925367907895,0.9714917885499655,0.9095831408157912,0.8619498029091263,0.9714006254672672,0.9682597720457513,0.9598459652800874,0.9638812206599605,0.9492830045932588,0.971638404225038,0.9597004384850903,0.8751639766445193,0.9119242453996965,0.9666924535124022,0.9490954139478635,0.9197798617290114,0.8991029392045427,0.8178955145717587,0.9271222302180312,0.7121402338810693,0.7699558726900416,-0.979201234713762,0.06388740902345663,-0.5260153114177176,-0.413603310486222,-0.18038122478024543,-0.10148741983333481,-0.21706092460241663,-0.4380577917106953,0.03122857650324604,0.29907450321748313,0.792502453769455,-0.9811517562441756,0.10252970232736049,-0.5052851812722196,-0.4579821934129152,-0.16357850509798286,-0.14426367095676554,-0.38958885537123983,0.06883706211640156,0.44341429220050765
0.9598627506462377,0.952334771600124,1.0,0.9456155018355263,0.9064261761901529,0.930208638216762,0.9468177151547938,0.9412780175977852,0.9221485399449123,0.9089860857221331,0.9167630718098744,0.8922397268531663,0.8896883470019571,0.8745536277077878,0.8948767220293724,0.862134421858821,0.947194115532933,0.8388034524514569,0.8022363473197462,0.8880375289703374,0.8704997027541581,0.8316460595441142,0.7915583857051867,0.8151445627728169,0.8913058269028843,0.8837504719732768,0.9343331241371341,0.948821360010678,0.955063667022333,0.9408513878712408,0.8586056095258257,0.8025825193824611,0.9436870137947774,0.9252174767262878,0.9286821163298629,0.9159724461600679,0.9008923010466806,0.9339493481408745,0.9118884004203817,0.8055202083324224,0.8814876217219199,0.9253440843253226,0.9224527169408272,0.8651487597103106,0.8723696782402389,0.772474188321512,0.8999151097068326,0.6135348799180588,0.7523450505481213,-0.9518621266115682,0.10476976004323951,-0.523143377592991,-0.36071279506524573,-0.21870406604592432,-0.10093788787790543,-0.28251958547890604,-0.4945062749138775,-0.011509346890333935,0.28699862676882576,0.8127287814718062,-0.9511317913238829,0.10756843426146227,-0.5052697218978516,-0.40628584690897596,-0.17957497859207705,-0.16157074357458928,-0.45934034097319687,-0.01974629951360455,0.44164977166950403
0.926380099976922,0.938024843533704,0.9456155018355263,1.0,0.8889302103483645,0.9234151731576578,0.927800399730979,0.9206961127855269,0.9155128557267908,0.9048804336395778,0.8898923085787375,0.880483508314404,0.9237833001376244,0.835836172136968,0.8966969176492626,0.9042316052275114,0.9217865786685323,0.8561366332300552,0.8067329927846586,0.8888034488149618,0.8789158739719202,0.8604945589366553,0.7834267416437152,0.8196621738257481,0.8752795095392518,0.8441529008994803,0.9302596758829113,0.8943163602482903,0.9211992091316114,0.9304849675851696,0.8700332648713548,0.8087197731978221,0.9255408302498241,0.9211880422940071,0.9172217595349542,0.9095224755637924,0.895780488275263,0.933199326034453,0.8988625267473913,0.8091034196532634,0.8362307025391306,0.9046974577035488,0.8816955357600176,0.8691571512334492,0.8876653531015744,0.8207866897620406,0.8786386577800438,0.6046654011478789,0.725205812438766,-0.9407770957853697,0.11886234267784904,-0.510786087523717,-0.34649305723475254,-0.23589383558513058,-0.10317019988478758,-0.27189659119110354,-0.49230379353166875,-0.04277460194233996,0.26076670957707543,0.775529081162236,-0.9373471196168027,0.12294506708339797,-0.4674845939567097,-0.4202476037467029,-0.2120410470071648,-0.1449019397777607,-0.4452911725022955,-0.01096293934208509,0.4127768042852042
0.9132262629639041,0.8900021722180826,0.9064261761901529,0.8889302103483645,1.0,0.8890315828511812,0.8511794184628871,0.8962161520680344,0.8614841518212702,0.883024145377853,0.8782905559323267,0.9078760151525348,0.8594718855692199,0.8552612439782382,0.8431523375781733,0.7969479302357466,0.8631758063834786,0.7187882646293285,0.6651031179906328,0.8206439200441349,0.9065051569847566,0.7577437991813142,0.7192882957371332,0.7679682695575375,0.8463621779956101,0.755574070710211,0.871842302308528,0.9037046782718176,0.8707926592483021,0.893091526059342,0.7652440435757646,0.7589411241326253,0.9196775241812768,0.8663568668583512,0.8575883604126362,0.8476329501166607,0.8503942097285493,0.8663406106973371,0.8406812738444427,0.7504783122992269,0.8220735255847444,0.8421525155419239,0.8348901348461033,0.8093403053445412,0.8538926609981883,0.765233058331398,0.8177162483546172,0.5816010643939451,0.666993618976134,-0.8802974092927538,0.1487624208999069,-0.423359397872507,-0.24137373905151135,-0.15976723805285667,-0.07284646547697969,-0.2437169970407264,-0.4285975598626094,0.011856172089396851,0.378055083384194,0.7343588025883412,-0.885061436478087,0.21393238312564883,-0.42509298605522117,-0.3044707151511735,-0.13899912822849633,-0.12170740280799004,-0.3827740016459831,0.013703401065837706,0.48471978556844875
0.9175495720451018,0.9512894559891819,0.930208638216762,0.9234151731576578,0.8890315828511812,1.0,0.925268751101856,0.9366284586899118,0.9267406418578588,0.9236147931918499,0.9061707747980471,0.8768326991674914,0.9058843034062526,0.8772565944494191,0.8936111630082171,0.8728653791887089,0.9184535086953055,0.8559689837656486,0.8520042424873272,0.9304995613966893,0.8762878310970146,0.8112213189697814,0.8239989584876167,0.8110570701892873,0.8549356902512895,0.8711531130114315,0.920448714696211,0.900883538295021,0.9398191139361416,0.9231228497147494,0.844515044411102,0.7770192388785881,0.944209324512064,0.9208790352440126,0.8991847174887798,0.9022329424825121,0.905480840062906,0.9271143943373793,0.9051683007096488,0.79272796090392,0.9183566894393056,0.9295479058187133,0.9057811024974971,0.8916756946933936,0.8702223863561067,0.7978920539739575,0.8671118310127113,0.6239974050367509,0.7042892480349051,-0.933735715406912,0.060660278983779736,-0.4757029016354224,-0.32083136218329555,-0.1541722807292113,-0.07157403784485356,-0.23200583428510255,-0.45743821709338595,-0.007877581870661858,0.29141794859401965,0.7395541492727872,-0.9328817146478503,0.11082668239039789,-0.4664201566703295,-0.3710398677691979,-0.1478119548038927,-0.13649172442896088,-0.3910881172967009,0.037857421721800046,0.43287346100116597
0.9054237611198628,0.9676692552847981,0.9468177151547938,0.927800399730979,0.8511794184628871,0.925268751101856,1.0,0.9492926741881136,0.9450873414495283,0.9295737241064074,0.9197740473474447,0.8818209643107563,0.917478820458744,0.8663126483289376,0.9176986522373056,0.9156765466843855,0.9725819272514803,0.8953977544913507,0.83323582984208,0.9326104287141471,0.8434191142373241,0.8804202468934884,0.8701774702158516,0.8722386512794394,0.8910478552895654,0.9459575839288732,0.9438938822986789,0.9094725513310637,0.9669327809576653,0.9480919654641768,0.9069072580920401,0.8606066074659792,0.9421866366663665,0.9476261564650722,0.942222955438437,0.9528967990105025,0.926875994973203,0.9572892703045126,0.9510588497686809,0.8783232226602568,0.9007452647069278,0.9610531925200154,0.9527384737551612,0.9055861545228971,0.8854396383568828,0.8127987263857851,0.9106325868720165,0.7149244176016722,0.7471400216389757,-0.9619992215172225,0.0857407372619123,-0.49651911752001826,-0.4006223294886077,-0.1453356851308849,-0.09158004232634243,-0.22134273612981478,-0.4418178746086704,0.004111248560646034,0.2691751057310145,0.7615251277789274,-0.9613513486715848,0.09720368645193517,-0.4721948810639725,-0.4409513641383128,-0.10953229945358202,-0.12466650167399712,-0.39724405280830105,0.05135189885069325,0.4151132467916102
0.928963761127537,0.9730914154579676,0.9412780175977852,0.9206961127855269,0.8962161520680344,0.9366284586899118,0.9492926741881136,1.0,0.9576057561462467,0.9432399361562569,0.9678278064487753,0.927669342275131,0.9423757543741161,0.9312961807116342,0.9367648973676349,0.9149936508938729,0.95977095343392,0.8669715526407443,0.7965554423283597,0.9015597317297799,0.8821290851648294,0.8662415467498781,0.8709745399761655,0.87321126006105,0.9294297651990784,0.8822450920369659,0.9709683247380363,0.920387362619793,0.9601752609852796,0.9660605858107536,0.895520539225676,0.8577287004975706,0.973079123076448,0.9734799640965414,0.9559112616298442,0.9571446841131472,0.9629138836955796,0.9711463535363243,0.9528802813571567,0.866738114928508,0.8826719200515607,0.9482325174791776,0.9215057290637321,0.9110714500796739,0.8940827362614794,0.8118096380203083,0.9308575807242281,0.7223564228985779,0.764335268686149,-0.9712582547379023,0.0425589180716536,-0.5117447645795995,-0.4106874062522299,-0.19969656083259987,-0.1029637413003972,-0.14307042434262676,-0.3856591427616056,0.0028764323468985845,0.2987405995184363,0.7912477876944473,-0.9713076189757927,0.11121756051978704,-0.5059732088539447,-0.4829970928861396,-0.1819917556821445,-0.15897558932137612,-0.3193987497504398,0.0997874765027418,0.45283480972447976
0.9011415989666894,0.965793722661803,0.9221485399449123,0.9155128557267908,0.8614841518212702,0.9267406418578588,0.9450873414495283,0.9576057561462467,1.0,0.9389651774287094,0.9303383955626716,0.9030045454138489,0.927643039384598,0.8814337221080203,0.9231220048946043,0.915278417197743,0.9481632391709982,0.8603096102323332,0.8129743921518063,0.9109956019690728,0.8557974185439474,0.8510441591025847,0.8557740546908224,0.8628215827144122,0.8962893278071563,0.8880139536279095,0.9418024922597772,0.8944219183791348,0.9512842657357724,0.952474822472781,0.8919004838143108,0.8419268530498163,0.9500553920703103,0.9500724922183655,0.9435571270121474,0.9483680998780121,0.9375752447891333,0.9504448763348194,0.9420521111645572,0.8669915433930994,0.8786171000822514,0.9456388354962546,0.9277434520299062,0.8974302971993591,0.8835965794572385,0.8018217309997353,0.9085439276506148,0.7084199508042475,0.7765541529132464,-0.961448119773019,0.03733485246419154,-0.5450394917789343,-0.4335026937978739,-0.20127219726625806,-0.10032318280622533,-0.2152780865316233,-0.41063577893124653,0.04481990311883529,0.2828392578484102,0.7827012568531714,-0.9626929145108671,0.0659501690122404,-0.5168723763965639,-0.4741640373651901,-0.1800058043186848,-0.1548685304711491,-0.3754124758570419,0.08846964200443785,0.4099096550896868
0.8781858846271696,0.9489161005301551,0.9089860857221331,0.9048804336395778,0.883024145377853,0.9236147931918499,0.9295737241064074,0.9432399361562569,0.9389651774287094,1.0,0.9257006510762964,0.8923505399830312,0.9134945209307425,0.8742640620016829,0.8760228666231251,0.8743853045985855,0.9391829304543226,0.8405201148716873,0.7708929431685342,0.9028487996797011,0.8662904852163295,0.8298826456078321,0.8320198498026309,0.8524431675158411,0.8625354562068365,0.8746269370477241,0.9154751264381761,0.8865414500319316,0.9295888968581449,0.9341649621000224,0.8684524310396057,0.8339229170802959,0.9320213047903226,0.9244550831193056,0.9254091064902211,0.9268987599793574,0.91580700076789,0.9256024376398542,0.9189420261154995,0.8353567466982514,0.8899225309612521,0.932665697772873,0.916924138270728,0.9190973187860226,0.9327031323665029,0.8609852376307459,0.8843015984522221,0.6803703201713748,0.7343652942803586,-0.9393864544592426,0.06589469360114782,-0.4754634755453768,-0.4067843362754008,-0.1758100719927425,-0.09230258960894928,-0.19983755477903584,-0.4177123724016719,0.04061456164672725,0.3229557576818928,0.7598323313905448,-0.943497420296387,0.12058797550674832,-0.45075739722287705,-0.45877209749465103,-0.15349692882283766,-0.1295776363408804,-0.36490801731668,0.08935646278922793,0.4440567947036478
0.9057187761241873,0.9420439450241568,0.9167630718098744,0.8898923085787375,0.8782905559323267,0.9061707747980471,0.9197740473474447,0.9678278064487753,0.9303383955626716,0.9257006510762964,1.0,0.9049097371074574,0.9220727710434679,0.9298375832548834,0.8972968097796713,0.882544033676999,0.934649640999163,0.8501950578256877,0.748754240801352,0.8616651443898043,0.8513098970248713,0.8539252337580124,0.8607982109059265,0.8597904249541668,0.9096538990848237,0.8541867077692938,0.9469901753403928,0.9010226513439343,0.9298270969912259,0.9407018805420855,0.8834494454879792,0.8332899568609187,0.9457960287745759,0.9435051012737297,0.9376796953837571,0.9347668552987565,0.9507563790847791,0.9439722882375622,0.9336635534039355,0.845821805396373,0.8558940395042638,0.9188801838492007,0.8893406807310998,0.8771421314196735,0.8693030906096866,0.7815013179421116,0.9171166004017641,0.7283665597123288,0.7489072327493428,-0.9432352987254728,0.02797443357732453,-0.48167269642006655,-0.40954721992144816,-0.18929335986533039,-0.10950712364430283,-0.10115844766001798,-0.3554252377481045,0.016569714442560644,0.30667212976824576,0.7798531642079567,-0.9415725233488792,0.09192241104303606,-0.481427437563067,-0.4853996530426132,-0.1674433095257163,-0.1717757837513831,-0.2801713920612146,0.10525687038006722,0.45926860916280016
0.9004113348504476,0.9185637650749358,0.8922397268531663,0.880483508314404,0.9078760151525348,0.8768326991674914,0.8818209643107563,0.927669342275131,0.9030045454138489,0.8923505399830312,0.9049097371074574,1.0,0.9140472747930554,0.8797795976431441,0.9153942479455572,0.8819805569055124,0.9042967479713053,0.7762852791513195,0.7189447855700689,0.839789013568029,0.9371035698985376,0.8287960253220349,0.8036030340931676,0.8091058997958505,0.9175096645524997,0.8045444713810544,0.9120136793747332,0.8999967573356211,0.8988977400345471,0.9428863222663981,0.823490367866993,0.8304229935357851,0.9410170085103201,0.914251189596075,0.8936781447939195,0.8976918367933846,0.8931965180281132,0.9081536029662964,0.8873355431197102,0.829964353697829,0.8120773332220516,0.885479069226045,0.8784629067196769,0.8509045445597992,0.8490272837190562,0.7820731942882635,0.8631817777116833,0.6763533929557501,0.6875811450857745,-0.9074585574801772,0.12228854246184326,-0.43022984001404413,-0.29767041763049945,-0.1483441916004006,-0.08764070868104828,-0.18941908723437992,-0.33518975690678887,-0.004473564548570847,0.36857795217465156,0.7354420074401038,-0.9179105558357371,0.19202529212272826,-0.43780505862420727,-0.36695238538439534,-0.13312893644151252,-0.1016419548063017,-0.27805985324987886,0.09564468300533324,0.45994899637535563
0.8704277602673437,0.9387935094121073,0.8896883470019571,0.9237833001376244,0.8594718855692199,0.9058843034062526,0.917478820458744,0.9423757543741161,0.927643039384598,0.9134945209307425,0.9220727710434679,0.9140472747930554,1.0,0.873863997274697,0.9171408251170068,0.9362787509223068,0.9217024504311605,0.8795167195577451,0.8057543818013632,0.8866762349438458,0.87253795069825,0.9153682879199788,0.8706450721384262,0.8651684948418247,0.8980959109389934,0.8493395097702213,0.940133966393983,0.8525051762940599,0.9125652388271076,0.9376707264253796,0.9087902202381264,0.8553106115469552,0.9324860674975136,0.9431530468613752,0.9285051528024257,0.9397888391868705,0.9347983586727993,0.9454761094732748,0.9286204063610193,0.8670942183482102,0.8195099467907112,0.915489913838714,0.8875505344507633,0.8814392970411487,0.8783425755117549,0.8087255781938293,0.8953504539440492,0.7369511727450874,0.7081418896839615,-0.9366232499864601,0.08376527088177188,-0.48081516977320643,-0.4088522990737312,-0.2017175775372549,-0.10442898404110998,-0.14901294653869715,-0.35397559654596306,-0.03795446566944886,0.26572476387433136,0.7301859864063871,-0.9375780683932755,0.14131233450244154,-0.4466687306412826,-0.5014144590799536,-0.18968663877344397,-0.11568858742364696,-0.2885342342196305,0.10717088830525622,0.4260361612292353
0.8842155743498438,0.9005718536765417,0.8745536277077878,0.835836172136968,0.8552612439782382,0.8772565944494191,0.8663126483289376,0.9312961807116342,0.8814337221080203,0.8742640620016829,0.9298375832548834,0.8797795976431441,0.873863997274697,1.0,0.8761476925612158,0.8347287250328721,0.8897361842741255,0.8120860884223202,0.6717945707415809,0.8344413777047028,0.8358908486480932,0.810876871834438,0.829488651291825,0.8333161200530372,0.8580430485510654,0.7893730302527775,0.915729410532403,0.8602442396824566,0.8756241991006157,0.8950042692208484,0.8260590690381193,0.800097399435954,0.9180864669374934,0.918262766681918,0.880042724971383,0.8912317838851346,0.9424784302118739,0.9118639724872725,0.8881401852652016,0.8068950329444848,0.8401392620188415,0.8694358792943961,0.8337681983294415,0.8156310153284156,0.8119200028890257,0.735637676639591,0.8660330746842235,0.7250720674992078,0.6967293486254701,-0.8976451121745238,-0.043171525435476914,-0.4460968286232671,-0.33659618563248944,-0.11347965070331179,-0.07886539286560056,0.007390820920423427,-0.34184458385073685,0.007405876395043923,0.30870039367387025,0.7521657998891714,-0.8918741659356223,0.10198356855808857,-0.4632916629841723,-0.4448042399340215,-0.1014162207161353,-0.17783862705235481,-0.25855144444013406,0.03515133448690736,0.5182898086855102
0.8962245206867143,0.936232207208508,0.8948767220293724,0.8966969176492626,0.8431523375781733,0.8936111630082171,0.9176986522373056,0.9367648973676349,0.9231220048946043,0.8760228666231251,0.8972968097796713,0.9153942479455572,0.9171408251170068,0.8761476925612158,1.0,0.9273978990483778,0.9255730335632187,0.8313036040659659,0.7928922408613214,0.881371136959419,0.8795109968553985,0.8542409034583721,0.8548289197728004,0.8339554347816484,0.936841743777623,0.8504660197021162,0.9488536028976221,0.8797551049124329,0.9283178667106395,0.948698786646023,0.8799131818159168,0.857282371985905,0.9477366935167394,0.9560520350819671,0.9044137796273064,0.9267374383254517,0.9215736008400439,0.9556724747152944,0.9224156986207309,0.8702197066734443,0.8155413358095752,0.9124371792801856,0.8860689006548973,0.876704356426742,0.8512295222251778,0.8114755540592158,0.88127334287957,0.7189810887152197,0.7019873229332014,-0.9360917549353499,0.03838321091749207,-0.49932649752530645,-0.33749877817893115,-0.1850071229101456,-0.07215856971378551,-0.17986932912401196,-0.3706272086810054,-0.06509337745809798,0.2548594378191036,0.7257476467312919,-0.9393286949244051,0.10467448136926207,-0.48759376933091825,-0.41171738378941597,-0.18019113868436804,-0.11548589269391701,-0.3214637256201683,0.07192782629278995,0.3910492815758654
0.839872057134822,0.9187042546251055,0.862134421858821,0.9042316052275114,0.7969479302357466,0.8728653791887089,0.9156765466843855,0.9149936508938729,0.915278417197743,0.8743853045985855,0.882544033676999,0.8819805569055124,0.9362787509223068,0.8347287250328721,0.9273978990483778,1.0,0.9114640740742734,0.8928181633583722,0.8026483871342629,0.8667251010308803,0.8149232029506104,0.9050968448364538,0.8858967451354185,0.8721222241842302,0.8960951513267197,0.8529724489920475,0.9325506727223648,0.8209793718448397,0.8973554381846469,0.9178153403543815,0.8960357485014936,0.8611278376623187,0.9147299467686325,0.9334799076764942,0.9066027962556564,0.9305527464430315,0.9209621072309285,0.9442696672968709,0.9234920483158108,0.8993122054841126,0.7862184427517768,0.8985131674394611,0.868377629877399,0.8705558565277457,0.8433696907818818,0.8086638196576833,0.8836491499902043,0.7569221700573328,0.7038450934076816,-0.9200862635645782,0.06934720310342432,-0.46864957883953307,-0.38145583941415423,-0.1755519140192295,-0.08110881581070487,-0.1313155102734304,-0.3275680038180889,-0.027245254062681575,0.23474101741380946,0.7048587067044293,-0.9186574323251224,0.10154167615711442,-0.4363898910262506,-0.46656965922228727,-0.16580995660224865,-0.10274862067484296,-0.27107217755553403,0.092982927144143,0.3810077617667315
0.9129162939475882,0.9697894722440951,0.947194115532933,0.9217865786685323,0.8631758063834786,0.9184535086953055,0.9725819272514803,0.95977095343392,0.9481632391709982,0.9391829304543226,0.934649640999163,0.9042967479713053,0.9217024504311605,0.8897361842741255,0.9255730335632187,0.9114640740742734,1.0,0.880851196230393,0.8118683472082063,0.9180652162444639,0.86896894675412,0.876112861447969,0.8589517789265919,0.8811946466295545,0.9076415216902075,0.9139462228574384,0.9517216567990656,0.9161492855044047,0.9621466990074671,0.9609171198219232,0.9036753949304015,0.8785756720164347,0.9506000886851016,0.9581471033682013,0.9483643757745097,0.9591042080817667,0.9405944469228682,0.9618822091162903,0.9486221065529525,0.877688046511832,0.8831165000610789,0.9607250518487098,0.9441861966177872,0.9111574739039594,0.9019281302605544,0.8235235242070094,0.9175474666254889,0.7216815543465115,0.7541808666160194,-0.9660198107159486,0.08431420485375395,-0.4967040255652286,-0.40774026098333177,-0.1734133028114873,-0.10833417438064981,-0.20543509535205018,-0.41486714685087667,0.0013589610698678221,0.2784063663336584,0.778202237154289,-0.9670535996984713,0.12030941177408808,-0.47247674186323146,-0.46302655070684634,-0.1385604024534805,-0.13691918747757936,-0.36566164273263996,0.05310976024755298,0.4331921034764551
0.7773096451439798,0.88036831498329,0.8388034524514569,0.8561366332300552,0.7187882646293285,0.8559689837656486,0.8953977544913507,0.8669715526407443,0.8603096102323332,0.8405201148716873,0.8501950578256877,0.7762852791513195,0.8795167195577451,0.8120860884223202,0.8313036040659659,0.8928181633583722,0.880851196230393,1.0,0.8615600233620327,0.858743561521857,0.7307027431323154,0.8988362892690597,0.8978846947453158,0.8279979550712103,0.7984468383984082,0.8550488164541081,0.8798647605629394,0.7624674713835425,0.864188510898496,0.8588465425604878,0.8891800100883173,0.7778926936840914,0.8515454838910339,0.883945867438652,0.8709299107202594,0.8862374108595745,0.8872271892554652,0.8933199944958208,0.8983491107552538,0.8161584948151,0.7997973115248271,0.8775598558115387,0.8524674675384689,0.8227169322736204,0.7904847440081616,0.7335595329545838,0.8593555570255637,0.7312761261383934,0.6813690577067542,-0.8849515157506507,0.013725143474694506,-0.4703849641254866,-0.44674792723161877,-0.17712054020007684,-0.11269832989732766,-0.10772350083221309,-0.40532930587298177,-0.011185228015158987,0.17607265198108252,0.7066708650020985,-0.8763738174063435,0.022610550737814098,-0.4349271871200235,-0.520305778035013,-0.1718293156317388,-0.1631475142239548,-0.33471868295311,-0.004740905059199961,0.3987225690628004
0.7594104819787386,0.8365690052353231,0.8022363473197462,0.8067329927846586,0.6651031179906328,0.8520042424873272,0.83323582984208,0.7965554423283597,0.8129743921518063,0.7708929431685342,0.748754240801352,0.7189447855700689,0.8057543818013632,0.6717945707415809,0.7928922408613214,0.8026483871342629,0.8118683472082063,0.8615600233620327,1.0,0.82917293344086,0.712156762898777,0.7458752231091057,0.7763296320632541,0.6793302257049777,0.7421054972201065,0.8079866589864882,0.7943680744719581,0.7451032016651085,0.8433932248966111,0.801140464793039,0.7701014852741764,0.652996476818827,0.7977729712799033,0.8024407812626649,0.7797632439454191,0.787410684359752,0.7651079321398854,0.8177442792213521,0.8072859237862262,0.6903450328516042,0.7773390212799272,0.8509224609557468,0.8154075655346724,0.8184902737867311,0.732585602308653,0.687909315896682,0.7679453575113554,0.5070454070191898,0.5853669169807726,-0.8170990958329604,0.09926776725718281,-0.43184193819661393,-0.39160638417392185,-0.1617770053877655,-0.08970758334880742,-0.30065661309115127,-0.4267871582377186,-0.006639780741226874,0.14806267215974472,0.5922909460929376,-0.8214307744027664,0.05015666603707104,-0.39953745965606957,-0.3930152258445136,-0.1655552415702624,-0.10105284166749781,-0.37768406529825077,0.04605668554396206,0.28254552908003044
0.8511242531940083,0.9352796003306522,0.8880375289703374,0.8888034488149618,0.8206439200441349,0.9304995613966893,0.9326104287141471,0.9015597317297799,0.9109956019690728,0.9028487996797011,0.8616651443898043,0.839789013568029,0.8866762349438458,0.8344413777047028,0.881371136959419,0.8667251010308803,0.9180652162444639,0.858743561521857,0.82917293344086,1.0,0.8490482191467784,0.8470448269061898,0.8500906315561723,0.8375503658697749,0.8083727705424032,0.8781950939239562,0.887614906011173,0.8486668209422615,0.9264634032709076,0.9063291203776197,0.8790418257232913,0.8271761450975252,0.9091596551799751,0.9070129757723456,0.8896912018978695,0.91549314536619,0.886407029402673,0.9150441175084236,0.9167963354854205,0.8420970705534273,0.9157937643218189,0.9131184064311042,0.9101324657782704,0.8883924293919372,0.8499128218081067,0.7766831623410425,0.8455490346514108,0.700523105479281,0.6975269026388325,-0.9186136798749948,0.05967159060569819,-0.48160631584758434,-0.36640548418768876,-0.14010013528588636,-0.08882776948017465,-0.23558984197836266,-0.4675594894844459,0.0015191625369027507,0.23749259768534478,0.7001295473914355,-0.9197670693062806,0.10899637386178668,-0.43653982674289804,-0.4056503257729426,-0.1163996902639076,-0.11151075073412128,-0.4009122654311683,0.03669605842380961,0.376923412018743
0.8814485028693706,0.8843473136659604,0.8704997027541581,0.8789158739719202,0.9065051569847566,0.8762878310970146,0.8434191142373241,0.8821290851648294,0.8557974185439474,0.8662904852163295,0.8513098970248713,0.9371035698985376,0.87253795069825,0.8358908486480932,0.8795109968553985,0.8149232029506104,0.86896894675412,0.7307027431323154,0.712156762898777,0.8490482191467784,1.0,0.773431487384169,0.7230151312595134,0.7503385084087288,0.8478706942185661,0.7504125854046804,0.87063592701439,0.869054469105145,0.8642947698705808,0.9071320382508102,0.7809032205650815,0.7953462504800506,0.9060584092516343,0.8771550459246719,0.8373300812088251,0.8459090814394923,0.8399938150813807,0.8653365863476249,0.8289032228846208,0.753362109624861,0.8171069372932358,0.848358803697455,0.8352001405421052,0.8267529302793809,0.8444983710386671,0.787769031783436,0.7886088507593051,0.5878322275951964,0.6562938079085637,-0.8737244807759292,0.14858952568043365,-0.40897365133934166,-0.23961487858848543,-0.1573056099256723,-0.0925971072677123,-0.24483237144281053,-0.41921351400215207,-0.07456470190403644,0.3369620933919376,0.6940337209359605,-0.8824082938422234,0.2391631110304204,-0.41067335478594125,-0.3109244288731287,-0.15102585539122326,-0.10773630086028702,-0.3452416226515617,0.02731359011373444,0.42634645888672335
0.7745677700413282,0.8752105953519249,0.8316460595441142,0.8604945589366553,0.7577437991813142,0.8112213189697814,0.8804202468934884,0.8662415467498781,0.8510441591025847,0.8298826456078321,0.8539252337580124,0.8287960253220349,0.9153682879199788,0.810876871834438,0.8542409034583721,0.9050968448364538,0.876112861447969,0.8988362892690597,0.7458752231091057,0.8470448269061898,0.773431487384169,1.0,0.9024469793778745,0.8703037665543365,0.8564767213358307,0.804659147414608,0.8821394104311707,0.7795298142555752,0.8484434209514219,0.8828521985046787,0.9431511821420622,0.8634106551958908,0.8585307154308839,0.8914848094065202,0.8921747835140177,0.9174704172379476,0.8890777989197661,0.8994838094318227,0.9135243275887828,0.8978659809979629,0.7475166820757079,0.8504552686514681,0.8331347162160887,0.7958449103276425,0.8021608485905457,0.7313809736317143,0.8774764339796611,0.8256052043128732,0.6579859715952789,-0.8800493123342112,0.07189525461170702,-0.45616479098746476,-0.42445697557634093,-0.19290918089553977,-0.09974366508582076,-0.11084241021807208,-0.29902885526102563,-0.05182923373756755,0.21838844700203291,0.7003198922849394,-0.8807429235442368,0.12735900185747945,-0.40036925841037385,-0.515580743654485,-0.16088218037655386,-0.10033131658265738,-0.23114045671524308,0.0822613494411421,0.39279623240633194
0.7501323296920719,0.8729670534871531,0.7915583857051867,0.7834267416437152,0.7192882957371332,0.8239989584876167,0.8701774702158516,0.8709745399761655,0.8557740546908224,0.8320198498026309,0.8607982109059265,0.8036030340931676,0.8706450721384262,0.829488651291825,0.8548289197728004,0.8858967451354185,0.8589517789265919,0.8978846947453158,0.7763296320632541,0.8500906315561723,0.7230151312595134,0.9024469793778745,1.0,0.8655969082366823,0.8286418413493098,0.8256972179479047,0.8703402358220207,0.7645176427513954,0.8586464501508702,0.8571199101958878,0.8872708414964152,0.8068410559231327,0.863906221529162,0.8872629693604748,0.872146325639577,0.9019625986294479,0.8952902276022162,0.896263410808048,0.9376877487773729,0.8958500545007319,0.7926324160264681,0.8555039825083711,0.8347524373060883,0.8073516262074852,0.7652669551898719,0.7056337263497632,0.8759038438256711,0.8654684140138738,0.64345294794383,-0.8693990259797392,-0.021341342820732356,-0.4433411800693268,-0.43860690852142703,-0.12614937626729156,-0.06815128361795028,-0.04436715362304482,-0.2745873249253028,0.04048477629174926,0.21750473016534924,0.6308002177744881,-0.8668154673249635,0.05836904368436971,-0.4141909768537189,-0.503320752457061,-0.11278188074744276,-0.09284538563270125,-0.20767501358491142,0.10808942619014177,0.4150686488104079
0.777813137221295,0.8745554879076229,0.8151445627728169,0.8196621738257481,0.7679682695575375,0.8110570701892873,0.8722386512794394,0.87321126006105,0.8628215827144122,0.8524431675158411,0.8597904249541668,0.8091058997958505,0.8651684948418247,0.8333161200530372,0.8339554347816484,0.8721222241842302,0.8811946466295545,0.8279979550712103,0.6793302257049777,0.8375503658697749,0.7503385084087288,0.8703037665543365,0.8655969082366823,1.0,0.8247821241984161,0.7949062694681311,0.8753050867254369,0.7896115394452812,0.8505391171503124,0.8651613736438896,0.8673125541173851,0.903436487837056,0.8650837135989625,0.8852138747138463,0.8795592515736393,0.9279398055896853,0.891021717138598,0.8935262403777174,0.9013326144491222,0.9182270161299897,0.7891628482028866,0.8535240696464369,0.8226729632960572,0.8096647186823223,0.8049686463649102,0.7321794403396695,0.851287317920372,0.8689192282177581,0.6655817979379451,-0.8715264293645326,0.04162776160513813,-0.4343005645329764,-0.41995218706494514,-0.1364336331647561,-0.11396977744354846,-0.04385877079058888,-0.27996671030775094,0.006514225277564879,0.25188557986788146,0.6692891496013578,-0.8691579725676013,0.13419832203752793,-0.4060890413508185,-0.49712104628574977,-0.11879500616523057,-0.12042956388903577,-0.22231790826625353,0.08563704919512276,0.4248441208905646
0.897426870157588,0.9117877806776694,0.8913058269028843,0.8752795095392518,0.8463621779956101,0.8549356902512895,0.8910478552895654,0.9294297651990784,0.8962893278071563,0.8625354562068365,0.9096538990848237,0.9175096645524997,0.8980959109389934,0.8580430485510654,0.936841743777623,0.8960951513267197,0.9076415216902075,0.7984468383984082,0.7421054972201065,0.8083727705424032,0.8478706942185661,0.8564767213358307,0.8286418413493098,0.8247821241984161,1.0,0.8078052643712432,0.9408301418488773,0.9033959936957665,0.9054422006245919,0.9385497901633026,0.8611951386786466,0.8358397968916046,0.9348418688889335,0.9299176366345577,0.9062109908494503,0.9089437610370147,0.9002013973909123,0.9300862349069762,0.9025491253525096,0.8544168434504177,0.7608577374758401,0.8811082021296137,0.8658697217631536,0.8506031320475379,0.8331274413173513,0.7751837358986134,0.90259963335027,0.699698604736043,0.6857708331571084,-0.9124316904582563,0.08391696905632824,-0.48980264563170134,-0.3417610530564514,-0.18741230679261148,-0.08790310221643079,-0.17350451034055583,-0.287194597295065,-0.06374855603302111,0.32524158297874683,0.7472312096849574,-0.9195538483988135,0.14427488272687447,-0.46354216675980625,-0.4208004485374472,-0.1658858640122708,-0.1044425183033121,-0.22857376522494535,0.16824958060153286,0.43643704985439696
0.8234964144009636,0.9033483758398793,0.8837504719732768,0.8441529008994803,0.755574070710211,0.8711531130114315,0.9459575839288732,0.8822450920369659,0.8880139536279095,0.8746269370477241,0.8541867077692938,0.8045444713810544,0.8493395097702213,0.7893730302527775,0.8504660197021162,0.8529724489920475,0.9139462228574384,0.8550488164541081,0.8079866589864882,0.8781950939239562,0.7504125854046804,0.804659147414608,0.8256972179479047,0.7949062694681311,0.8078052643712432,1.0,0.8684740849439956,0.8383918836354413,0.9178064011061023,0.8731495092972064,0.850030370633182,0.7841608806500617,0.8650481814202778,0.8744461840071205,0.872639473036559,0.8859936775141365,0.8515401670646248,0.8846021650042534,0.8860357110925944,0.8101841624567533,0.8807644649522574,0.9242836590245512,0.9265324193870739,0.8474243520685729,0.8154745880643834,0.7339475401606113,0.8432383160598029,0.6597820054868959,0.7091851948273649,-0.8971551648021591,0.07021774303631527,-0.4714339164539172,-0.3976721267362413,-0.11365582644115446,-0.08690124933806953,-0.22753577706811973,-0.4443094279225281,0.01217829968351484,0.21130451300957392,0.6986904587415197,-0.8972511333306337,0.016967207174857273,-0.46838624640642257,-0.40564631510243726,-0.07948784390314956,-0.10103080621686392,-0.40296076877117354,0.02656810114279394,0.33015311573137335
0.9268351968575149,0.9608222245539264,0.9343331241371341,0.9302596758829113,0.871842302308528,0.920448714696211,0.9438938822986789,0.9709683247380363,0.9418024922597772,0.9154751264381761,0.9469901753403928,0.9120136793747332,0.940133966393983,0.915729410532403,0.9488536028976221,0.9325506727223648,0.9517216567990656,0.8798647605629394,0.7943680744719581,0.887614906011173,0.87063592701439,0.8821394104311707,0.8703402358220207,0.8753050867254369,0.9408301418488773,0.8684740849439956,1.0,0.9086534307352827,0.9479038327399895,0.9621361282407118,0.9086873098369093,0.8672117774687927,0.9657403433762949,0.9748315970722596,0.9514090839130017,0.954605395547767,0.9578408216499402,0.9761912398311463,0.9451799843705797,0.8694606451476955,0.8488055765682506,0.9355377626579923,0.9027989666072563,0.8946681346425046,0.8698642822308275,0.8102796317714822,0.9255815643066576,0.7291093181149498,0.767120858124791,-0.969207371353521,0.024085148066042072,-0.5368679158053894,-0.4057872917964227,-0.2234129112482107,-0.10246932536708614,-0.11923117544634793,-0.40941696923019244,-0.03890669147562133,0.27389112698993806,0.7954599175829967,-0.9637826756754692,0.0897985199557821,-0.5180748265761095,-0.4928698084496754,-0.2037901366161513,-0.16867043123537465,-0.33922256758988034,0.06287938116423981,0.46122505800450597
0.9604714747919156,0.9265977613111781,0.948821360010678,0.8943163602482903,0.9037046782718176,0.900883538295021,0.9094725513310637,0.920387362619793,0.8944219183791348,0.8865414500319316,0.9010226513439343,0.8999967573356211,0.8525051762940599,0.8602442396824566,0.8797551049124329,0.8209793718448397,0.9161492855044047,0.7624674713835425,0.7451032016651085,0.8486668209422615,0.869054469105145,0.7795298142555752,0.7645176427513954,0.7896115394452812,0.9033959936957665,0.8383918836354413,0.9086534307352827,1.0,0.9368907018951739,0.9258730562113274,0.8184708027255888,0.7856940444471475,0.9336598765655729,0.8936173001878996,0.8965002585168413,0.8847001471133114,0.8708784761013686,0.9039065143832549,0.8807505179639329,0.7797466467177097,0.8699569433439196,0.896580120469686,0.8999236077301828,0.8502628047012578,0.8535975158076644,0.7658654122522002,0.8807156537496029,0.5961163608931235,0.6792867954714372,-0.9110637482680913,0.12794355982145864,-0.4292740687078591,-0.2651704393047966,-0.11899486776596127,-0.07245771388939815,-0.239031447846126,-0.398216303053185,0.03050674938538984,0.39407522139122647,0.7440845610471887,-0.9141434698143943,0.17128207433418144,-0.41011379025275074,-0.31088454217826256,-0.08290045313126707,-0.1181105408502101,-0.35416204110235144,0.04926330036963353,0.49188221401086135
0.9298464169586427,0.9759925367907895,0.955063667022333,0.9211992091316114,0.8707926592483021,0.9398191139361416,0.9669327809576653,0.9601752609852796,0.9512842657357724,0.9295888968581449,0.9298270969912259,0.8988977400345471,0.9125652388271076,0.8756241991006157,0.9283178667106395,0.8973554381846469,0.9621466990074671,0.864188510898496,0.8433932248966111,0.9264634032709076,0.8642947698705808,0.8484434209514219,0.8586464501508702,0.8505391171503124,0.9054422006245919,0.9178064011061023,0.9479038327399895,0.9368907018951739,1.0,0.9614137370068826,0.8974106343333371,0.8422043464229788,0.9595637745423786,0.9516134375844424,0.9457933176467502,0.9488426255472312,0.9262660393473451,0.9575904317949294,0.9475712800796827,0.8569205006090665,0.9102364351104647,0.9612031146381413,0.9506975947390859,0.9104141956940555,0.8851076028189598,0.7965156524860687,0.9163811783672675,0.6890613737406875,0.7515559371965457,-0.9673475675503692,0.0796317424751267,-0.5098437395959428,-0.4020629261570639,-0.17841154412315652,-0.09962162425185221,-0.24834917784883348,-0.4439163530073979,0.02430849546622487,0.29413756056764345,0.7746206062503304,-0.9700549028740265,0.08571974528945085,-0.4960431023615384,-0.42907269041456814,-0.15754741698532787,-0.14820490278492188,-0.39994473289467225,0.07199770942744158,0.4174600968534177
0.9244216657030547,0.9714917885499655,0.9408513878712408,0.9304849675851696,0.893091526059342,0.9231228497147494,0.9480919654641768,0.9660605858107536,0.952474822472781,0.9341649621000224,0.9407018805420855,0.9428863222663981,0.9376707264253796,0.8950042692208484,0.948698786646023,0.9178153403543815,0.9609171198219232,0.8588465425604878,0.801140464793039,0.9063291203776197,0.9071320382508102,0.8828521985046787,0.8571199101958878,0.8651613736438896,0.9385497901633026,0.8731495092972064,0.9621361282407118,0.9258730562113274,0.9614137370068826,1.0,0.9125742079357106,0.8863980238769651,0.9664316997380866,0.9674018881772917,0.9541559831057361,0.9582318606573367,0.939977330741922,0.9640979600609113,0.9464663947218306,0.8785443756174506,0.861976653042856,0.9455779288596141,0.9328462060298099,0.9035483007116081,0.8978401398060794,0.8260519226840994,0.9146546930141002,0.7184632446362609,0.7466824161821942,-0.9702283413519922,0.0614364845263643,-0.5205509486649632,-0.3932639351893119,-0.2153027790622169,-0.09957820189054578,-0.21897536153974362,-0.4124317275387116,-0.010272697331869371,0.30194491966547377,0.7902806634163105,-0.975607859275223,0.1011017754092362,-0.5039301096868528,-0.4549607170929135,-0.19994817217725935,-0.14704246854013778,-0.36047700135239474,0.08366980488662241,0.4274171787587311
