0,1,2,3,4,5,6,7,8,9,10,11,12,13,14,15,16,17,18,19,20,21,22,23,24,25,26,27,28,29,30,31,32,33,34,35,36,37,38,39,40,41,42,43,44,45,46,47,48,49,50,51,52,53,54,55,56,57,58,59,60,61,62,63,64,65,66,67,68
1.0,0.8452312985352479,0.7935848408001709,0.8378226617601028,0.8520238192656422,0.8677672840087339,0.7652559571268035,0.7689914151236888,0.7292303438615076,0.3991771270306831,0.6904883888165809,0.6712439052550001,0.5116095635060096,0.6662765872567549,0.8382316736846486,0.6212914593266755,0.6234018893056353,0.5223320177610418,0.6574564365198051,0.461659241017583,0.4203957043511548,-0.0011626954362734645,0.5596354636816283,0.5206494126090903,0.80655382095719,0.6634467262184108,0.8956052490541117,0.9154066923637723,0.90289248209022,0.8011169800219352,0.6060276945437997,-0.0698201040066268,0.8329607505913978,0.7978172736413112,0.7018020142036494,0.6725447162420237,0.7609802965789533,0.8254830057030158,0.7190727110500309,0.4842656652965379,0.7932286641291445,0.6851814039799095,0.5281990085734941,0.6718027384267637,0.7393281150680827,0.4852646747153941,0.7341682238342008,0.23896438109465218,0.5383982516922239,-0.8421860952041136,-0.2641659101696838,-0.23166284426693215,0.25267452623775133,0.01772670395416723,-0.2735777448333492,-0.3921653942037677,-0.42467364751555187,-0.21607192267913575,0.41460489896451297,0.5580383640314337,-0.8310331328606357,-0.23710159081909107,-0.1549941014650469,0.20388119646248748,-0.03513907942510547,-0.026199340560159448,-0.3783317415487071,-0.11829217904985094,0.5247526855615866
0.8452312985352479,1.0,0.755463478738071,0.7991436938395678,0.934600454788986,0.9122472010174373,0.8699083957997061,0.9162388261521841,0.8999256600617069,0.7048783728709098,0.85939912137559,0.7531482396772452,0.7794776208205161,0.6914528905925174,0.7918354442431248,0.7650990108030707,0.7976658123008792,0.6253715063246011,0.845393866769459,0.730579466914611,0.6789273170509645,0.29424316651494054,0.7596457721392729,0.7465486642269605,0.8161151255866028,0.7868825337094726,0.9162169537223176,0.8970597363353827,0.9289288737699846,0.9273639019238527,0.8344959411087142,0.18799561565015935,0.9032108010348813,0.9186601378126248,0.9085944178581226,0.8832936180030729,0.8309602855416597,0.921743549116192,0.9234388477069935,0.6979803997164183,0.9166365329659577,0.8990238312601235,0.8104620731262125,0.7535593265563324,0.8796658030470274,0.5294141431705113,0.8507797059625902,0.42278476933905873,0.7142031221668967,-0.9277641403419193,-0.0834974046156158,-0.04628309401723258,0.0721622750446822,0.14670646896403935,-0.1000748558105986,-0.19353686120431324,-0.2402060875017114,-0.20272287376724585,0.5936992247305407,0.6473359635972578,-0.9358066166911674,-0.06324177127069536,0.015236287666271504,-0.01739754677565598,0.041993673456210225,0.015769336174140045,-0.19970693881036192,0.00431132074111525,0.6464522007589446
0.7935848408001709,0.755463478738071,1.0,0.9384801925424151,0.7489227148387572,0.7322341231037227,0.8925370256660081,0.6750514377132643,0.5840106417700687,0.38457623948286096,0.6097708442036553,0.4535628202728292,0.40466496392728607,0.50458496536917,0.7652258382784797,0.5719935177641069,0.7849506673408716,0.7587594689085176,0.6635371658293735,0.45614692116878475,0.32387546395629774,-0.03220340686546634,0.5108687114859187,0.4884717847452993,0.5561542515241875,0.8938178420305549,0.7732416001423088,0.8333383059519516,0.8561402327532397,0.7728549907710679,0.6501532875512721,-0.16483901700071568,0.661908266948867,0.7870412643845962,0.6699315908204483,0.6226244408753064,0.6201965358115742,0.7363932773606024,0.6899430040652738,0.42817569182694953,0.7355055817473474,0.6480479499286297,0.5473417309101187,0.4154750462380471,0.634065693451639,0.21907619066425102,0.6826790446141535,0.14938207335910828,0.44915255907641816,-0.8504382971535008,-0.3737313722328634,-0.4438638284433174,-0.04576315867175729,-0.24876056265431956,-0.3991681290650851,-0.5318948834238066,-0.6356694863753383,-0.44453488192530616,0.22224929604139707,0.47913592831910434,-0.8360321425817422,-0.37537717552050576,-0.36837001837265243,-0.11129577950965946,-0.34046321405724267,-0.24934643508892698,-0.5783665075299299,-0.3564341783931518,0.29540574760978283
0.8378226617601028,0.7991436938395678,0.9384801925424151,1.0,0.801567570428463,0.8288906294349345,0.8971244763348475,0.7300568158811309,0.6512086839529391,0.4484547147154957,0.6394878762120049,0.4964873859099613,0.4853236724872996,0.5677544691147935,0.7927725318321523,0.6113315023309391,0.7706833798895862,0.6767549251922976,0.7387323923928149,0.5477043373443422,0.4400151904243503,0.0592973906627741,0.5213475919622064,0.5304429176842418,0.579708548044148,0.8546701313589484,0.8154294758257689,0.8868736105840807,0.8920420460607492,0.8218047994102767,0.6682970534571028,-0.06351253407733308,0.6970445727815485,0.818726848505019,0.7153734225774205,0.6623132229445982,0.6574842681836445,0.7745815833925052,0.7194691522727367,0.48116518604170927,0.777518485861338,0.7001196992184288,0.5870592082898372,0.4906586095294476,0.7201275666285722,0.3217079813805509,0.6964379124085776,0.17972879052907678,0.45391327254426983,-0.8852736743703689,-0.3431994492692673,-0.35848578055594904,0.022276679464478165,-0.18809353075165341,-0.32171718966503643,-0.48571498960062093,-0.6015039090453376,-0.3677314239255454,0.2561543512967318,0.5107663470944249,-0.8572254371061019,-0.32888616326659764,-0.2771828547001617,-0.04295704089762112,-0.24907322851116595,-0.19982110475735856,-0.5736189518200281,-0.2826452756777224,0.31485564127624127
0.8520238192656422,0.934600454788986,0.7489227148387572,0.801567570428463,1.0,0.9181117579255766,0.8452513906616255,0.8689310648197381,0.8732811138921927,0.6353502101296216,0.7892719900424121,0.689401314373364,0.7074684260217701,0.6043081690285607,0.7393860948910169,0.736400821383381,0.7607073659757001,0.6221425188483088,0.7901217867839765,0.6563578420398857,0.6074946322756024,0.18635509013035959,0.7220367022363248,0.6717445464557277,0.778360612174771,0.7647644117605443,0.8702284970584092,0.9039873003876637,0.9076660148877521,0.8892004864993532,0.7684005637912003,0.08227611437698741,0.8262734005623009,0.852465463309135,0.8791563723659347,0.8227035998839175,0.7932501789832936,0.8658058913781135,0.8710292221023334,0.6372375050749767,0.9168770725531653,0.8676495823748797,0.7818725703687966,0.6853624181419219,0.8509564699077463,0.45764783424237787,0.8108596832431193,0.34528830614273587,0.65904617621318,-0.9000087943093749,-0.06349202946196889,-0.08335573840513535,0.035749872104754894,0.0725111316962279,-0.12034450584517693,-0.2938301716065155,-0.3245466191795119,-0.14128329820483745,0.5860128699895732,0.5934452588686018,-0.9161593434972904,-0.06012121068326019,-0.029369912805365876,0.011628563012873697,-0.010338304133147885,0.01976451862830295,-0.2899787831167597,0.019414961461745466,0.6119864379204079
0.8677672840087339,0.9122472010174373,0.7322341231037227,0.8288906294349345,0.9181117579255766,1.0,0.8251002766859385,0.8627211338083869,0.844421156479319,0.6550869869243471,0.7764661847646889,0.670493785106533,0.7195789849399856,0.6699607609197741,0.7590337688546056,0.6971271991388917,0.7183628468838763,0.5075714142170652,0.8312719082746675,0.7051813850927762,0.6761671945139224,0.28101207608331785,0.6366185542266725,0.6448964405456408,0.7381824171619611,0.6976836740685908,0.8850742994015498,0.9243545121296105,0.9099954581314653,0.8804734676529545,0.7297504246893084,0.18857483683610027,0.823687465449435,0.8492133533794057,0.8425281230310013,0.7848046903799211,0.7631504018156664,0.8485383712445053,0.8232748413376486,0.6109269632339829,0.8879822264880671,0.854060301176755,0.7412124377712659,0.6983589041640209,0.8666948240203389,0.5165443891504682,0.7541828729029499,0.3170988688101518,0.578357480402917,-0.8984181966005401,-0.12420279286946677,-0.0768312204303903,0.1285801124394269,0.09275567292288722,-0.08375418188390048,-0.254787119268999,-0.34079935722179766,-0.14618422472174333,0.5019219953232328,0.6061963755879285,-0.878123842687778,-0.08420297218591968,-0.009764407462721905,0.05676163181655904,0.05173790403641984,0.010256547278698567,-0.3272216366461617,-0.002172487823615015,0.5250516293708317
0.7652559571268035,0.8699083957997061,0.8925370256660081,0.8971244763348475,0.8452513906616255,0.8251002766859385,1.0,0.801436792158903,0.7470571315275719,0.6456983404471227,0.7496071902337498,0.527156326554179,0.6285936553197509,0.55270659347733,0.7509720904944839,0.6544703936329485,0.9226774703258976,0.7981967450636143,0.8381117451820616,0.6881774725469821,0.5423027009335923,0.2236564978542021,0.6366742160114813,0.6302198223971536,0.612357972884473,0.9318980073582678,0.8283601922261264,0.8659901232841536,0.9000662391157264,0.8673941173692652,0.8046130953748554,0.07645425441819163,0.7415555829170869,0.877207907247836,0.8146286291715877,0.7716225383225034,0.6729369394726882,0.8154823166051286,0.8362207028838254,0.5531288677209543,0.8550129743631893,0.8375544614925317,0.7751292306941093,0.5346160617460419,0.769418643703338,0.31880154385755083,0.7527386486086166,0.2599532852179476,0.5448111362380728,-0.9260283684183914,-0.19546832540768627,-0.3300304051021727,-0.13617190857285902,-0.13267016906482526,-0.27858910725131425,-0.4110773084657032,-0.4912429166326223,-0.39939437320755755,0.3548063495546897,0.5517656863027909,-0.9132203119593416,-0.17929507086956653,-0.25503593759960846,-0.2239194344842825,-0.22052544063197305,-0.20246221646859075,-0.46038710832354085,-0.2503096128796773,0.39596287125081386
0.7689914151236888,0.9162388261521841,0.6750514377132643,0.7300568158811309,0.8689310648197381,0.8627211338083869,0.801436792158903,1.0,0.9010589376830946,0.7157449325892244,0.9202817276114204,0.7663648975747425,0.8183040179085386,0.7707314585645431,0.7345482220049598,0.7605566934408304,0.7429287063899696,0.5246893852668139,0.8002338589801905,0.7676085390422229,0.73506134846669,0.38327631814243884,0.7242157992078352,0.7234011458001589,0.8360804789822546,0.7028760915018838,0.8664022231299355,0.8203901410822727,0.8423764873829366,0.8954138429095602,0.7784159850061276,0.3074088501390002,0.8788651093731573,0.908524728833641,0.9078857669075915,0.8654348732953905,0.8542284306117509,0.9066723082115813,0.8908524451164115,0.6909016240702037,0.8454166579794437,0.8378608210357158,0.7577848756967468,0.8092085761889056,0.890963652162105,0.5853184773506048,0.802353380660532,0.40987198670962277,0.6628519586320224,-0.8820399238841454,-0.06845074723474706,0.03674995945964968,0.06118717884732629,0.12046056633683097,0.027520754723622483,-0.045583494834096606,-0.11257958169929445,-0.03415455998333551,0.539033416880642,0.6853366725959157,-0.8575108961045046,-0.020253074313262707,0.07194366669705567,-0.017908069970457113,0.11687930509600199,0.08430933110187355,-0.052599897809987736,0.1855367988618678,0.5669287875854859
0.7292303438615076,0.8999256600617069,0.5840106417700687,0.6512086839529391,0.8732811138921927,0.844421156479319,0.7470571315275719,0.9010589376830946,1.0,0.7079027718612835,0.8437039070112204,0.7841573666063518,0.7879898822004059,0.6854057373892755,0.6509269896109785,0.7497521067679711,0.6962282524767397,0.47262997763773057,0.7624786071394878,0.7122286615457216,0.6954883069368097,0.3292046543896552,0.7112173390759403,0.6738171455933345,0.8084626680238653,0.6517113779515742,0.8193424933497006,0.7832639671739209,0.7978471540921924,0.8427987362847463,0.7254059589511437,0.252317244208763,0.8323657363111674,0.8110378942911939,0.8969082509379072,0.83451141487112,0.8170052149479793,0.8582154963841296,0.8711586061531168,0.6604994184390807,0.842304996132672,0.8512779758434472,0.7772587421483403,0.7755107518843579,0.8543719998686914,0.5784355003856597,0.7693285903002565,0.3781654659426818,0.664107391108644,-0.8185066971583178,0.04211768447876227,0.12313143205615033,0.08005830293405733,0.22675821744650126,0.07183885331278575,-0.0368563196940763,-0.026599869752606083,0.049924838991464104,0.6347534771227163,0.6122096263430314,-0.8225520104660806,0.06115569887247843,0.1468634362249542,0.029672704601420085,0.1893716723776951,0.11451740337471356,-0.015311971708052735,0.24353949139162775,0.6585093426213829
0.3991771270306831,0.7048783728709098,0.38457623948286096,0.4484547147154957,0.6353502101296216,0.6550869869243471,0.6456983404471227,0.7157449325892244,0.7079027718612835,1.0,0.7536503243441166,0.3736462880723418,0.8424648679254289,0.3882130312256657,0.3261239609954585,0.4525290461179562,0.7147620174918133,0.38417868758617646,0.7910707402459399,0.8114912023491001,0.7705427733244463,0.6724384666840127,0.5803227711277972,0.6579963211260623,0.4618116593177717,0.5733766615197623,0.5624199951897663,0.59739831094543,0.5885415331753794,0.6482603042065119,0.7488595392531857,0.5689230905674646,0.568191090727391,0.6703477166527859,0.7454001707175782,0.7332011934343208,0.4487972544966118,0.5700102829394087,0.7389760538516957,0.5906633983845638,0.7390961625661316,0.8446466981395819,0.85413925271408,0.47651516091626084,0.67966289864762,0.28394791631153365,0.5714899715691076,0.39666567945742026,0.57579027498298,-0.6637692952436265,0.046211325749219115,0.060192891091493464,-0.23714153420827053,0.19668130145131416,0.15515954945273097,0.09160233270719177,-0.02057890332432797,-0.16566229667174473,0.4960164327315616,0.598915392238088,-0.6402969314882198,0.1421488171082743,0.0834588023733919,-0.40561529531541435,0.17564909884059648,-0.012139081634208276,-0.013954711254447031,0.11742084736764834,0.4135165692033979
0.6904883888165809,0.85939912137559,0.6097708442036553,0.6394878762120049,0.7892719900424121,0.7764661847646889,0.7496071902337498,0.9202817276114204,0.8437039070112204,0.7536503243441166,1.0,0.7008777762870998,0.8073832995481716,0.7133984716399974,0.6440377440331135,0.6682215622000561,0.723762997674301,0.5032999159465167,0.7479807296807895,0.7205199746141524,0.6863935648058502,0.40611364218276236,0.6728684076372636,0.6775574720958545,0.815532797992824,0.6630547292784019,0.8159089207018032,0.7554693210825658,0.7666143523706235,0.801598860214836,0.7523105539535709,0.3191022162948787,0.8332002791475559,0.8670743628069476,0.857377497511657,0.8158705029701119,0.7796893109214004,0.8321680739468403,0.8536441495884204,0.6395281697725324,0.8070641512495514,0.8048392267182841,0.73069276771732,0.7408822468908732,0.7888484028945668,0.48524089184045366,0.7409840390468577,0.3723965019761282,0.6459079545852534,-0.8214484653438845,-0.04951899635562859,0.02126397299437145,0.0076741826510194995,0.16763356650133796,0.050088753353744735,0.005345040408560424,-0.03949719013837857,-0.08282954136731079,0.5387216836664552,0.7105995288523556,-0.7855147794300466,0.029575167903479388,0.06564993316854564,-0.11178939431954465,0.17212248354161952,0.055741909676445704,0.03933758641058923,0.17916038992896235,0.5611274686041168
0.6712439052550001,0.7531482396772452,0.4535628202728292,0.4964873859099613,0.689401314373364,0.670493785106533,0.527156326554179,0.7663648975747425,0.7841573666063518,0.3736462880723418,0.7008777762870998,1.0,0.613741868505542,0.7610771711338232,0.7161143984993243,0.825242015248748,0.43692738455435337,0.32939255596820083,0.5226612628539965,0.5023569829235532,0.549409160003501,0.16927639419436788,0.6837181282799794,0.6164765650975563,0.8340156708311914,0.4262899872813136,0.766283999551802,0.6059026063958435,0.6635061326176502,0.7234537979342651,0.5652800822379442,0.1365550426032669,0.8330797743655526,0.6951000778432225,0.7328258666440333,0.7069265285364142,0.842608196692613,0.8290822871982011,0.7134380683871909,0.6325219545411637,0.6074906249900558,0.5886056874228858,0.4932244108156467,0.8075151107541327,0.7383919337015282,0.6887684812608521,0.7210054838157609,0.46102185341817636,0.5427686094243045,-0.6537220562004376,0.07921537404609913,0.2288195271521751,0.32468768978541274,0.27836903367857935,0.036407745434870666,0.06254695152859514,0.11999009325154514,0.08238091982106235,0.4939403050370924,0.4617127693287686,-0.6647965184651429,0.04699850788977901,0.2694471235676765,0.309527887590527,0.22303100400918735,0.1536741369543804,0.1547245382266098,0.21233961999702103,0.6049229167937459
0.5116095635060096,0.7794776208205161,0.40466496392728607,0.4853236724872996,0.7074684260217701,0.7195789849399856,0.6285936553197509,0.8183040179085386,0.7879898822004059,0.8424648679254289,0.8073832995481716,0.613741868505542,1.0,0.5669917435141997,0.5018197947093471,0.6238494779881523,0.6496252736082505,0.37586709817616537,0.8028131044708264,0.8681049107412239,0.8504372668747382,0.6651623623394451,0.7810997832488458,0.7778440037216958,0.6436520857466836,0.5333404196114311,0.6767492088822846,0.6130658948802762,0.6422809330421084,0.7630040172234145,0.7918371925654923,0.5832583081733113,0.7181281877363918,0.7478037181253102,0.8232593028328155,0.8570684107438713,0.6535559780746326,0.7310730971971858,0.8395694612830836,0.7595613827631383,0.7131711607885342,0.7891318057402724,0.7857403787008446,0.7056001247506858,0.8025638245881764,0.5662615823565893,0.7404599859769683,0.5836255728483657,0.6767357138331064,-0.7161396762133143,0.056506434624267673,0.252180178235107,0.01636708898951108,0.22669526192968348,0.2144243698874418,0.18991899936611153,0.07983987601537676,0.012188060306715612,0.5341094718423343,0.6827960839646771,-0.6947245912747209,0.12488465481340444,0.29096458575206213,-0.12411918166281924,0.22534844076992958,0.1328298824444687,0.0986022387741356,0.23768775891011124,0.4822934121842043
0.6662765872567549,0.6914528905925174,0.50458496536917,0.5677544691147935,0.6043081690285607,0.6699607609197741,0.55270659347733,0.7707314585645431,0.6854057373892755,0.3882130312256657,0.7133984716399974,0.7610771711338232,0.5669917435141997,1.0,0.7599361584568926,0.610007986833406,0.45286417751739666,0.24322944777989924,0.5647452291952662,0.562642670225846,0.5813833176153332,0.2663151488796701,0.45823913021703516,0.49259091153451723,0.7142765569233015,0.42525315308932055,0.7628074577687004,0.612447381597912,0.6600233731180085,0.6884973574493014,0.4972542514432528,0.26035047608880657,0.7968765939615631,0.7555895065614181,0.6341034830798962,0.6125931180003766,0.8161014690129171,0.8103268767544441,0.6289380841879102,0.4792577192149135,0.5390084342100554,0.540441381490212,0.40679858617000664,0.7566908453228743,0.694119354274212,0.6945651277865431,0.5697941739429564,0.2889402477543978,0.4197266521288786,-0.6633743830622354,-0.10608882037119423,0.1212921848074344,0.36068888152459094,0.2031234492933073,0.06916558340919851,0.09629864045573412,0.05350057192956843,0.03332126023510364,0.31814495181395325,0.5169510462155689,-0.6134622769633015,-0.042440964090646766,0.17240162023933284,0.2552671577474245,0.2259799202080116,0.14048115217788273,0.08577189009743859,0.1946640638699373,0.42804639691259816
0.8382316736846486,0.7918354442431248,0.7652258382784797,0.7927725318321523,0.7393860948910169,0.7590337688546056,0.7509720904944839,0.7345482220049598,0.6509269896109785,0.3261239609954585,0.6440377440331135,0.7161143984993243,0.5018197947093471,0.7599361584568926,1.0,0.6927255642340839,0.6357210387320991,0.5344336000683764,0.6634956846873268,0.5240757268543903,0.4327267473131815,0.07851399243414688,0.6019993138657496,0.5628932942674528,0.7161188494260068,0.668060597479526,0.879257815527593,0.7707849129574937,0.8420616313446034,0.8071694271193884,0.632040916904549,0.020165802389792386,0.8378850019166676,0.8353732810430924,0.6653906569920638,0.6953933549954915,0.7887976202590208,0.8763887644387701,0.7175735366525514,0.5166064062703445,0.6466762055914782,0.6117354109120733,0.48771649648727733,0.6882748572686217,0.707939154789396,0.6039789865132966,0.7404956735785188,0.33242259572698124,0.5304610370864749,-0.808465653125536,-0.20807400747712126,-0.15907300249245232,0.3006579368955642,-0.026666620240175,-0.25681768579880115,-0.27488143968189066,-0.3307507702894823,-0.2821914017977179,0.28998261054950436,0.5078819098085253,-0.8074520513116382,-0.21342914554301212,-0.08849017943446455,0.20648606051097923,-0.11940423521587958,-0.017704509851169174,-0.3026204680533396,-0.18600778063392173,0.4579381813601982
0.6212914593266755,0.7650990108030707,0.5719935177641069,0.6113315023309391,0.736400821383381,0.6971271991388917,0.6544703936329485,0.7605566934408304,0.7497521067679711,0.4525290461179562,0.6682215622000561,0.825242015248748,0.6238494779881523,0.610007986833406,0.6927255642340839,1.0,0.5784282689415243,0.5149397037115504,0.6221063390506514,0.613516440304801,0.5744455669579671,0.24896706990846498,0.7702754518891514,0.7182128035527175,0.6690784155854449,0.5981518546066892,0.7172746802401001,0.6535039031172833,0.7005821039291023,0.7913991950397028,0.6946209436011366,0.15760518019246195,0.7371487426675578,0.7366316112265784,0.8041065861413793,0.7668839187238087,0.7731171626234545,0.806196056218893,0.7539512345179344,0.7142419882390632,0.6893928156436037,0.6682708436466236,0.6311128964564623,0.6438780929968165,0.752101115911168,0.5211639159781878,0.7653590993589442,0.5346029653322113,0.5849453572958213,-0.7219615111080174,0.030529482265285835,0.11358523098224574,0.049579002450003504,0.08279723471861765,-0.03706078719131358,-0.0777043031556285,-0.11554942296487021,-0.10618321951385082,0.4446451197144387,0.4183138079349987,-0.7654738482139773,-0.050851186904168115,0.12497483932129047,0.059183247828186986,-0.030161986354660535,0.024445002367065465,-0.0939690244806325,0.035314623462980727,0.4957872626961911
0.6234018893056353,0.7976658123008792,0.7849506673408716,0.7706833798895862,0.7607073659757001,0.7183628468838763,0.9226774703258976,0.7429287063899696,0.6962282524767397,0.7147620174918133,0.723762997674301,0.43692738455435337,0.6496252736082505,0.45286417751739666,0.6357210387320991,0.5784282689415243,1.0,0.8068143260912425,0.8163546586572328,0.7198574763878796,0.5547113964999271,0.34095328708150896,0.6460614620607066,0.6240270572858317,0.5271054210726808,0.8974105712320176,0.7322549811607711,0.7559196270904174,0.7959410075717496,0.7972219939090224,0.8198096675235762,0.19275624481323067,0.6512843257737929,0.8102544056808235,0.7821010204704767,0.7602954055080319,0.5797523387938451,0.7331917862187934,0.8093635553877162,0.5311750884577082,0.7912830063244999,0.82583924924588,0.8190413921037046,0.4702357830109075,0.7165471076333606,0.25484363006519983,0.7075034393006622,0.29244950919409846,0.5397513887451058,-0.8555139396365841,-0.11976618862192105,-0.3234456849628846,-0.2808581899350869,-0.19635789936586015,-0.23500346291894472,-0.3376469060935247,-0.4203292876714624,-0.399589127291168,0.31449325893164765,0.5442511105749901,-0.8488086596430875,-0.10280296269872875,-0.27370178108096566,-0.3778344615545705,-0.2705238971963276,-0.23640329552771872,-0.3976971791524641,-0.24344705828943441,0.3362722153397765
0.5223320177610418,0.6253715063246011,0.7587594689085176,0.6767549251922976,0.6221425188483088,0.5075714142170652,0.7981967450636143,0.5246893852668139,0.47262997763773057,0.38417868758617646,0.5032999159465167,0.32939255596820083,0.37586709817616537,0.24322944777989924,0.5344336000683764,0.5149397037115504,0.8068143260912425,1.0,0.5865298962230775,0.44513339992817225,0.255097511059909,0.07530982597032426,0.5851095167147142,0.5076605631639458,0.42291983227054303,0.8285328930795582,0.5809027321249907,0.5984148384790072,0.6506486783868898,0.6507907429875566,0.7047222976824858,-0.11541758012337361,0.4896449964432216,0.6344997718646788,0.6033237589185357,0.5862431297497072,0.44886138612553783,0.5801518281764743,0.6459435038878228,0.4410352878496404,0.633802955182333,0.5720498159037262,0.5958514721659427,0.2569565530640827,0.4983371238948929,0.019120043381616776,0.6101373216998167,0.27210349675631523,0.42159437667855076,-0.708635908518498,-0.0843260953196346,-0.428556527397947,-0.3396640196986293,-0.3241250576217874,-0.38494340211278255,-0.5006212504744326,-0.5352996387864247,-0.4636425879446915,0.2489564980400579,0.3755788624009233,-0.7301521714601448,-0.13986624371103415,-0.34827613540750857,-0.33382288070323546,-0.44852057669054707,-0.2718477887082549,-0.45345074519490053,-0.3873652843104466,0.2710187804560441
0.6574564365198051,0.845393866769459,0.6635371658293735,0.7387323923928149,0.7901217867839765,0.8312719082746675,0.8381117451820616,0.8002338589801905,0.7624786071394878,0.7910707402459399,0.7479807296807895,0.5226612628539965,0.8028131044708264,0.5647452291952662,0.6634956846873268,0.6221063390506514,0.8163546586572328,0.5865298962230775,1.0,0.8539770438749203,0.7633102167349827,0.5351395256821349,0.6814445542325528,0.6970965895743565,0.5799531126658143,0.7414848169001884,0.7693502265730097,0.7815588880730109,0.8152428566081336,0.8457632611168563,0.8485471153128945,0.3696170700838434,0.7337144301824713,0.8319085858413213,0.8162475205526871,0.8043199826017104,0.6331432938098035,0.7767466712124856,0.8395118600735416,0.6503406463292611,0.8061215723005077,0.8681549609452063,0.8298761274735247,0.5931052499188881,0.803092030364913,0.4374750318275325,0.7244739182802247,0.4118787536715706,0.6064371239242073,-0.8441359894649951,-0.09406713302398746,-0.05551610947143337,-0.05075658294660287,0.06284850627794164,-0.06827737037678513,-0.13036649180047882,-0.28597431108654103,-0.2698102982500075,0.41054545363990186,0.5855317033867594,-0.8381712625016421,-0.059487052792250326,-0.017373368108820796,-0.188956395776441,-0.02847609110601754,-0.07399717489389308,-0.2943125476299657,-0.08382348779442945,0.42997618093107104
0.461659241017583,0.730579466914611,0.45614692116878475,0.5477043373443422,0.6563578420398857,0.7051813850927762,0.6881774725469821,0.7676085390422229,0.7122286615457216,0.8114912023491001,0.7205199746141524,0.5023569829235532,0.8681049107412239,0.562642670225846,0.5240757268543903,0.613516440304801,0.7198574763878796,0.44513339992817225,0.8539770438749203,1.0,0.8599548937328593,0.744804794135075,0.6817271191497332,0.7530860204203961,0.4948216323828985,0.5909322040986742,0.642414567974036,0.5999206611886069,0.6387572488405333,0.7672173921757569,0.810753351128933,0.6387829071586345,0.650091763602547,0.7480630886550014,0.7866211360005082,0.8088291883616188,0.5859655995529106,0.6976850200083107,0.7850600732840785,0.7026339242694315,0.6803373806155852,0.7727063080693289,0.788187944970325,0.6134260710944104,0.7911167120302393,0.5397018021386506,0.6742049679308566,0.523825616122825,0.5969636554483048,-0.7168967425427191,0.001742485547059431,0.1628993444763726,-0.06827235667603414,0.10107837238276442,0.18045799709964574,0.12636911853770671,-0.05413781346456508,-0.09873889130513337,0.3990152228801278,0.5971579726261839,-0.7044716635676448,0.038093131152448834,0.1761985504883705,-0.21063055732131844,0.062493572501028806,0.04507413013100002,-0.07163000644874525,0.09929801597442438,0.35460161699014575
0.4203957043511548,0.6789273170509645,0.32387546395629774,0.4400151904243503,0.6074946322756024,0.6761671945139224,0.5423027009335923,0.73506134846669,0.6954883069368097,0.7705427733244463,0.6863935648058502,0.549409160003501,0.8504372668747382,0.5813833176153332,0.4327267473131815,0.5744455669579671,0.5547113964999271,0.255097511059909,0.7633102167349827,0.8599548937328593,1.0,0.7837496916846276,0.619243947695203,0.7285429835259378,0.5111398377571101,0.4196595471457792,0.5799827906621728,0.5540104685254553,0.5667755858801287,0.7224316130978129,0.7606344701419159,0.7002717995698922,0.6129924660839564,0.6650111150616681,0.7582312263180779,0.7639886834316584,0.5820613596684034,0.6541039791150797,0.7270104298554751,0.7402903300919413,0.6347556146345,0.7234963106207507,0.7337185647207991,0.6114749997863227,0.7716047899587649,0.5442970450277618,0.6253378593808696,0.5616699183325863,0.5316352518333952,-0.6448893608149642,0.10769990795157663,0.3130305055345507,-0.004756170080939489,0.20527609029330832,0.29896573175501645,0.25283983703793195,0.07735780072003919,0.0692509297781816,0.42973150281861755,0.57380088774219,-0.6116978457250191,0.15660862148784607,0.3190989293768974,-0.10884469688853946,0.21804500414362776,0.14694468413157458,0.05820496615012004,0.23952929222619637,0.3592933309882461
-0.0011626954362734645,0.29424316651494054,-0.03220340686546634,0.0592973906627741,0.18635509013035959,0.28101207608331785,0.2236564978542021,0.38327631814243884,0.3292046543896552,0.6724384666840127,0.40611364218276236,0.16927639419436788,0.6651623623394451,0.2663151488796701,0.07851399243414688,0.24896706990846498,0.34095328708150896,0.07530982597032426,0.5351395256821349,0.744804794135075,0.7837496916846276,1.0,0.3738712139763212,0.555752689916278,0.14349047547499175,0.12008597881100086,0.20677659266960424,0.1554121956451472,0.16437921514550127,0.35738783166381494,0.5626043659827359,0.8891578238407604,0.24148090055246937,0.33995289312757915,0.42388331681069424,0.4876610607637413,0.1791789842000588,0.2627865633917892,0.4085805795515788,0.5191158113497473,0.274153090073235,0.42195603008534577,0.5244415522718855,0.27842568204588763,0.41349923719778914,0.3142113941520634,0.31217835138410605,0.5253801543376737,0.3466137552040665,-0.27874687592091735,0.18323260905557345,0.3532080895086581,-0.13605131477551513,0.1512745056722788,0.3846887505669302,0.42783957908020714,0.20647404728045213,0.031105533010221637,0.20390751559503317,0.3977517543635786,-0.25158100593751914,0.25250194947390575,0.32250080536228415,-0.28694510894376024,0.19473352148754963,0.14644879005140893,0.17673439133699614,0.1890774809545501,0.09481368999571821
0.5596354636816283,0.7596457721392729,0.5108687114859187,0.5213475919622064,0.7220367022363248,0.6366185542266725,0.6366742160114813,0.7242157992078352,0.7112173390759403,0.5803227711277972,0.6728684076372636,0.6837181282799794,0.7810997832488458,0.45823913021703516,0.6019993138657496,0.7702754518891514,0.6460614620607066,0.5851095167147142,0.6814445542325528,0.6817271191497332,0.619243947695203,0.3738712139763212,1.0,0.8252575337684058,0.6548956123593909,0.6124253915545175,0.6713051956714985,0.5910091487732829,0.6595614033274313,0.7668292369873215,0.7954965982410771,0.2998665080953639,0.7078481447570911,0.7105252758821393,0.7929647159726085,0.881724839320577,0.7025741167615212,0.7612034132131739,0.8418672662751728,0.8469321391505111,0.6747025333008224,0.6851480849397384,0.7147582491282164,0.625110493302528,0.7267839044567733,0.47648889555082435,0.856492712138409,0.756177595927895,0.7258806813714694,-0.7070427321302976,0.042954039278091785,0.12240386505698092,-0.020876258331229153,0.03761878299845102,-0.024288675225363845,-0.004307367775251495,-0.07334023433285126,-0.11203605083411705,0.5049602436510058,0.578327633667225,-0.7526758024134694,-0.010360421441362403,0.14872993362981618,-0.07861142968352208,-0.07780072966219763,0.026876635236799295,-0.027418183036823043,0.044750981190255744,0.5051932538455158
0.5206494126090903,0.7465486642269605,0.4884717847452993,0.5304429176842418,0.6717445464557277,0.6448964405456408,0.6302198223971536,0.7234011458001589,0.6738171455933345,0.6579963211260623,0.6775574720958545,0.6164765650975563,0.7778440037216958,0.49259091153451723,0.5628932942674528,0.7182128035527175,0.6240270572858317,0.5076605631639458,0.6970965895743565,0.7530860204203961,0.7285429835259378,0.555752689916278,0.8252575337684058,1.0,0.5797424093793759,0.5945641480691257,0.6496121741224063,0.6031317516825678,0.6498927705941211,0.7616926369185761,0.8302879261537446,0.5267264054841514,0.698094781066527,0.7389719592322498,0.7717407780076211,0.8848930893937875,0.6365848523844463,0.718156669472304,0.810615629777144,0.8990599542361415,0.6921301477704389,0.7076739248491233,0.7175078610366963,0.5987291852420995,0.7360569652212092,0.47196469050181533,0.8159695007675944,0.8102811779826071,0.7230994662831726,-0.6969821472682779,-0.018253598625092966,0.1802604540286268,-0.019470475931007914,0.16465135600129052,0.07249761967567855,0.09036255745464077,-0.05530067631557572,-0.19742898917861018,0.4958123066369462,0.5749458222548693,-0.7313274727278898,-0.04784062815111417,0.22687488960356436,-0.1261569769078682,0.025337260893246064,0.05518267388710465,-0.01220052299713531,0.0002464971483885183,0.4827159110213977
0.80655382095719,0.8161151255866028,0.5561542515241875,0.579708548044148,0.778360612174771,0.7381824171619611,0.612357972884473,0.8360804789822546,0.8084626680238653,0.4618116593177717,0.815532797992824,0.8340156708311914,0.6436520857466836,0.7142765569233015,0.7161188494260068,0.6690784155854449,0.5271054210726808,0.42291983227054303,0.5799531126658143,0.4948216323828985,0.5111398377571101,0.14349047547499175,0.6548956123593909,0.5797424093793759,1.0,0.5042041507646022,0.8359625142136967,0.7299654628248406,0.7533361195314843,0.7479694955429743,0.6132718600037542,0.0808490536345069,0.8806553466355485,0.750872322653165,0.7528471255980034,0.7265527022369436,0.8324603120162081,0.8322848301051754,0.7560593305158055,0.5798766296329715,0.7175199630176256,0.6445120801948788,0.5257065873112308,0.8223794665780076,0.7464850949280616,0.5851016712034913,0.757027694582059,0.36526135327219383,0.6104010204307909,-0.739564985241998,-0.057152998353215835,0.04333661042467031,0.24558958996796332,0.19642185975547236,-0.04230313239178136,-0.0773666304884942,-0.03601346117638482,0.05148587391960086,0.5507784515291966,0.6185290294047124,-0.7299830822888241,-0.02370265882614796,0.08796275537011398,0.21696154809378274,0.17239032863588977,0.1420752148529782,0.04707062330359629,0.20102793538421923,0.6371341874874544
0.6634467262184108,0.7868825337094726,0.8938178420305549,0.8546701313589484,0.7647644117605443,0.6976836740685908,0.9318980073582678,0.7028760915018838,0.6517113779515742,0.5733766615197623,0.6630547292784019,0.4262899872813136,0.5333404196114311,0.42525315308932055,0.668060597479526,0.5981518546066892,0.8974105712320176,0.8285328930795582,0.7414848169001884,0.5909322040986742,0.4196595471457792,0.12008597881100086,0.6124253915545175,0.5945641480691257,0.5042041507646022,1.0,0.7228857336670061,0.7774921873349239,0.8219883756562724,0.7849925818979343,0.7623660533807406,-0.022994096952772845,0.6418239032308992,0.8031620167227359,0.748413549508533,0.7163490814799112,0.5982633366863479,0.730138250859793,0.7816154848776511,0.5208590350799208,0.7888284589405178,0.7668704492556381,0.7262285356157533,0.40563750921997643,0.6590860453317453,0.17894482864702482,0.7107413791913887,0.24044354415820193,0.5513952877408301,-0.8504017991363656,-0.24378735804136656,-0.35750804581473955,-0.23024499987405775,-0.1881577511218387,-0.3184404569853083,-0.42370257333046885,-0.5100780985030158,-0.45655233914111876,0.31148908217031923,0.4856781810060851,-0.8633835867074806,-0.2538097035233,-0.2947860410429289,-0.31427650926688117,-0.3169613901308474,-0.25468486052780953,-0.47710798828708995,-0.29977572616663534,0.3613269288798516
0.8956052490541117,0.9162169537223176,0.7732416001423088,0.8154294758257689,0.8702284970584092,0.8850742994015498,0.8283601922261264,0.8664022231299355,0.8193424933497006,0.5624199951897663,0.8159089207018032,0.766283999551802,0.6767492088822846,0.7628074577687004,0.879257815527593,0.7172746802401001,0.7322549811607711,0.5809027321249907,0.7693502265730097,0.642414567974036,0.5799827906621728,0.20677659266960424,0.6713051956714985,0.6496121741224063,0.8359625142136967,0.7228857336670061,1.0,0.8856646323427919,0.9138592693292057,0.8859174238202076,0.7423829789859775,0.113288437943104,0.9122199542782027,0.9019546327507674,0.8297962139542081,0.8062191612729549,0.838349759588711,0.9184294400937748,0.8431553982449707,0.6118965343907531,0.8231356466397733,0.7859560239710195,0.6679961535521755,0.7476572371120369,0.8312072785110413,0.5614496450378706,0.8188044392501466,0.35247047888457356,0.6175746565482728,-0.9069595830813733,-0.1515239609526323,-0.11396362594867807,0.19021382083273483,0.07378412259198402,-0.1475065083821544,-0.23557360861095325,-0.2793620851477104,-0.20156356005567522,0.47418545140784746,0.6428688082013364,-0.8906002319511811,-0.1164638413451006,-0.036314768005346484,0.09390326829125237,0.011721518651506644,0.024935208550965225,-0.2374026790493839,-0.0343189520175263,0.5720117879657605
0.9154066923637723,0.8970597363353827,0.8333383059519516,0.8868736105840807,0.9039873003876637,0.9243545121296105,0.8659901232841536,0.8203901410822727,0.7832639671739209,0.59739831094543,0.7554693210825658,0.6059026063958435,0.6130658948802762,0.612447381597912,0.7707849129574937,0.6535039031172833,0.7559196270904174,0.5984148384790072,0.7815588880730109,0.5999206611886069,0.5540104685254553,0.1554121956451472,0.5910091487732829,0.6031317516825678,0.7299654628248406,0.7774921873349239,0.8856646323427919,1.0,0.9401536774752384,0.85704553436013,0.7244341599995471,0.04749110403521281,0.8027839068788166,0.8492294066983773,0.8015152836564446,0.741404916952962,0.7231091825705525,0.8226762563208448,0.7899259276983952,0.5506526338172741,0.9066967368228254,0.8324304475738084,0.7059372709981093,0.6093739290097008,0.799672370264048,0.3866402675976257,0.7478877843874782,0.26157849174493547,0.5568869636081867,-0.9132547492220745,-0.24237591876590447,-0.2538675770941096,0.050958075393803454,0.0018569240853135549,-0.23438508262191246,-0.3914718955250528,-0.4731842904646567,-0.29810264712592643,0.44984137441144684,0.586473276031187,-0.8944353511337693,-0.20461894443886408,-0.1826801175939702,-0.019530697731055396,-0.04987577300917759,-0.11325323714263875,-0.437181810397833,-0.1402570149086403,0.4954274005867448
0.90289248209022,0.9289288737699846,0.8561402327532397,0.8920420460607492,0.9076660148877521,0.9099954581314653,0.9000662391157264,0.8423764873829366,0.7978471540921924,0.5885415331753794,0.7666143523706235,0.6635061326176502,0.6422809330421084,0.6600233731180085,0.8420616313446034,0.7005821039291023,0.7959410075717496,0.6506486783868898,0.8152428566081336,0.6387572488405333,0.5667755858801287,0.16437921514550127,0.6595614033274313,0.6498927705941211,0.7533361195314843,0.8219883756562724,0.9138592693292057,0.9401536774752384,1.0,0.9019777713765821,0.7801745235549141,0.04706668719246756,0.8577286120667167,0.8958641593816753,0.8235740138839078,0.7922836906013363,0.7759739199100326,0.8861665245274397,0.8426984071067487,0.5919083738080977,0.8871753304568021,0.8424003316566796,0.7303404258164526,0.668392825330804,0.8247095241358228,0.46422043376412225,0.8045608010443093,0.3172806212395551,0.6081057858905161,-0.9334084980843549,-0.21778882762183197,-0.21907501977896637,0.08935981024293012,0.0231852923809032,-0.2565327626498688,-0.3653131641484601,-0.43023837130765635,-0.3289579716973386,0.4522228653540125,0.5707375736437003,-0.9330138073938058,-0.20034454644979605,-0.1466638233028157,0.005301303027034184,-0.085818639399243,-0.10522007837863062,-0.3979143180244275,-0.17807365208518464,0.5318390480931129
0.8011169800219352,0.9273639019238527,0.7728549907710679,0.8218047994102767,0.8892004864993532,0.8804734676529545,0.8673941173692652,0.8954138429095602,0.8427987362847463,0.6482603042065119,0.801598860214836,0.7234537979342651,0.7630040172234145,0.6884973574493014,0.8071694271193884,0.7913991950397028,0.7972219939090224,0.6507907429875566,0.8457632611168563,0.7672173921757569,0.7224316130978129,0.35738783166381494,0.7668292369873215,0.7616926369185761,0.7479694955429743,0.7849925818979343,0.8859174238202076,0.85704553436013,0.9019777713765821,1.0,0.8624918645272776,0.24189665677572317,0.8504791806975516,0.9161329153012352,0.9049334513427869,0.8876293216029097,0.8217457736469078,0.9198187431346357,0.9078802159804226,0.7252429683138619,0.8492958961204435,0.8382281850549684,0.7843047196266368,0.7061609385645392,0.8906513720245546,0.5555312318952526,0.8623324783205426,0.4600882290369674,0.6803632570005174,-0.9264195952519495,-0.06077985267090036,-0.026226392354000757,0.04847532090399835,0.018600212835613725,-0.07711819087780436,-0.19240799997494087,-0.2919388441349826,-0.1719030498124369,0.5155151525041043,0.6280613872210989,-0.9294887883748107,-0.06702305320134955,0.021558392223852956,-0.011272431646749534,-0.061907654168545864,0.024620168384890194,-0.2569147930269624,-0.024947486593346616,0.5492722613168093
