0,1,2,3,4,5,6,7,8,9,10,11,12,13,14,15,16,17,18,19,20,21,22,23,24,25,26,27,28,29,30,31,32,33,34,35,36,37,38,39,40,41,42,43,44,45,46,47,48,49,50,51,52,53,54,55,56,57,58,59,60,61,62,63,64,65,66,67,68
1.0,0.956375092885019,0.9657510926606985,0.9489446583735289,0.8711409053114462,0.9011179736958528,0.9299550072531413,0.9163070740828225,0.9105510205247043,0.8611831928734806,0.8960594596604332,0.8960312079411957,0.7998093223456173,0.8676620516588841,0.9422203752479743,0.8596796911489687,0.9121831097535328,0.7673828118809072,0.6139749991112037,0.8605337575669209,0.8531038260195397,0.7381821390581833,0.7977927311848351,0.6672222663869982,0.8783460329398346,0.8236993557767663,0.9351776188073221,0.9546659644594827,0.9585387750144941,0.9444759823049438,0.8984003993580878,0.5679716056511867,0.9421148065590943,0.9248506216530055,0.9223791409979727,0.8891359004816128,0.9060432746462325,0.9408996490697389,0.9023618724846337,0.5625799916623097,0.8607729971692427,0.8993118697420462,0.8369081688354972,0.7527820907996358,0.8348426460822963,0.7524504344173476,0.693217859968585,0.4949731338448396,0.7357290801110139,-0.959307018875333,0.5168577409140374,-0.6628005494841204,-0.6704907278356078,-0.3821721907095989,-0.2382257375268988,-0.07703663681471905,-0.16907108159826784,-0.04665724922893702,0.04120194514929461,0.8286624768838192,-0.9484303988025723,0.32135673529910735,-0.7050629135226317,-0.6363581355773459,-0.4433860373763474,0.02202204007158212,-0.19617404017398268,-0.1238312147035074,0.15094891483050155
0.956375092885019,1.0,0.9700352340426277,0.9429577695085205,0.9031024615720947,0.9294940812650235,0.9639697257749676,0.9570114887171746,0.9174944943773299,0.9020254373822376,0.9415120542161786,0.8602127688411916,0.8584334003413902,0.9104832279290845,0.9622134590646578,0.9002984515108139,0.955369718511942,0.8232551651430526,0.6382795970787837,0.8794267829179548,0.8459715984864565,0.7972903495668847,0.853992889418138,0.7081861023552769,0.8978495278474125,0.8549741189347302,0.9592816244586346,0.9227774921974535,0.975166393124895,0.9594713561448874,0.9112200499319624,0.6279067080253923,0.9706018280499314,0.9613836389372047,0.9572906249051586,0.9253962969901633,0.950636844127515,0.9718331988199239,0.9465612943210427,0.574669140223155,0.8780306500981363,0.9385447321763631,0.8929221429774524,0.8089415683655069,0.8700093716253139,0.7872876030457904,0.7369959852061906,0.5422073735963094,0.7734268935590689,-0.9784791184934581,0.5937091994815039,-0.6928292865037093,-0.7308270606803248,-0.39438147247201144,-0.2234405171188078,0.024032197324997687,-0.1093812557972292,-0.08959502539647543,-0.0029851865873806497,0.7941303181152001,-0.977171126805074,0.39277909767660985,-0.7236268827167632,-0.7166854381829874,-0.4777247392946206,0.07662911493951827,-0.14056160536493456,-0.12657649534693496,0.09837747384224593
0.9657510926606985,0.9700352340426277,1.0,0.9596904799459028,0.8927262125868797,0.9144737835463549,0.9514600443586966,0.9450261297378902,0.9082104525107259,0.8800011058884564,0.9283007193984916,0.8772422467313586,0.8338795039706917,0.8891656762265917,0.9565156926832639,0.8858326854352538,0.9409431389189812,0.8178031275122782,0.6226333531138555,0.8850788042851504,0.8666366983241062,0.7879964566225119,0.8190648177928053,0.6843449446768105,0.8915393881854187,0.8485481626917282,0.9493056840633894,0.9352851840268338,0.964299222260067,0.9525347630788435,0.9139038690310608,0.5970117337161975,0.9596963992568359,0.9498953135755006,0.9461809274787234,0.9083900062118506,0.9425890508680126,0.9615829560667937,0.926625993386238,0.5552141899756441,0.8677195609217111,0.9098331396058005,0.8656970939220555,0.7617234617584737,0.8560503036323382,0.758002245511228,0.7100411644681265,0.505237616434605,0.7591320177298255,-0.9746664913590356,0.5735666492791938,-0.7002759982638758,-0.7122079858299006,-0.38652158910267376,-0.235252020265299,-0.020867369541092286,-0.1484485642074485,-0.06580882881296263,-0.003386632911677834,0.8104910847405824,-0.9646417866435325,0.39325591331018106,-0.7250322800790051,-0.6934218827307157,-0.45647830258133826,0.07157659871364012,-0.162366537160702,-0.14217742796335017,0.10409844346690446
0.9489446583735289,0.9429577695085205,0.9596904799459028,1.0,0.8682565438264755,0.8915993779892819,0.9200618704075478,0.9155609106230558,0.9071268658200087,0.8496321716778699,0.8921051161191657,0.8806596264297911,0.8200568746263811,0.8476453875741472,0.9381620988505679,0.8917941143213799,0.9016419171425188,0.8177232210548473,0.6148726216009721,0.8786867677629631,0.8425342462574525,0.8158877215360867,0.796896232783583,0.684196116411984,0.8640409461711523,0.7930111476825372,0.9302740829469518,0.9104878632782785,0.9382906162457813,0.930310915363029,0.8866544937344004,0.6009565769186217,0.933133581764296,0.9248657759784848,0.929415472217192,0.893496798026672,0.9129145548821573,0.9428381199096255,0.9097109520598802,0.5760272958361364,0.8288728993731943,0.8693871773889419,0.8208289642102047,0.7341867555507531,0.8461106647528239,0.7460379236308072,0.706760881354015,0.5135852974116332,0.7412361172733156,-0.9572243260880473,0.548215915012122,-0.6745029398814677,-0.6895046299770549,-0.4291300946387706,-0.23964403623041308,-0.0810297914838462,-0.1729620510049859,-0.06624825238809305,-0.007836959339050716,0.7961069778840276,-0.9399487999370923,0.35597346691100556,-0.6936787321120041,-0.6832147297930161,-0.49053042955462617,0.045247778302629785,-0.16824148146033285,-0.16673385363651125,0.07372397492395935
0.8711409053114462,0.9031024615720947,0.8927262125868797,0.8682565438264755,1.0,0.877575741327835,0.8741078170917321,0.8742038396200741,0.8361689847345845,0.8746721131612835,0.9018003085913632,0.8192119725841766,0.7869655807237074,0.8702822946278824,0.8577200878880304,0.8687595889444089,0.8605325079048315,0.7104589840856108,0.5140926529349694,0.8214214929182576,0.836112850625214,0.7856067148923435,0.7820938511432172,0.7097059274412527,0.8469785186718084,0.7298065060272796,0.898375085980658,0.8544861252969461,0.8843765677438453,0.8967443564890192,0.8751461051682209,0.6206422488827955,0.9125958599240188,0.8834832677690807,0.8855839453764336,0.8692669259003561,0.8743534281864807,0.9051611667707965,0.8764043094620368,0.5805951975269633,0.7769881888903063,0.8458085543998282,0.847211659317448,0.7536648093371,0.8282280970503251,0.7675408186407385,0.7274160118775563,0.545404197385475,0.6429683543257184,-0.8825885458997148,0.5988516487719159,-0.6000544951082134,-0.6460302302449284,-0.3417220472652115,-0.1873804272298189,0.08637011984546689,-0.012731195949065898,-0.12166963145532207,0.0015314549031278356,0.672965476231955,-0.9091012414363487,0.3534522585713993,-0.6312726930673478,-0.6437646179600274,-0.45160613860442556,0.0943270500071037,-0.022916646901240827,-0.16705445808941727,0.07643925831832518
0.9011179736958528,0.9294940812650235,0.9144737835463549,0.8915993779892819,0.877575741327835,1.0,0.9130658406172618,0.876134661377963,0.8572360659837327,0.8645065332705651,0.8824376434791505,0.7861954806687731,0.880751108430389,0.8488557565296683,0.8962767013421189,0.8608387162479331,0.9121455394811282,0.8296312340219127,0.7368233213368169,0.8511671554287145,0.7924756409354173,0.7685495586115813,0.8644389844384623,0.6618922203787914,0.8159867643901233,0.8406808077536952,0.8983285023982854,0.8677981508667257,0.9175167301193278,0.8847747978895866,0.8376515903763169,0.5679106550013997,0.9099743705210701,0.8880268032015134,0.8937674792587511,0.8588463237917856,0.8797695158613654,0.9117744831097264,0.9057167829468143,0.5406444448375505,0.853625649548277,0.9109257108356678,0.8670839834754165,0.7712390204533847,0.8108418400533263,0.7563824309330663,0.7011416425124235,0.5110058955073394,0.6933259961148391,-0.9165820100575229,0.5641131332741216,-0.6265593333824738,-0.6770448304654831,-0.34460833921062733,-0.23183289789977193,0.044056460635699075,-0.1545931314933538,-0.17892476167090096,-0.03137947499529121,0.6921579329068478,-0.9143571783115308,0.3863568564627987,-0.6660614142084104,-0.6629323015574866,-0.42470940501875165,0.10229045379081673,-0.1892604943691206,-0.152004268823292,0.045645390851465205
0.9299550072531413,0.9639697257749676,0.9514600443586966,0.9200618704075478,0.8741078170917321,0.9130658406172618,1.0,0.9313479279697314,0.9026456764325057,0.8949479166824523,0.9180426447796204,0.812799303194357,0.8658352884897444,0.8837920919564168,0.9485959055667882,0.8755692873010049,0.97151436084068,0.8433056186152336,0.6501237772169501,0.8570867843910422,0.8005087393999143,0.7807684661194847,0.8416696523730701,0.7068260248221192,0.8684239368316129,0.9099166093426043,0.9335239336043076,0.8920289848649231,0.9662672124777839,0.9393328946687203,0.8891388916478159,0.6404568757080662,0.9423078332956499,0.9400058945833529,0.9359022283321066,0.9081636781148088,0.9306927954818538,0.9491954213127438,0.9362913775483012,0.5402299209350254,0.8712720026946005,0.944266353534845,0.9138999686669662,0.7846053897585903,0.8372525153273664,0.7929673121765358,0.7218471395513427,0.516372791018151,0.7576375368782996,-0.9571947359716354,0.570431304714018,-0.6387702394902051,-0.7020839152083125,-0.3265850355176224,-0.2505130920451282,0.025220143878497314,-0.10819242017763757,-0.10255122878954336,-0.014399508933874627,0.7741433939964124,-0.9576666317587239,0.3800406139581794,-0.6933120195208181,-0.6890753694887652,-0.41472103854535447,0.09260282448240799,-0.15261249187372347,-0.12545035075470726,0.08398468095433824
0.9163070740828225,0.9570114887171746,0.9450261297378902,0.9155609106230558,0.8742038396200741,0.876134661377963,0.9313479279697314,1.0,0.8754340235658287,0.8808203140566264,0.9515244063115559,0.8339991684790635,0.8199103009828915,0.9351782014675668,0.9424906116826094,0.893290709718286,0.9318810259437939,0.7982596578889682,0.542432507113347,0.8646391187691903,0.8208311164027523,0.8068029156467876,0.8218170946908094,0.6920307472873526,0.927692390726434,0.8023771293345344,0.9515139775127764,0.8741547301127801,0.9384730747323492,0.9466151374648236,0.9050041829352822,0.6289750667163218,0.9655101653737094,0.9756125793158911,0.9478472081577477,0.9053917509763802,0.9641275969247051,0.9629006264202484,0.9175687868915544,0.5479148637993619,0.8022786659715482,0.8687680830974385,0.8637800376004987,0.8045348809274183,0.882799352174333,0.7546144911203884,0.7210443224856009,0.5538182848426179,0.786662008721087,-0.9537900893277991,0.5894697093851421,-0.7137661306845401,-0.7455307573018771,-0.41387049619275573,-0.21473877238000924,0.11285764472991199,-0.044802158128391126,-0.028172361781824504,-0.05259622903974917,0.7703698602710057,-0.9650558974246521,0.41082665006511876,-0.7259850455386097,-0.7401931687517074,-0.5152405297432695,0.11361762601672871,-0.0681475751818841,-0.07717173755119347,0.05805980558337499
0.9105510205247043,0.9174944943773299,0.9082104525107259,0.9071268658200087,0.8361689847345845,0.8572360659837327,0.9026456764325057,0.8754340235658287,1.0,0.8702616789595232,0.8545611922919477,0.8496231808836985,0.7816747905924653,0.8163445446623657,0.8867484750776818,0.8506353682553718,0.881678248771208,0.7422897832806968,0.569075482097864,0.8395355091833283,0.8184086317235526,0.7503173334141164,0.7668562996731608,0.7115748169013753,0.8340853187945648,0.7987341030170826,0.8931318600210432,0.8893474501485491,0.9101339859354157,0.9012795274675656,0.8544222352351032,0.6347733514923164,0.9023085159643357,0.8821126944405084,0.8887360206880406,0.8807410208986769,0.8725766853415373,0.9023733468448932,0.8845266676577083,0.5785825690597932,0.8215876997859193,0.8754192395163976,0.8509530537129205,0.7380803933738577,0.8032923553747319,0.7887005452803953,0.6965044481481281,0.5063089250660151,0.694841946986552,-0.9114734800699233,0.5491885202103671,-0.5901720642996604,-0.6663649692382146,-0.3546241225597303,-0.23170996515311482,-0.049390193306056075,-0.09316861490510214,-0.07561787626375036,0.030265531418869278,0.7630726232827624,-0.9062586560456307,0.35318598338369434,-0.6224835919820867,-0.6586506166331756,-0.404954351628431,0.0742935579543778,-0.12065607952729059,-0.1132849463235595,0.14113266001877683
0.8611831928734806,0.9020254373822376,0.8800011058884564,0.8496321716778699,0.8746721131612835,0.8645065332705651,0.8949479166824523,0.8808203140566264,0.8702616789595232,1.0,0.8839906845797744,0.7649316247655705,0.8056742401566537,0.8391512403717589,0.8511844535684612,0.8453782953735902,0.8821111564744046,0.7268533835189699,0.5308743455843611,0.8415910320579872,0.7887072910528699,0.7442464725452576,0.7784047896699049,0.7557438465390439,0.8152371200495805,0.7937750325311713,0.868190637252485,0.8592676579561712,0.8894462712003675,0.8786041010949653,0.8345036940672492,0.6617748138163972,0.8900319389493359,0.8752380005125043,0.8785931950088434,0.8808475322886853,0.8675458183681611,0.8895993073726394,0.8752647841142513,0.5896182233273567,0.8172449024443798,0.877515498419606,0.9187327579873321,0.8314058101314138,0.8647260188913788,0.8637301293232644,0.6981813155225598,0.5370731173069682,0.6638037003571835,-0.8818895493523476,0.5556942028870813,-0.5728085541505253,-0.6675177378219777,-0.3222561141284165,-0.22059816599776097,0.1295465548061138,-0.002115648806313014,-0.06676077580757442,0.0903999510127665,0.6879703571525755,-0.8968981795027623,0.34954851800854664,-0.5986646516917372,-0.6517895028957208,-0.40845885163997275,0.08719722164983848,-0.06814540786756547,-0.10195358490747,0.1101741182969831
0.8960594596604332,0.9415120542161786,0.9283007193984916,0.8921051161191657,0.9018003085913632,0.8824376434791505,0.9180426447796204,0.9515244063115559,0.8545611922919477,0.8839906845797744,1.0,0.8061791038909795,0.8379992114914376,0.9180037663097427,0.9235144892130656,0.9028120707159385,0.9244633624974259,0.7958898051005804,0.5650664286125984,0.8316934001609605,0.8304936754661373,0.8336210966925283,0.8519190497521847,0.715586224546412,0.9058376695844277,0.7841629518471489,0.9380038400724404,0.8607742649148223,0.9205890165220165,0.9406313567392302,0.9209765933446571,0.6456877200256252,0.952326131453369,0.9506273550377051,0.9353758266052806,0.9025704645434933,0.9481547951642267,0.9551470856492518,0.926172156859091,0.5707211503365626,0.7870708080560592,0.8728598173081353,0.8559914469286576,0.7731265929240803,0.8480739674992568,0.7481047267818961,0.7376700951987868,0.5748152883424802,0.7541840329900655,-0.9351136854567325,0.6202418271241507,-0.6817789497408309,-0.7385666453330334,-0.4086992636072376,-0.20186003107829886,0.12271329903667395,-0.04624620406368479,-0.07859928604000135,-0.06227783566578184,0.7246703791821235,-0.9542662586981677,0.41732007766359336,-0.7037319659930193,-0.7298270759003515,-0.5151045601993584,0.12217564528843457,-0.03818077914839507,-0.13853333986628882,0.0504068064066712
0.8960312079411957,0.8602127688411916,0.8772422467313586,0.8806596264297911,0.8192119725841766,0.7861954806687731,0.812799303194357,0.8339991684790635,0.8496231808836985,0.7649316247655705,0.8061791038909795,1.0,0.6810669958902997,0.7675007809970678,0.8517798843982883,0.8098066961570273,0.7856880009529401,0.6131605707087491,0.46305961735343776,0.8071101828852867,0.8866461088335126,0.6699973547863454,0.6675476257290828,0.5865522254450452,0.8113394282364439,0.674551330315911,0.8555938396762973,0.8848327446420025,0.8510360359584092,0.863625142281644,0.8419935892169238,0.4841942910094245,0.8639187853347635,0.831741265758768,0.8446944450796217,0.780402613844266,0.8146750043828394,0.8488550532224931,0.7938239480155013,0.5297733059057773,0.756867590496605,0.780443841160923,0.7316703503573432,0.6612929506637497,0.7679168396493654,0.6729321604796974,0.5994849151090463,0.42847066300588926,0.6300600126122616,-0.8648423114628555,0.5227137297843112,-0.6138241060272269,-0.5942994447562514,-0.39353669581259576,-0.23032718596631058,-0.07484944105819186,-0.15903612463235964,-0.03978590518901494,0.049664374215420706,0.7324346129274207,-0.8578307629517137,0.3312352424862198,-0.607223095757369,-0.5716388153381595,-0.44092699369331073,0.03295396086732631,-0.146384265995018,-0.09048703105796038,0.1375500977391229
0.7998093223456173,0.8584334003413902,0.8338795039706917,0.8200568746263811,0.7869655807237074,0.880751108430389,0.8658352884897444,0.8199103009828915,0.7816747905924653,0.8056742401566537,0.8379992114914376,0.6810669958902997,1.0,0.7895610398729123,0.8307490807353761,0.801771658104443,0.8706332284344545,0.8608424554542361,0.7839534553040958,0.7580722253856903,0.6921629681811858,0.8013171188002117,0.889103586416254,0.5909631539332963,0.7511079657030678,0.8103996704461307,0.8242112442926235,0.7402445684245967,0.8516760790659487,0.8208187654638901,0.8005893501143471,0.5297229919825176,0.8350276503026763,0.8368201375178753,0.8352467131586848,0.7932045716692793,0.8336672840034568,0.8583876625288598,0.8658310001258708,0.4821884188599175,0.7785320140848205,0.8711682195299156,0.8164661164415697,0.7235910721859332,0.735070601843333,0.7129626174261914,0.7242261751650463,0.5091116519107154,0.6626249614620006,-0.8438527657644985,0.4860249571437809,-0.5299258610022076,-0.6685947455380793,-0.34051555411423295,-0.191045498974835,0.0687542410603627,-0.11121707727548591,-0.12585620265115938,-0.07967550708676706,0.6093214237765797,-0.8465776955139439,0.33402995968263205,-0.5723570848004321,-0.6696908379731289,-0.4271367125291746,0.1475028838362756,-0.16249235199651352,-0.1858516597473334,-0.020755340560852202
0.8676620516588841,0.9104832279290845,0.8891656762265917,0.8476453875741472,0.8702822946278824,0.8488557565296683,0.8837920919564168,0.9351782014675668,0.8163445446623657,0.8391512403717589,0.9180037663097427,0.7675007809970678,0.7895610398729123,1.0,0.8858514707984967,0.8401901438795272,0.8819691980159966,0.7422588538972195,0.5076626849741112,0.8190129177711188,0.7867193507167455,0.769403626361421,0.7974878401253933,0.6618147914053586,0.8948718205488537,0.75082394058243,0.9218775462140716,0.8138644847920177,0.887128039958719,0.8962494599096256,0.8719119346230351,0.6155728430035962,0.9191090306502604,0.9491385963957634,0.8856156649234023,0.8711219417494747,0.9176083701905857,0.9284337678175206,0.8738496323993182,0.5237647570840263,0.7420245644437938,0.8256994434567968,0.8215437060750611,0.7388914645541826,0.8354409081170747,0.7381080228809789,0.695906646437461,0.5708004812429656,0.7482039860089591,-0.8986748908958211,0.5928732508337928,-0.6690124324868425,-0.6979818431426976,-0.37013363710905156,-0.17526826143634036,0.15510361196091366,0.0025587475243965337,-0.02729004415658349,-0.0682197350959281,0.6800217323962613,-0.920715531898007,0.4310660917790179,-0.7114591853576753,-0.6818853253765348,-0.49141041223802523,0.14133277164640726,-0.014088446495034348,-0.05643868591407517,0.06390575442809986
0.9422203752479743,0.9622134590646578,0.9565156926832639,0.9381620988505679,0.8577200878880304,0.8962767013421189,0.9485959055667882,0.9424906116826094,0.8867484750776818,0.8511844535684612,0.9235144892130656,0.8517798843982883,0.8307490807353761,0.8858514707984967,1.0,0.8982715581720243,0.9395457738036102,0.8218677482733701,0.6327573710198928,0.8580158204053004,0.8236188886854499,0.7884671800745277,0.8345255847683143,0.663798941059008,0.8862185214662458,0.844586229085751,0.9524575200754634,0.8940950968404962,0.9582016047205365,0.9482960258751548,0.9004431868490776,0.6055482031224534,0.9494144901083277,0.9502577813782671,0.9532735678822762,0.9004394798777656,0.9397373256279776,0.9566635111350507,0.9245943755303274,0.5569542505514127,0.8412962770553112,0.900664094939768,0.8480732746994508,0.774750375996358,0.8573088006823075,0.7509692898837219,0.7035138244415026,0.5363555300467752,0.7851054428178759,-0.974414695375602,0.5838373737950776,-0.724384704450738,-0.7457862919065505,-0.4401864701597832,-0.23603163407657451,-0.011650445944349566,-0.1837947961491104,-0.09346243003588015,-0.03311043006694604,0.7908488636903996,-0.9662416484503371,0.3788223077510204,-0.7545427395292615,-0.7275812110084046,-0.5114068593268067,0.06125098109530423,-0.18700750583711379,-0.15234235003942834,0.06569908167326394
0.8596796911489687,0.9002984515108139,0.8858326854352538,0.8917941143213799,0.8687595889444089,0.8608387162479331,0.8755692873010049,0.893290709718286,0.8506353682553718,0.8453782953735902,0.9028120707159385,0.8098066961570273,0.801771658104443,0.8401901438795272,0.8982715581720243,1.0,0.8724563143285472,0.7822762175332714,0.5329815415386149,0.8200078934984285,0.7921279645308061,0.8776913800235097,0.826195205540211,0.722872409594617,0.8671542038564453,0.7145422654063948,0.9098333659463349,0.8224626395344652,0.8759162975896471,0.9100154085102531,0.8776394495925199,0.6437128161865125,0.9117359937848293,0.8976570819556969,0.9238613235651023,0.8755089788558964,0.8986985204955921,0.9214201489973007,0.901339506918049,0.6740518406615561,0.7384430310033656,0.8202441842052558,0.8000474089993045,0.7353399351123172,0.8351947489671924,0.7495413683919229,0.7423345715747871,0.6334092107842839,0.7210686394170189,-0.9022889565061287,0.5715622257962033,-0.6167545272198429,-0.719237292178628,-0.45295840233245216,-0.22570212391150885,0.10869249095841535,-0.07897603615485146,-0.13384433411323965,-0.06671865072297277,0.6805762021242153,-0.914234520629769,0.36625810708984263,-0.6269892921450332,-0.732166946664795,-0.5343368574890753,0.10753611625089456,-0.060688800595446984,-0.13987887138951388,-0.00903242971591691
0.9121831097535328,0.955369718511942,0.9409431389189812,0.9016419171425188,0.8605325079048315,0.9121455394811282,0.97151436084068,0.9318810259437939,0.881678248771208,0.8821111564744046,0.9244633624974259,0.7856880009529401,0.8706332284344545,0.8819691980159966,0.9395457738036102,0.8724563143285472,1.0,0.8693076218563106,0.6672894684878855,0.8395407646230436,0.7853933177546409,0.7870405081452363,0.86380697295808,0.6804780589200781,0.8828255461118192,0.9053778829737072,0.9310166785304191,0.8701269953183728,0.9546707458555753,0.9333326020063498,0.8911747624271243,0.6124450064565768,0.9399623513688727,0.937498303720984,0.9292805265094396,0.8884436915972301,0.934451386492511,0.9441331897182896,0.9321693287238418,0.5179789231844805,0.8529449590339913,0.9362855617440209,0.9088483455078035,0.7739500722323095,0.8210499500515924,0.7768486547121081,0.7214207833487182,0.512099450138129,0.7578278668505231,-0.9471075384245525,0.5584252551089739,-0.6440186742743518,-0.7159164645925337,-0.32731339009089877,-0.2418933597217843,0.039958198600757375,-0.09902930538802768,-0.09595392212638101,-0.054591538402907404,0.7501169840730592,-0.9506916941867475,0.3692604287292644,-0.693952210517305,-0.7055146991758009,-0.42560913595887306,0.10547835306211777,-0.12442451146808603,-0.10720358224525033,0.049730462914429445
0.7673828118809072,0.8232551651430526,0.8178031275122782,0.8177232210548473,0.7104589840856108,0.8296312340219127,0.8433056186152336,0.7982596578889682,0.7422897832806968,0.7268533835189699,0.7958898051005804,0.6131605707087491,0.8608424554542361,0.7422588538972195,0.8218677482733701,0.7822762175332714,0.8693076218563106,1.0,0.765962606157713,0.7436398850432694,0.6155125117941399,0.8144601108539538,0.8847324349665023,0.6138177996967686,0.7304788139272703,0.7930523528332636,0.7960248177855932,0.7086047894648395,0.8270364038027082,0.8047214854254112,0.7610402618138803,0.538460770458675,0.8029793646709378,0.8158379267918434,0.8058141516494342,0.7839650237020199,0.8221366920063934,0.831239529168736,0.8665888364744421,0.5132469803564798,0.736188027039771,0.8119403383063392,0.7441076939568342,0.6321735169343947,0.7009857477506688,0.6151107528739636,0.7062311565711512,0.5327968025507226,0.6762043103626166,-0.8336322706969148,0.4288712111753468,-0.5410402226731804,-0.6785354128542846,-0.36401744036424477,-0.1822704684858728,-0.0024843080166203004,-0.16881962101652634,-0.12113301140850738,-0.1146865537341168,0.6172434286241328,-0.814814572791908,0.29992422380127787,-0.5731017428859287,-0.6747292867335092,-0.43533019785305516,0.129379459089644,-0.13819235802146615,-0.1550352457529866,-0.05372301680154354
0.6139749991112037,0.6382795970787837,0.6226333531138555,0.6148726216009721,0.5140926529349694,0.7368233213368169,0.6501237772169501,0.542432507113347,0.569075482097864,0.5308743455843611,0.5650664286125984,0.46305961735343776,0.7839534553040958,0.5076626849741112,0.6327573710198928,0.5329815415386149,0.6672894684878855,0.765962606157713,1.0,0.5334231115872959,0.48623029576751625,0.517913871013409,0.7541176471840791,0.34096456432332534,0.45173963317189514,0.7029539450689746,0.5735316120645187,0.5633461311116951,0.6558163737850685,0.589260055949523,0.5493519066870893,0.26968060317461773,0.5797993105465528,0.5662100502398499,0.5824796686010145,0.5333368500353053,0.5673029378291482,0.6076509180798622,0.6470585398937925,0.2848388736163167,0.6552071871728139,0.7251772774494697,0.5692716527733516,0.5432266947789631,0.4718068951204461,0.481452139350753,0.48601713078956804,0.27787713152457816,0.42149184602899187,-0.6363915070539854,0.29490744748355513,-0.36044110145390834,-0.4777965456385071,-0.20885282398769658,-0.1258829223190863,-0.08723999655511389,-0.24565975106713317,-0.18908696620020313,-0.03324112322484777,0.44473309347131,-0.5932758971417968,0.21374667356154797,-0.4135440676939829,-0.46122841216749566,-0.21166924632192424,0.06540021406426468,-0.30368119960575424,-0.18534905538785126,-0.0031846607019613447
0.8605337575669209,0.8794267829179548,0.8850788042851504,0.8786867677629631,0.8214214929182576,0.8511671554287145,0.8570867843910422,0.8646391187691903,0.8395355091833283,0.8415910320579872,0.8316934001609605,0.8071101828852867,0.7580722253856903,0.8190129177711188,0.8580158204053004,0.8200078934984285,0.8395407646230436,0.7436398850432694,0.5334231115872959,1.0,0.8238592848322533,0.7407956028595515,0.7386199508674233,0.6813233297231538,0.7785313215559818,0.75034379935747,0.8506500394326272,0.8329181760030987,0.8624204465144742,0.8630008855213339,0.7927670130900273,0.6049106762393214,0.8661509064084795,0.8607211510603784,0.8511825529686717,0.8442394352946058,0.8617109393327698,0.8675264935389069,0.8486223912475357,0.5457220125732373,0.8207666073479257,0.8193174248636104,0.8160749283421156,0.7056663252978361,0.7974104591363604,0.7229481256004244,0.6330913159202259,0.488733366800538,0.6985938385674325,-0.8784338298739781,0.5299737678665015,-0.645112365905239,-0.6524923967537541,-0.3309158667272412,-0.18141161555236293,0.08536038630747154,-0.09327510394624995,-0.10753744382488051,-0.004196337355198273,0.6599634122933468,-0.8689619936065544,0.37777794488120997,-0.6274532938746232,-0.6406359009233618,-0.4193201396726404,0.11103777101284369,-0.10433649800996775,-0.12170683641672986,0.06343529418672195
0.8531038260195397,0.8459715984864565,0.8666366983241062,0.8425342462574525,0.836112850625214,0.7924756409354173,0.8005087393999143,0.8208311164027523,0.8184086317235526,0.7887072910528699,0.8304936754661373,0.8866461088335126,0.6921629681811858,0.7867193507167455,0.8236188886854499,0.7921279645308061,0.7853933177546409,0.6155125117941399,0.48623029576751625,0.8238592848322533,1.0,0.6789796571510007,0.6671773435361037,0.6090838654467498,0.7677389870341401,0.680944555424817,0.8330813257322319,0.8380909084157145,0.826580855675526,0.8494294463026575,0.8444949286569343,0.49665511033101933,0.8431832490624735,0.8191839313345676,0.8226210549455031,0.7847640964938275,0.812488173068789,0.8406494703771307,0.7895714417022737,0.5175170845771273,0.7549074257954215,0.7826084471710916,0.7463182840319527,0.6648605985961628,0.746774436148368,0.6602218692170515,0.5655688341893818,0.40958861602791935,0.6393187555509339,-0.8496348020881985,0.5213316620015451,-0.6469353248728079,-0.6167971205464118,-0.35156915969420954,-0.1875427694614369,0.04621245190443175,-0.11977348381953509,-0.1371083037233266,-0.027030466524249296,0.6582011949417814,-0.8414292637136925,0.33832742678911754,-0.6155968461823741,-0.6013905029343846,-0.40309607744673553,0.08198837751217825,-0.1298432734661392,-0.12332088138712892,0.06040520666384674
0.7381821390581833,0.7972903495668847,0.7879964566225119,0.8158877215360867,0.7856067148923435,0.7685495586115813,0.7807684661194847,0.8068029156467876,0.7503173334141164,0.7442464725452576,0.8336210966925283,0.6699973547863454,0.8013171188002117,0.769403626361421,0.7884671800745277,0.8776913800235097,0.7870405081452363,0.8144601108539538,0.517913871013409,0.7407956028595515,0.6789796571510007,1.0,0.8367845022624499,0.7566261533630496,0.7851756534927934,0.5904703141718757,0.8183436597922048,0.6834382410162704,0.7762557303651068,0.8217813903855219,0.8355209342464794,0.7280431743998558,0.8108670118932769,0.8220552629446034,0.8312811259263791,0.841897407883818,0.8258553629125471,0.8496376695626622,0.8744238727520903,0.6998075159298716,0.5959415942547306,0.7062614088859798,0.6972812738914905,0.6037267746453651,0.7342971244714674,0.6394884745920809,0.7632401765658927,0.7123199056208058,0.6395537088069151,-0.8058627092440669,0.52055516813977,-0.5446463870777909,-0.7185998722611812,-0.4925925762154228,-0.15903859672066475,0.11030458107691375,-0.041733006621106454,-0.09649917175573984,-0.12823328017274635,0.5438257700701468,-0.8177965518575973,0.3246671705381965,-0.5246652989145866,-0.7462250310933198,-0.5827178885701954,0.2012988980357962,0.03041188888885934,-0.1528119803265244,-0.07554395439045712
0.7977927311848351,0.853992889418138,0.8190648177928053,0.796896232783583,0.7820938511432172,0.8644389844384623,0.8416696523730701,0.8218170946908094,0.7668562996731608,0.7784047896699049,0.8519190497521847,0.6675476257290828,0.889103586416254,0.7974878401253933,0.8345255847683143,0.826195205540211,0.86380697295808,0.8847324349665023,0.7541176471840791,0.7386199508674233,0.6671773435361037,0.8367845022624499,1.0,0.6608919127253512,0.7695593140000142,0.7477509337836991,0.8328242116246433,0.7424919013651552,0.8387118244253788,0.8361094390216558,0.7943634903837398,0.5540928109644475,0.8360176908956811,0.8386008624683916,0.8352401259874178,0.8194710465244305,0.8402146550422855,0.869267986554971,0.9053533791185068,0.64992661568003,0.7299352733967203,0.8369533231122342,0.7640641410620773,0.6885779965372397,0.7323007424917494,0.6660468514693966,0.7836763790417881,0.6978210483990331,0.65377359926,-0.8457705336607043,0.5089974975057057,-0.5438538920586973,-0.7233210447994272,-0.39337220951354746,-0.1602115026249114,0.08487609814988764,-0.08361524119249901,-0.12288143474335021,-0.08303307487887407,0.5986724271079544,-0.8478124827274417,0.30501210146492846,-0.5591102288704647,-0.7046726632544232,-0.47859804154753205,0.15215590908291288,-0.08171486133180277,-0.15951972059400005,-0.035971692759305215
0.6672222663869982,0.7081861023552769,0.6843449446768105,0.684196116411984,0.7097059274412527,0.6618922203787914,0.7068260248221192,0.6920307472873526,0.7115748169013753,0.7557438465390439,0.715586224546412,0.5865522254450452,0.5909631539332963,0.6618147914053586,0.663798941059008,0.722872409594617,0.6804780589200781,0.6138177996967686,0.34096456432332534,0.6813233297231538,0.6090838654467498,0.7566261533630496,0.6608919127253512,1.0,0.6458194302003561,0.5520030855708233,0.692780739270206,0.6873054723676751,0.6946584831747841,0.7212583807303261,0.6774566048479205,0.8786689162305623,0.7087954716203708,0.6917756179838038,0.6946272384148551,0.8555411362675182,0.699120741382708,0.7225256945654887,0.769841135008677,0.7621633065223212,0.5916038270194187,0.6394868995386249,0.6949557302910495,0.6246773277940663,0.6826762207279816,0.6681204236057694,0.7222493892790073,0.6892183041612872,0.4956272361679682,-0.693825926395497,0.44226064570460105,-0.4106724486417272,-0.5583996867315341,-0.37482134638775266,-0.13825750539100223,0.1543932503441938,0.019602854865657115,-0.05218665736499055,0.059355845003390154,0.4791152740616865,-0.7101573665763733,0.244557592821265,-0.39025949484073635,-0.5560559380979093,-0.42788934430057673,0.12327866580021633,0.06753626503520983,-0.10876776585802013,0.09345946575056008
0.8783460329398346,0.8978495278474125,0.8915393881854187,0.8640409461711523,0.8469785186718084,0.8159867643901233,0.8684239368316129,0.927692390726434,0.8340853187945648,0.8152371200495805,0.9058376695844277,0.8113394282364439,0.7511079657030678,0.8948718205488537,0.8862185214662458,0.8671542038564453,0.8828255461118192,0.7304788139272703,0.45173963317189514,0.7785313215559818,0.7677389870341401,0.7851756534927934,0.7695593140000142,0.6458194302003561,1.0,0.721154646976564,0.9440072033989803,0.836067143853449,0.8875767654248433,0.9173396338689868,0.8932009034585275,0.5883333085329616,0.9319743016103991,0.9307695136034965,0.9067399005620355,0.8522039100646545,0.9116969114657026,0.9146234503593192,0.8653636984639708,0.5221050517007774,0.7278276310881634,0.7960237336096216,0.7982458742965454,0.7175499873762543,0.8166679021269013,0.7020475542595579,0.7229141800166635,0.5515740367745537,0.7308499111910105,-0.8937814375407978,0.5464827219138763,-0.64896456070681,-0.6955305266075932,-0.40489837389620353,-0.21072343087295697,0.0401430010886594,-0.015691676896214996,-0.010806715334185767,-0.07453270571815512,0.7286408789498915,-0.9216067470638734,0.36993445553314863,-0.6842792844895078,-0.7003634245929162,-0.5293766889811329,0.1313881293084567,-0.01085483800415457,-0.051000780737155256,0.07270215179580478
0.8236993557767663,0.8549741189347302,0.8485481626917282,0.7930111476825372,0.7298065060272796,0.8406808077536952,0.9099166093426043,0.8023771293345344,0.7987341030170826,0.7937750325311713,0.7841629518471489,0.674551330315911,0.8103996704461307,0.75082394058243,0.844586229085751,0.7145422654063948,0.9053778829737072,0.7930523528332636,0.7029539450689746,0.75034379935747,0.680944555424817,0.5904703141718757,0.7477509337836991,0.5520030855708233,0.721154646976564,1.0,0.7950630616758161,0.7869041724509289,0.8746919641791457,0.8031337225888712,0.7484526200328433,0.5005843476590225,0.8099769081204555,0.8041846247860084,0.801036476287406,0.767448036471075,0.8089673353252883,0.8175473012585525,0.8135021245241247,0.350750100053885,0.8566585305327615,0.9046386202363608,0.8723399934575378,0.7072675575012618,0.6923704470988702,0.7131274897557006,0.5823683162973456,0.32105300828613204,0.6607463889451224,-0.8432853831461953,0.47261223018737575,-0.5463852664849913,-0.5839247662181856,-0.148722057246315,-0.26293937890340086,-0.013619209168996524,-0.13957458824443586,-0.12061018146956062,-0.0006576164996819633,0.7043092220321182,-0.833035829471575,0.3302770136015433,-0.6283234177910696,-0.5539188508179113,-0.21766913878413566,0.07323581740893857,-0.19458745520302329,-0.13839370774530232,0.07523661978102565
0.9351776188073221,0.9592816244586346,0.9493056840633894,0.9302740829469518,0.898375085980658,0.8983285023982854,0.9335239336043076,0.9515139775127764,0.8931318600210432,0.868190637252485,0.9380038400724404,0.8555938396762973,0.8242112442926235,0.9218775462140716,0.9524575200754634,0.9098333659463349,0.9310166785304191,0.7960248177855932,0.5735316120645187,0.8506500394326272,0.8330813257322319,0.8183436597922048,0.8328242116246433,0.692780739270206,0.9440072033989803,0.7950630616758161,1.0,0.8905797816273199,0.949007138170872,0.9515097720754941,0.9139764755748887,0.6213144105014407,0.9690123777419747,0.9620646251251226,0.9525096460435223,0.9113954541222264,0.9424836647455083,0.9644835040906623,0.9279007250471182,0.587628501265014,0.8122446464938426,0.8856000173630324,0.8513581186475679,0.774041006380404,0.8629203605617243,0.7557777858785776,0.757996476260329,0.5791733014738322,0.7590392157493854,-0.9598547351130681,0.6009705539380087,-0.7016264837949004,-0.7422363311616798,-0.4432096145962343,-0.22967336817096506,0.009630326041119618,-0.10443853717859579,-0.07773376521404263,-0.06693756573097907,0.7574431963241972,-0.9689191263581672,0.4043819032015942,-0.7298462907147989,-0.7376022298076488,-0.5434259665436979,0.10083583063885658,-0.10877474846968634,-0.13981524182127303,0.03989219372553313
0.9546659644594827,0.9227774921974535,0.9352851840268338,0.9104878632782785,0.8544861252969461,0.8677981508667257,0.8920289848649231,0.8741547301127801,0.8893474501485491,0.8592676579561712,0.8607742649148223,0.8848327446420025,0.7402445684245967,0.8138644847920177,0.8940950968404962,0.8224626395344652,0.8701269953183728,0.7086047894648395,0.5633461311116951,0.8329181760030987,0.8380909084157145,0.6834382410162704,0.7424919013651552,0.6873054723676751,0.836067143853449,0.7869041724509289,0.8905797816273199,1.0,0.9276525322422444,0.9149311049111544,0.8583187874638019,0.5671660168824209,0.9144924505974134,0.8741082155445116,0.8863972845660162,0.8644473130400004,0.8586569800294709,0.8934984771401099,0.8620940269538474,0.5446162929217285,0.871871385720927,0.8754028026200373,0.8265343003113331,0.7393922881888915,0.8173657808752581,0.7529664761011831,0.6608069106337823,0.4495658707484716,0.6718233745143053,-0.9174763265503,0.5266412951011082,-0.6179442918078192,-0.6107025738400483,-0.3408736766872222,-0.24655388135165857,-0.08005418521251771,-0.1447827272023319,-0.05180014839741528,0.11775154800353356,0.8103981875977685,-0.9097291759856245,0.3285319865318279,-0.6544475292522254,-0.5725611058605672,-0.3871241339698697,-0.001172624653346136,-0.17625150233556836,-0.08264098426012999,0.21361264714163378
0.9585387750144941,0.975166393124895,0.964299222260067,0.9382906162457813,0.8843765677438453,0.9175167301193278,0.9662672124777839,0.9384730747323492,0.9101339859354157,0.8894462712003675,0.9205890165220165,0.8510360359584092,0.8516760790659487,0.887128039958719,0.9582016047205365,0.8759162975896471,0.9546707458555753,0.8270364038027082,0.6558163737850685,0.8624204465144742,0.826580855675526,0.7762557303651068,0.8387118244253788,0.6946584831747841,0.8875767654248433,0.8746919641791457,0.949007138170872,0.9276525322422444,1.0,0.9562324039760157,0.9066467863048099,0.6222021588811136,0.9575726919094029,0.9459930596299919,0.9454300001783293,0.9131125264409609,0.9288804804976677,0.9573411906047198,0.9335320312003264,0.5430060290537054,0.8812330543347028,0.9373802929153946,0.8933893664622509,0.7919058370923259,0.8481886222340115,0.7782600955967566,0.7241334364948844,0.5075257878382998,0.7529950256983529,-0.9709981415246925,0.5564989234858161,-0.6586330724528451,-0.7140667061549076,-0.3756643186452548,-0.2507451167548517,-0.02614243488294709,-0.14027162700906382,-0.06710494132727524,0.015028062479695665,0.7972444223950909,-0.966413039677722,0.3442407290225934,-0.7102464045323545,-0.6890413589831387,-0.45522465517090843,0.06682427848535356,-0.1656762340921,-0.11869828125318906,0.12083896180017308
0.9444759823049438,0.9594713561448874,0.9525347630788435,0.930310915363029,0.8967443564890192,0.8847747978895866,0.9393328946687203,0.9466151374648236,0.9012795274675656,0.8786041010949653,0.9406313567392302,0.863625142281644,0.8208187654638901,0.8962494599096256,0.9482960258751548,0.9100154085102531,0.9333326020063498,0.8047214854254112,0.589260055949523,0.8630008855213339,0.8494294463026575,0.8217813903855219,0.8361094390216558,0.7212583807303261,0.9173396338689868,0.8031337225888712,0.9515097720754941,0.9149311049111544,0.9562324039760157,1.0,0.9421073600519569,0.652572081107942,0.9604226851854243,0.952038177456637,0.9530438671602329,0.9140296845468938,0.9399496086803407,0.9616816358209658,0.9319684426995815,0.595485243170368,0.8262416283192618,0.8869315869094493,0.8530222504515069,0.7672310765859632,0.8533401948982656,0.7619237957250045,0.7412722955073138,0.5706339476364363,0.7560931684972753,-0.9603660811248521,0.5527613430847963,-0.6515548894131179,-0.7158582825914148,-0.41058402924597276,-0.22403030015756853,0.031216994991223213,-0.08019414687598202,-0.059611025265067216,0.006749668012065625,0.7811291295067553,-0.9648136749716465,0.3316218695622338,-0.6836346607507068,-0.7076840974452441,-0.49133196125564743,0.06772449085692825,-0.09570714117367976,-0.10729496579834882,0.11189100342732393
