0,1,2,3,4,5,6,7,8,9,10,11,12,13,14,15,16,17,18,19,20,21,22,23,24,25,26,27,28,29,30,31,32,33,34,35,36,37,38,39,40,41,42,43,44,45,46,47,48,49,50,51,52,53,54,55,56,57,58,59,60,61,62,63,64,65,66,67,68
1.0,0.8482569959831043,0.8191234618213777,0.8212686450082046,0.7366302784705154,0.7463323460847606,0.7415713002134704,0.7872993899465714,0.7460810136858366,0.6798327626539227,0.7392491282802056,0.8129683405615826,0.7149493999036295,0.6620678803279605,0.8519835184849295,0.4095860413949404,0.6937193123779744,0.3981006244712381,0.632720256206886,0.6240936171596981,0.7540818136190481,0.4847959104006934,0.35995816961171456,0.3023533973612025,0.7582352479694278,0.6864371922235308,0.7627163532673573,0.878383950514153,0.8661204457145356,0.7859402409805158,0.6398647605098505,0.43868659770355434,0.8679985124279688,0.7940288491247948,0.6901128271257598,0.5890554782878021,0.7436612635313673,0.836427467536906,0.6696974863718892,0.23081118757654234,0.6333673027599537,0.7710284896685438,0.7296845068443629,0.6427875991281986,0.6230322532271124,0.6451548334405118,0.4120410762060216,0.12615640514989057,0.31274341841031006,-0.8493066626246579,0.2638986877345866,-0.18778174570183281,-0.12315420464266577,-0.04520351818549351,-0.07327444094441117,-0.22251228436040726,-0.20811466301044138,0.00631206808707798,0.06815279777506383,0.38273812950057096,-0.8288714640044903,0.350477369136123,-0.2611478589472913,-0.12306141666121495,-0.055001608655310646,-0.09089919949147124,-0.09608133132498158,0.054890745753341456,0.17866597263624362
0.8482569959831043,1.0,0.8902331246548097,0.869523181522901,0.6973776989431482,0.7876235729226261,0.9172437096490795,0.869865726376742,0.8508054163122952,0.7788799046755064,0.794898990753345,0.7240954714342197,0.8059627639781863,0.6320314431944767,0.9038220639050702,0.5623211870119763,0.8398885718431199,0.6698624413237257,0.7984488105992352,0.7244388363843071,0.783530373993294,0.6664870475291391,0.5829658259342142,0.48759149343973707,0.7232983778763321,0.8608556268958363,0.8514916200469804,0.840459190125597,0.9367960460053576,0.8430168504706531,0.7643068252311797,0.5676414218189013,0.8793654956077265,0.8646939953864675,0.8297430113090791,0.7346513705248034,0.8509259926828633,0.8985981604062071,0.8382478044895614,0.3991806045653605,0.7599633344261527,0.9163241227456289,0.8479267028099411,0.7238898577641986,0.6751129428845771,0.6984590737726041,0.552948877475466,0.2727116035820005,0.4689816422532635,-0.9452298302992816,0.31302945475807975,-0.2251203716797725,-0.3264798733041286,-0.08034836529979442,-0.01603726423172553,-0.21034912265791492,-0.184093461928879,0.048738845882923924,0.04858930839818891,0.44921044791809345,-0.9414777442949908,0.42435707079808266,-0.2879883105485111,-0.3236758785268504,-0.08434050424880454,-0.09457198340519328,-0.11140659765958642,0.060475080740524934,0.20626406129223107
0.8191234618213777,0.8902331246548097,1.0,0.8964149032239135,0.6494049458282743,0.6555598600363883,0.9032551478992054,0.8396936280982739,0.7671929664599083,0.7159385443553921,0.7933271745766219,0.7865834460142245,0.7953914378304069,0.6880113134288639,0.8683775831254537,0.4583403145275876,0.8717187511259563,0.6993481198057132,0.714130028874191,0.7139117527778587,0.8163951559421321,0.7142567162673719,0.48138390843188467,0.4197590866497503,0.7357384007926752,0.8410278136838186,0.8758612453556561,0.8463028110968158,0.8761770098990702,0.8695029214822115,0.8118400821208649,0.5503118617210448,0.8818272646500998,0.8632536116915436,0.8021562421096948,0.6722496857322566,0.7744348576115219,0.8692823991867105,0.7550615644692509,0.2997887370740907,0.6609673097268121,0.8246732933823748,0.8143756833635339,0.6360709834302637,0.6007408385484171,0.6086847586643904,0.49226726217589095,0.22851176291059888,0.5565981198414431,-0.927164382334388,0.2783177843412377,-0.30062061535417917,-0.4010490652602163,-0.15716417205260882,-0.06776208775733675,-0.19904915644483478,-0.24380581958428044,-0.049894976988216926,-0.023564847626125297,0.49528880388121577,-0.9128824899452184,0.418169911917811,-0.3597283851935424,-0.38604979203713835,-0.15538471818400612,-0.09613500061429707,-0.14953849190037044,-0.018046901987224064,0.126299715466005
0.8212686450082046,0.869523181522901,0.8964149032239135,1.0,0.6428430752887827,0.6858589570223957,0.8632785886210712,0.8241642435277287,0.7964012308862342,0.7120355769338845,0.760905498918662,0.7783053616859376,0.77463849166566,0.6276050933055461,0.8706205904987433,0.60102056467366,0.8189520352159749,0.6670522420598753,0.7146615178230453,0.7570446598069458,0.7951317239367103,0.7120102445817853,0.4727297798484272,0.39769585355015824,0.6747507626604999,0.7922668963756678,0.8246194546826648,0.8152982781988374,0.851205166820896,0.8530208816479626,0.7551059290687906,0.5201919294829924,0.8533047999404292,0.8503459869303965,0.7686751656290708,0.6505766360874763,0.7796604621652413,0.8618954720688776,0.7488699997814849,0.31566455384072895,0.6487169558974253,0.7756008338384118,0.7625288958577566,0.6487245597431267,0.617080644917583,0.6058934147309664,0.4757986058952465,0.21850492488443943,0.5277702213891355,-0.9092928369849814,0.23721568001923152,-0.2976000783373744,-0.34796856196637327,-0.20224215989785652,-0.0986519370357232,-0.19064043173653245,-0.25217362627097445,-0.04020928345609564,0.0027332658233747645,0.47829385271491776,-0.8939287315224929,0.3557646938973031,-0.38334867110315257,-0.33482496352372854,-0.2004816278417019,-0.14842764051057022,-0.12834607665160855,0.0013113780104388976,0.1036387876887916
0.7366302784705154,0.6973776989431482,0.6494049458282743,0.6428430752887827,1.0,0.7522480412021393,0.5952584241593138,0.6118896861643827,0.6491014995775979,0.632280860262473,0.5940533884167879,0.6636121744868818,0.7400536199074519,0.4384530504321113,0.6455704466035946,0.39980737133682,0.5139775766260519,0.2854608980690439,0.5365362579822553,0.5953406376837056,0.6855843418985504,0.3944609525630824,0.41059618770452244,0.2288862457505818,0.5219672064379322,0.5429320888936129,0.5415419342608471,0.6420199725144919,0.6587251065231088,0.5900482119926089,0.4577656428233107,0.31085749601300683,0.6710629340906549,0.5846210002903294,0.5495945443123478,0.48451269891246324,0.6019745439010598,0.6508593604189705,0.5979370146305995,0.3258374206801899,0.4954888029335961,0.6414511632661138,0.6179644356427592,0.48351571393128906,0.5177461088771664,0.542078008296513,0.3198791016918455,0.12734002521896798,0.17494528280288527,-0.6683114482546879,0.276718663120586,-0.051795456697518394,-0.09428319387339117,0.054218884660487375,-0.031083558694927686,-0.13030247199062778,-0.1633210627077564,0.06946883511497609,-0.11016672797900548,0.2481624705137257,-0.6589962051159391,0.32618651908543983,-0.1578081452934235,-0.08683643560434198,0.06233851498176529,-0.04524544088308395,-0.10182650634228828,0.12527313412837676,0.10832486424697159
0.7463323460847606,0.7876235729226261,0.6555598600363883,0.6858589570223957,0.7522480412021393,1.0,0.6722073557157967,0.6502823426595711,0.7298381401756971,0.6965578390383786,0.574885038831099,0.5472172223114043,0.7237935727831426,0.46989726068617965,0.7211164123295059,0.4537171055245372,0.5213382764513992,0.4224775683703805,0.7376167107122901,0.7452111718648199,0.7075235381530031,0.37989523251937335,0.5241451786154295,0.3164632266186928,0.4278128907986607,0.6342726443768808,0.5523254934092197,0.6417251350303071,0.7506963660615046,0.5413094319875755,0.483355446364839,0.4033594572603166,0.6582285970255582,0.636121281426588,0.5250488048200661,0.494313789736863,0.6319183993497747,0.6888777037069361,0.6387258453864417,0.34826847793095345,0.7249824836847345,0.7110986955312553,0.64266851101208,0.6355931320143625,0.6151102291734256,0.6544853334949484,0.3579871483348738,0.12281507714452965,0.1849412572946371,-0.7128338161100661,0.2194507803562184,-0.050804308447798374,-0.014443142493010545,0.08866422475586541,-0.011895338522244952,-0.14254278378649662,-0.29404563819438384,0.04367690434791647,-0.01475559853315415,0.27607137460151104,-0.7078483243232155,0.3269893994720227,-0.12436406036888012,-0.030676431272110873,0.017106927490854823,0.0002786524055619723,-0.2640883334707224,0.08276527792696989,0.16176032065978718
0.7415713002134704,0.9172437096490795,0.9032551478992054,0.8632785886210712,0.5952584241593138,0.6722073557157967,1.0,0.8528313694981274,0.7934779381226308,0.7356219072389105,0.7868442078645728,0.675479416384685,0.8004619340247134,0.6199529486689059,0.8723612457694226,0.5639806145787386,0.9229950120997433,0.7856219450295118,0.7608966291527691,0.6970998434142625,0.7431981009588025,0.7599723555339962,0.5974693921989077,0.5231194796894466,0.7063579897763415,0.8970838275249661,0.8608514544623128,0.7748687677045668,0.888104343365538,0.8363603793201279,0.7796571615896203,0.6086384678904556,0.8344001569453612,0.857632351801418,0.8294416128704222,0.7358479489438797,0.8153321847371068,0.8735854473911144,0.8233824223112896,0.40376101997675184,0.6769314227851824,0.879140938024983,0.841775805668129,0.6711161317077865,0.6089890986100281,0.631665486056173,0.5408044170683938,0.30595252066723744,0.5664845751125619,-0.929145807760096,0.2772651261216402,-0.2818526462523998,-0.432436349928841,-0.17761798007391252,-0.060667605817185485,-0.16751088471215603,-0.15981720259003185,0.0066497638257138935,0.009793137870139669,0.486026150829745,-0.9223713189886534,0.41797229828003796,-0.3528648161710247,-0.4183482576092151,-0.15451155490130333,-0.11414061621417432,-0.09021609139160269,0.03970904069922632,0.15648060216320972
0.7872993899465714,0.869865726376742,0.8396936280982739,0.8241642435277287,0.6118896861643827,0.6502823426595711,0.8528313694981274,1.0,0.7653263464331738,0.7551531683761455,0.8933353380619222,0.7252285395488874,0.7547370668880476,0.7816639573233807,0.8322939860418147,0.4307738531972877,0.8207921115999629,0.5732416507385171,0.6756972123260321,0.614481010076287,0.7378579197140053,0.6680817829213935,0.393005386252396,0.43659986567938674,0.7438929527718315,0.7718960112531206,0.9024561708874547,0.7728939714186401,0.8469184327509884,0.8372637545610797,0.719349713461905,0.5970250875234162,0.8929413643730765,0.9340610253598328,0.793467220047221,0.667921110891671,0.8926716267375877,0.8796423876718675,0.7503269645886511,0.22954005316497775,0.5858242791436676,0.8243758653606952,0.7953882369916072,0.7585937753321061,0.6343742412239168,0.6302442852711122,0.5042948056710622,0.18473582593682372,0.5415354026892183,-0.8999390547464594,0.20162747900767378,-0.276502748970789,-0.4259029364854773,-0.2029904936213636,-0.04433879978923618,-0.014954849503505372,-0.019825763528270923,0.15901292980843926,0.12747378053388098,0.29470714930659236,-0.9209165169796385,0.2766642971166785,-0.3708866689605809,-0.43341957433603817,-0.22630119573901972,-0.08879035915658264,-0.06657221476241132,0.18083430355395133,0.12772268706080825
0.7460810136858366,0.8508054163122952,0.7671929664599083,0.7964012308862342,0.6491014995775979,0.7298381401756971,0.7934779381226308,0.7653263464331738,1.0,0.7348095736577641,0.6661808848613828,0.6666530554117006,0.7604431072319718,0.5651285561051897,0.7883235254875409,0.5103014470327422,0.7394404174844089,0.5768985106425415,0.6599890194301546,0.67064873450333,0.7097948589046772,0.6000534581182644,0.4956554923348879,0.46970689745733685,0.6143033684233825,0.752478824350462,0.746922656089326,0.7279540336473379,0.8036439448046468,0.7442976069392488,0.6445019785158417,0.5484782570466264,0.776798090248822,0.7722551625696705,0.6877532372649445,0.6652211632108003,0.7440626649514804,0.7754047896107458,0.7141072611743868,0.36659977077292977,0.6370970708261631,0.7913198471279649,0.7617295177053642,0.597652303413619,0.5854544877378832,0.6460124912929757,0.4872330978737851,0.2666121943982451,0.3824606152714369,-0.826076874669829,0.31903469104490023,-0.1792514963223504,-0.2760973996279606,-0.1015378214842642,-0.013250271333037925,-0.21765297368345926,-0.1982662885152146,0.04532027820266957,0.010798476014631499,0.37300760426642915,-0.8230538871018208,0.40505347663175395,-0.2537674358495884,-0.28903178321769435,-0.13637134808512286,-0.06558949738099966,-0.12446509637251299,0.11508996046777817,0.1908732454996084
0.6798327626539227,0.7788799046755064,0.7159385443553921,0.7120355769338845,0.632280860262473,0.6965578390383786,0.7356219072389105,0.7551531683761455,0.7348095736577641,1.0,0.6926236173974073,0.6171517561982172,0.7646139349291321,0.4672012793266355,0.7290351861316282,0.43974926319947666,0.6754931202623964,0.49017648696478533,0.57441441375741,0.615935441848935,0.7385975527358748,0.5366076833722457,0.4159075785599843,0.4799711137067138,0.5491653459757515,0.7602245606541391,0.6807536609988545,0.7338717427432574,0.7690986626374278,0.7211019470040462,0.6557424890855853,0.5872997439084655,0.6973017179420299,0.6991105460671863,0.6759902143991064,0.6937376129999352,0.7065353084336835,0.7035288216514278,0.6723873462191668,0.34603353669084236,0.644225364497953,0.7907182457680576,0.8113309327624905,0.6863067951601792,0.7758719428984612,0.750107808643092,0.49331445105141936,0.3192415334537097,0.34632937281025694,-0.7873122768590728,0.2479648370943742,-0.17811169021146378,-0.26558209101781016,-0.06384709888152758,0.033978722662096374,-0.13998455557408437,-0.1395047869153951,0.029489297680561716,0.0509939539037535,0.36501337301035097,-0.787238057620638,0.42654400387433455,-0.23906290353302312,-0.27257714183057835,-0.0825710293655836,-0.053625561423245885,-0.0638760979509098,0.029343294143984153,0.2729388596831196
0.7392491282802056,0.794898990753345,0.7933271745766219,0.760905498918662,0.5940533884167879,0.574885038831099,0.7868442078645728,0.8933353380619222,0.6661808848613828,0.6926236173974073,1.0,0.6858675145370675,0.7616403204844461,0.7025943440607428,0.7564371367920011,0.35439528515727603,0.7700567216657669,0.49842235989018596,0.5876979824377093,0.483355583193058,0.7531329834091379,0.638191947952706,0.3483417455667446,0.3526037235558904,0.7674830298700845,0.7137595049925975,0.8494691800778202,0.7137332131645601,0.7637025261394234,0.8084198880259168,0.7358047347370889,0.4929032393618429,0.8324329838239458,0.848638274053725,0.7705172136867721,0.6106213787695158,0.8065763823701934,0.8291396691007965,0.7174650111092122,0.18221864613271163,0.4725218910968772,0.7677236408590941,0.7448190340345004,0.6292533799205964,0.5423252323806282,0.5866620899981433,0.46000298270096807,0.12365184160035422,0.4971046281127982,-0.8326762007830382,0.21539412151395523,-0.2136133321654821,-0.3978730980932867,-0.20314472548893733,-0.05794032678474852,-0.06240897441174161,0.006401324781227578,0.18523814844278924,0.1407258522337757,0.3475116896164126,-0.8404854272283554,0.3086388424144464,-0.29793906705657147,-0.412012650729501,-0.20600524441879697,-0.05054032952991486,-0.019867289579880064,0.23806663958593638,0.11601446450738777
0.8129683405615826,0.7240954714342197,0.7865834460142245,0.7783053616859376,0.6636121744868818,0.5472172223114043,0.675479416384685,0.7252285395488874,0.6666530554117006,0.6171517561982172,0.6858675145370675,1.0,0.7343692308052532,0.5979857667143628,0.7686975291205687,0.4052047315154226,0.6876347346005516,0.4067659131207571,0.4747949852287385,0.566830329411973,0.7682827014517718,0.5241405271317682,0.35420904998692626,0.23688640924814222,0.6922720816077513,0.6090697526159031,0.706241027309502,0.8038163273928399,0.7217905140836753,0.8145208859039565,0.6200865729698294,0.34031779390566863,0.791854054965011,0.7132817266628183,0.6424539225556509,0.5185353584100466,0.6382143382806823,0.7546066129304633,0.6273200128987604,0.2613564633242128,0.4670658031084934,0.662512836828784,0.6912004992606746,0.5315161850361723,0.5235398155995262,0.4825343488502821,0.32361297691395174,0.16636647560759762,0.31611814194392857,-0.7852780050451761,0.23147564532237325,-0.2527919479865227,-0.28906353133910057,-0.19209862189437663,-0.0917495727032346,-0.19373135616799295,-0.1821163329323244,0.03421239176322581,0.0018079248206914205,0.37686716168245954,-0.7647644613933942,0.2922908668522715,-0.3139381323414637,-0.2811271492051956,-0.18080712239529206,-0.1623383992912552,-0.04142009322887547,0.04630564356770493,0.11346750132289334
0.7149493999036295,0.8059627639781863,0.7953914378304069,0.77463849166566,0.7400536199074519,0.7237935727831426,0.8004619340247134,0.7547370668880476,0.7604431072319718,0.7646139349291321,0.7616403204844461,0.7343692308052532,1.0,0.5154920403784597,0.7722670497327803,0.4464628308081834,0.7465406683175447,0.5172874597612339,0.5904071528623435,0.6200041358005718,0.8416067043827642,0.5907063029326561,0.5131497078924258,0.35940145765195297,0.6435606188251953,0.7676246852883672,0.7345521341244488,0.7023859097740632,0.7680999620369825,0.7633085184426407,0.6720839894494387,0.44866527790415417,0.7506806114079153,0.7276601924658855,0.7085090229860284,0.6442903505794745,0.7036427945755207,0.7694388412583372,0.7321567837490351,0.333507282210178,0.5567854565848998,0.7773863386600663,0.7927406964391723,0.5759992993607714,0.5852489554809464,0.6127513716195412,0.40891232830175117,0.20802602383641972,0.39052316264472914,-0.8306431894607051,0.3038440993610923,-0.19828260403035486,-0.3012071192962179,-0.0980741867649198,-0.023643216248820983,-0.19349988745569666,-0.18489148861883065,0.08551349295498531,-0.002885648883284132,0.46754123909226397,-0.8153233149814858,0.4027190507272409,-0.2925486585768606,-0.3058591744107706,-0.08767223610249515,-0.09556154974251048,-0.1139622182821941,0.07974142013563912,0.16736958516945588
0.6620678803279605,0.6320314431944767,0.6880113134288639,0.6276050933055461,0.4384530504321113,0.46989726068617965,0.6199529486689059,0.7816639573233807,0.5651285561051897,0.4672012793266355,0.7025943440607428,0.5979857667143628,0.5154920403784597,1.0,0.6139756812576481,0.1370884051836549,0.6140942235411743,0.33790861915685305,0.46996484306580666,0.48403896821356646,0.5527637609761468,0.4662445354423535,0.10309268248937103,0.225145524550805,0.607196950957913,0.5279086158773907,0.7631355821150946,0.560897590050551,0.5905946544845684,0.6089976136476385,0.4838024492837075,0.46708356870176126,0.7505321166865633,0.825256803173521,0.5177547384006446,0.3566996813365037,0.7238680934706239,0.7166384295553607,0.4530463453749897,-0.05764019821786651,0.35588244773394645,0.5333432209995828,0.5161229813642504,0.5068071539585747,0.3406906810322067,0.42366942326480367,0.29242275635771836,-0.10572897373878881,0.49066898526108405,-0.6583587816000469,0.15759163618089725,-0.18138350585841576,-0.2940433527709704,-0.11330619522388694,0.010080408859544402,0.09344584813102406,-0.008292796929953172,0.11145043545330323,0.13659422878831207,0.03836961759425049,-0.7004734911829185,0.20005897829967687,-0.22394372605425983,-0.3090287087504887,-0.18712622715939253,0.017767588567514384,-0.1625664686900851,0.1370447239300706,-0.01861921652062571
0.8519835184849295,0.9038220639050702,0.8683775831254537,0.8706205904987433,0.6455704466035946,0.7211164123295059,0.8723612457694226,0.8322939860418147,0.7883235254875409,0.7290351861316282,0.7564371367920011,0.7686975291205687,0.7722670497327803,0.6139756812576481,1.0,0.5935904499456011,0.8201307579954212,0.6389482404302095,0.7291558777857333,0.7089095798067753,0.7623964710627085,0.6496178032217252,0.5352185260177129,0.42215112176003666,0.7457389041049943,0.8186013697926969,0.8254406057322029,0.8242889718247667,0.907506833374951,0.8469856695132199,0.7508580223656569,0.513903482355104,0.8758334614712164,0.8611213761617487,0.7924756011678492,0.6887692983570387,0.7935506942123439,0.910190894989437,0.7688604192159908,0.35794618197189665,0.6930941256459889,0.8322912899481689,0.8147577526774007,0.7135231933417112,0.6722567849384554,0.6636017816557614,0.4994582691973388,0.2902674016522273,0.4490695832558546,-0.929858455875905,0.24438759246234934,-0.3029188481474032,-0.3162224959406898,-0.14920689206325233,-0.07985558031706243,-0.2489612038331243,-0.24248597270776545,-0.0035304618216753193,0.05022807768997815,0.49842872652289616,-0.9203633612531913,0.3901136362422564,-0.3717397387694654,-0.31633907009433987,-0.15414002079686928,-0.14785840333614708,-0.1293572266576969,-0.008633921583455825,0.2098761820934235
0.4095860413949404,0.5623211870119763,0.4583403145275876,0.60102056467366,0.39980737133682,0.4537171055245372,0.5639806145787386,0.4307738531972877,0.5103014470327422,0.43974926319947666,0.35439528515727603,0.4052047315154226,0.4464628308081834,0.1370884051836549,0.5935904499456011,1.0,0.4841436751196158,0.5929635527954776,0.5739658652196895,0.549104268678143,0.37994726451576144,0.5790165083666609,0.5458771592226417,0.3470438271453614,0.33909316246859733,0.5151517242879985,0.4169520081800243,0.468979132704835,0.5419790441921183,0.5296555636990203,0.47036536337539436,0.268387598433572,0.4608686974352616,0.4471910262374058,0.5120090122793144,0.48707526631671627,0.49245528867587557,0.5485922704624818,0.5290365929430966,0.422652320657495,0.4804163477557846,0.5074450838986748,0.5034425601197264,0.36502472901180816,0.4518004335184795,0.3597021371837974,0.34205208794593317,0.3482230045709989,0.2930926763149618,-0.5667924019720665,0.22885726820680224,-0.1348251292907852,-0.21761760942373257,-0.10533824414030225,-0.051749638228332936,-0.18814183115171543,-0.10764030270072271,-0.012746918054114617,-0.016036368545534193,0.40491736527522537,-0.5563126431739686,0.3042078538351167,-0.232102895118271,-0.22079140588047516,-0.15135685875871122,-0.16823117354379682,0.020326626668952245,-0.022148484121097347,0.17289215518845447
0.6937193123779744,0.8398885718431199,0.8717187511259563,0.8189520352159749,0.5139775766260519,0.5213382764513992,0.9229950120997433,0.8207921115999629,0.7394404174844089,0.6754931202623964,0.7700567216657669,0.6876347346005516,0.7465406683175447,0.6140942235411743,0.8201307579954212,0.4841436751196158,1.0,0.7332529770258096,0.6205498889292831,0.5845773134777189,0.7058228293190463,0.7345573224816496,0.48977794387359386,0.46452491692716374,0.7421314695853087,0.833882311564004,0.8562538301948726,0.7274643307436511,0.8147939724343418,0.8345870982005966,0.7682615480955545,0.5803588365070167,0.8016454415378991,0.8168136229060189,0.7890783194090515,0.6836852863310924,0.7596118281609439,0.824112094793592,0.7492501606140541,0.32371742178772905,0.5244491221827365,0.8305512695998278,0.8262536206460278,0.6095250419186871,0.5428818671826278,0.5585678971745156,0.4867271239300325,0.2870122547941005,0.5699157288355944,-0.8808457468125573,0.2328651122477618,-0.3059643946480417,-0.5065137374874907,-0.260227358876922,-0.07893813403102369,-0.16111953468117876,-0.09625486757761405,0.0005286957131557922,0.013828043882017466,0.4850206762458828,-0.8663387452945354,0.3649099373538109,-0.39702778730404126,-0.5031312708121295,-0.1922732658178209,-0.1603944790419107,-0.013707060782232296,0.044393368920912175,0.09738629317156584
0.3981006244712381,0.6698624413237257,0.6993481198057132,0.6670522420598753,0.2854608980690439,0.4224775683703805,0.7856219450295118,0.5732416507385171,0.5768985106425415,0.49017648696478533,0.49842235989018596,0.4067659131207571,0.5172874597612339,0.33790861915685305,0.6389482404302095,0.5929635527954776,0.7332529770258096,1.0,0.7384007551064361,0.6088593765486753,0.4872887007307999,0.7408376339927393,0.6633393778368326,0.4933108371465763,0.4457475427346921,0.7323249087146289,0.6279505268000185,0.4889707182737009,0.6442744376697137,0.6027857577080666,0.6755509707738785,0.45716174240787705,0.5783406896449416,0.5934277215574356,0.6230725685001293,0.5707647407035764,0.5552757288518659,0.6155637795107403,0.6890072338845168,0.4532871848439784,0.5270721703044473,0.638940373513492,0.6064723773983153,0.4972699015609023,0.4313353332216282,0.40891927193218996,0.46006378233979656,0.3921567816740805,0.49460367563825025,-0.6773691461427006,0.14477529878590986,-0.26845259096159985,-0.47902253362877845,-0.20361709460971975,-0.08320848621911428,-0.144308562420117,-0.21723009077487154,-0.07398625905126256,-0.13245814069763803,0.47944498357098647,-0.6762040575870797,0.2539934407798226,-0.3094268026492711,-0.4543101218605851,-0.22336972752099982,-0.0891746363643181,-0.11933213846761079,-0.03519504471760054,0.029628085607802855
0.632720256206886,0.7984488105992352,0.714130028874191,0.7146615178230453,0.5365362579822553,0.7376167107122901,0.7608966291527691,0.6756972123260321,0.6599890194301546,0.57441441375741,0.5876979824377093,0.4747949852287385,0.5904071528623435,0.46996484306580666,0.7291558777857333,0.5739658652196895,0.6205498889292831,0.7384007551064361,1.0,0.7599004385574774,0.6372581096624853,0.5687195025821115,0.6318082702136996,0.33544840454209357,0.4995609766356756,0.6906393916428392,0.6424603638807885,0.6011494193762261,0.7555146492399863,0.6227442193502061,0.6563693446052588,0.35500717935355475,0.689523964533746,0.6917067027305249,0.6185979609389561,0.5001611625357651,0.675335259216902,0.7018488749861514,0.6868399766054978,0.3551755041446261,0.6723007433916687,0.7209123211609609,0.6190563220929688,0.6757230512330842,0.5516901528562818,0.5570280257357756,0.37686207980472597,0.20903266765718165,0.3609477435721501,-0.7309010643791211,0.1773415533259958,-0.1055582931224591,-0.2721296563893868,-0.03279716045221137,-0.029059564886159482,-0.07947355049857689,-0.21959539395444067,0.0483789296224922,-0.0815966233525351,0.3675518750637334,-0.742791713203658,0.2729032273752568,-0.1730697935352931,-0.286836285686607,-0.14629670986973806,-0.06622005220409054,-0.13201467716488002,0.07236326301183223,0.04637558080853441
0.6240936171596981,0.7244388363843071,0.7139117527778587,0.7570446598069458,0.5953406376837056,0.7452111718648199,0.6970998434142625,0.614481010076287,0.67064873450333,0.615935441848935,0.483355583193058,0.566830329411973,0.6200041358005718,0.48403896821356646,0.7089095798067753,0.549104268678143,0.5845773134777189,0.6088593765486753,0.7599004385574774,1.0,0.6680798810761802,0.5462804906581985,0.5310253767582872,0.3415679765100501,0.3330510232225234,0.6210477389893604,0.5729859541734772,0.6090914945106559,0.6908016172994143,0.5969935110842735,0.5515937366403242,0.4365305442725346,0.6415996011543518,0.6507655933308549,0.5264176632422025,0.4586826713006119,0.6036758649814473,0.6330874677851207,0.5876929717739228,0.3793527142778874,0.6987295251739546,0.6121741464970688,0.5726057898533146,0.5991131564614633,0.5576466675294833,0.530612322779379,0.3535229452156388,0.23698017406370164,0.3747571127544778,-0.7055327552940011,0.24945806254619174,-0.16012533318843805,-0.24841218588577607,-0.07148498184089122,-0.04729669158711824,-0.11602349478275657,-0.3502450202667489,-0.056957316854760714,-0.1011592609539225,0.3419336569160235,-0.7187901337864774,0.322471377346153,-0.24983987951369693,-0.23006883759290767,-0.15767826766042659,-0.06999896045611406,-0.26121574743086945,-0.07629194731435099,0.041740257744674526
0.7540818136190481,0.783530373993294,0.8163951559421321,0.7951317239367103,0.6855843418985504,0.7075235381530031,0.7431981009588025,0.7378579197140053,0.7097948589046772,0.7385975527358748,0.7531329834091379,0.7682827014517718,0.8416067043827642,0.5527637609761468,0.7623964710627085,0.37994726451576144,0.7058228293190463,0.4872887007307999,0.6372581096624853,0.6680798810761802,1.0,0.5781206366531626,0.460510554679117,0.2534356827902165,0.5952902744455926,0.6894735620799193,0.7058745609723888,0.7427855799172033,0.7467621900642261,0.7828218038472822,0.7650862624607735,0.4189405327653109,0.7279052742378314,0.7148060563827903,0.644847343386778,0.5395078225906025,0.6675376074640019,0.7544456022027317,0.6647230263403069,0.27432837090627166,0.5600480125607179,0.7317676168738797,0.7314782684187625,0.5816908842904748,0.6173297302954498,0.6230367133003941,0.3515233484332762,0.17430422478046775,0.369173965797846,-0.8058924539097856,0.23316639076690154,-0.1566835170664395,-0.2803746341800234,-0.10963455456780972,-0.06226448655338224,-0.1924492140793575,-0.22564817775393364,0.048650823756115694,-0.0016955615477808692,0.47035876822385037,-0.7846531882607265,0.39271552654528763,-0.20601753073904658,-0.31729083817724074,-0.14731362698611555,-0.10136607569206087,-0.1418303411897211,-0.02142296777680691,0.11336897563902368
0.4847959104006934,0.6664870475291391,0.7142567162673719,0.7120102445817853,0.3944609525630824,0.37989523251937335,0.7599723555339962,0.6680817829213935,0.6000534581182644,0.5366076833722457,0.638191947952706,0.5241405271317682,0.5907063029326561,0.4662445354423535,0.6496178032217252,0.5790165083666609,0.7345573224816496,0.7408376339927393,0.5687195025821115,0.5462804906581985,0.5781206366531626,1.0,0.5554336684793173,0.5681096772882582,0.5774746862873427,0.6745501634603395,0.709669998551765,0.5841486827890724,0.6464983560857983,0.7440260543487317,0.7763924639491255,0.6042119134270538,0.6377305636437279,0.6937782845580868,0.7527276798800393,0.7002912319861685,0.6347646199341214,0.71364074027273,0.7312400550356033,0.5115182909053586,0.40272423063323814,0.6366936447115173,0.6524102908848989,0.4147442754982469,0.4451960417285659,0.4532195834636136,0.5699886840951847,0.41408573482418615,0.5348846163369604,-0.7250792619391377,0.2154834634321474,-0.23136019188680043,-0.47192583768542823,-0.2631135714167896,-0.025084516949587524,-0.11251317394233122,-0.09037580319220934,0.008717637554423271,-0.04443906166067173,0.42676136986434365,-0.7181354426169352,0.31617238465628744,-0.2650466774629368,-0.46531142837114137,-0.24284701906841313,-0.04443420148482454,-0.03725511677884615,-0.05154117061907687,0.07600858925233317
0.35995816961171456,0.5829658259342142,0.48138390843188467,0.4727297798484272,0.41059618770452244,0.5241451786154295,0.5974693921989077,0.393005386252396,0.4956554923348879,0.4159075785599843,0.3483417455667446,0.35420904998692626,0.5131497078924258,0.10309268248937103,0.5352185260177129,0.5458771592226417,0.48977794387359386,0.6633393778368326,0.6318082702136996,0.5310253767582872,0.460510554679117,0.5554336684793173,1.0,0.31519922010067286,0.3066982597668639,0.5275043716752552,0.3989365097704049,0.404929121510898,0.5090609278264473,0.4153125437212437,0.44236644731441654,0.1534347134128497,0.39243944962433874,0.38730748580026175,0.46286372494998157,0.4216205313674585,0.43254443989737335,0.4911963822599136,0.7231205497988832,0.6649290708093686,0.44627796868002456,0.537509600445853,0.4960020074810582,0.3592586046180605,0.36960731232941024,0.33810288516840226,0.2698629888251659,0.3812801342530837,0.14810103606850608,-0.5351569306679431,0.16024395983350506,-0.08335908488980097,-0.2119241681198861,-0.04416424368869785,0.0003572929616046718,-0.24048017036637587,-0.24425376715378896,0.037800066821588284,-0.10334806519451885,0.41551370699179424,-0.5164799113196162,0.24054887159938326,-0.1275486334371653,-0.2538799275631434,-0.05440685602925274,-0.058421467623040846,-0.1423649811381819,0.01238713435315516,0.07651321730107909
0.3023533973612025,0.48759149343973707,0.4197590866497503,0.39769585355015824,0.2288862457505818,0.3164632266186928,0.5231194796894466,0.43659986567938674,0.46970689745733685,0.4799711137067138,0.3526037235558904,0.23688640924814222,0.35940145765195297,0.225145524550805,0.42215112176003666,0.3470438271453614,0.46452491692716374,0.4933108371465763,0.33544840454209357,0.3415679765100501,0.2534356827902165,0.5681096772882582,0.31519922010067286,1.0,0.2933468435236695,0.5647038461646905,0.41831069892625816,0.39921401453651173,0.5192401897388172,0.44562312722154324,0.44403891624563585,0.7999309792066054,0.41856436743515474,0.43252152561293206,0.5545658042873798,0.8230291531009948,0.40226412629288233,0.4580474942652314,0.5270284555455403,0.5773956785304373,0.48497435818712425,0.5310002273509298,0.5110634175098718,0.34968852245919757,0.41567056992997625,0.4619909409965871,0.7111775528431992,0.6170696296136597,0.2533295083057733,-0.4836295527083637,0.18756805480474995,-0.16510553783134507,-0.23513959777507248,-0.062209553471954844,0.10543048480517186,-0.07851266144897044,-0.07775866587481382,-0.01676157499505679,-0.04003956381409948,0.15917673976456037,-0.4926113248732775,0.25738567673378177,-0.13465844431746343,-0.21472836335460949,-0.004648872437203226,0.07844055184990363,-0.0467184641495992,-0.08721963576683073,0.19798726156138347
0.7582352479694278,0.7232983778763321,0.7357384007926752,0.6747507626604999,0.5219672064379322,0.4278128907986607,0.7063579897763415,0.7438929527718315,0.6143033684233825,0.5491653459757515,0.7674830298700845,0.6922720816077513,0.6435606188251953,0.607196950957913,0.7457389041049943,0.33909316246859733,0.7421314695853087,0.4457475427346921,0.4995609766356756,0.3330510232225234,0.5952902744455926,0.5774746862873427,0.3066982597668639,0.2933468435236695,1.0,0.6437997806618374,0.8190265426897886,0.7022792736269523,0.749936602075685,0.789172838463669,0.7031287340466008,0.34588916340873566,0.8354721482463341,0.7537510830033204,0.7491803849081226,0.577271477049887,0.7054870549746416,0.7861017110717973,0.6376380956338739,0.14378172182388196,0.34274500792154794,0.71392196800092,0.6921027709378114,0.545113016354979,0.46486980953746543,0.5214996079002505,0.41848553013470186,0.13307473581599225,0.3836130537683777,-0.7645652044203736,0.17521782515598802,-0.2660690170499467,-0.34397425850962143,-0.1617449675348378,-0.06362990586565237,-0.15326521679751254,-0.0005662978752859767,0.08827140678202933,0.09388885862384655,0.38385703199842297,-0.7571058304442471,0.2766846706543133,-0.30525310846955994,-0.3413108731407404,-0.14268305302562415,-0.07485977802026073,0.11433456879507756,0.14447013033056025,0.13585789930560954
0.6864371922235308,0.8608556268958363,0.8410278136838186,0.7922668963756678,0.5429320888936129,0.6342726443768808,0.8970838275249661,0.7718960112531206,0.752478824350462,0.7602245606541391,0.7137595049925975,0.6090697526159031,0.7676246852883672,0.5279086158773907,0.8186013697926969,0.5151517242879985,0.833882311564004,0.7323249087146289,0.6906393916428392,0.6210477389893604,0.6894735620799193,0.6745501634603395,0.5275043716752552,0.5647038461646905,0.6437997806618374,1.0,0.7818417494015306,0.7460772829978118,0.8512581437886054,0.7931373837409073,0.7545169137934875,0.6330819953518749,0.7666759527917043,0.7761397673713784,0.7867265888124775,0.7628596490846283,0.7472946338689926,0.8028390309614641,0.7529999100295434,0.3689500700678256,0.7175975343954057,0.8621717814508183,0.8352684818322296,0.6421291209959417,0.6039321983969355,0.6597211811109311,0.5648147222680829,0.3298696386444563,0.5268910457850301,-0.8689371202670383,0.28723674337360733,-0.24777145050092445,-0.33920065376141734,-0.07549662447723075,-0.032286897341101434,-0.16962422421813272,-0.16202422909762798,-0.043856631369394446,0.0019415634181449478,0.47612928583820924,-0.8639955628367973,0.4234246934968009,-0.31357349719241207,-0.3159454842480836,-0.05030435015953846,-0.08128004186303216,-0.0922731416836489,-0.049333192034308165,0.24826277748148967
0.7627163532673573,0.8514916200469804,0.8758612453556561,0.8246194546826648,0.5415419342608471,0.5523254934092197,0.8608514544623128,0.9024561708874547,0.746922656089326,0.6807536609988545,0.8494691800778202,0.706241027309502,0.7345521341244488,0.7631355821150946,0.8254406057322029,0.4169520081800243,0.8562538301948726,0.6279505268000185,0.6424603638807885,0.5729859541734772,0.7058745609723888,0.709669998551765,0.3989365097704049,0.41831069892625816,0.8190265426897886,0.7818417494015306,1.0,0.7553815137649281,0.8266236256343977,0.8447644726106361,0.7553148874608504,0.5461757703668072,0.9006812420792004,0.9116182006886246,0.8249077989753443,0.6589948426879217,0.8510862888393382,0.870569702437133,0.7406017119396625,0.1999491615751313,0.52890764994747,0.8024810245133783,0.7691285991525538,0.6613804936755668,0.5685180206586653,0.5732894408510685,0.5037854928741675,0.17190255213725883,0.573015355056949,-0.8954432184234067,0.24885257597159788,-0.3029672775676302,-0.47956507718137575,-0.23089585975439242,-0.04187310663132937,-0.12580236584210977,-0.07591308399179371,0.07747112556380255,0.1037746473929138,0.37589797483595055,-0.9112082483594878,0.31717306576841914,-0.3774839507343293,-0.4823787926588039,-0.2147919721664063,-0.07061579970029792,-0.09289875345865274,0.11974738512739216,0.08581220645399716
0.878383950514153,0.840459190125597,0.8463028110968158,0.8152982781988374,0.6420199725144919,0.6417251350303071,0.7748687677045668,0.7728939714186401,0.7279540336473379,0.7338717427432574,0.7137332131645601,0.8038163273928399,0.7023859097740632,0.560897590050551,0.8242889718247667,0.468979132704835,0.7274643307436511,0.4889707182737009,0.6011494193762261,0.6090914945106559,0.7427855799172033,0.5841486827890724,0.404929121510898,0.39921401453651173,0.7022792736269523,0.7460772829978118,0.7553815137649281,1.0,0.8700085481405764,0.8513501592449936,0.7254092517281603,0.5058390091422713,0.8293888183749022,0.7709354870787252,0.7513538554502341,0.6716495044734236,0.7266709194766965,0.8027177512314604,0.697490530374877,0.29934188108783927,0.7071649841509907,0.7897666774051544,0.7895477884101431,0.6121487367541086,0.6565148163404381,0.643304082030068,0.4895574273712601,0.25597975657421884,0.385837453296422,-0.8644137349733202,0.28099094020355575,-0.2242295723015017,-0.2334416212531555,-0.09194400825405999,-0.06101621111426215,-0.2331549953319185,-0.18627724944391394,-0.06471059276191689,0.04803242362402579,0.4400923117108422,-0.840912512004548,0.4230736763799846,-0.2675009993427102,-0.203211516713672,-0.1001316012152655,-0.10689885762282876,-0.03851052372972128,-0.03496222900797843,0.290267683570252
0.8661204457145356,0.9367960460053576,0.8761770098990702,0.851205166820896,0.6587251065231088,0.7506963660615046,0.888104343365538,0.8469184327509884,0.8036439448046468,0.7690986626374278,0.7637025261394234,0.7217905140836753,0.7680999620369825,0.5905946544845684,0.907506833374951,0.5419790441921183,0.8147939724343418,0.6442744376697137,0.7555146492399863,0.6908016172994143,0.7467621900642261,0.6464983560857983,0.5090609278264473,0.5192401897388172,0.749936602075685,0.8512581437886054,0.8266236256343977,0.8700085481405764,1.0,0.8474343351975219,0.7695746101648828,0.5950570245411085,0.8774357023509454,0.8438451116268723,0.8264185200422762,0.766950880260806,0.8044119931339068,0.8861235413446558,0.7874658998805152,0.37270991893588057,0.7603028226691668,0.8954880135999856,0.8452793543518929,0.7412656118317695,0.7109938607321087,0.713370761111025,0.5931742879643037,0.31376154172903126,0.45311842622980353,-0.9279683827751286,0.2685897512561076,-0.26640045698381837,-0.28674070937187224,-0.08643056230953444,-0.042419938631442375,-0.2109030290649423,-0.18904010122925102,0.019784387733406125,0.07665819430379427,0.4799054663403571,-0.9193487453380926,0.38367654684254543,-0.30893126312109437,-0.2637237736945202,-0.10182718181817009,-0.11552862284283204,-0.0711484460934224,0.016136564798906572,0.2765321021512912
0.7859402409805158,0.8430168504706531,0.8695029214822115,0.8530208816479626,0.5900482119926089,0.5413094319875755,0.8363603793201279,0.8372637545610797,0.7442976069392488,0.7211019470040462,0.8084198880259168,0.8145208859039565,0.7633085184426407,0.6089976136476385,0.8469856695132199,0.5296555636990203,0.8345870982005966,0.6027857577080666,0.6227442193502061,0.5969935110842735,0.7828218038472822,0.7440260543487317,0.4153125437212437,0.44562312722154324,0.789172838463669,0.7931373837409073,0.8447644726106361,0.8513501592449936,0.8474343351975219,1.0,0.8424505983689563,0.5629321424305761,0.8512183126404053,0.8354614116157411,0.8315924662233892,0.7109029595313187,0.7763974210915631,0.857605655427333,0.7410920985485371,0.3086436474585678,0.5697217809679205,0.8038206756256068,0.822312113951826,0.6031007606514664,0.6143433473238035,0.6173158439084903,0.5307950842136702,0.3033626582447114,0.510199443510374,-0.896771972521545,0.2672409460655518,-0.25023697478078744,-0.44157240322768176,-0.20733921766731353,-0.06241609059952502,-0.16352934317252701,-0.0946231003243033,0.03303137447630873,0.042041427809291945,0.4657586734867992,-0.888824156842261,0.38946802890898335,-0.319768710252948,-0.41430505841220716,-0.21680758874049616,-0.12625540459811668,0.06171374080837858,0.0005245913260065889,0.2037755229877471
