0,1,2,3,4,5,6,7,8,9,10,11,12,13,14,15,16,17,18,19,20,21,22,23,24,25,26,27,28,29,30,31,32,33,34,35,36,37,38,39,40,41,42,43,44,45,46,47,48,49,50,51,52,53,54,55,56,57,58,59,60,61,62,63,64,65,66,67,68
1.0,0.9775912765532987,0.9772475028081133,0.9685167122546536,0.9431964109081465,0.9521526037661548,0.9600291660825733,0.9692509891333958,0.9625352387581684,0.9388292534573307,0.9444312062832622,0.9385207248845181,0.8487952738328729,0.9606943913521725,0.9737549380727556,0.9053237220932943,0.9545432093136099,0.8234419374049274,0.8395084608155929,0.8992851671566374,0.8959650376189171,0.9139144000409659,0.876568752516945,0.8013347936287386,0.9701692126138235,0.9344176028023231,0.9777095567189539,0.9746202848527076,0.9755044812764753,0.9752189313948002,0.9247300613935266,0.7650091468036321,0.9790328004395127,0.9786805108816083,0.9717239589470457,0.9440641261709944,0.9674694751969048,0.9759609726996282,0.9575240273943814,0.7887090799938266,0.9294500020282733,0.9575314023100977,0.917406062513527,0.7546744029074625,0.854591048475884,0.8858192195157223,0.9472212406273763,0.758297867973629,0.8369582997574668,-0.9790834403256844,0.5335940072657693,-0.8444608466687133,-0.7475182270073096,-0.5992164045935212,-0.4873027930635751,-0.7147695840073685,-0.5207093598632118,0.02289369059838749,0.12765664074089544,0.8729422352026707,-0.9798736018285394,0.33088397412221965,-0.8742949323079886,-0.7818113818614276,-0.6839574869727489,-0.4059261421030286,-0.6277932804115807,-0.47979735071483975,0.18081840545905384
0.9775912765532987,1.0,0.9672541792585116,0.9626577076682515,0.9395849495707341,0.964413987112117,0.9738885114481589,0.9711742491168763,0.9613011846182501,0.943553585400784,0.9370125586710827,0.9149154494307515,0.8688991077662508,0.9476054958616603,0.9804308539166632,0.9112148686873511,0.9644989969187772,0.8428116649956323,0.8680595915349165,0.9207950674960989,0.872965492528051,0.9210742032711423,0.8939410951698871,0.8335024819353631,0.9695475729991234,0.9501687940669115,0.9808075739906049,0.968109445221962,0.9835788864000702,0.9743055584949343,0.9286510024839985,0.7885267850787603,0.9788222452077044,0.9829191344291107,0.9788740621950703,0.9539839324665069,0.9771275420851132,0.9800603139861835,0.9646275222318154,0.8028637120305372,0.9470122259252118,0.9762616254191413,0.9408151491780193,0.7667398619746688,0.8680702975959981,0.8933857018631179,0.9555530022467719,0.7785667776709202,0.8461903340292489,-0.9832696189992766,0.5358540649020647,-0.8294465995094245,-0.7693670206263779,-0.5898932881736423,-0.47830240362609255,-0.6906564052624724,-0.5092835631980439,0.046502895497392664,0.12459212413712209,0.8604902850022601,-0.9845458538232746,0.3314060333383541,-0.8709803777851743,-0.8098629635174144,-0.676298841421361,-0.40807447458749513,-0.6072022771149997,-0.46445377977453034,0.15612297308705542
0.9772475028081133,0.9672541792585116,1.0,0.9725371407892069,0.9336528897650931,0.9432895796796789,0.9646956100520726,0.9538736494495667,0.9623470775261915,0.9255128946016592,0.9348308186947842,0.9334206283178673,0.8263324296904196,0.9665647474816785,0.9624938315490286,0.8929121825710898,0.9621261066255687,0.8381834651183026,0.8244008651826507,0.8951299737348452,0.8806799297867354,0.9170965736921495,0.8606558347000085,0.7893251930854551,0.9593823154545028,0.9421187101319742,0.9662553556505286,0.9678990422028623,0.9644646937099165,0.9716435899901806,0.9179799092446433,0.7552249488056727,0.9706383650860145,0.9734842723324949,0.9621255398334038,0.9344198887946842,0.964985064418209,0.9726100121948831,0.95669718743107,0.7836667528812455,0.9169988604893861,0.9463651900153048,0.8921557763243605,0.6979256133172262,0.8189303261518908,0.8762377042691939,0.9519725273167129,0.7356697880377213,0.8388659210679923,-0.9714716451396465,0.5594556282806058,-0.8301965636885226,-0.7137419371251575,-0.5812150884636409,-0.4837017076265051,-0.7345770342854218,-0.5625574022000487,-0.04388298947334383,0.1301986814405559,0.8837572894739636,-0.9753597397839872,0.37610879327217817,-0.8656252983450866,-0.7626758905910317,-0.6753863354777553,-0.4059180417919537,-0.6713180872928417,-0.5173412030333523,0.18264683627040731
0.9685167122546536,0.9626577076682515,0.9725371407892069,1.0,0.9210665429464047,0.9528675161527503,0.9530469518740495,0.9448868201798521,0.9624855528963295,0.9173316047237695,0.922892182211836,0.9279518358960769,0.8460527616777109,0.935781915341193,0.965428955455324,0.9074432840475123,0.9420418975116935,0.8146646421785992,0.8427502761005716,0.912688142458501,0.8854930522736155,0.932624761924681,0.8545176045690013,0.7907285371510835,0.953139573058059,0.9270824979084253,0.9630285370101156,0.9502796026338046,0.9537645633129173,0.9637720334979539,0.9342848016219376,0.7513663000507557,0.9619745862788426,0.9657292703128242,0.9619901102569625,0.9338303692099963,0.962559437237024,0.9660288300422791,0.9507101621628077,0.7924209470026118,0.9082205365864318,0.941454064936896,0.8774509248374447,0.6909890262515263,0.8167365144372978,0.8692030140264245,0.9484825972935045,0.7431422637270798,0.8248933831441153,-0.9710289218656146,0.5308170222801126,-0.8417120071792511,-0.7320651280883536,-0.6037304179951135,-0.4748285521713987,-0.7327665561198413,-0.5748745831963697,-0.05332188501825929,0.08548520279485122,0.8628424679862802,-0.9694410135450592,0.3648771728846866,-0.8672969637292228,-0.7843368473062102,-0.6985806723423967,-0.4141883254307832,-0.6768302701845095,-0.5285767551797719,0.1487829243745543
0.9431964109081465,0.9395849495707341,0.9336528897650931,0.9210665429464047,1.0,0.9220950753344325,0.9163888271667141,0.9459533655478056,0.9249985094977752,0.9435588638473044,0.9090778701590151,0.9342378658642473,0.8212642246063121,0.9254367021972755,0.9279037218188186,0.8699410332732764,0.9066952719154509,0.7460658838304897,0.7509037225411436,0.851258430269721,0.8667953201187,0.8756291416321195,0.8425490265413362,0.8190349183151724,0.9362631732965763,0.9054242744545096,0.9425136458580274,0.9529875223269364,0.9389545455558852,0.9326807408574631,0.8556981146937072,0.7624054416252938,0.955473951367185,0.9409876113266712,0.9375474469093802,0.9147820667607871,0.9269050367745374,0.9427010003623131,0.9265277517602593,0.8077120493672101,0.8901166916376458,0.9218546999341413,0.8882203136224545,0.7689143799171296,0.8794881273644565,0.8508848577908885,0.914021436125072,0.7727668719567877,0.7879548051511978,-0.9332574954414028,0.49520517459989594,-0.7720607588140515,-0.7111815438112048,-0.5338470611945697,-0.4685668286038284,-0.6303147164244404,-0.40801773982855266,0.10023954222403125,0.16889968724796484,0.8328211588166635,-0.9419029665826437,0.2732303710273592,-0.8345636124406535,-0.7249263285945976,-0.6099216623393657,-0.3569237443594428,-0.5059324215031046,-0.41207201321374204,0.21188395351368317
0.9521526037661548,0.964413987112117,0.9432895796796789,0.9528675161527503,0.9220950753344325,1.0,0.9515037024920783,0.9396794365906967,0.9361569392516124,0.9241091004456764,0.8895642609934821,0.8840816785810569,0.8582471043283276,0.918256474166198,0.9591317907380804,0.8898896871338458,0.9365150968250364,0.8270445875279414,0.8874987248593952,0.9421223382672721,0.861393072807284,0.908869926443183,0.8716716566262301,0.810018927935659,0.9361942772824299,0.928937565915227,0.9536752551408756,0.9403021416451349,0.956269903936236,0.9450287295669572,0.899885941835802,0.7602959196969624,0.9561269958619536,0.9579134583463391,0.9517821553033703,0.9176443269176447,0.9560014706958461,0.9528359114876997,0.9377886917335172,0.7667635468057968,0.9336474784100662,0.9592589951722557,0.9088423802471925,0.7318394788384144,0.8521998428870305,0.8857526352139503,0.928204653445745,0.7390060066926509,0.819570698598066,-0.959382717963577,0.5299035132284247,-0.7970048157426474,-0.7472431510652512,-0.5692321809634536,-0.4522586522230713,-0.6671699084979418,-0.529212604539121,0.003891292824707448,0.08225844986453451,0.8335974970149881,-0.9605872960945009,0.35556204871462505,-0.8450804414482124,-0.7904811727358794,-0.6468863217579511,-0.40649936686918475,-0.6104445298506903,-0.4863949256947275,0.11396099413812862
0.9600291660825733,0.9738885114481589,0.9646956100520726,0.9530469518740495,0.9163888271667141,0.9515037024920783,1.0,0.9445288738963763,0.9552828841455503,0.9284797214271151,0.9136082214243031,0.8827753544836642,0.8571008729753816,0.9415524500472207,0.9630459217733747,0.8873382280644617,0.9809098641957269,0.8808565503018915,0.8700351503110964,0.921649180824145,0.8301360935879482,0.9198291074503983,0.8858723748571118,0.826782386709707,0.9558292360013684,0.9692747810395259,0.9613259730267086,0.9509406104930023,0.9721972864023427,0.963220991191584,0.9202045032182833,0.7914534765362398,0.9593122148211916,0.9691325190259297,0.962287302388557,0.9359776612220115,0.9687544323040754,0.9700633872271509,0.9601073420887618,0.7833988084152251,0.9332008803570484,0.9694577373294513,0.9242285294573772,0.6980459797025178,0.8176363413018777,0.8963837536852531,0.9514166281397414,0.7506729565019645,0.8408316698795538,-0.969498469678824,0.5608803891966764,-0.793262753245198,-0.7208037757419729,-0.5431486222554911,-0.4684208421867716,-0.7056486029983843,-0.5611012594248395,-0.03658271642467203,0.12716421422497384,0.8671083436773172,-0.9739881849757344,0.39315706059367383,-0.8388475374819857,-0.7833297933253842,-0.64588849874215,-0.39626356441206106,-0.6602974718558982,-0.5108067466643382,0.1449048096126521
0.9692509891333958,0.9711742491168763,0.9538736494495667,0.9448868201798521,0.9459533655478056,0.9396794365906967,0.9445288738963763,1.0,0.9500695777319228,0.9493692643104584,0.9557917275991017,0.9394546982801896,0.8694948935131069,0.943466980139139,0.9693469303970484,0.9168616320200514,0.9374364326250977,0.8030268272346793,0.8201342599978325,0.8823387957684283,0.8749242973805228,0.903558959788651,0.8903984030406213,0.8270367019327911,0.9635693495542377,0.9204127384981728,0.9763495539829958,0.9607592558933922,0.9703188274682749,0.9601353475096189,0.9117579729724182,0.7660663731696414,0.9733270779551992,0.9749975058504681,0.9757758722517733,0.9635739010929628,0.9664553884486894,0.9728329304892349,0.9498926154370626,0.8066865606360094,0.9299597129175534,0.9511779801385062,0.9445812152333727,0.8425418065385465,0.8795288049753884,0.8871485544437442,0.9381959403048465,0.7934880218331241,0.8251525348153285,-0.9709720816929635,0.5501634785488638,-0.8456758416517496,-0.7927944831452339,-0.6000495468168413,-0.49966488231454437,-0.7065203724240066,-0.4078027211929154,0.14229001815648024,0.15976341565079225,0.8452856877106962,-0.9722975967525991,0.29428515136043293,-0.876572417087534,-0.8118775430242972,-0.6742120987463214,-0.39184876230200244,-0.5266576086625705,-0.39846666725581964,0.19584872055257868
0.9625352387581684,0.9613011846182501,0.9623470775261915,0.9624855528963295,0.9249985094977752,0.9361569392516124,0.9552828841455503,0.9500695777319228,1.0,0.9287179975170117,0.9298524006044023,0.9194187510767577,0.8667406437036581,0.9362522450206804,0.958788473743014,0.8986862582638827,0.947132890362813,0.8201070869645639,0.8261550329444601,0.8968129938100143,0.8599075374392491,0.9168248936827136,0.865192926179315,0.801641020900135,0.9555906814694829,0.9326817450260261,0.9620219821057708,0.9463074710749593,0.9583676125932562,0.9607798348602948,0.9279538319035336,0.7671662538091238,0.9564882262340725,0.9649695723073316,0.9608136131099946,0.9394978765326831,0.9642467610986405,0.9677013359809402,0.9478366579359432,0.7867259599918792,0.9087331494801933,0.9392551219628485,0.8948472553771851,0.7101261448960445,0.8084095593398144,0.8774539476568096,0.9439149052382366,0.7573696834571519,0.8234320046911636,-0.9673124224760634,0.5314302896657368,-0.8330942732372963,-0.7363368420763852,-0.5906248650368654,-0.4645502412948007,-0.7285151574366903,-0.5346712295612017,-0.004482615033945786,0.11968493379838138,0.8678002951021451,-0.9659790225685161,0.3448709879368623,-0.8551957133651465,-0.7837767363649462,-0.6792655353838594,-0.38538581608896155,-0.6414953427212748,-0.4764044319934906,0.16717188954782938
0.9388292534573307,0.943553585400784,0.9255128946016592,0.9173316047237695,0.9435588638473044,0.9241091004456764,0.9284797214271151,0.9493692643104584,0.9287179975170117,1.0,0.9085386065456025,0.9203474629092749,0.8667401316319164,0.9185068704086151,0.9315631979929816,0.8542479774109576,0.9179972039376808,0.7787288656000422,0.7901791883302121,0.8788900780404161,0.8734778363768726,0.8732855218648674,0.8702879361856404,0.8108692924656882,0.932880986366138,0.9216008110119691,0.9402135131384172,0.9414663197777376,0.9412441361817216,0.9355617293296736,0.8765695555452487,0.7608868552852929,0.9415749759416507,0.9418844432373695,0.9401597190565224,0.920798680544607,0.9351840426536145,0.9431600762474667,0.9222905292288895,0.7717630176677783,0.9189943171648988,0.9337136774434197,0.9144961046464745,0.7890758094153748,0.8670097587962019,0.9129282603394349,0.9036562664825478,0.7551648073788024,0.7944236241918111,-0.9409085590528002,0.5271255985114532,-0.7777860804963639,-0.7222392271313496,-0.5144282834442712,-0.4752298509217895,-0.6441050006424636,-0.4286537181515081,0.07789358080804054,0.13276180966800477,0.8190561743706657,-0.9433551549618603,0.3339252140171927,-0.8218400224457074,-0.764520714260924,-0.5956561585314079,-0.3600082160758751,-0.5294104380037565,-0.4418293874574414,0.14698750158259258
0.9444312062832622,0.9370125586710827,0.9348308186947842,0.922892182211836,0.9090778701590151,0.8895642609934821,0.9136082214243031,0.9557917275991017,0.9298524006044023,0.9085386065456025,1.0,0.9183381736059485,0.8580077338224541,0.909420770212462,0.9379225115862715,0.8941517730283361,0.9062468060562696,0.783403931235655,0.7784881653217341,0.8089072147756435,0.8632705208924439,0.9012209477997797,0.8752873396087945,0.80576841945235,0.9538638641254467,0.8814756787301191,0.9504007227110071,0.935117624825019,0.9374988436674376,0.9395242990296004,0.9170807963685896,0.7545697556469427,0.9425280267043121,0.9448695057914296,0.9544029339826058,0.9375063387659789,0.9363785821451753,0.9492914879694042,0.9340843956462432,0.7993262883713944,0.8721676327746606,0.9155409946559957,0.9066558354402917,0.7877538584921291,0.8470831488794778,0.8478802918968962,0.9263632614453472,0.7889486138030937,0.7975862420068607,-0.9419767985537714,0.5259183571542964,-0.813960485146204,-0.7454014672294488,-0.5711960648095606,-0.4913688931680453,-0.6848647288977561,-0.38358618574682274,0.14689244765261628,0.1639954844675948,0.8287493642561309,-0.9425794975474963,0.2874685229820692,-0.842002560242836,-0.765432048395084,-0.6581977253261692,-0.4065656673343844,-0.5061131760346388,-0.37846500790398485,0.19661635045749998
0.9385207248845181,0.9149154494307515,0.9334206283178673,0.9279518358960769,0.9342378658642473,0.8840816785810569,0.8827753544836642,0.9394546982801896,0.9194187510767577,0.9203474629092749,0.9183381736059485,1.0,0.798529989032942,0.9156540902215363,0.9188300148370346,0.866691157861191,0.875324535291657,0.706207105231031,0.7138252093680909,0.8199114830075354,0.9142225478896444,0.857990208583217,0.8152452508965805,0.742642204057543,0.9262263564407855,0.8632263054149011,0.9276393440460406,0.9344978600149945,0.9097343984788502,0.9313578246397235,0.8654912134740105,0.6857499537877,0.93730296449658,0.925443926874684,0.9242848063120396,0.909225124792984,0.9089345601427465,0.9269267916342276,0.9023859225114835,0.7730526426249844,0.8618922862057807,0.8804224138661643,0.8539388290867655,0.7522011646800085,0.8214616993598487,0.8228765967913363,0.8909924416596856,0.7298069434830546,0.7604685610806086,-0.9226390122678141,0.5128139774859023,-0.8041516612351979,-0.6873151502288065,-0.5537424462327721,-0.48046082773039794,-0.6968675691600613,-0.42096671872527947,0.07553085736368075,0.13723810931374436,0.8132864393494514,-0.926301427290308,0.30329466647347886,-0.8344390720810505,-0.7167209309444587,-0.6371744833716861,-0.37435979442265943,-0.5384549155994,-0.40956920717641665,0.21733418407032612
0.8487952738328729,0.8688991077662508,0.8263324296904196,0.8460527616777109,0.8212642246063121,0.8582471043283276,0.8571008729753816,0.8694948935131069,0.8667406437036581,0.8667401316319164,0.8580077338224541,0.798529989032942,1.0,0.7862468325072925,0.8684133417541746,0.8086766624618955,0.8353888519736777,0.7729764022005683,0.8256144278026498,0.8593059704016469,0.7596086269488268,0.8538473780753028,0.8798210046877843,0.7959607085740037,0.8640034246354628,0.8370843155183052,0.8675182667155872,0.8176544514117714,0.8694437989875664,0.8519933406419963,0.8916228432819736,0.7395994591283477,0.8422552324039192,0.858706893556872,0.8818153797708287,0.8813286336260877,0.8757378214611933,0.8715139644973202,0.8493818817187447,0.7211250156843345,0.8486980619182544,0.861093807733453,0.877052670191677,0.7506404794085544,0.7433950840232271,0.8301341972332932,0.8351584251078251,0.7720403464203948,0.6702377423182808,-0.8727847245736978,0.4812220603769932,-0.7453144043888064,-0.7242320158094236,-0.5371762142452324,-0.425409238424625,-0.6477736257740618,-0.3745300937465555,0.11207653393344967,0.061493301854492255,0.7010865456768499,-0.8611997759854347,0.29977831253139126,-0.7461585011642954,-0.779213111095785,-0.6032769507737226,-0.3509751942832193,-0.4862652765534875,-0.3603489273664813,0.09995844403558585
0.9606943913521725,0.9476054958616603,0.9665647474816785,0.935781915341193,0.9254367021972755,0.918256474166198,0.9415524500472207,0.943466980139139,0.9362522450206804,0.9185068704086151,0.909420770212462,0.9156540902215363,0.7862468325072925,1.0,0.9376613509724733,0.8577356808089713,0.9435319640539341,0.8169317678912839,0.7810142387935496,0.8642161472400428,0.8642188482499481,0.8705006157139459,0.8382190623775041,0.7569667880198018,0.9321747603099841,0.9143099434540882,0.9481501171496834,0.9517005748078621,0.9450424968305473,0.9484125706820863,0.8621747753096455,0.7347453091219195,0.9566092635012673,0.9593601965942672,0.9357712159071021,0.911361109926239,0.9457775152816114,0.9540003669614318,0.9331601140394189,0.7452689235309196,0.9032912784125576,0.9232965897355252,0.8768493096466418,0.7130234600475986,0.8163731934820695,0.8678156699966068,0.9236464270368757,0.6995751866217176,0.8462437205482399,-0.9507549733903297,0.5725647162070698,-0.8263038994677694,-0.7089448063894765,-0.5667257222595706,-0.47757019295603886,-0.707514319154844,-0.5479819559319425,-0.008628092796207782,0.1709052765286876,0.8901503690158694,-0.9546910395347779,0.3599872031943101,-0.8586836431521083,-0.7420617617445726,-0.6434729568565021,-0.39275124872675726,-0.6322716633024835,-0.4884540640233026,0.21435418780155405
0.9737549380727556,0.9804308539166632,0.9624938315490286,0.965428955455324,0.9279037218188186,0.9591317907380804,0.9630459217733747,0.9693469303970484,0.958788473743014,0.9315631979929816,0.9379225115862715,0.9188300148370346,0.8684133417541746,0.9376613509724733,1.0,0.9257989724401976,0.9539757296298641,0.8369774707383469,0.8669378444829853,0.9170178542304687,0.8696844989632547,0.9166038709668006,0.8875789956727795,0.8079098141074429,0.9665125639774459,0.9366872598278067,0.9795618620946527,0.9560591777070758,0.9761327028931485,0.9682321483670392,0.9296455723267317,0.7580320609676555,0.9748829290024796,0.9803957838166372,0.9772869164880172,0.9537490177090191,0.9737143818039014,0.9759001822113925,0.9535553844887719,0.793607627309341,0.9339682143024698,0.9629578043172594,0.9303016353080171,0.7704788948632054,0.8551975585745941,0.8841669336550186,0.9507813627009327,0.7629636776697202,0.8387728816292137,-0.9824888186221791,0.533242062671132,-0.8540971975713643,-0.777613883719078,-0.6169960589610674,-0.4784669354065954,-0.7153163246014071,-0.5150999555118873,0.04315409534791697,0.10713173598464414,0.861760577318361,-0.9806270909598502,0.327609262089084,-0.8867567034921451,-0.8209494213844851,-0.6990477159182303,-0.4194067738741827,-0.6195125836468055,-0.4616884060331038,0.15809635427785665
0.9053237220932943,0.9112148686873511,0.8929121825710898,0.9074432840475123,0.8699410332732764,0.8898896871338458,0.8873382280644617,0.9168616320200514,0.8986862582638827,0.8542479774109576,0.8941517730283361,0.866691157861191,0.8086766624618955,0.8577356808089713,0.9257989724401976,1.0,0.8727331293307508,0.8067835985862944,0.8261786165731075,0.8362808025428918,0.754185570780027,0.9045008872444698,0.8667270799299923,0.7619178824373037,0.9131516481286854,0.8621378908134562,0.9192436690935731,0.8799876497883384,0.906817731888789,0.8951329981851365,0.8710089590733886,0.6911197624185613,0.910190257520081,0.9171104804364764,0.9250255576495611,0.9203133556905017,0.9148710975523376,0.9175355455460292,0.9012057651020949,0.8011243991929425,0.8403832428745605,0.8833676192608433,0.8589554241240652,0.7598250502172954,0.7935878097940161,0.7895095559422937,0.8929958620675363,0.7683240081035406,0.753846212512179,-0.9216122599295723,0.5005402497192656,-0.8414853287151824,-0.786871332631387,-0.6507026086320863,-0.43919206358138047,-0.7242561870607898,-0.4420035215445906,0.05708770466653536,0.06714440318360906,0.8063101895234056,-0.9196528629835659,0.24771367470728733,-0.878298805248848,-0.8396055584263232,-0.714956594139614,-0.39136551444019335,-0.55532996605322,-0.41376496144403146,0.14371943483578248
0.9545432093136099,0.9644989969187772,0.9621261066255687,0.9420418975116935,0.9066952719154509,0.9365150968250364,0.9809098641957269,0.9374364326250977,0.947132890362813,0.9179972039376808,0.9062468060562696,0.875324535291657,0.8353888519736777,0.9435319640539341,0.9539757296298641,0.8727331293307508,1.0,0.8722857070252167,0.8494796072630141,0.9061586143890655,0.824163151146641,0.9047066391341677,0.8625722887051697,0.8139251624280672,0.9454511079683288,0.9627610932953238,0.952339845956197,0.9435683533435667,0.9643535882907882,0.954947591791326,0.9070363342967783,0.7933779255490898,0.9508806700136581,0.9625295050795136,0.9522600054535675,0.9247084527180294,0.9613940398491927,0.9614887886765836,0.9462538789147074,0.7664490288764684,0.9195151712278199,0.9616596374385442,0.91872517197859,0.6942517407649986,0.8083904960631735,0.8908047542838211,0.941891424244091,0.7351173151258026,0.8390721173602235,-0.9604593757688831,0.5591958092512168,-0.7981512369499277,-0.7160276299297512,-0.5457035024237064,-0.461109328910363,-0.7095812077576213,-0.5647553625413541,-0.051055821938076396,0.13695269584321415,0.8722372773262735,-0.966191113028269,0.38730727238795926,-0.8440758056427191,-0.7715824035373883,-0.6427591110965291,-0.3882667462196091,-0.6650222353071599,-0.5240039609713029,0.1541706902160256
0.8234419374049274,0.8428116649956323,0.8381834651183026,0.8146646421785992,0.7460658838304897,0.8270445875279414,0.8808565503018915,0.8030268272346793,0.8201070869645639,0.7787288656000422,0.783403931235655,0.706207105231031,0.7729764022005683,0.8169317678912839,0.8369774707383469,0.8067835985862944,0.8722857070252167,1.0,0.8884145896095902,0.819544937398502,0.6348917404550846,0.8443631820546204,0.8868890708626912,0.6717373304831741,0.8274216428778984,0.8616222343032539,0.8314644871867439,0.795643517784756,0.8472670664077484,0.828225442160296,0.8064814798592597,0.6249047373317186,0.8189068697005356,0.8389722973800491,0.8295127153290714,0.8004087415028696,0.8478116894854741,0.8401125930748673,0.8464833419334057,0.6215995234091369,0.8064933672569665,0.8412957603976646,0.8178554056270969,0.561840456146164,0.642064524497517,0.7662314362540287,0.83531631482148,0.6363894926075084,0.7363683335976537,-0.8458737847989146,0.5319037974678351,-0.6958705155870595,-0.6571926224216009,-0.535545946168649,-0.38437628324266,-0.680807578103408,-0.5853973627868033,-0.12094728673141752,0.07094332971349242,0.7418192851823859,-0.8464591724948267,0.396817639495696,-0.7284332869763371,-0.743259846650313,-0.6372951813075693,-0.35597781709392146,-0.6723889721404991,-0.5047579820664432,0.1075263603010345
0.8395084608155929,0.8680595915349165,0.8244008651826507,0.8427502761005716,0.7509037225411436,0.8874987248593952,0.8700351503110964,0.8201342599978325,0.8261550329444601,0.7901791883302121,0.7784881653217341,0.7138252093680909,0.8256144278026498,0.7810142387935496,0.8669378444829853,0.8261786165731075,0.8494796072630141,0.8884145896095902,1.0,0.8886405449088991,0.713865178772535,0.8427816608430078,0.8629321550361858,0.6859962656798384,0.8328675224861743,0.8434932109977556,0.8512949773926031,0.7995647418900413,0.8619807788075543,0.8359023264289314,0.855657088907876,0.6294019403527101,0.8314705683110845,0.848592038973462,0.8502624477493875,0.8116935368014304,0.8601222425474732,0.8434633825075369,0.8390456731868671,0.6276007895760902,0.8467571520651054,0.8792147959212857,0.8396892922962197,0.6325613782852268,0.7138616354587972,0.7962271556341949,0.829237455962748,0.6445884698451072,0.7056792774543277,-0.8645213554482484,0.46112180201189,-0.7256827360766582,-0.7196729946458758,-0.5881649369863093,-0.3784128768090011,-0.6226178716807498,-0.5603793468690591,-0.06560383259727898,-0.014626670748498471,0.7048699117751467,-0.8576364140136682,0.3330525298033962,-0.754420931153405,-0.7951572950942046,-0.6621903950625602,-0.3675497332458798,-0.6296434601870191,-0.49370268170972437,0.045895678377664714
0.8992851671566374,0.9207950674960989,0.8951299737348452,0.912688142458501,0.851258430269721,0.9421223382672721,0.921649180824145,0.8823387957684283,0.8968129938100143,0.8788900780404161,0.8089072147756435,0.8199114830075354,0.8593059704016469,0.8642161472400428,0.9170178542304687,0.8362808025428918,0.9061586143890655,0.819544937398502,0.8886405449088991,1.0,0.7943837108974472,0.8774285843082373,0.8361604083159276,0.7639328951082885,0.8739794170889167,0.9088380275314143,0.9014676693409598,0.8790128763215693,0.9125971960864233,0.8989584605154582,0.8795591303514696,0.7223832411177731,0.8946914868665459,0.9078740301151947,0.9043002697754016,0.8790301152141501,0.9159591964876873,0.9045047858925296,0.8869477199996161,0.7035131826789125,0.9175876990433248,0.916078363755699,0.8704393945886229,0.6641785802558231,0.7428854713870663,0.8530447055386196,0.876822887762128,0.6861288410040921,0.7642488705361599,-0.9181022108867123,0.5324431904797844,-0.7678169728342017,-0.7111725668284602,-0.542971552838437,-0.4252168019376448,-0.6932425742563211,-0.5700553336560377,-0.08584311162614429,0.04742616695563569,0.7785466457926675,-0.9129512968508255,0.4094200649019282,-0.791966505335129,-0.7876083356613077,-0.6257532341200155,-0.37218041491382386,-0.662509186599875,-0.5139500231484687,0.08849463569070753
0.8959650376189171,0.872965492528051,0.8806799297867354,0.8854930522736155,0.8667953201187,0.861393072807284,0.8301360935879482,0.8749242973805228,0.8599075374392491,0.8734778363768726,0.8632705208924439,0.9142225478896444,0.7596086269488268,0.8642188482499481,0.8696844989632547,0.754185570780027,0.824163151146641,0.6348917404550846,0.713865178772535,0.7943837108974472,1.0,0.8024899308854717,0.7600324311624044,0.6811138016999151,0.8639247782391618,0.7929703155876151,0.8751981441572692,0.8868078390155258,0.8570571675829954,0.8918327370100138,0.8446139690110097,0.6445785521099987,0.8867264765650366,0.8751575792590287,0.8681912333381955,0.8188223611897008,0.8570690646378629,0.8641593652641143,0.8478044845445872,0.680569006837343,0.8412284641637956,0.8623262974263088,0.8084467461079147,0.6749869365428014,0.8296846206471226,0.8040503412286066,0.8329210351021894,0.6536963775915624,0.7515941348449316,-0.8765140775545361,0.46460116122800477,-0.7468928184477681,-0.6479136466169234,-0.5205164689227402,-0.46571253237076915,-0.554281729017923,-0.4497088134609615,0.04402482962566253,0.08156189735321862,0.7370914117677362,-0.8743203748810955,0.310586861109915,-0.7680790634648521,-0.6597346309551217,-0.5953248643556232,-0.38362697187320277,-0.5257377305657509,-0.4249540897084419,0.12601786854899621
0.9139144000409659,0.9210742032711423,0.9170965736921495,0.932624761924681,0.8756291416321195,0.908869926443183,0.9198291074503983,0.903558959788651,0.9168248936827136,0.8732855218648674,0.9012209477997797,0.857990208583217,0.8538473780753028,0.8705006157139459,0.9166038709668006,0.9045008872444698,0.9047066391341677,0.8443631820546204,0.8427816608430078,0.8774285843082373,0.8024899308854717,1.0,0.8914708535961546,0.8393746984056162,0.9185327240006244,0.8947534881504805,0.9206983500605154,0.899835987202058,0.9131451199440552,0.9209551384507813,0.928668250564618,0.806467149401583,0.9142983659849853,0.920351398128923,0.9324026389964533,0.9115179570089155,0.9275085325474178,0.9320416779486274,0.9441152729926774,0.8176203163738076,0.860394146353747,0.911047159954641,0.8647836948747056,0.6667029209469151,0.784590697008407,0.8216374668581878,0.9254008643434131,0.8064336773888116,0.78238826692635,-0.9258777545041639,0.49855254004519955,-0.7769316702812722,-0.7405667684784657,-0.5722992346568692,-0.44328522011736293,-0.6736893963701203,-0.5030610789240637,-0.01819071388706564,0.07921540832842111,0.7872917090397601,-0.9257644217627535,0.3319465671883718,-0.8095405562032358,-0.7902930383892787,-0.6728619854114894,-0.37534940903044667,-0.5956441546752878,-0.4881176733632339,0.11630041856364706
0.876568752516945,0.8939410951698871,0.8606558347000085,0.8545176045690013,0.8425490265413362,0.8716716566262301,0.8858723748571118,0.8903984030406213,0.865192926179315,0.8702879361856404,0.8752873396087945,0.8152452508965805,0.8798210046877843,0.8382190623775041,0.8875789956727795,0.8667270799299923,0.8625722887051697,0.8868890708626912,0.8629321550361858,0.8361604083159276,0.7600324311624044,0.8914708535961546,1.0,0.7798784445868605,0.8897912496491944,0.8587885875465285,0.8907947304516631,0.8626803255296934,0.8922058979898592,0.8817924815397099,0.8635430658883972,0.6906058933767221,0.8825047434173011,0.8867360138022023,0.8964803783733533,0.8811625299863552,0.8928644014341474,0.8933202571693281,0.907302412316791,0.7581817725866041,0.856428480131034,0.8860949997610363,0.8953849625039785,0.7331162428592487,0.7757969360529775,0.8196969617624948,0.868017233393549,0.8007882290329643,0.7282682662667307,-0.8950056505142109,0.49528143700829,-0.7291050248490968,-0.7318348125142664,-0.5440579987230083,-0.4384529864601178,-0.6314590248968678,-0.42930002570176856,0.11805363006584031,0.07268697045324414,0.7260646573569565,-0.8906837669838952,0.3059974601733224,-0.7634626899958762,-0.7938976973279603,-0.6427684450751737,-0.3669910980865636,-0.5240168744718866,-0.3609872007475561,0.08862518548680212
0.8013347936287386,0.8335024819353631,0.7893251930854551,0.7907285371510835,0.8190349183151724,0.810018927935659,0.826782386709707,0.8270367019327911,0.801641020900135,0.8108692924656882,0.80576841945235,0.742642204057543,0.7959607085740037,0.7569667880198018,0.8079098141074429,0.7619178824373037,0.8139251624280672,0.6717373304831741,0.6859962656798384,0.7639328951082885,0.6811138016999151,0.8393746984056162,0.7798784445868605,1.0,0.824609737434657,0.8253774001147534,0.8228397562745979,0.8215646897261148,0.833262219225604,0.8130229634732101,0.8089567574832203,0.9245277873980483,0.8210784275170081,0.8191485609835257,0.840441432698336,0.8644428614154734,0.8216009532952155,0.8398442371848747,0.8599306474099725,0.8817354860399804,0.8050508800442848,0.8395637106882672,0.8302715334855117,0.7030029510842769,0.7763004792420843,0.7644258808439693,0.8194484055111568,0.8972296203063125,0.6823322603405126,-0.8105729630672147,0.41526144908189155,-0.6037537761572904,-0.6762604370240557,-0.41577699676535623,-0.3780273035755004,-0.4989354635783894,-0.2537583238541493,0.1695535627588751,0.15418755199969622,0.6662146812361702,-0.823427227084821,0.23032226637265854,-0.6660765009010644,-0.6667690376393752,-0.506716460713653,-0.26939984782495213,-0.36482016969872816,-0.32858551655089785,0.09101942083592843
0.9701692126138235,0.9695475729991234,0.9593823154545028,0.953139573058059,0.9362631732965763,0.9361942772824299,0.9558292360013684,0.9635693495542377,0.9555906814694829,0.932880986366138,0.9538638641254467,0.9262263564407855,0.8640034246354628,0.9321747603099841,0.9665125639774459,0.9131516481286854,0.9454511079683288,0.8274216428778984,0.8328675224861743,0.8739794170889167,0.8639247782391618,0.9185327240006244,0.8897912496491944,0.824609737434657,1.0,0.9351905841269925,0.9726634781391071,0.9623840583335589,0.9721837474862477,0.9724180690991987,0.9313494065880743,0.7730498432695099,0.9704088498837999,0.9677793927252603,0.9731926788414861,0.9481679543492493,0.9573599877783843,0.9706156303710013,0.9554338054784817,0.8131329821913423,0.9083395838935312,0.954180456410921,0.9222715601009274,0.7562618619246549,0.8606636837099766,0.8761383006341391,0.9574683282012437,0.7932472956720988,0.8168352166533297,-0.9689818612072884,0.519428586832487,-0.8092193266741649,-0.7300292444381339,-0.5780397577018529,-0.478272725494975,-0.6994836240340243,-0.4693516192057694,0.06062427427056553,0.13107793511941562,0.8485968564351307,-0.9739731796110858,0.3140942979117986,-0.8543334608516121,-0.7806598015679531,-0.6773609129241047,-0.4052752521447446,-0.5822907905743023,-0.43809245206980224,0.18511428890040713
0.9344176028023231,0.9501687940669115,0.9421187101319742,0.9270824979084253,0.9054242744545096,0.928937565915227,0.9692747810395259,0.9204127384981728,0.9326817450260261,0.9216008110119691,0.8814756787301191,0.8632263054149011,0.8370843155183052,0.9143099434540882,0.9366872598278067,0.8621378908134562,0.9627610932953238,0.8616222343032539,0.8434932109977556,0.9088380275314143,0.7929703155876151,0.8947534881504805,0.8587885875465285,0.8253774001147534,0.9351905841269925,1.0,0.9368384744745405,0.9327791553897626,0.952079801082528,0.939825503158013,0.9009874793992071,0.7870571084396436,0.9348148581884773,0.9417487114083003,0.93919847276468,0.9181265750516017,0.9409359468314871,0.9462967514044551,0.9390025240951447,0.7760103817522345,0.9219692194106556,0.9476679025894872,0.9078968585312992,0.6740043358489402,0.7838735555810751,0.8652074932320789,0.9273283786863834,0.7447292245491288,0.8108471851871736,-0.9429404121257148,0.557458901424114,-0.7494617855386347,-0.6870879318594451,-0.5096136832992154,-0.4453680797166655,-0.7021755856434991,-0.5417544309472729,-0.06476283331723043,0.11717435722042926,0.8484166559619951,-0.9522602286577045,0.39867875969749306,-0.8063578317093667,-0.7631997277154815,-0.6139065849141844,-0.35838674326808967,-0.6547134909694404,-0.5211935242871704,0.12908769885852184
0.9777095567189539,0.9808075739906049,0.9662553556505286,0.9630285370101156,0.9425136458580274,0.9536752551408756,0.9613259730267086,0.9763495539829958,0.9620219821057708,0.9402135131384172,0.9504007227110071,0.9276393440460406,0.8675182667155872,0.9481501171496834,0.9795618620946527,0.9192436690935731,0.952339845956197,0.8314644871867439,0.8512949773926031,0.9014676693409598,0.8751981441572692,0.9206983500605154,0.8907947304516631,0.8228397562745979,0.9726634781391071,0.9368384744745405,1.0,0.9643139706976638,0.9790957344011793,0.9715275214778706,0.9297535100446467,0.7755018859532319,0.9789155257538237,0.981348466054911,0.9792373843585778,0.9591355376103078,0.9727939467299982,0.9792137652440108,0.9604378067514553,0.8055749409368734,0.9321030921616371,0.9641604507312593,0.9341953523765278,0.7845995713888234,0.870339392707164,0.8809724148331853,0.9549748252687289,0.7850917650362461,0.8377112736087877,-0.9820919616677574,0.5287754844029671,-0.8464194038853257,-0.7796838429900851,-0.6149770813285637,-0.4871196522828747,-0.7049509849419915,-0.4923771431285744,0.0731839264193007,0.12788296881217068,0.8637710141979174,-0.9819384997891876,0.32003440674251343,-0.8831885271176431,-0.8152747694420189,-0.697531567937597,-0.4091814164924385,-0.5894567389592095,-0.46136951390908093,0.17966990482014508
0.9746202848527076,0.968109445221962,0.9678990422028623,0.9502796026338046,0.9529875223269364,0.9403021416451349,0.9509406104930023,0.9607592558933922,0.9463074710749593,0.9414663197777376,0.935117624825019,0.9344978600149945,0.8176544514117714,0.9517005748078621,0.9560591777070758,0.8799876497883384,0.9435683533435667,0.795643517784756,0.7995647418900413,0.8790128763215693,0.8868078390155258,0.899835987202058,0.8626803255296934,0.8215646897261148,0.9623840583335589,0.9327791553897626,0.9643139706976638,1.0,0.9689718010978701,0.9683845243571104,0.9027030432135721,0.7769118326445108,0.9740807471856516,0.9663115947423058,0.9614175727581052,0.9319728263709548,0.9505742601373144,0.9664121670543395,0.9553390689028057,0.802616736671805,0.9335951926135994,0.9530216207399439,0.9113808882203223,0.7486196382237902,0.8665420635429963,0.8810620118572691,0.9415842170815123,0.7628607798173821,0.8208017354660885,-0.9615467296609697,0.5219479823092978,-0.7939373210451159,-0.7148710209803771,-0.5421265790045432,-0.49140519812080136,-0.6718896478090662,-0.4655611854093944,0.04549422717479052,0.15635890149286283,0.850855859321401,-0.9686566210263482,0.31585136531818103,-0.8442102685730135,-0.7412796023656976,-0.634842471617817,-0.390853006358347,-0.5763946514992024,-0.4557696124415226,0.19731790043232156
0.9755044812764753,0.9835788864000702,0.9644646937099165,0.9537645633129173,0.9389545455558852,0.956269903936236,0.9721972864023427,0.9703188274682749,0.9583676125932562,0.9412441361817216,0.9374988436674376,0.9097343984788502,0.8694437989875664,0.9450424968305473,0.9761327028931485,0.906817731888789,0.9643535882907882,0.8472670664077484,0.8619807788075543,0.9125971960864233,0.8570571675829954,0.9131451199440552,0.8922058979898592,0.833262219225604,0.9721837474862477,0.952079801082528,0.9790957344011793,0.9689718010978701,1.0,0.9723603032751138,0.9266794036957081,0.787085960209343,0.9749934203996102,0.9783944531324505,0.9770211776658935,0.9545678805912592,0.9708465208515028,0.9768265768541257,0.9592562384947966,0.8013254111426007,0.947012001832678,0.9731035570479467,0.9439423742647695,0.7734620621582001,0.8618276794979164,0.8920071091144718,0.9531238889768493,0.7817804065383822,0.83617549600711,-0.9788177234410936,0.5314215634648238,-0.8233832178922762,-0.7591966638368546,-0.5880488469838195,-0.4853504911184225,-0.6999815749844632,-0.49051114932583506,0.05084372292165543,0.14230820296633925,0.85759677167038,-0.9814500006387025,0.32753815620933807,-0.8661622769961349,-0.800499214238933,-0.6741057773256892,-0.3988284911096031,-0.598485373496083,-0.4573137678957963,0.1743726933856654
0.9752189313948002,0.9743055584949343,0.9716435899901806,0.9637720334979539,0.9326807408574631,0.9450287295669572,0.963220991191584,0.9601353475096189,0.9607798348602948,0.9355617293296736,0.9395242990296004,0.9313578246397235,0.8519933406419963,0.9484125706820863,0.9682321483670392,0.8951329981851365,0.954947591791326,0.828225442160296,0.8359023264289314,0.8989584605154582,0.8918327370100138,0.9209551384507813,0.8817924815397099,0.8130229634732101,0.9724180690991987,0.939825503158013,0.9715275214778706,0.9683845243571104,0.9723603032751138,1.0,0.9374252922704516,0.7732558761131884,0.9729565039792011,0.9736149993705989,0.970537998042083,0.9433256055019799,0.9647811460879115,0.9738660012192741,0.9605907020007007,0.8002229747259958,0.9259597151074382,0.9608044071054236,0.9163815384181311,0.7227949914323201,0.8455413433415309,0.8774359989330658,0.958868159634578,0.771902671352692,0.8380107974585188,-0.9749103101171624,0.5334872249902515,-0.8147049524307509,-0.7307279067940358,-0.5864860794023017,-0.48183778570552016,-0.6957052330317535,-0.5187921508303855,0.006749818708345127,0.12294957409552551,0.8524650043740475,-0.9784783068669338,0.3481699648610243,-0.8528111101255822,-0.7857621686803059,-0.6888373825887164,-0.4065893062128831,-0.6249384703740113,-0.47559295446412075,0.1635805365614857
