0,1,2,3,4,5,6,7,8,9,10,11,12,13,14,15,16,17,18,19,20,21,22,23,24,25,26,27,28,29,30,31,32,33,34,35,36,37,38,39,40,41,42,43,44,45,46,47,48,49,50,51,52,53,54,55,56,57,58,59,60,61,62,63,64,65,66,67,68
1.0,0.9302430188506835,0.9195147052483117,0.9233698139052839,0.8914722957216961,0.8763727047052363,0.8692024308361741,0.9153517325210151,0.8396826867807319,0.8399619721728756,0.8621207428525087,0.854920685591682,0.8495488196787673,0.8832751972886888,0.8668380278406893,0.7814526994060654,0.8485005325926465,0.7820510848125911,0.6142895863610446,0.7267190061768076,0.7991927603136487,0.7428960104887214,0.7803125401378987,0.570338131547303,0.843846455462769,0.7719564277229116,0.9163204296174763,0.9428203625770547,0.9344483437624569,0.9329482732385272,0.8561192724564438,0.6364575187339176,0.9347888178347861,0.9229520515967928,0.9049972872179451,0.857071183164331,0.896368127787126,0.9079605891467082,0.8645005655375856,0.6234499123668201,0.8362992889674339,0.8226758142131324,0.8154565026550059,0.8315116759761593,0.8943129494250988,0.6663701167121078,0.8589113314192907,0.6027766831364598,0.735565615604559,-0.924159329896375,0.4724519537206606,-0.2601872766509678,-0.42787058436426056,-0.07352811312951384,0.1461323245779537,0.02860483261065094,-0.04593918201754511,0.182035281823981,0.5026509580650842,0.7698379867378198,-0.9288935272668113,0.36268833569507763,-0.3127553275597718,-0.4600100889308885,-0.16879203117476868,0.2161072440165903,0.06425131848618974,0.35744002657326646,0.5916965496644373
0.9302430188506835,1.0,0.927614495985161,0.9309282372474774,0.8884355619647062,0.9140273994466924,0.9307603953089225,0.9533019075442524,0.8876216995748342,0.8890129351060126,0.8925673387111791,0.8419918371762196,0.8917609511073655,0.8947824415278599,0.8940189349421691,0.8668975318514037,0.9066450720272867,0.8611302065310699,0.6929883472000887,0.8031854848062304,0.7331131118822732,0.8270525681193145,0.8586047698646184,0.5964558990873668,0.8502566486560676,0.8634568467662416,0.93658810658803,0.9066619231310369,0.9695636563920407,0.9444690753334748,0.9057819314124249,0.6867077343607426,0.9611730765390305,0.9636410203105328,0.9517398886588185,0.9123834419744489,0.9440399699824374,0.9605136224823847,0.9307919752805389,0.6833966978811046,0.8996324838599915,0.9120102220683929,0.9000035540249468,0.8849426093474152,0.9228685551199413,0.7245147521332195,0.8889652110576088,0.6509404419101505,0.8150304221332795,-0.9648410648926949,0.4462376467670624,-0.21387140165299146,-0.4769624827441292,-0.04571551163326055,0.19043033059315337,0.1406564927227009,-0.0012761491175394034,0.21996522440800656,0.5306662056970113,0.7474201414625666,-0.9664580672788353,0.36796067839836216,-0.2570335168031169,-0.5158380846988352,-0.14851510356711578,0.24832448923267203,0.0834508938370298,0.4126442525157147,0.584828713111578
0.9195147052483117,0.927614495985161,1.0,0.9393511050994261,0.8744835851198564,0.8619967433441518,0.9193665704351961,0.902071521826533,0.8113505694274527,0.8411999341593625,0.8703633786859707,0.8278025073478648,0.8301028975138962,0.8687027063827866,0.7977828908004354,0.7729597663429446,0.8951595025719576,0.8502031775603438,0.6779009512752036,0.7740870539318389,0.7494588456102673,0.7708834493414132,0.7890234510421726,0.5516408946143545,0.788394919634035,0.8428767553933714,0.8925086425898993,0.9072665482244342,0.9409343662333364,0.9197360231523024,0.8678875797113526,0.6329555456374216,0.9089595574342996,0.9158274128029126,0.9085678144093723,0.8570877992575657,0.910337150686632,0.9055671688618542,0.8747540180559622,0.6303593453723628,0.8495551723148548,0.8252180722247116,0.8648050773101928,0.7985819308199064,0.8778271126553633,0.6442610286175743,0.8382997817569003,0.5859265624129859,0.7551912847790421,-0.9315165497568518,0.5015766287480954,-0.32076854081428025,-0.4901676798661309,-0.13457697443163755,0.15525446842305676,0.06392369054728465,-0.09761271912556754,0.16234358196637957,0.49835038744036825,0.7097480918144419,-0.9447606542733251,0.3758984004071089,-0.39907940749789816,-0.5379075704178335,-0.25493121237400335,0.1388661292521985,-0.06207320722433408,0.3134992518869189,0.5320296250847134
0.9233698139052839,0.9309282372474774,0.9393511050994261,1.0,0.8783810362377579,0.8788239344895092,0.89716578622898,0.90517412447509,0.8082394926832566,0.8403583989658144,0.8514804303481598,0.8337113115804738,0.8534395280268126,0.8584091141961571,0.8422144935890734,0.8201781052796968,0.8610653069719395,0.836631718768547,0.6576754583324917,0.8121085508118648,0.7800015668436941,0.827775248364596,0.806788821160463,0.6256044366923144,0.7895002573822268,0.8224557491756219,0.9022376500203657,0.9134299743031591,0.9364071189317417,0.9360758371989147,0.902350184948488,0.6891242160058216,0.916075279059515,0.9253806474832306,0.9237693518760383,0.8857101444511352,0.9060252425016542,0.9150064939279391,0.8852432478482462,0.6834546367398862,0.8456904541955007,0.8200938995215079,0.8303362545373311,0.8145131875686629,0.8935828457604346,0.6594382030782077,0.8643448794276986,0.6434302970250875,0.7550835871985457,-0.9380190174083586,0.45154037878189757,-0.2561661548840879,-0.4581645075645609,-0.10934876030768816,0.17207058444646053,0.037021302872109425,-0.09427989032111717,0.1513365262442765,0.5000157712796863,0.7424276474283156,-0.9384970478454826,0.32524980573796375,-0.313922986751081,-0.4923053168204487,-0.19707641301035375,0.19183360910268232,-0.017429977155019157,0.31807401103820954,0.5405716134792691
0.8914722957216961,0.8884355619647062,0.8744835851198564,0.8783810362377579,1.0,0.8202257438416543,0.8474375872509928,0.8795064650438877,0.8473112120255013,0.8775523999663032,0.831356717458104,0.8647709024709616,0.8816201321565523,0.8248118022438918,0.8163172962371827,0.76041411060273,0.8300165256511173,0.6970019455532562,0.5042687612369673,0.6409319821702673,0.7877732585701351,0.7202364055674908,0.7435541398973605,0.54676978960448,0.8204796896021036,0.7461796846888298,0.8617278036899596,0.8664491258538781,0.8877888449269261,0.8729041675261888,0.8028543487022533,0.679865544083607,0.8971824561500312,0.8706330934661001,0.8667426412734106,0.8486812301012842,0.8397189387763369,0.865780653900069,0.8478457064493965,0.5894439451950155,0.7805262653291279,0.7943607333468401,0.7744542257746339,0.7954264753946182,0.8612606691421885,0.65387618963224,0.8079245660949101,0.5920031839124729,0.6943663000691501,-0.8676056077344074,0.4920931095254821,-0.2036982046898839,-0.38189553214416166,-0.038760163093329,0.18522142237576034,0.04905767097641138,0.03836319796575187,0.14050036978013908,0.5181034771773443,0.7014616028087206,-0.8899421733916821,0.3793853575826058,-0.3104577441081986,-0.47930873261536844,-0.17110202186732004,0.19441993685681,0.060099793797968,0.35581008813870046,0.5521103629885309
0.8763727047052363,0.9140273994466924,0.8619967433441518,0.8788239344895092,0.8202257438416543,1.0,0.8551128944493527,0.8527850153311431,0.7996721333887677,0.797732135038859,0.7638043094468339,0.7207722433718112,0.7859107559194255,0.78810637601543,0.8238350234280836,0.8530701774319746,0.8262585298904276,0.8540863922709813,0.8272111461549585,0.8580063950380508,0.6246076979606062,0.7812640745900683,0.8333995599290923,0.5186462154663312,0.7149715239457907,0.8341616956545999,0.8510195029814193,0.8561156092993633,0.9158090473085395,0.8608520975457432,0.8240165034328627,0.5591478551080319,0.8885810283720155,0.8751698782047092,0.8644015046352547,0.8102814388268798,0.8517186522523121,0.8752250576659282,0.8438357396388576,0.6209961088759431,0.892286961125413,0.8922571977660191,0.8521229001284731,0.8541482339458805,0.8434096384939004,0.6917145277885958,0.7989637570192946,0.5863792332189672,0.7390877505222468,-0.8943056315498921,0.36945821467168877,-0.10536880830489713,-0.31101084236137616,0.029039351688235668,0.19506588987124374,0.04975647890085563,-0.11017765094598649,0.14797295133083913,0.5222230408100755,0.6939959150622176,-0.8758026696733923,0.28624023056358494,-0.1487431483179497,-0.33584947029497253,-0.016313644937048243,0.27420681520211404,0.010944584072313723,0.3021605131612863,0.5625462118997288
0.8692024308361741,0.9307603953089225,0.9193665704351961,0.89716578622898,0.8474375872509928,0.8551128944493527,1.0,0.8993147641506847,0.8626762907613892,0.8665699866232144,0.8484531795909621,0.7570414705858288,0.8397121259539077,0.8290995309645883,0.8185727657915409,0.8200176615020006,0.9580032636187449,0.8889237271027459,0.6710793695306118,0.782353030567604,0.6430281353407791,0.827559965613622,0.8155179035469948,0.5175281308538556,0.8055353254166426,0.8870436718153217,0.8938717158374954,0.8351165491842478,0.932697655694749,0.8865163161131817,0.8802856315385127,0.6881053525835923,0.8919935905236784,0.9180682970833818,0.9087554636385426,0.8698345248014061,0.9055284861875782,0.9155158092064588,0.9052078880565708,0.5884396029261967,0.8482617777675528,0.880412029982734,0.8930233733480746,0.8318772296911432,0.8866141533949456,0.7452720590875291,0.819451359438035,0.5574158907142496,0.7745356355950045,-0.9239615351333391,0.43559223158262766,-0.2876042878944266,-0.4865347366375259,-0.05079132341213289,0.13339887254765215,0.08141623430772284,-0.032598159644611914,0.20637928837836408,0.43607363694874096,0.6615979421097267,-0.9367388517148252,0.3382917042408722,-0.33035089361709075,-0.5282767237606327,-0.17651937712314425,0.18471297525797495,0.005663060583789259,0.37197000634751415,0.49823664145254987
0.9153517325210151,0.9533019075442524,0.902071521826533,0.90517412447509,0.8795064650438877,0.8527850153311431,0.8993147641506847,1.0,0.9018087758590755,0.8977381022390757,0.9189065035428203,0.8678646027930895,0.9088809956106573,0.9345920398524277,0.8947484878942852,0.8329182359364916,0.8696386897008359,0.8145964354393177,0.5812039558200814,0.7233567965114956,0.7405366597731611,0.7988903160585529,0.8337872256098056,0.6124408255915276,0.9060127373218877,0.8267016890308082,0.9540508001051491,0.8887400518609515,0.9400519559982381,0.9330249545642696,0.8978979242120111,0.7088504505122304,0.9641287393106471,0.9662539414905733,0.9488633028878595,0.9163554542365677,0.9486130259927361,0.9606235261137108,0.9283528394188467,0.6847637447111877,0.8494573373410722,0.8638626155777135,0.8592183736066108,0.8610325871693983,0.9217930272316188,0.6951796302233026,0.8896015917005072,0.6653381698120935,0.8002326547650784,-0.9517796858032496,0.4342364677315666,-0.25729703831067574,-0.5170469602438255,-0.06972965515397904,0.1904463341356963,0.20650449779159846,0.07932820855934687,0.2701657917570191,0.4859939443793415,0.7724692035083828,-0.9541607716585726,0.37922967020532955,-0.27142001184184056,-0.5538931401940447,-0.1829378028164913,0.26505135655307366,0.18139110444522225,0.49779052392150813,0.586865431635275
0.8396826867807319,0.8876216995748342,0.8113505694274527,0.8082394926832566,0.8473112120255013,0.7996721333887677,0.8626762907613892,0.9018087758590755,1.0,0.9185915261048966,0.8326602599256987,0.7855716121115435,0.9007382855572753,0.824499542399814,0.8318012612849329,0.7917496036704281,0.8369620320771685,0.7391008733174055,0.5204763345586811,0.6549291513215849,0.6352141677963914,0.7475747628647325,0.7797304988516449,0.49221263683082195,0.8602984730409233,0.7987427830196804,0.8787088895700964,0.8101321223666156,0.8736170883733247,0.8311212868529766,0.8298783811107484,0.6738245043096588,0.8866593634098704,0.8842900594955744,0.8663204263979333,0.8402848450412308,0.8529800896984707,0.8928906205525089,0.8789868748509501,0.5740310099693612,0.8167551293716597,0.8710155059390862,0.8197838041217118,0.8428478435598183,0.8777300628521271,0.7549177448918717,0.7945632976714302,0.5610674876962988,0.7686848344515588,-0.8568712289110713,0.41980188856160844,-0.17392997572968227,-0.39475924973601806,0.07466094677364461,0.17790248304324963,0.18688281407064064,0.21318233469943756,0.22864984977748937,0.4546190166199817,0.6384998186239159,-0.8812167565713015,0.36235019114074385,-0.20614096703222118,-0.4556352445018327,-0.08310747809343973,0.29206771923360864,0.16737697355088266,0.4409769953741928,0.5540402550098082
0.8399619721728756,0.8890129351060126,0.8411999341593625,0.8403583989658144,0.8775523999663032,0.797732135038859,0.8665699866232144,0.8977381022390757,0.9185915261048966,1.0,0.8345943976809168,0.8147811268685624,0.9241452252745934,0.819774516954273,0.7989832329996128,0.7706664590638063,0.8492906542490063,0.7371702769967686,0.5184461337783928,0.6913782207814024,0.6940680839474596,0.7337538815863173,0.8020267894765937,0.5311294130563058,0.8274574279233431,0.8106147642003783,0.8688284220728482,0.8362688588284867,0.8766862485861004,0.8479868972527375,0.8275927241908225,0.6943368842400148,0.8839806092905096,0.8812040499159494,0.8583114390292247,0.8546781859702556,0.8490979374233543,0.8824022937223027,0.8802205692343161,0.6117123921290647,0.8353969399756891,0.8636852969409392,0.8216186105639134,0.8299708321213497,0.879656424497489,0.7429534005749413,0.8019951982710884,0.6018329234542417,0.7848533567268646,-0.8599570742447448,0.4378369404557888,-0.18541030638087636,-0.4075954453366667,0.06794366434817502,0.16316172275948193,0.1508366716894695,0.18163359405528856,0.21015536530832438,0.45684374418564067,0.6126974731331082,-0.889140124328798,0.3276091342709025,-0.2545497233914826,-0.4778240508006536,-0.11855826805041565,0.24573959222849362,0.07510361620578938,0.3826423269830731,0.5564437238246537
0.8621207428525087,0.8925673387111791,0.8703633786859707,0.8514804303481598,0.831356717458104,0.7638043094468339,0.8484531795909621,0.9189065035428203,0.8326602599256987,0.8345943976809168,1.0,0.8555615604596924,0.8773153136726732,0.9124405877990168,0.796620351387088,0.7933946056712657,0.82675584170954,0.7560925289645379,0.5022864349197064,0.6071764468390658,0.7228009357276242,0.771726081391361,0.7924141155864537,0.5928427551596614,0.8693901362575137,0.7394641113383321,0.8774547920519105,0.8237642769468373,0.8760235568989534,0.8811592469150139,0.8489227429597178,0.6669823503774711,0.8893763152821496,0.8994760998257403,0.9090426937248299,0.8852423197003572,0.9199637582732797,0.9151563755878847,0.8936994295695923,0.6783005960972303,0.7425588507383181,0.7858443951205324,0.8036206348504875,0.7412921323767437,0.8496403507996941,0.5954105145275571,0.8633185506801611,0.6503285118849113,0.8060543496369303,-0.8848738935982206,0.4645950124732253,-0.25683682156994453,-0.5515231220590877,-0.08502520050878537,0.21113580891662562,0.26113397335845223,0.17669464347531516,0.29940920617046013,0.5053561496538451,0.710123723393025,-0.9075733734049046,0.34455524262480924,-0.33008814713966916,-0.6143398596985951,-0.26967593599382933,0.2005224224480126,0.1718429886640661,0.4904762053461657,0.5612640386068823
0.854920685591682,0.8419918371762196,0.8278025073478648,0.8337113115804738,0.8647709024709616,0.7207722433718112,0.7570414705858288,0.8678646027930895,0.7855716121115435,0.8147811268685624,0.8555615604596924,1.0,0.8717407369593972,0.8653332365198474,0.8370331084795134,0.7328338134585326,0.7465771053244298,0.6312721087038821,0.4011597676935692,0.5711490970141669,0.8721808099995088,0.6665929245065098,0.7202300920323443,0.5628863215177399,0.8096965228125503,0.633941771535975,0.8281139932275766,0.8291418918703528,0.8181852939969035,0.8637379036023631,0.7653756675949074,0.6346963128685659,0.875955639856696,0.850555994722624,0.8335171463643353,0.8189638060040718,0.8251072966999591,0.8461387781980952,0.8014255205768211,0.6360778227738967,0.7055483674614845,0.6886948401357675,0.6863709709890983,0.714677457407675,0.8482199344329726,0.5903536439825684,0.8134641137615348,0.6231856125412247,0.7063187482760745,-0.8201091367257826,0.5424564772062058,-0.1744717034587791,-0.431394436412022,-0.07994696582087696,0.2268427148957738,0.204040872685482,0.18874603925010272,0.22175043393642357,0.5262112659185019,0.6699593626280496,-0.8541608400795994,0.38322013613713807,-0.3225546045164728,-0.5196651851523812,-0.2553822883214644,0.18173417097925232,0.18099741525670787,0.3942971903237943,0.553880096817464
0.8495488196787673,0.8917609511073655,0.8301028975138962,0.8534395280268126,0.8816201321565523,0.7859107559194255,0.8397121259539077,0.9088809956106573,0.9007382855572753,0.9241452252745934,0.8773153136726732,0.8717407369593972,1.0,0.8598131206897728,0.853212818954129,0.81964760172834,0.8207139806959844,0.7315833317311307,0.47056238525382355,0.6418140205821807,0.7533760610326682,0.779719251426764,0.8147659075002016,0.5558704108805514,0.8739247439076365,0.7593693624355936,0.8874548986107643,0.8251985565769969,0.8728832420161882,0.8736675502562481,0.8630846225072237,0.6793611674604679,0.898362764955732,0.8988976965477757,0.8825566166286781,0.8697830078709344,0.8661945874875939,0.9079192019631929,0.8843354235676559,0.6446507757228852,0.7799907694527171,0.8259256652570669,0.7949459018533404,0.8101975175194598,0.8907909300187081,0.7252806052784904,0.833254960427639,0.6308099194103417,0.7744589067548087,-0.8671191711234065,0.4438736255605153,-0.14268004287272626,-0.43285481244033486,0.02708593178553977,0.21364927026363376,0.21932966684377464,0.22671833118721438,0.23836576443338997,0.48729676709161557,0.6679171858173706,-0.8949709000285647,0.31860948677637796,-0.21398758526595993,-0.5169955564515002,-0.15494043111360165,0.27405390654320455,0.15784346044517447,0.44692013486839016,0.5700459303413126
0.8832751972886888,0.8947824415278599,0.8687027063827866,0.8584091141961571,0.8248118022438918,0.78810637601543,0.8290995309645883,0.9345920398524277,0.824499542399814,0.819774516954273,0.9124405877990168,0.8653332365198474,0.8598131206897728,1.0,0.8470368833759822,0.7666834807075045,0.8048881642659255,0.7546306507492769,0.5284191066176117,0.6414419146063536,0.7447362519739101,0.7191152805205223,0.7660184718991025,0.5687512141421616,0.8836276983122688,0.7354939610739519,0.9043394051772332,0.8411661804733255,0.8792663783120085,0.8910846056985329,0.8301799302936388,0.6220605297484174,0.9219013496122088,0.9146074794914166,0.8996094501414812,0.8541132342537651,0.9309121659736264,0.9178171616875169,0.864003222612009,0.6377349148010647,0.7563079571904994,0.770129947144403,0.7868106806582317,0.781442248374039,0.8608062616022786,0.5988055028570437,0.8498418771392626,0.6129888062673271,0.7643912090440016,-0.8964124183526814,0.43339596190066765,-0.2801828957479113,-0.5443734213366865,-0.09431432673806152,0.1726276349684471,0.23453870239598437,0.0936705494494412,0.35621215337141177,0.48466118093885696,0.7678808739584132,-0.9023091810015785,0.31891589212159827,-0.29526760714732914,-0.5788310234917635,-0.25113233803231755,0.25221433464175286,0.2331620679278148,0.5179745783692151,0.5835283318184175
0.8668380278406893,0.8940189349421691,0.7977828908004354,0.8422144935890734,0.8163172962371827,0.8238350234280836,0.8185727657915409,0.8947484878942852,0.8318012612849329,0.7989832329996128,0.796620351387088,0.8370331084795134,0.853212818954129,0.8470368833759822,1.0,0.8467092449172566,0.7980850942278798,0.7531598332414713,0.5584352857029529,0.7074318728667987,0.7326061576267061,0.7683418623290911,0.7799251373892755,0.5580208798661289,0.842888457020606,0.7372698502169873,0.8971896165933387,0.8308298948882399,0.8750190563281378,0.8877269870290099,0.8475392280187706,0.6459351576296335,0.91453159541784,0.9109241477310334,0.8758144876580268,0.8396604322684955,0.8579516406392265,0.9009925359110048,0.839037285202697,0.6349648745699678,0.7840698849416072,0.7945846199224361,0.7539079920660015,0.8618653629809386,0.8829698066527448,0.7313957055006772,0.8219002627670478,0.621037637024729,0.7170127705487506,-0.8820942981329614,0.39854138625194624,-0.12950333091765415,-0.4038932325050231,-0.06449305812816264,0.1808951180881139,0.13532187157705533,0.07630295664434271,0.2223821527732157,0.4944289343158495,0.7060304478333589,-0.8786194326569051,0.3376178807848554,-0.18430009017042392,-0.4315556144250903,-0.12215609096730598,0.29448605735547484,0.2346423200138736,0.41843609685091815,0.5583876966988515
0.7814526994060654,0.8668975318514037,0.7729597663429446,0.8201781052796968,0.76041411060273,0.8530701774319746,0.8200176615020006,0.8329182359364916,0.7917496036704281,0.7706664590638063,0.7933946056712657,0.7328338134585326,0.81964760172834,0.7666834807075045,0.8467092449172566,1.0,0.7958620329870242,0.8072175889225057,0.6575018225941085,0.7467339924263693,0.5993223953935285,0.8440074343760462,0.8353901564802619,0.5055641276632509,0.7371423807429963,0.7463042086214239,0.8283019001848975,0.7489035531345802,0.8464854437843662,0.8231388420715207,0.8441782301852763,0.5724371560874125,0.8398893317922176,0.8591772644214439,0.8535759740430696,0.8130342564167377,0.8273520508984923,0.875024886750871,0.8442709496078001,0.6462948868991818,0.7745079479583645,0.8230374167805782,0.7668834288810877,0.7917383702588471,0.8325304890026811,0.687991024297616,0.7847713264472985,0.6065004460145915,0.7580477880313659,-0.8530724970564739,0.3491266366076165,-0.13276743986733913,-0.42471828780602244,-0.06118194807294222,0.20157342028890668,0.17268386173190503,0.06215318848992668,0.20001378476234416,0.49110467435762384,0.6530178630473847,-0.8437279358486809,0.28159339796863003,-0.18538808094181036,-0.47150356914688,-0.13473940155999703,0.2911537013943298,0.13882262345313784,0.3806099726619168,0.5219462688417535
0.8485005325926465,0.9066450720272867,0.8951595025719576,0.8610653069719395,0.8300165256511173,0.8262585298904276,0.9580032636187449,0.8696386897008359,0.8369620320771685,0.8492906542490063,0.82675584170954,0.7465771053244298,0.8207139806959844,0.8048881642659255,0.7980850942278798,0.7958620329870242,1.0,0.8714113168174951,0.6473213769916418,0.7422057818365753,0.655545694515066,0.7915408375063864,0.796112166261463,0.4722406289917114,0.7811390539848629,0.8473817570852026,0.867464546102,0.8143525608060559,0.9095515380233307,0.8712002898657203,0.8506415544953612,0.6408221809793889,0.8629209811336666,0.8919554789277447,0.8765580544355266,0.8337665253218268,0.8753054416543985,0.8856549407924381,0.8702756527156272,0.5531954780100057,0.8098791465938692,0.8624163570237933,0.8859839342111696,0.8158794326211718,0.8659348213701913,0.7515309321194416,0.7913910892106603,0.5316540803298375,0.7521732010461661,-0.8947989865502921,0.44402156098526796,-0.2908099426537998,-0.48434901103146816,-0.050922636259051454,0.12396137183909986,0.05138534378620653,-0.019058841049082655,0.19309384315122663,0.4424676435306929,0.6309587760798131,-0.9103709876071311,0.3386766145428621,-0.3347955248496247,-0.5277535926433197,-0.1839908460303099,0.16933794032806682,0.0037447273105100953,0.34325341521156305,0.47886053667987655
0.7820510848125911,0.8611302065310699,0.8502031775603438,0.836631718768547,0.6970019455532562,0.8540863922709813,0.8889237271027459,0.8145964354393177,0.7391008733174055,0.7371702769967686,0.7560925289645379,0.6312721087038821,0.7315833317311307,0.7546306507492769,0.7531598332414713,0.8072175889225057,0.8714113168174951,1.0,0.7961980734252686,0.8046443265058153,0.5087564942533871,0.8184928454156783,0.841826186487238,0.5041159925496569,0.6787155665793503,0.8828506817447443,0.828218923856794,0.7670209369573958,0.8731790748700371,0.8248191360396965,0.8375969082422444,0.5430734319551838,0.8155151170121757,0.853183925503201,0.8395357106680114,0.7821788329370999,0.8372160035553857,0.8460518239494231,0.8259955438362123,0.614883735318767,0.81462995584934,0.8409279014321105,0.8837506543465091,0.7707360050595982,0.7996924095076929,0.6870708417597655,0.77384129973702,0.5739945948213815,0.7089865389891042,-0.8731839405302954,0.32442058734094453,-0.1998984053355457,-0.4114425250808178,-0.043361318090048256,0.16666452660776157,0.10274060177462975,-0.15790992310594115,0.14209322281906595,0.39247140506638767,0.642440970101179,-0.8539026227042729,0.23933135269837238,-0.19321194068521183,-0.40756258357072533,-0.08758649595356315,0.21611985585428095,-0.06520216434703517,0.2911724153483117,0.44552622246347484
0.6142895863610446,0.6929883472000887,0.6779009512752036,0.6576754583324917,0.5042687612369673,0.8272111461549585,0.6710793695306118,0.5812039558200814,0.5204763345586811,0.5184461337783928,0.5022864349197064,0.4011597676935692,0.47056238525382355,0.5284191066176117,0.5584352857029529,0.6575018225941085,0.6473213769916418,0.7961980734252686,1.0,0.8426309155280913,0.32382333293849747,0.5939786504171312,0.675706920766767,0.30291748616667846,0.38302176942946115,0.737940994750349,0.5815227244461135,0.6129502665793698,0.7074426455380994,0.6185656657708056,0.5898073135811234,0.25795053863589645,0.6249063553080852,0.633826239543213,0.6088226022918348,0.5348710265407497,0.6309945700093864,0.6276642039848866,0.5914922611849611,0.4522679613769591,0.7606955148181794,0.7460003391992712,0.7324103250089048,0.6574046042933167,0.5684198039494076,0.5072889921265006,0.5447759706149743,0.38847064529092273,0.5687551245806739,-0.6733561523915397,0.21771248502659257,-0.025128471858227894,-0.1803922458389446,0.056915842176021,0.15015932392283712,-0.0002337990733069765,-0.24985719198961326,0.08691214856055092,0.3967573525139756,0.4293344823645284,-0.6446133621833258,0.15019847360705776,-0.062454729281425404,-0.15091644323891934,0.04265125170230528,0.18645028486717485,-0.17364625159228897,0.09529087264081242,0.3691335908222936
0.7267190061768076,0.8031854848062304,0.7740870539318389,0.8121085508118648,0.6409319821702673,0.8580063950380508,0.782353030567604,0.7233567965114956,0.6549291513215849,0.6913782207814024,0.6071764468390658,0.5711490970141669,0.6418140205821807,0.6414419146063536,0.7074318728667987,0.7467339924263693,0.7422057818365753,0.8046443265058153,0.8426309155280913,1.0,0.5130454519454244,0.7337812393861085,0.7307524648374095,0.4451081553035521,0.5335076219926348,0.793214366421383,0.7199969822076253,0.7324245154886639,0.8044081100624839,0.7558242386877237,0.7548696579819185,0.5013647298180018,0.7538975988625055,0.7676546315214413,0.7499982381671952,0.6969325085684355,0.7518921745010266,0.7599714149769982,0.7321760088200563,0.5612134027558507,0.8547027961668106,0.7965531066841152,0.7620666770588155,0.764983614270287,0.728853219932517,0.6371626894940219,0.665162572827266,0.5017273129701092,0.6773441331111886,-0.7947348439807179,0.2801696243917614,-0.10003623106700103,-0.28850093103413593,0.004815380667343934,0.13105239679086683,0.008182029534488638,-0.17772938486825315,0.1203469814385991,0.4036560742184256,0.5210484510673422,-0.7728311748715123,0.16587303280677212,-0.13618552643624154,-0.27018879472750246,-0.034152454742327504,0.21239647165922873,-0.09831549849737736,0.1997492011050992,0.462875562607147
0.7991927603136487,0.7331131118822732,0.7494588456102673,0.7800015668436941,0.7877732585701351,0.6246076979606062,0.6430281353407791,0.7405366597731611,0.6352141677963914,0.6940680839474596,0.7228009357276242,0.8721808099995088,0.7533760610326682,0.7447362519739101,0.7326061576267061,0.5993223953935285,0.655545694515066,0.5087564942533871,0.32382333293849747,0.5130454519454244,1.0,0.5706576738914725,0.5581853001663847,0.47966021666243425,0.6866984168076312,0.47777363720001276,0.724589121449005,0.7820191788869405,0.7184664762300454,0.8186488007640171,0.7169203107455157,0.5389337784417503,0.7600534751345064,0.7452459123765197,0.7184273829156079,0.6927277660019184,0.7095972347843019,0.7203223252895797,0.6463797405552905,0.5354712337754122,0.5849138533020972,0.5512997477142244,0.5663562509058327,0.6008363224695026,0.7401081367293654,0.48165396012975376,0.7101362107352468,0.5219450644698715,0.5597971555550314,-0.728125187541127,0.4895035642908119,-0.22325238070705514,-0.43699185389534867,-0.17788877376594844,0.16157391602019133,0.055162394896948484,0.05328359041009062,0.07541908113148911,0.4406622858129164,0.6031223129693608,-0.7542305784889557,0.31683342187024865,-0.33785033138070525,-0.4854193554144612,-0.3036571567658521,0.12989020721203207,0.10081051660920387,0.22784651477009255,0.4308491745848427
0.7428960104887214,0.8270525681193145,0.7708834493414132,0.827775248364596,0.7202364055674908,0.7812640745900683,0.827559965613622,0.7988903160585529,0.7475747628647325,0.7337538815863173,0.771726081391361,0.6665929245065098,0.779719251426764,0.7191152805205223,0.7683418623290911,0.8440074343760462,0.7915408375063864,0.8184928454156783,0.5939786504171312,0.7337812393861085,0.5706576738914725,1.0,0.8404377037093133,0.6249507836072002,0.7345933375555731,0.7360917684782585,0.8044443224525022,0.7029330758667679,0.8232303970582683,0.8029224965146762,0.8887459482233696,0.7166655081795952,0.7890747468855605,0.8296793291753136,0.8503465337852892,0.857533373957344,0.7997337022883251,0.8513288991851777,0.8722284675294134,0.7174464711668623,0.715730963920881,0.7591389853650554,0.7762125936443316,0.7090760912266026,0.8043653152259108,0.6505284442933937,0.7983022731729804,0.6910604431225442,0.7281536913173019,-0.8305847800671524,0.2695375289937875,-0.1383609828610595,-0.423360866910379,-0.023942110320244576,0.16693227417395595,0.07710449784513795,0.02685328320712307,0.1379559655614757,0.36079591200339045,0.6219007716763698,-0.8292875536534186,0.19160992985376268,-0.15640033355352692,-0.46705212233495275,-0.12806416098105877,0.2237539033436574,0.0366813669185604,0.31346861551115573,0.38906626341556183
0.7803125401378987,0.8586047698646184,0.7890234510421726,0.806788821160463,0.7435541398973605,0.8333995599290923,0.8155179035469948,0.8337872256098056,0.7797304988516449,0.8020267894765937,0.7924141155864537,0.7202300920323443,0.8147659075002016,0.7660184718991025,0.7799251373892755,0.8353901564802619,0.796112166261463,0.841826186487238,0.675706920766767,0.7307524648374095,0.5581853001663847,0.8404377037093133,1.0,0.6468368444122183,0.7380455487064848,0.8036021829284028,0.8227801022851919,0.76089475501358,0.8498440764200496,0.8158109720043747,0.8158061755472028,0.607437349634015,0.8318869188794138,0.8479819946528601,0.8377600824834336,0.8478256641861266,0.8194659168307,0.8636563683705467,0.8817975479383581,0.7975016794109755,0.811736937294435,0.8377255943213833,0.8327430131799936,0.7617447503200157,0.8029814982496165,0.6602735206890039,0.8390896923825583,0.782103058441473,0.7676230167920223,-0.8432532659224076,0.30918305309871136,-0.031237785767386714,-0.33155844592042527,0.08720621928313754,0.22027673569368603,0.1448669919332976,0.07074874651264841,0.20665959969232656,0.4328320504998804,0.6161809099888018,-0.8417916070505568,0.23448275996979656,-0.09987677391418624,-0.38593807904255717,-0.041535998096000684,0.2638679485806565,0.01549856404278204,0.3221119041319089,0.4635890441950163
0.570338131547303,0.5964558990873668,0.5516408946143545,0.6256044366923144,0.54676978960448,0.5186462154663312,0.5175281308538556,0.6124408255915276,0.49221263683082195,0.5311294130563058,0.5928427551596614,0.5628863215177399,0.5558704108805514,0.5687512141421616,0.5580208798661289,0.5055641276632509,0.4722406289917114,0.5041159925496569,0.30291748616667846,0.4451081553035521,0.47966021666243425,0.6249507836072002,0.6468368444122183,1.0,0.5587763581392199,0.5050277060864066,0.5922810380971708,0.6044389184334846,0.5945307842216907,0.6570278841153184,0.6013908429248563,0.7976319330756219,0.5971366694138515,0.6063659242904393,0.6562477257326617,0.7798813600816004,0.5902340849980924,0.6112316826786367,0.6364667982656746,0.8635678250846839,0.5314618737969574,0.5001765914331787,0.5104159127192314,0.4912843582334021,0.5991398854493267,0.35382733490513085,0.8007979282096862,0.8790416112068241,0.5103858780399815,-0.6207061866876958,0.16097312370089503,0.02418718310244278,-0.2594837807620914,0.0006975443346555786,0.15258171246639263,0.11595676311414964,-0.013608958169731417,0.09736840673238151,0.34219120846129425,0.5581805831692143,-0.5968652009320223,0.17867729734010154,-0.0038932849926445073,-0.3168016652135419,-0.016019126200116956,0.15377620036166473,0.04179370298395351,0.24855199719406573,0.3815791728812783
0.843846455462769,0.8502566486560676,0.788394919634035,0.7895002573822268,0.8204796896021036,0.7149715239457907,0.8055353254166426,0.9060127373218877,0.8602984730409233,0.8274574279233431,0.8693901362575137,0.8096965228125503,0.8739247439076365,0.8836276983122688,0.842888457020606,0.7371423807429963,0.7811390539848629,0.6787155665793503,0.38302176942946115,0.5335076219926348,0.6866984168076312,0.7345933375555731,0.7380455487064848,0.5587763581392199,1.0,0.6882846971351129,0.9129480319892876,0.788144606981041,0.842310193368415,0.8400658182818569,0.8121135434718585,0.6796228264047924,0.8848225508998663,0.881230510751134,0.8653508215436801,0.8513100558031811,0.8641904077870763,0.8865140757776373,0.856310364054771,0.612978023289602,0.6952254007147177,0.7464727485579439,0.7401989695511516,0.7702703295363386,0.8507837157364186,0.6491671512270868,0.8264361311606341,0.6174909386836934,0.7154642593672752,-0.8423822171599746,0.4195623359773307,-0.2510482347500341,-0.4980269487536276,-0.02582727787130168,0.09600898327882841,0.19180094442172121,0.19571096590415446,0.3529812562680944,0.4036946789067343,0.7154358659700828,-0.8655157872840519,0.33546213026750876,-0.2650995288040361,-0.5526114097533762,-0.1979200854727985,0.23380640348360684,0.2751986938870811,0.5310119426983516,0.555354994682705
0.7719564277229116,0.8634568467662416,0.8428767553933714,0.8224557491756219,0.7461796846888298,0.8341616956545999,0.8870436718153217,0.8267016890308082,0.7987427830196804,0.8106147642003783,0.7394641113383321,0.633941771535975,0.7593693624355936,0.7354939610739519,0.7372698502169873,0.7463042086214239,0.8473817570852026,0.8828506817447443,0.737940994750349,0.793214366421383,0.47777363720001276,0.7360917684782585,0.8036021829284028,0.5050277060864066,0.6882846971351129,1.0,0.8078276339120058,0.7906487351932788,0.8731161868729527,0.80130106254203,0.8000569122330257,0.6242100937664424,0.8236042772714514,0.8435922532553939,0.8274175303737237,0.7936285558254796,0.8245689818130476,0.8374075082527845,0.8402724444138782,0.5796375319526493,0.8980707917266906,0.9028673378055505,0.9068806380680193,0.8195233454875983,0.7844729782577559,0.714483798067934,0.7426106611652348,0.5280631070228891,0.7221318951027257,-0.8589871215963671,0.3201445793755645,-0.14555430846124923,-0.3107460911856114,0.07559714034201248,0.17821730129404498,0.12378356820968259,-0.0944750738594623,0.1825038301851065,0.4097834421057678,0.5901233995959577,-0.8536864357779881,0.2691986962609982,-0.16885145723812856,-0.3277964746696756,0.008560572045969097,0.21083893489384686,-0.07754282488515811,0.3262703881331793,0.46610620489787374
0.9163204296174763,0.93658810658803,0.8925086425898993,0.9022376500203657,0.8617278036899596,0.8510195029814193,0.8938717158374954,0.9540508001051491,0.8787088895700964,0.8688284220728482,0.8774547920519105,0.8281139932275766,0.8874548986107643,0.9043394051772332,0.8971896165933387,0.8283019001848975,0.867464546102,0.828218923856794,0.5815227244461135,0.7199969822076253,0.724589121449005,0.8044443224525022,0.8227801022851919,0.5922810380971708,0.9129480319892876,0.8078276339120058,1.0,0.8866079469235296,0.9364898357891174,0.9262470832999834,0.90076424562751,0.6848170126841836,0.9461714055699325,0.9565041118217392,0.9333755833439661,0.8954124342269868,0.921219184221537,0.9449127701339565,0.9050542680208209,0.6630578574732016,0.8246785849286558,0.8390697837327824,0.8411112423525111,0.8558050316967557,0.918863385963643,0.708342160535625,0.8788620512510881,0.6505347345264563,0.7701902173393741,-0.9430203111819843,0.445426912599709,-0.282815491238666,-0.5253810224677712,-0.10347846609632366,0.13207409743857648,0.1318257309730452,0.01315785776920274,0.2237222348924585,0.4515011661375401,0.7811956287071508,-0.9423649390361567,0.3818688336223062,-0.288032614932239,-0.5420840436795414,-0.2003532778977467,0.251995486369888,0.1338816433507285,0.4290141304895968,0.5783556074694877
0.9428203625770547,0.9066619231310369,0.9072665482244342,0.9134299743031591,0.8664491258538781,0.8561156092993633,0.8351165491842478,0.8887400518609515,0.8101321223666156,0.8362688588284867,0.8237642769468373,0.8291418918703528,0.8251985565769969,0.8411661804733255,0.8308298948882399,0.7489035531345802,0.8143525608060559,0.7670209369573958,0.6129502665793698,0.7324245154886639,0.7820191788869405,0.7029330758667679,0.76089475501358,0.6044389184334846,0.788144606981041,0.7906487351932788,0.8866079469235296,1.0,0.9144187479839081,0.9246007948119567,0.8375417244262918,0.6446520821020252,0.9075209673504548,0.8959462689580744,0.8841030535983243,0.8397275763025321,0.8613030924868702,0.8724892852872828,0.8381160193020075,0.6433222469455355,0.8608351506784383,0.8202057110866896,0.8123023716526764,0.8226844863761849,0.8719096059034355,0.6527895556114165,0.846777599072106,0.6119868971907927,0.7093411487398605,-0.9058404489934319,0.4500347589189812,-0.22736328461834263,-0.3943213407186424,-0.09174684705732505,0.16676695954034737,0.00787203797718107,-0.08569230030272634,0.10835892292825487,0.5268351560390704,0.7499186372267845,-0.9053790110973298,0.360781953035258,-0.28814274653098787,-0.4192667112340442,-0.14926020572919707,0.18836661984881067,-0.004751198070050822,0.30345167856783545,0.6060346841430876
0.9344483437624569,0.9695636563920407,0.9409343662333364,0.9364071189317417,0.8877888449269261,0.9158090473085395,0.932697655694749,0.9400519559982381,0.8736170883733247,0.8766862485861004,0.8760235568989534,0.8181852939969035,0.8728832420161882,0.8792663783120085,0.8750190563281378,0.8464854437843662,0.9095515380233307,0.8731790748700371,0.7074426455380994,0.8044081100624839,0.7184664762300454,0.8232303970582683,0.8498440764200496,0.5945307842216907,0.842310193368415,0.8731161868729527,0.9364898357891174,0.9144187479839081,1.0,0.9431688655467878,0.9049009001658677,0.6786242285312238,0.9495128412397629,0.9547879614894219,0.9446161500042519,0.9017958410560278,0.9338482663861325,0.9488337107861,0.9203118490091525,0.6764579086509025,0.8956503129637688,0.9038202669386596,0.9068425805621547,0.8829926931999883,0.9159255691400215,0.7234343212336315,0.8795721994011916,0.6428819239815439,0.7963466047861872,-0.9620213247875625,0.4519062509602985,-0.22953010128152462,-0.4568069448753831,-0.055258619881693435,0.16785705014021174,0.09090395609471853,-0.05212507378813134,0.19149735571632295,0.5178722318487818,0.7449739129550791,-0.9635068963196256,0.37387887861530705,-0.2786537008533481,-0.4918232936566933,-0.15484209566428103,0.22267514444054393,0.028537747977374944,0.3739004940667513,0.5658595596144953
0.9329482732385272,0.9444690753334748,0.9197360231523024,0.9360758371989147,0.8729041675261888,0.8608520975457432,0.8865163161131817,0.9330249545642696,0.8311212868529766,0.8479868972527375,0.8811592469150139,0.8637379036023631,0.8736675502562481,0.8910846056985329,0.8877269870290099,0.8231388420715207,0.8712002898657203,0.8248191360396965,0.6185656657708056,0.7558242386877237,0.8186488007640171,0.8029224965146762,0.8158109720043747,0.6570278841153184,0.8400658182818569,0.80130106254203,0.9262470832999834,0.9246007948119567,0.9431688655467878,1.0,0.913367900180996,0.7018859569845916,0.9373560650505238,0.9504260191948543,0.9379051337888777,0.9054768396011065,0.9224648403559749,0.9322724840875128,0.8876414042508959,0.7177951999535392,0.8381481881786232,0.8343172260292662,0.8439403809576794,0.8395842509967498,0.9125522775870967,0.6814628223191014,0.9054465351949725,0.691090005394761,0.7501913161836562,-0.9524937889755121,0.4432540020389106,-0.23269621017372338,-0.49872284943548534,-0.13155343715342493,0.18652062665235172,0.1048218978891103,-0.03580170993449764,0.16704978631984324,0.5070216819723536,0.7693156020152287,-0.9480324834426045,0.35800047948518277,-0.2753235139448858,-0.5292523765235634,-0.2069701726941033,0.22108770652299922,0.09011499151054075,0.38193742680171283,0.5611213727272161
