0,1,2,3,4,5,6,7,8,9,10,11,12,13,14,15,16,17,18,19,20,21,22,23,24,25,26,27,28,29,30,31,32,33,34,35,36,37,38,39,40,41,42,43,44,45,46,47,48,49,50,51,52,53,54,55,56,57,58,59,60,61,62,63,64,65,66,67,68
1.0,0.8446480865015905,0.8546369598074556,0.8906764374706907,0.8408450953927432,0.8093922077909074,0.7448349372432594,0.7698210842901806,0.8073567402440152,0.7602821839464948,0.7436810436059119,0.8052463396913402,0.6994648189869502,0.7024232310062075,0.8085478171572438,0.6414596759344044,0.6415283306899416,0.5194702008715666,0.6057585604953352,0.48268494387743316,0.7036767615408924,0.5544693959692686,0.6140143293617827,0.4982962094491214,0.8471602759976218,0.6224720031404519,0.820401126849424,0.8934689210665177,0.8806586101499512,0.7947330486649288,0.6650889322662523,0.5407873795351681,0.8539182525678098,0.7516678157644687,0.76697754383732,0.7030655628338209,0.7268233652458025,0.7806373196636461,0.7621065324384709,0.5726037080338774,0.7700297951821934,0.7453238028274328,0.6646440914092413,0.6240804036628615,0.7843810279045311,0.5235377492792904,0.7142944579446989,0.46428137614713605,0.5726132859315923,-0.824444395955683,0.4967506152806525,-0.46850455271134855,-0.47790632060341764,-0.2612271125011268,-0.2561228639609679,-0.5914914053694511,-0.4862428939871645,-0.012899729567308945,-0.06888362899460339,0.7857626557074244,-0.7833402242156251,0.4906986860801254,-0.5193319320037082,-0.4200135329041016,-0.22301856825552535,-0.20780698507691192,-0.5000521730709261,-0.3954508499325266,0.1732430614182779
0.8446480865015905,1.0,0.8892863053602282,0.8997934079197498,0.880393188153739,0.8743655365165891,0.9281243685602087,0.9451636598757673,0.927994061187353,0.9045932990147186,0.8482560842482567,0.8812108951065244,0.8597394331945586,0.8452699770059271,0.9521029196376533,0.8709238964845311,0.8298780024896927,0.8175882098724095,0.8099104848282442,0.7823787559578805,0.8866966124881974,0.8098373658346276,0.83345472683646,0.6734310009335864,0.858056149786571,0.853954794772338,0.956330678053692,0.8251238961482559,0.963177511504077,0.9512728305552768,0.8782380663535981,0.7415408407338814,0.9474603979451308,0.9371284728688796,0.9377888296465322,0.9089668534911572,0.8957485586294743,0.9463209001072944,0.942440378656668,0.7479510229280388,0.8770172782823472,0.9322460083462039,0.8700032005934587,0.806321894973919,0.9182354661388749,0.6647721702305665,0.8673437385757442,0.5868059109835932,0.6968818869031728,-0.9679697203288072,0.41022578805049276,-0.4854413991669832,-0.6598520805720073,-0.38676366712968363,-0.31678653425127207,-0.4416433850006325,-0.4502622887109371,-0.017920412799682404,-0.153483288464946,0.7691679816737222,-0.950464102929563,0.4100399915592666,-0.577783590064264,-0.5935030869382985,-0.38195013403224837,-0.24345812543140125,-0.5077263976882699,-0.3094917271020189,0.06925576411551608
0.8546369598074556,0.8892863053602282,1.0,0.9382264501293487,0.8023742943461969,0.7822439670000452,0.8709544319970046,0.8672057818141938,0.8118798702648501,0.7959716887856767,0.8097833383038578,0.7713538562756268,0.7671559636424955,0.8278466515652484,0.8813160368056964,0.7844288608517272,0.7784902601498522,0.7314259517899869,0.726871069202484,0.6700888999385124,0.797176988601457,0.7155409399408162,0.7314821112161861,0.6090477546121715,0.7627237259049411,0.8185296062811306,0.8727885870718786,0.7894649134861367,0.8913235290584673,0.8827523798782174,0.8047654094925123,0.6534843979620041,0.8538810797214232,0.8760683991151005,0.8741267096558107,0.8406150056630565,0.8745527850914804,0.8666825466336938,0.8662627492073819,0.6776904152075599,0.7738856849468615,0.8038455555286267,0.7763857222610474,0.6500087145921079,0.826706055124687,0.5304181526482978,0.8095512484042023,0.5330222207439954,0.7059653704917905,-0.8922496754246062,0.2814952724660902,-0.5412670331262959,-0.673409688058409,-0.4290208248619257,-0.3094610290636337,-0.4449265962574174,-0.5037266216458499,-0.16999425150081435,-0.24168706706931187,0.7412605317796466,-0.8931247398301845,0.2638982881961349,-0.6293954488073177,-0.6283056264345527,-0.4504926376948725,-0.2321644368136686,-0.5980491321433387,-0.40793913811719573,-0.06445956092427708
0.8906764374706907,0.8997934079197498,0.9382264501293487,1.0,0.8401417248438727,0.8350327567010233,0.8331504131676505,0.858749954273154,0.858272968047602,0.8235275036243987,0.7837694173417675,0.8637758911565635,0.8228374320380716,0.7963242353849946,0.8862436410432438,0.7871000394639044,0.7250258057730592,0.6849705788787444,0.693151882683577,0.6508904489491267,0.838066928594728,0.7219492266026629,0.7793056902445892,0.651373813970495,0.7931218028526473,0.7496495514986079,0.8749398510834027,0.8372526896975021,0.9007076837779048,0.8818672983690804,0.8156351010105909,0.6607078983962604,0.8815967136442329,0.8519993275409046,0.871511104379845,0.8492106317785723,0.8440839177851575,0.8538552607720878,0.8732877834800522,0.7498007160584654,0.8056361065589039,0.7920273259253431,0.7446836776479572,0.6641108866789774,0.8439854809189229,0.5522422811956674,0.7929596807890004,0.6126597978511282,0.6153399716766021,-0.9128194352737008,0.3220979988413225,-0.4724094199574959,-0.5904934414734402,-0.4202485640306207,-0.30950675627119045,-0.49058415433475877,-0.5421623192666425,-0.12807769286741413,-0.27081795298619776,0.771496804886119,-0.8812322096617379,0.3340311176917644,-0.5497463778432852,-0.5211850171230269,-0.3964557968064247,-0.23779262241442362,-0.6158557699237306,-0.4625097764801464,-0.029225245707598786
0.8408450953927432,0.880393188153739,0.8023742943461969,0.8401417248438727,1.0,0.8940044568984331,0.8279792650589604,0.8462488679740641,0.8313829253975629,0.825033383690741,0.7611681724183226,0.8148648776595072,0.7902564335015755,0.7262371307621939,0.8324339292278258,0.7297317603993531,0.7647488282779709,0.67723307728901,0.6279065805822658,0.6205791619627111,0.8229134833662586,0.7160890500062485,0.6647392080804219,0.6108059016826819,0.8138116652744861,0.6990235989585708,0.8741880493463042,0.7800663788690921,0.8762949609847399,0.8518340060316584,0.7769834143220539,0.6462254799888218,0.8941879507887059,0.832264141699661,0.8395053724735501,0.7847066771545526,0.7613179792636731,0.8447785377398134,0.8340229739274052,0.6357708352656698,0.7969496524083137,0.8110789562020347,0.7556721194561378,0.6745983126568148,0.8457715440240773,0.6243345480590398,0.7815042787705705,0.49646203870510464,0.6521690118901949,-0.8542271237842207,0.4508695006719935,-0.4200783823727943,-0.5305957431297368,-0.23237078519982646,-0.2699710715187015,-0.4207656065001701,-0.429901934646078,0.04422605831839311,-0.008105284061441398,0.7068734188816143,-0.8576844698597023,0.4222544006645316,-0.4716857281371263,-0.5021202927333605,-0.31895093938953706,-0.17722490903333976,-0.47161923131987304,-0.30145138317115583,0.1448032853857585
0.8093922077909074,0.8743655365165891,0.7822439670000452,0.8350327567010233,0.8940044568984331,1.0,0.8062087427999799,0.8145613393165573,0.8328577827701564,0.7887664584693621,0.7096001190050619,0.7883857015881058,0.7631048746611251,0.6933170703093648,0.8158888170605004,0.773200437980274,0.6594136654158268,0.7251237805188345,0.7351804916228319,0.7271056014793259,0.8029869735412002,0.7531375449041301,0.7394111177586178,0.5845609961434067,0.7676323631789805,0.6989950974679908,0.8525428277619919,0.7577969655404101,0.8699653227144952,0.8369018693192682,0.7516863917349621,0.5903112128046583,0.8619635279081432,0.8174755488842609,0.8305134773670073,0.773687694392765,0.7574241936040047,0.8199548841248757,0.8564904592330226,0.6907906207433843,0.8417846535409739,0.8246650177037274,0.7037757308557041,0.6512794297250715,0.8002191014535692,0.5467033301965818,0.7900145287275987,0.5474959692561797,0.5824838885263304,-0.8523271807323022,0.43052216877110466,-0.3394489691135059,-0.49702133561572204,-0.16647493891724727,-0.19408289534687542,-0.3713723825908708,-0.47461337184224794,-0.021007165503021032,-0.11040136624834722,0.683618227411529,-0.8363063043458295,0.41776517268267355,-0.4182421009359604,-0.44821459381480744,-0.2508033846401632,-0.11574446192475277,-0.502279599446901,-0.3687060401344519,0.08230500219223799
0.7448349372432594,0.9281243685602087,0.8709544319970046,0.8331504131676505,0.8279792650589604,0.8062087427999799,1.0,0.9280863106073362,0.864014561866584,0.8856365241044797,0.8493363124218226,0.7661521052806269,0.8118477862456684,0.8461958609011693,0.9146202373900667,0.8565682712795851,0.9244355357593113,0.8748058995201656,0.8126304470805361,0.7933908096696874,0.8512719459453129,0.8192079798116304,0.7709974713880271,0.6903795879233627,0.7913119117727002,0.9312746460150888,0.930892584175719,0.7272314142417292,0.9092891497849633,0.9327126011588386,0.86848635855949,0.7690909443463739,0.8816263538715787,0.9411091126883852,0.9257931448739533,0.9069020746291433,0.8815631318694994,0.9306596438833404,0.9242920839712951,0.6943587087572146,0.7967900531407848,0.9238498605280047,0.908919399658077,0.7450202261478069,0.8973961205577161,0.6736983273459686,0.8764190763582701,0.4893792471798224,0.756991726605648,-0.9207998687238006,0.28550832346786703,-0.5193390538967567,-0.7141441679031323,-0.3954845505732075,-0.3120023510666484,-0.34868838041774447,-0.36871637240375543,-0.018487736144032825,-0.10993020138138937,0.6904084946802698,-0.9433899877664824,0.2724085840424967,-0.6170547169049859,-0.6869706333424388,-0.4398852603996652,-0.259387228749764,-0.48083422726486225,-0.23708192065430822,0.021578236063670854
0.7698210842901806,0.9451636598757673,0.8672057818141938,0.858749954273154,0.8462488679740641,0.8145613393165573,0.9280863106073362,1.0,0.8851419795479352,0.9055975330948776,0.8962155215323602,0.8492876961227005,0.8830909235173208,0.8756915991597499,0.942578917532969,0.8857943297833362,0.8573372220088271,0.8492697563852387,0.7748039388190233,0.7633877927039879,0.8937460498275437,0.8369425396701834,0.8144294635990877,0.6995861441063352,0.8411210697914518,0.8647833421872566,0.9590460323386613,0.7700555383870864,0.9153269878276914,0.9598942325242861,0.9205925196820263,0.7609692631624773,0.9372351446183538,0.9574813486822757,0.949093716277781,0.924708338646872,0.9203548916550849,0.9499978327171427,0.928457199163749,0.7465707067956577,0.8147427954055131,0.9057371477562859,0.8710644007785732,0.834718146363723,0.92895224577624,0.6595324743061899,0.8750958688676869,0.5875619567705967,0.7378988348060278,-0.951220388494046,0.3190966175933846,-0.4980817039061617,-0.7189131691030275,-0.4542749759102883,-0.344625616556441,-0.35217110040387506,-0.3482720229487799,0.06266097130744744,-0.11116477940084311,0.7352935327993778,-0.9627813642620551,0.32114262733940957,-0.6024760238418615,-0.6676858372135553,-0.47467796947015156,-0.2544611508183665,-0.4454202278324611,-0.22716925618997788,0.06086512405634271
0.8073567402440152,0.927994061187353,0.8118798702648501,0.858272968047602,0.8313829253975629,0.8328577827701564,0.864014561866584,0.8851419795479352,1.0,0.9043901408507696,0.7888510141301833,0.8859412685777264,0.8493875617832664,0.7572578054184071,0.89799418162349,0.8097165850893164,0.7684704465203651,0.736769676299326,0.7488694583790566,0.7027476880676922,0.8126386877454291,0.7564187677067687,0.8071589448704377,0.6634806640158639,0.8652034658450781,0.7863599149824354,0.90929017972107,0.7773865955099686,0.9125346976456844,0.8822910169427882,0.8114977342745774,0.7168360923597562,0.9219170339294473,0.855296737150585,0.8821427630566886,0.8643886359627029,0.8115618641630736,0.885745901546072,0.8860453753528972,0.7346140725727981,0.8265089263996628,0.8784483649539666,0.7939645842155176,0.7690932683954067,0.8828909314045048,0.6684117473383641,0.8224763887279883,0.5734632920460945,0.6055594452879183,-0.9281487822541972,0.4421281128888966,-0.4543826947955316,-0.5878134540304292,-0.38719625686173414,-0.31680900787884636,-0.5209301231400056,-0.4162971223950778,0.059248396789398444,-0.13836645643624831,0.7809712973706195,-0.8769440767327845,0.48258176135004155,-0.5345839652127994,-0.5092216856801833,-0.2800191775733906,-0.2615802862909124,-0.4304802867163565,-0.2974886027499965,0.11970149031210443
0.7602821839464948,0.9045932990147186,0.7959716887856767,0.8235275036243987,0.825033383690741,0.7887664584693621,0.8856365241044797,0.9055975330948776,0.9043901408507696,1.0,0.8382285422489099,0.8635149283316091,0.8884491262451276,0.7738542400593252,0.8827702873139286,0.8059594033608962,0.8423469809931775,0.7344456362749805,0.6876217161302454,0.6799603171288527,0.8471698226087298,0.7475555314821625,0.7520893068660502,0.6935566946581295,0.8462381778004578,0.8187319570388114,0.901056273311212,0.7744564527153397,0.8865619791513502,0.8894073202435898,0.8455966150541929,0.7562052357387832,0.901027494741516,0.8705767653907388,0.8849378465839851,0.8671698511233671,0.8001252925564561,0.8917142572473232,0.8644794902561286,0.71405555240404,0.8085546306053316,0.8868001808744238,0.8385960577614306,0.8125956869696875,0.9205064800393604,0.7537431039019831,0.7956450240937103,0.5266393178977993,0.6229720928975057,-0.9065748277593034,0.3617428590698186,-0.4038863714066145,-0.5993247968785053,-0.3919082823299987,-0.36200947312224857,-0.40875205229874495,-0.3128832582628275,0.1174422665165909,-0.11456362549736739,0.7088957561831052,-0.8854417080295791,0.38093468042837725,-0.5078768579329322,-0.5476507724298623,-0.32886265491547934,-0.2935654057458048,-0.40914626025726564,-0.2126968287974377,0.11656418886576873
0.7436810436059119,0.8482560842482567,0.8097833383038578,0.7837694173417675,0.7611681724183226,0.7096001190050619,0.8493363124218226,0.8962155215323602,0.7888510141301833,0.8382285422489099,1.0,0.75091325620414,0.8206858101987751,0.7780641283116984,0.8612489334552769,0.8142559835725478,0.8060719511864973,0.7446958363844506,0.6714740861559048,0.5984135280675784,0.7587510779749552,0.762412728799072,0.7120476506159606,0.6279942096499939,0.8593701392964536,0.7653188078629436,0.8777917458642149,0.7372655853625791,0.8191160375884611,0.8906051675915051,0.853449410034938,0.6588269460818036,0.8586579089110818,0.8776653736596731,0.879427649107011,0.8442467842380459,0.8339169762406334,0.8766277004607388,0.8420308115062588,0.6931481147082686,0.656237669050783,0.7923077324549244,0.7963493182226198,0.7099048196525389,0.8489716236212932,0.5771991479834492,0.834897168592767,0.5530684144767551,0.6729308665194668,-0.8525368643250413,0.3154627440989756,-0.4779240684303074,-0.6792982274630325,-0.43354556862622473,-0.3783867322741329,-0.3508049842023316,-0.22639945462895858,0.10549068160558875,-0.07005738388797746,0.7043471380977799,-0.8839903279834831,0.3124700669338737,-0.5846406683928458,-0.6631141826031707,-0.44842956684810314,-0.2871713908488079,-0.3346133299030035,-0.16513419932082155,0.06974209977864874
0.8052463396913402,0.8812108951065244,0.7713538562756268,0.8637758911565635,0.8148648776595072,0.7883857015881058,0.7661521052806269,0.8492876961227005,0.8859412685777264,0.8635149283316091,0.75091325620414,1.0,0.866925058352827,0.7473604542375838,0.8764140478334171,0.7699353386534018,0.6667036062542724,0.640777375783144,0.64964968168,0.6107949016124374,0.8309184029672406,0.6749358201576972,0.8041344183579945,0.652425038425236,0.8462950088624845,0.6744458521301419,0.851815419101385,0.8014276559640784,0.8596388954580478,0.8443159214292073,0.7923772889851879,0.6398833110182249,0.9028006333391885,0.8000754851346894,0.8316939049619532,0.814547674569048,0.7825926357663275,0.8236361053988044,0.8250997136688882,0.7589346336666425,0.7972958157474731,0.7897131727213547,0.7266345013230728,0.7790400216324939,0.8628867826754821,0.624190832220369,0.7169975240297835,0.6477306558441016,0.47874548352903656,-0.8982480397245132,0.39419007226926783,-0.3544380795646078,-0.4752526147913056,-0.4292987306237313,-0.33283290525058484,-0.4952920082516995,-0.42328673107796794,0.06229265881339771,-0.20922943990272685,0.7653652053242646,-0.8296870691374333,0.44623366772798523,-0.4356540089478596,-0.3685175728151402,-0.3055110785915581,-0.24707348498978002,-0.46728140017862374,-0.3318462261359611,0.12755946741394075
0.6994648189869502,0.8597394331945586,0.7671559636424955,0.8228374320380716,0.7902564335015755,0.7631048746611251,0.8118477862456684,0.8830909235173208,0.8493875617832664,0.8884491262451276,0.8206858101987751,0.866925058352827,1.0,0.7747859327602437,0.875755583839604,0.8389858580760376,0.7486274361550197,0.7314770091618515,0.6342280647845732,0.6771801541550586,0.8402746173560367,0.804070679297359,0.8017460996131376,0.7262875341548295,0.8033342259201434,0.7421639268023815,0.8557210050213435,0.6972474476807977,0.8208666750053314,0.8767661182742233,0.888132614658229,0.7233069864932424,0.8661751488133241,0.8451336038044017,0.8805039962562692,0.8684512231184338,0.8158877295663727,0.86257194742,0.850756811597962,0.7989080620831219,0.7351598600304862,0.8055834715862349,0.7802835071212002,0.787015919160327,0.8779324152314393,0.6879664450944135,0.7801283169971677,0.6575887893810477,0.5725287576226157,-0.8869570189547236,0.22932399620057697,-0.34841714567038423,-0.5601601457219673,-0.44858278744604346,-0.34270522195849645,-0.31055246373436934,-0.30553155189827685,0.08354122556453265,-0.23937178528580594,0.66636671191683,-0.8628042915907425,0.2771048235875774,-0.44425207853295473,-0.5026899829060122,-0.4165721687069183,-0.26579270707998515,-0.4397682687782328,-0.26809531174175527,0.0262369585738741
0.7024232310062075,0.8452699770059271,0.8278466515652484,0.7963242353849946,0.7262371307621939,0.6933170703093648,0.8461958609011693,0.8756915991597499,0.7572578054184071,0.7738542400593252,0.7780641283116984,0.7473604542375838,0.7747859327602437,1.0,0.8742482537081306,0.7702005724921324,0.7807354500811695,0.7748339014407709,0.6994517569317019,0.6812739988656783,0.8066586489547419,0.7263685123116819,0.7147779949995172,0.612016062216278,0.715256979191478,0.8010876794065014,0.8604247547688646,0.671572295374045,0.8245859219329853,0.8719278184550657,0.8261524087136888,0.6905284556936754,0.8288989620670543,0.895286068025433,0.8568911477401158,0.8425739704112515,0.8565370458619558,0.8761036745710651,0.8378764575374429,0.6645819325965863,0.7107997257622364,0.798152642820144,0.7960909404557199,0.7222774848984768,0.8304778651437864,0.5921608491084255,0.7678130406950218,0.5159931491119372,0.6931411255386339,-0.864212009882198,0.18516539599525003,-0.5194781154661156,-0.6785850756667793,-0.5078811839480962,-0.32917247804136235,-0.29973117458898885,-0.3539626546344922,-0.1314051513123181,-0.17384558719082283,0.6589450269805576,-0.8825927812055087,0.1967957228151237,-0.6193057554099004,-0.6513993051758226,-0.513247164000641,-0.2233629304855301,-0.47379432769309693,-0.27214060601607576,0.004379352826039502
0.8085478171572438,0.9521029196376533,0.8813160368056964,0.8862436410432438,0.8324339292278258,0.8158888170605004,0.9146202373900667,0.942578917532969,0.89799418162349,0.8827702873139286,0.8612489334552769,0.8764140478334171,0.875755583839604,0.8742482537081306,1.0,0.8904127271470056,0.8240754840337602,0.8240269055168044,0.7915741160224404,0.7507194906509602,0.8743364039433883,0.8162123042554011,0.844550620775463,0.6872870914284518,0.85623491710662,0.8465478372054377,0.9460141573610277,0.7849178774271512,0.9251445416400818,0.9490652417191302,0.8958696435921993,0.7389377777823487,0.9292689826070348,0.9392576320588064,0.9412473474088928,0.9176558264773208,0.9066375118907731,0.9450349068366767,0.9323654087995343,0.7619556526731304,0.8095242890604443,0.8912082524513584,0.8559813679029853,0.8057164630920203,0.9181985182685203,0.6467847175192545,0.8652930676670748,0.6163433113136232,0.68881657655027,-0.9623762197660444,0.31255995313580454,-0.5027412048381364,-0.6753827294146038,-0.4771431915936881,-0.3247119486949887,-0.4134967894609589,-0.4252902274688135,-0.04262070725848001,-0.1963377462382413,0.7649888398726548,-0.9512778050394353,0.32250169514631416,-0.6170120998919936,-0.6102436969183742,-0.4594939726129087,-0.25730655516053125,-0.5227323046531873,-0.325535627888721,0.031000128659773783
0.6414596759344044,0.8709238964845311,0.7844288608517272,0.7871000394639044,0.7297317603993531,0.773200437980274,0.8565682712795851,0.8857943297833362,0.8097165850893164,0.8059594033608962,0.8142559835725478,0.7699353386534018,0.8389858580760376,0.7702005724921324,0.8904127271470056,1.0,0.753268832096201,0.8722024397588896,0.7931403996226115,0.8219026599101785,0.8259586779937171,0.9106501996716115,0.8841364695128178,0.7001881849102465,0.7243784083697272,0.7900606424337481,0.8643318837820058,0.6452888678197032,0.8220400927811046,0.9014120555557132,0.8998173510294919,0.7020959985412288,0.8309489421825538,0.8941383610171452,0.9135104723905252,0.8990520706689986,0.8653177787391851,0.8806136873867199,0.9092756883493844,0.8177695983733627,0.7336102636378072,0.8265798718500128,0.7945913814103321,0.7131792825534727,0.8314880683167557,0.5145857766640929,0.8412480358837567,0.6862002689744909,0.6278904347037526,-0.89540383048543,0.1885829650032572,-0.39822515681047366,-0.6591956312878149,-0.47711732369179044,-0.2747024822311082,-0.21268151833914653,-0.36647744912521524,-0.05119378658189413,-0.29873202350814293,0.6453499229444257,-0.9027223669989416,0.1905846721413333,-0.5248711122536212,-0.6138789503134859,-0.5337835809962562,-0.2015698458624948,-0.49428599775531806,-0.28436954802330483,-0.11055460530037682
0.6415283306899416,0.8298780024896927,0.7784902601498522,0.7250258057730592,0.7647488282779709,0.6594136654158268,0.9244355357593113,0.8573372220088271,0.7684704465203651,0.8423469809931775,0.8060719511864973,0.6667036062542724,0.7486274361550197,0.7807354500811695,0.8240754840337602,0.753268832096201,1.0,0.7811881165372543,0.6564808571357799,0.6488639378085272,0.7821196066302092,0.735400824116105,0.6214894762821864,0.672772191219177,0.7180432850971411,0.885006393935089,0.8518529259111863,0.6457419655344137,0.8054478323320541,0.8530883685696521,0.8145275085874346,0.7881246569733809,0.7965246728556227,0.870521059527553,0.8488689846376894,0.8435387708079636,0.7877304364260578,0.8555591907093465,0.8217143134915191,0.5831593655314182,0.6626240365152566,0.8434931307186979,0.9025680637188344,0.672334147964397,0.8366564514844181,0.6875405734131184,0.7913760654854116,0.35473301503715293,0.7752159424233003,-0.8208253849380482,0.21292810656386996,-0.5200506748920259,-0.6889512214000635,-0.42024240074975555,-0.34590941695908634,-0.28788177780189933,-0.2465564677571704,0.015052749115991389,-0.014439264160107011,0.6083409702144977,-0.8692475629834677,0.19365054162708092,-0.5996476772757368,-0.6967984816819556,-0.4818649629665494,-0.2978141285104833,-0.38718026409186157,-0.13730119977975874,0.038471269226844705
0.5194702008715666,0.8175882098724095,0.7314259517899869,0.6849705788787444,0.67723307728901,0.7251237805188345,0.8748058995201656,0.8492697563852387,0.736769676299326,0.7344456362749805,0.7446958363844506,0.640777375783144,0.7314770091618515,0.7748339014407709,0.8240269055168044,0.8722024397588896,0.7811881165372543,1.0,0.8656133165695552,0.8824155535355165,0.7877807718972485,0.8800409381354773,0.8266505034956267,0.6604326617444005,0.6226759114734793,0.8566001699855965,0.8241076620349969,0.5218628843811872,0.7687041895360811,0.8540910106738808,0.8434859199347691,0.6799074766107133,0.7590962394417047,0.8773980252207337,0.8581817410759068,0.8489088981251901,0.837268986748587,0.8382920703715345,0.8797600732349286,0.7108887261337546,0.6993986016233964,0.8342554650647608,0.7901349005022367,0.6705370602701689,0.7711148375001106,0.5222000186766969,0.8345604893685517,0.5623014108553193,0.6933022737578869,-0.8289325452709991,0.11143087912566285,-0.38954281110100464,-0.7088283053742048,-0.4040055543833007,-0.204573759185532,-0.11134749652255423,-0.33197810201287564,-0.07053665062332722,-0.21179266302120095,0.5419587357674214,-0.8701732525908253,0.11460332583040027,-0.5036323012997671,-0.6808580446049309,-0.5262935277990871,-0.15690448542388302,-0.44612529627214115,-0.22103988835652563,-0.1190733414862959
0.6057585604953352,0.8099104848282442,0.726871069202484,0.693151882683577,0.6279065805822658,0.7351804916228319,0.8126304470805361,0.7748039388190233,0.7488694583790566,0.6876217161302454,0.6714740861559048,0.64964968168,0.6342280647845732,0.6994517569317019,0.7915741160224404,0.7931403996226115,0.6564808571357799,0.8656133165695552,1.0,0.8725742479717348,0.7310550616874516,0.7349025887387706,0.8170557428748548,0.4714031862964502,0.633565666940531,0.8085914003169644,0.7775840976126404,0.5741324521838311,0.7866265451744839,0.7881701350842327,0.7074882072652381,0.5323612316080348,0.7342910203273495,0.7959270209823017,0.7830037012132635,0.7338065380945206,0.7684073290822753,0.7824716626618347,0.8381893783962114,0.5918259809944135,0.7289194263968599,0.8353242476784324,0.7272963069982555,0.6498373558228409,0.7105037268179255,0.4330864714818729,0.7755474018548927,0.4695570661810556,0.5968272567185313,-0.8071462076943425,0.20087901168362973,-0.36789505785427645,-0.6210385017917678,-0.2812659419850803,-0.18393195984505634,-0.23955368968172244,-0.419612843426848,-0.058232444610212764,-0.2482286734290742,0.5895509762290826,-0.7975024607249267,0.2006117363840937,-0.47751498064830433,-0.5356168496070365,-0.333579018168582,-0.1406572437426155,-0.4727675139998432,-0.24466953528353635,-0.08631147659592395
0.48268494387743316,0.7823787559578805,0.6700888999385124,0.6508904489491267,0.6205791619627111,0.7271056014793259,0.7933908096696874,0.7633877927039879,0.7027476880676922,0.6799603171288527,0.5984135280675784,0.6107949016124374,0.6771801541550586,0.6812739988656783,0.7507194906509602,0.8219026599101785,0.6488639378085272,0.8824155535355165,0.8725742479717348,1.0,0.7777579514905841,0.8102702285608546,0.8205034938238641,0.5546926135839808,0.5099770966614485,0.7980426301123013,0.7375326121081306,0.49125426548800794,0.7370301406154144,0.7690477859304659,0.7522731490164705,0.6035467766806486,0.6799675251202729,0.7877228685517389,0.773863380002752,0.7576006094942696,0.7705124408623383,0.7611889958606364,0.8192387846728695,0.6496324958398315,0.7583971524964177,0.8236649105373675,0.7231763338173829,0.6714530002284949,0.6932189159495736,0.49361284552213314,0.7377972806435588,0.5060554021992549,0.552846406875243,-0.7769950298246241,0.12492799884425715,-0.28240462986795556,-0.5823140974437718,-0.2623230351367161,-0.148428613675035,-0.06778141795908764,-0.37694480824614446,-0.09646775764149389,-0.3060757092030132,0.43977448685644893,-0.7811188295051078,0.11799605254266858,-0.3827323339159276,-0.5249342860777919,-0.37920117384785484,-0.05110271163909895,-0.4892013364167804,-0.20153209456420657,-0.17426418074526923
0.7036767615408924,0.8866966124881974,0.797176988601457,0.838066928594728,0.8229134833662586,0.8029869735412002,0.8512719459453129,0.8937460498275437,0.8126386877454291,0.8471698226087298,0.7587510779749552,0.8309184029672406,0.8402746173560367,0.8066586489547419,0.8743364039433883,0.8259586779937171,0.7821196066302092,0.7877807718972485,0.7310550616874516,0.7777579514905841,1.0,0.7811645595976866,0.7815480605158476,0.6555157989738484,0.6976661787514722,0.8009091325465746,0.8728975554143044,0.7446849770704175,0.8446821547079683,0.8959413674165316,0.891318866238092,0.7215734460008436,0.8616399684325613,0.8868664563006976,0.8703098220425042,0.8620229811020387,0.8320756434246162,0.8706754913294247,0.8730256711761358,0.713563920588858,0.8372629675058536,0.8524498369275365,0.8110644866810842,0.7667518166264885,0.8566769746299798,0.6594985428288325,0.756792914876201,0.5428645340094023,0.6556829239437996,-0.8937361972227365,0.26267552883116113,-0.3975406715950184,-0.592307331911288,-0.37701547539354224,-0.3104557795879066,-0.2407441776862091,-0.4160981773956467,-0.060713118411521286,-0.1615467031255091,0.6196895498760258,-0.8944449084460879,0.2565650017845825,-0.46925196633122684,-0.5251347845646486,-0.4352356452030538,-0.16467804648825993,-0.538738320694657,-0.2827823569859398,-0.023441888844099215
0.5544693959692686,0.8098373658346276,0.7155409399408162,0.7219492266026629,0.7160890500062485,0.7531375449041301,0.8192079798116304,0.8369425396701834,0.7564187677067687,0.7475555314821625,0.762412728799072,0.6749358201576972,0.804070679297359,0.7263685123116819,0.8162123042554011,0.9106501996716115,0.735400824116105,0.8800409381354773,0.7349025887387706,0.8102702285608546,0.7811645595976866,1.0,0.8321060155394453,0.7466839837120709,0.6577637937981764,0.7364295733504644,0.8224877563751064,0.541506655878692,0.76016739908696,0.8586248770589485,0.8962298690711133,0.7513808635180411,0.7762648981618242,0.8592753951840316,0.8804687283289443,0.884710915099041,0.8171139953553227,0.8320706916583286,0.8813090527000511,0.8317543334782721,0.6559164004159368,0.7690288821779635,0.7475658690841261,0.6346418358622409,0.7754473715438215,0.5066640089924529,0.8490224318516423,0.6797739185536069,0.6307047162464613,-0.8297121442328095,0.12870003484574533,-0.3351183308699296,-0.6838834691251316,-0.4402850784552879,-0.2120935231610827,-0.1132192425012717,-0.31486046437007537,-0.047922947363803536,-0.2418355667013863,0.5643531399945565,-0.8645244914855282,0.12954832095048957,-0.4507634324501077,-0.6651537931977566,-0.5457608561335447,-0.1815239544827586,-0.4283254732731202,-0.23869146097720628,-0.15507746245697804
0.6140143293617827,0.83345472683646,0.7314821112161861,0.7793056902445892,0.6647392080804219,0.7394111177586178,0.7709974713880271,0.8144294635990877,0.8071589448704377,0.7520893068660502,0.7120476506159606,0.8041344183579945,0.8017460996131376,0.7147779949995172,0.844550620775463,0.8841364695128178,0.6214894762821864,0.8266505034956267,0.8170557428748548,0.8205034938238641,0.7815480605158476,0.8321060155394453,1.0,0.6575318334400192,0.6823547210172684,0.7125710162562572,0.792740019449785,0.5902037156311545,0.7853952392815712,0.8220901005085199,0.8060217718602144,0.6040750310963791,0.7828193098188028,0.8054900699775933,0.8322691004083432,0.8347668069719087,0.822519622712299,0.8060510526252859,0.8820923879696283,0.8407515238886258,0.7226796746820923,0.7790094959119569,0.7117503672400931,0.7090582483994263,0.7710316734058247,0.4548799255624515,0.787497286916955,0.7917883901030671,0.4733294495171076,-0.8680007800985492,0.17681808309331093,-0.3156790095618574,-0.5734061839426756,-0.451739022936223,-0.23669241632650245,-0.2666736338584443,-0.42416498836980077,-0.06277504137872263,-0.4360820387070512,0.6435423747009524,-0.8201827428599344,0.22984652438477396,-0.41707559681612083,-0.481580592765134,-0.41294834556665116,-0.17962289040600543,-0.4765141119277146,-0.32033207060081115,-0.16188480402638056
0.4982962094491214,0.6734310009335864,0.6090477546121715,0.651373813970495,0.6108059016826819,0.5845609961434067,0.6903795879233627,0.6995861441063352,0.6634806640158639,0.6935566946581295,0.6279942096499939,0.652425038425236,0.7262875341548295,0.612016062216278,0.6872870914284518,0.7001881849102465,0.672772191219177,0.6604326617444005,0.4714031862964502,0.5546926135839808,0.6555157989738484,0.7466839837120709,0.6575318334400192,1.0,0.6030492088088614,0.6243100841749919,0.6784996707140255,0.5089588413384192,0.645201777770707,0.7105922053213626,0.7432478186401593,0.8209431968118183,0.6707752711902674,0.6887046392762273,0.7199163858755729,0.8164302853331147,0.67297210961395,0.6638489174315292,0.6943888037196632,0.8166259359748714,0.563470458669078,0.6344834580662756,0.6514416503196,0.5756759461037231,0.7038128462624272,0.5398231551686483,0.6676513731841451,0.6961715406410531,0.4855843932561272,-0.6996424692091358,0.09050938621070305,-0.2642302153186123,-0.5003767147874916,-0.4198063493911263,-0.2356288772435106,-0.18275545337427332,-0.25900144865601754,-0.03839457002720391,-0.2052931397176334,0.5098580250676172,-0.7035185295086284,0.09262644680976986,-0.33868580699320555,-0.4800924927324883,-0.42083867235131045,-0.21103659510073597,-0.35779208261538664,-0.2342535106771527,-0.0746045652620347
0.8471602759976218,0.858056149786571,0.7627237259049411,0.7931218028526473,0.8138116652744861,0.7676323631789805,0.7913119117727002,0.8411210697914518,0.8652034658450781,0.8462381778004578,0.8593701392964536,0.8462950088624845,0.8033342259201434,0.715256979191478,0.85623491710662,0.7243784083697272,0.7180432850971411,0.6226759114734793,0.633565666940531,0.5099770966614485,0.6976661787514722,0.6577637937981764,0.6823547210172684,0.6030492088088614,1.0,0.6809159538324975,0.8686671381397055,0.7902521897363619,0.8616202204646708,0.8390963137895836,0.753130481328989,0.6314510011159431,0.9045597480102456,0.7950168734785868,0.833969976025275,0.7865220359435073,0.7505747434637982,0.8389351590639362,0.8020493601557006,0.6582400163168481,0.6938702674381103,0.7909482253760637,0.7341049362648079,0.7357245547100815,0.8578448469319533,0.6153448618437765,0.7960043799523201,0.5346440014983105,0.5924924624019628,-0.8530765470863297,0.45311826732998683,-0.4440066149618766,-0.5307197499257467,-0.3435769604717187,-0.31237620999078225,-0.5459010540525203,-0.29495603446161206,0.19078358261421163,-0.01942146961625538,0.8110347760666592,-0.8252676515175991,0.4728380582113827,-0.5375017526131514,-0.48299744763789876,-0.26132696708887776,-0.2671615065801749,-0.3198201015513745,-0.25410457680270854,0.2529087548310866
0.6224720031404519,0.853954794772338,0.8185296062811306,0.7496495514986079,0.6990235989585708,0.6989950974679908,0.9312746460150888,0.8647833421872566,0.7863599149824354,0.8187319570388114,0.7653188078629436,0.6744458521301419,0.7421639268023815,0.8010876794065014,0.8465478372054377,0.7900606424337481,0.885006393935089,0.8566001699855965,0.8085914003169644,0.7980426301123013,0.8009091325465746,0.7364295733504644,0.7125710162562572,0.6243100841749919,0.6809159538324975,1.0,0.8509329417585554,0.6424915805050334,0.8332815735180766,0.8605496806182131,0.8086128575761251,0.7371833726224686,0.7879966318608647,0.8812924288659423,0.8536694982472237,0.8418688923547086,0.830056106274481,0.8591946542694605,0.8502606168997673,0.5989711028170308,0.7573551893832747,0.9005151371064346,0.8936470528154655,0.7257980086509681,0.8184304259961198,0.6467649692091871,0.7972861712313352,0.3837148191668642,0.7462053115521755,-0.8502976689778112,0.1734081425653759,-0.47341037758057275,-0.6780810421232636,-0.37383489239737505,-0.2935163679415,-0.2595527363377264,-0.3210098299927914,-0.06072274776072453,-0.1526104301015319,0.6067744666737549,-0.8755171393758653,0.17181828508345723,-0.5959188666036225,-0.6460154307458303,-0.41090634049293273,-0.24409718422009102,-0.4716041721153414,-0.20412048633686966,-0.031145443474697308
0.820401126849424,0.956330678053692,0.8727885870718786,0.8749398510834027,0.8741880493463042,0.8525428277619919,0.930892584175719,0.9590460323386613,0.90929017972107,0.901056273311212,0.8777917458642149,0.851815419101385,0.8557210050213435,0.8604247547688646,0.9460141573610277,0.8643318837820058,0.8518529259111863,0.8241076620349969,0.7775840976126404,0.7375326121081306,0.8728975554143044,0.8224877563751064,0.792740019449785,0.6784996707140255,0.8686671381397055,0.8509329417585554,1.0,0.8041415765588952,0.9424099792474575,0.9596893433982034,0.8984910799265342,0.7539957844046977,0.9496337036352348,0.953740333418295,0.948596097331687,0.9144655117410205,0.8887472300478015,0.948044220527644,0.9314356505202049,0.7289844387796841,0.8259525025442874,0.9127696379608611,0.8635850651721136,0.7804952741552285,0.9194701868681814,0.6505457798252703,0.881522589756299,0.5635506449754157,0.7295744982675683,-0.9565901434817496,0.38851269284316997,-0.5066576570505079,-0.7060179164228245,-0.4343052074912458,-0.32245573538896966,-0.4249133240361614,-0.4065952681106347,0.024925458750751025,-0.051708922543440394,0.7702537514360566,-0.9638333101245397,0.39283599585392154,-0.6151268722101397,-0.6644652706150856,-0.4524154345771093,-0.2601805383588632,-0.47273724182181476,-0.2782051543067381,0.10792319931521215
0.8934689210665177,0.8251238961482559,0.7894649134861367,0.8372526896975021,0.7800663788690921,0.7577969655404101,0.7272314142417292,0.7700555383870864,0.7773865955099686,0.7744564527153397,0.7372655853625791,0.8014276559640784,0.6972474476807977,0.671572295374045,0.7849178774271512,0.6452888678197032,0.6457419655344137,0.5218628843811872,0.5741324521838311,0.49125426548800794,0.7446849770704175,0.541506655878692,0.5902037156311545,0.5089588413384192,0.7902521897363619,0.6424915805050334,0.8041415765588952,1.0,0.8509947988856289,0.8042494091095772,0.6974016614506414,0.5848903308911924,0.8359979907557377,0.7506101787222774,0.754815829892174,0.6999405939148211,0.6977732582238515,0.7519575889378323,0.7313061924462624,0.575078349665613,0.8147209646545663,0.7604909238672398,0.690206163903921,0.6577441019646327,0.7776383914679329,0.5842277161964828,0.6465924431738671,0.4244768321772918,0.5349325761523119,-0.8009566065839058,0.4723060896731759,-0.35973680646497586,-0.426843943056678,-0.24559392618642292,-0.2562930602931004,-0.4934267872995184,-0.38464872938337535,0.021203742356482907,-0.008961032257594124,0.687846270741714,-0.7713872480103011,0.4863125371680809,-0.4345425566999398,-0.3705679830206615,-0.19973472421037375,-0.18913661363699671,-0.4334473475152854,-0.3638061769238276,0.19088447417537482
0.8806586101499512,0.963177511504077,0.8913235290584673,0.9007076837779048,0.8762949609847399,0.8699653227144952,0.9092891497849633,0.9153269878276914,0.9125346976456844,0.8865619791513502,0.8191160375884611,0.8596388954580478,0.8208666750053314,0.8245859219329853,0.9251445416400818,0.8220400927811046,0.8054478323320541,0.7687041895360811,0.7866265451744839,0.7370301406154144,0.8446821547079683,0.76016739908696,0.7853952392815712,0.645201777770707,0.8616202204646708,0.8332815735180766,0.9424099792474575,0.8509947988856289,1.0,0.928297407030642,0.833235450335081,0.7362417897011597,0.9366814933148829,0.9062565071997563,0.9122971033221313,0.8730708157352298,0.8575385796109427,0.9182165792184448,0.9137384294295456,0.7049438663740453,0.8761695942025072,0.9213993112311565,0.8458412880072668,0.7810778800815563,0.905340798754595,0.652062828817692,0.8457999799152263,0.5381744624191461,0.681701482995468,-0.9487019185148047,0.4226192382220538,-0.4798215112508986,-0.6453860927231884,-0.36532716428083484,-0.2892730851359699,-0.490258098921778,-0.4620736032517402,-0.015560716836294295,-0.11755402323353246,0.7876388896494543,-0.9242472485337414,0.4239004096301887,-0.5770526361188704,-0.584510575567606,-0.350585761606857,-0.24550372668462386,-0.5122521634323451,-0.34021421249487716,0.12174097795377346
0.7947330486649288,0.9512728305552768,0.8827523798782174,0.8818672983690804,0.8518340060316584,0.8369018693192682,0.9327126011588386,0.9598942325242861,0.8822910169427882,0.8894073202435898,0.8906051675915051,0.8443159214292073,0.8767661182742233,0.8719278184550657,0.9490652417191302,0.9014120555557132,0.8530883685696521,0.8540910106738808,0.7881701350842327,0.7690477859304659,0.8959413674165316,0.8586248770589485,0.8220901005085199,0.7105922053213626,0.8390963137895836,0.8605496806182131,0.9596893433982034,0.8042494091095772,0.928297407030642,1.0,0.9356237680050228,0.7660483168123811,0.9316521135481848,0.9614195391618937,0.9581432020024918,0.936081832910699,0.9075760786660353,0.9506603722186423,0.9430443018606453,0.7784350056551879,0.8185744433095579,0.9064647599828317,0.8748555590575583,0.7786868680882816,0.9199508814539171,0.6540475380428066,0.8789491284075373,0.6073508835551311,0.7228703713601652,-0.9558823005545567,0.3048912257310429,-0.4813151641152435,-0.7097897574239843,-0.4478615727297514,-0.3237806125827261,-0.35578335365280905,-0.39087745043725186,-0.02035803783732814,-0.1290354658563127,0.7299542537408048,-0.9693299822026022,0.3013388653079116,-0.5916293063102975,-0.6631033842456754,-0.48525199916447426,-0.2523896476841162,-0.4965051001367005,-0.2995092246698826,0.03371771258365808
