0,1,2,3,4,5,6,7,8,9,10,11,12,13,14,15,16,17,18,19,20,21,22,23,24,25,26,27,28,29,30,31,32,33,34,35,36,37,38,39,40,41,42,43,44,45,46,47,48,49,50,51,52,53,54,55,56,57,58,59,60,61,62,63,64,65,66,67,68
1.0,0.8343543193775618,0.8614888178290148,0.8752111911809142,0.7787156944941461,0.8193567832646573,0.7972020864387471,0.8015404195567203,0.8248355931180835,0.7378906757071768,0.7720174642361844,0.7705477272721649,0.6295225083528686,0.7672023437276742,0.8097804976029015,0.6143469097687542,0.7801130068814051,0.48706194320101937,0.384852868288701,0.556922205834751,0.8272000416968027,0.71965725429938,0.6169012435407727,0.4679470901277579,0.805493292620701,0.6013852834780511,0.8412001093782513,0.905849405075449,0.7817979813816276,0.8831128127340745,0.814160882973868,0.6220106650046212,0.8648486699736403,0.7900613457984917,0.8270345453866956,0.8079372752721898,0.783431078046098,0.8123882136909608,0.7856210975859211,0.6513180673647145,0.7272581095153735,0.7739730193651592,0.6799304905230972,0.5651038872546087,0.7680042277590912,0.6250730499092662,0.6262091639549173,0.6292530497231785,0.6109533399959528,-0.8678823616177532,0.22717084759968653,-0.28414159218240853,-0.34995110985415984,-0.3823992059586763,-0.09152877922580932,-0.2161416698132659,-0.09552677567005051,-0.0147158799315486,0.211929367250656,0.7003653859023397,-0.873947615503441,0.18846887239381988,-0.31868903367121365,-0.27841161503448225,-0.36211798043991356,-0.01937704820698367,-0.1622383780546803,-0.11604527957594901,0.4585682010303405
0.8343543193775618,1.0,0.754256194281695,0.8245161257209813,0.783647711041313,0.8715667436294868,0.8570211288478528,0.9374972533386737,0.8924451626931617,0.8669709470680472,0.8272051202848989,0.753306019544621,0.8625459464330022,0.8676866432882043,0.924342017533665,0.799915808762841,0.8366621979593176,0.6427636259997751,0.5594832016436802,0.7612917973082993,0.8136336856690001,0.7689346012284372,0.7784162125253652,0.617859900675253,0.7267177728042907,0.7288382239579241,0.9252942820458147,0.852976334754079,0.9046247628841004,0.9178848759237894,0.803510597337724,0.6305963941489544,0.9496203018266092,0.9268698120758077,0.9213359950669742,0.9119240904903269,0.9311246568188286,0.9422360787327819,0.898021212665241,0.7219528537452236,0.8089797068753618,0.9450332575633268,0.8332643913777186,0.7964076326622093,0.8654202977856087,0.7530354273061647,0.7765293565334902,0.703012615908058,0.6579554975439642,-0.9605065500875435,0.2939665396027314,-0.17155026669585308,-0.4122741008501313,-0.24450971102958974,0.050639790753196925,0.015951206581405145,-0.017209816994326863,0.11790198699409501,0.3033200824760167,0.6326508832612653,-0.9569733170218054,0.30132569817229576,-0.17038315464799791,-0.3156641616025779,-0.20742088816617454,0.09603780673717027,-0.08640917855418244,0.06864761049745838,0.5390922172923709
0.8614888178290148,0.754256194281695,1.0,0.8988268579309839,0.5932579073427916,0.7461412596601975,0.8606945338384672,0.6399094704966329,0.6887923929003688,0.575837286679309,0.5949911296144238,0.5767090710905003,0.48095464888691025,0.571449169091064,0.7270129176971785,0.5638986141113105,0.808427640130856,0.6142300413301891,0.5251880148386175,0.5970050442718836,0.7175876614606177,0.7046010605039048,0.5281472184073699,0.4291623109173043,0.6305520233764418,0.7475918099376859,0.7542720136540378,0.845044734188496,0.7333383287944679,0.7673219189533987,0.8138042655332451,0.5989521031877982,0.7133054855492388,0.6660404356918712,0.7279160304906365,0.724074780644802,0.6455296482588706,0.7078243976704496,0.6736697746576332,0.6278836879363673,0.7358691420828948,0.7223548904463618,0.656267657446627,0.4717419463424408,0.7409246880959307,0.6141257408677652,0.45079303620954597,0.5071870924323847,0.6339622246146839,-0.7989782209586668,0.21389429709551347,-0.27300834687936176,-0.33867627892351243,-0.42691770929191397,-0.18515734250709953,-0.4329467673037863,-0.30759282565457025,-0.19570747897658783,0.035382719279924084,0.6807911643317672,-0.8099617339863758,0.13565206814963032,-0.2686244283243647,-0.30756803745466915,-0.4433322865094494,-0.11431174623982361,-0.40149102449029694,-0.29703500651422515,0.32974010810487697
0.8752111911809142,0.8245161257209813,0.8988268579309839,1.0,0.693595272840414,0.8055880999670457,0.848862333665829,0.7653797505304731,0.7964359686240465,0.7184750928610072,0.6927317681312823,0.7461006024498612,0.6588379798938439,0.6778011521699661,0.7885014964784808,0.6694003905819089,0.8106609759302122,0.5491264314383032,0.42387851613778876,0.6506000885124746,0.8292301942083165,0.7918525151449249,0.582013147422188,0.5292400267375761,0.711699747178843,0.6715567425039736,0.8291642732761795,0.8413861603816863,0.752944817702836,0.8473946484021889,0.8738442139433105,0.6518664086951053,0.8047125668335323,0.7640820284798484,0.8342496759258361,0.8284337309772385,0.7664569296714976,0.8021793934378773,0.7746123059769193,0.6946629746319769,0.7296114943712235,0.7815402777483386,0.7079201051512457,0.5819761123748993,0.8274647330232089,0.6911235383820796,0.5811302485655466,0.5921309202322832,0.6791149689159215,-0.871607226378105,0.24449842172446948,-0.2840235838495467,-0.4003135526535106,-0.45489278427537333,-0.10834782905384457,-0.2508159409687579,-0.1545733078262233,-0.036935219606631,0.13975311340755342,0.6468410151427898,-0.8695937866460325,0.21295323940794283,-0.27234918422880655,-0.33254897880177986,-0.44492741212167847,-0.024451010629190164,-0.21895594440382032,-0.15380752165504624,0.3848360908504109
0.7787156944941461,0.783647711041313,0.5932579073427916,0.693595272840414,1.0,0.7351744481638862,0.6825901840671895,0.8370723571719964,0.8231940159703213,0.8244725347748582,0.8153425216942477,0.7932134018037832,0.7348249722134099,0.8288551069805487,0.732328260360704,0.5873441550891958,0.7027620696653162,0.2590228868130183,0.15161561427293976,0.482741811446248,0.8038633560012765,0.6369741940049994,0.5879130945851181,0.48955217964695036,0.7972775246018164,0.4569467812010129,0.777096481560486,0.7078869009627383,0.7001945986815198,0.8306850041831656,0.6868394917399717,0.5859030374874774,0.8356555505276015,0.7906914158491709,0.793043364993052,0.7853662778633242,0.7926166376989858,0.793922652515673,0.7750185669086409,0.5977618880134361,0.579925357537229,0.7514410189994414,0.7066812142492958,0.611999096150911,0.7182090928773014,0.6311801244369973,0.7406011346703004,0.6374925284718282,0.474366675193915,-0.7915240999611797,0.22840152894668594,-0.2385767057092012,-0.3328256438550807,-0.2978170537056337,0.046573908569498286,0.062094062230778305,0.17491101802610176,0.17886519972544562,0.32219408602361405,0.5943574171645575,-0.8020513099361759,0.2420304627597421,-0.31573081635677824,-0.301359730662719,-0.21587131717704355,0.05723228256066064,0.11699174039488959,0.1514135358964418,0.4640837404798284
0.8193567832646573,0.8715667436294868,0.7461412596601975,0.8055880999670457,0.7351744481638862,1.0,0.7576099028305597,0.815808507143025,0.781497975061785,0.7390845540217944,0.6665469103561497,0.6996514109187068,0.76131168398325,0.7876473115678121,0.8157188612098173,0.734218200267786,0.6998274945032384,0.5637934401518305,0.5065435840693717,0.7865461109441857,0.8153458173258241,0.6884377248712432,0.6485004216819635,0.5398895215826931,0.5740526721866288,0.6287434389488509,0.8042465666885077,0.7984490690513655,0.8041458053790126,0.8007706796560625,0.6921686356038094,0.5617890879247466,0.853992302186837,0.8120282937516475,0.7852151500066181,0.7972552895015942,0.8049940706715238,0.8145719829168083,0.7650767743942803,0.6457576690718719,0.8284837042066311,0.8353952828132087,0.6914547027066683,0.6853797726445509,0.7440901214672662,0.6447096566015529,0.6378111871516896,0.6238827026959082,0.5870006150369197,-0.8650707321010266,0.22298062240841005,-0.15892027250625948,-0.2762544106224651,-0.22007518349424043,0.024936301917661295,-0.0450457095415633,-0.16980208459909427,0.0847683517730872,0.2642304828754634,0.5584350004562384,-0.8397577373120682,0.24570286982295705,-0.10571456885791126,-0.14973547241432725,-0.17563954948011623,0.04432312091434384,-0.15387376718689114,-0.015442291227598732,0.44744131484350846
0.7972020864387471,0.8570211288478528,0.8606945338384672,0.848862333665829,0.6825901840671895,0.7576099028305597,1.0,0.7714985482411582,0.7987120300432263,0.730134193272471,0.7042774579004416,0.6077945042786013,0.6686106520113719,0.6729835449150672,0.8325575115572127,0.7061542737245263,0.9319500415774997,0.7101077337673377,0.5859964728993283,0.7036388234915837,0.7072469702264906,0.7873764024179334,0.6928577607609414,0.5167318519333156,0.6879343387463002,0.8576455240772662,0.8430460925361869,0.7950214779666732,0.7879533279030488,0.8143884485021461,0.8108874450050131,0.6439348681187859,0.8109278639707723,0.7725047695026314,0.8254811394525142,0.8156750088015483,0.7695725959060863,0.8207000073272585,0.8064753184536724,0.6621616110744435,0.7323511085928025,0.8526853348039062,0.8077213094012395,0.629457844096448,0.8139933403822683,0.7299408473047547,0.5887781448572051,0.5647215891779721,0.6648671108216565,-0.8776265556160708,0.2920818496797585,-0.3085980288293124,-0.4702788761826746,-0.32642861333039735,-0.1100145881348962,-0.289408309763409,-0.1587847480892001,0.002782426391565048,0.14235504159498122,0.6380099529849077,-0.8819095985789895,0.21088402331491005,-0.2807516553473458,-0.4371409449353285,-0.3095104406066313,-0.03900377119965089,-0.23828571666929876,-0.11775475550707833,0.39397467957165433
0.8015404195567203,0.9374972533386737,0.6399094704966329,0.7653797505304731,0.8370723571719964,0.815808507143025,0.7714985482411582,1.0,0.9085276127945441,0.9192185276164638,0.893058290622264,0.8087868643195467,0.8820765904844189,0.9191631033060406,0.898227994003342,0.7691153061064967,0.7869433144451433,0.5089408956224533,0.39950664481677356,0.655781431852504,0.8150233581556978,0.7426034844845054,0.7691845392354102,0.6256366204316056,0.7873252562953572,0.6025524883612402,0.9119603099914028,0.8074875022062404,0.857488403179022,0.9237815855768369,0.7693806056957812,0.6391068554341773,0.9490529404881045,0.944697549118619,0.9208819301240275,0.9176173595150845,0.9455898156919801,0.940159224388435,0.902511361285707,0.6886602217589449,0.7031723189585438,0.8911258989205634,0.80582369038996,0.7829267975394364,0.8368561095149961,0.7342710999699044,0.842725933351731,0.731846817950936,0.6191690824709802,-0.933108107698204,0.25742336338226146,-0.19952592793582227,-0.41616644152457943,-0.2644988066783837,0.09738904439236395,0.1526455508057436,0.15133715550770732,0.24625373382052118,0.3622262900234421,0.5880591540181462,-0.9299001035295158,0.2778371468333206,-0.2157578858093007,-0.32548144210317925,-0.20725925957231386,0.14103455434396237,0.1012612132133728,0.19200829904378663,0.531673652721289
0.8248355931180835,0.8924451626931617,0.6887923929003688,0.7964359686240465,0.8231940159703213,0.781497975061785,0.7987120300432263,0.9085276127945441,1.0,0.8925408597800165,0.8464446860145778,0.7939135547219386,0.8102988340649648,0.8460863876614462,0.8583794451389694,0.7304341383002981,0.813100253712392,0.5002334602041675,0.3688226710757434,0.6173125724203752,0.8110408057731507,0.7663215338747269,0.7175221565496964,0.530729798587512,0.818505894068448,0.626396910961136,0.8856234132268894,0.8057300684850173,0.7972314152655875,0.889390479830634,0.8013249670837199,0.636302802981653,0.9069679682137572,0.8606535346754879,0.8959409437612598,0.8732333256798602,0.8804608439353129,0.8961860101018538,0.8792150958284587,0.6581500490520451,0.675119412025221,0.8687161727412982,0.788614864759218,0.6868124844119702,0.8091185834640937,0.7177619746623517,0.767057299204355,0.6456679233492657,0.6205563115309586,-0.9037649982265514,0.2833296195951204,-0.27468043052523544,-0.45104733037891576,-0.29159812932180273,0.013280293480183832,-0.004132530810291552,0.09376879763190682,0.14487016284389853,0.3546334737483513,0.6168791168380973,-0.9021541502707702,0.27135528844157575,-0.3272278221449223,-0.37333293259118716,-0.2579826343023849,0.06487006273672095,0.022356384211354687,0.07347093081501517,0.48931975653993576
0.7378906757071768,0.8669709470680472,0.575837286679309,0.7184750928610072,0.8244725347748582,0.7390845540217944,0.730134193272471,0.9192185276164638,0.8925408597800165,1.0,0.864072883923353,0.7940946354143116,0.8406081811055145,0.8670014957574521,0.8235383803326564,0.722023991491817,0.7780982929202801,0.40312022459302477,0.3004216881342364,0.5828162140158244,0.8166043735430671,0.7070132831282225,0.7209092732098534,0.5738114909653246,0.7791727000860884,0.5612330002806161,0.8366724935878067,0.7360574632666932,0.757585703828318,0.8588113278046529,0.7433659134352041,0.6628198853501919,0.880097033384149,0.8610644327142312,0.8618522486123815,0.8683642541748412,0.8676442486416939,0.872345212373287,0.8626086249697277,0.6230490751874124,0.6411290980147651,0.8413375473374368,0.7930979537786691,0.7473327495770509,0.800838387716072,0.7562476618973109,0.7817854001561155,0.6613865486469901,0.5708767412944539,-0.8595178137794749,0.25938426212456206,-0.2469305139008058,-0.4169450927931522,-0.24786501071768968,0.049726530515954735,0.11620761170693597,0.20853236485783397,0.2490157798166587,0.3814370505337023,0.5324606918824214,-0.8645136709878258,0.2865382593729112,-0.2996600182269228,-0.35502865129901207,-0.1825842379841317,0.1250405779871042,0.15947708116487838,0.17910787414211612,0.5347364807241284
0.7720174642361844,0.8272051202848989,0.5949911296144238,0.6927317681312823,0.8153425216942477,0.6665469103561497,0.7042774579004416,0.893058290622264,0.8464446860145778,0.864072883923353,1.0,0.759622856303526,0.7570957975195003,0.8343358221861376,0.7994655913482466,0.6536230063916648,0.7626565021800148,0.4061618207569902,0.31115402853246665,0.4417399027507188,0.7482898463131222,0.6736646262704339,0.707365562647702,0.5194392104127898,0.8500671098040367,0.4980423066846261,0.8310255357219091,0.761270070125467,0.7398846385221746,0.881133801826423,0.7441788426208198,0.5651832739489516,0.867006756946834,0.8440210659137978,0.8669551241473981,0.8279686577758129,0.8571951507788481,0.8596286523780831,0.8580734101270111,0.6263707293478623,0.5552410967864219,0.7708347208342474,0.7211239666552826,0.6300515836837404,0.7711890055596693,0.6783351474749245,0.797850010408346,0.6689722892494977,0.5056791326391438,-0.8349792211322341,0.2762465184940997,-0.17072021579029759,-0.35094486788742296,-0.30893608856192367,0.04598439675313094,0.10004036534664626,0.24245379622083307,0.2056660763391573,0.34350299863017686,0.5636149377837746,-0.853071813123093,0.2863114190631515,-0.24806825622147655,-0.36285907736676065,-0.24770537766082007,0.1549786706031011,0.19764533714975896,0.20724843543381105,0.47007292149833513
0.7705477272721649,0.753306019544621,0.5767090710905003,0.7461006024498612,0.7932134018037832,0.6996514109187068,0.6077945042786013,0.8087868643195467,0.7939135547219386,0.7940946354143116,0.759622856303526,1.0,0.7553856056939428,0.8099312466339703,0.7485951997990412,0.5935182771764327,0.6480422150581238,0.2340365702588246,0.13192422863799588,0.47362073218255857,0.8961888300160621,0.6165729795838233,0.5232551039614618,0.4683802661942652,0.781348338895634,0.4107240845188478,0.7509247788972058,0.6659030812851986,0.6064243901273544,0.8343819505343619,0.6760231678107432,0.5808256424999548,0.7920175138811005,0.7787313028898802,0.7727762792017726,0.7642675572877857,0.788060949686592,0.7716800317674464,0.727582545520117,0.5853038574201925,0.5330890189900606,0.7059976931612971,0.6602288819263361,0.5722206062519205,0.7211815079973638,0.5880397156701035,0.6697497522043923,0.6085173085458745,0.5057602466792667,-0.773380972114813,0.22322696524412952,-0.20197933446905528,-0.3399700153848368,-0.29491182778228414,-0.004581889033085619,0.09237070687302924,0.17539753678607709,0.19052186012965183,0.26157491609055983,0.511083863297443,-0.7844655016809272,0.22443673165111333,-0.24279353641969736,-0.25524139876064134,-0.2492347295217682,0.10236656601755974,0.12389158554452748,0.09606489318560246,0.4130461350967968
0.6295225083528686,0.8625459464330022,0.48095464888691025,0.6588379798938439,0.7348249722134099,0.76131168398325,0.6686106520113719,0.8820765904844189,0.8102988340649648,0.8406081811055145,0.7570957975195003,0.7553856056939428,1.0,0.8202184110094938,0.8401057562096734,0.8135456869737272,0.6663565545178226,0.4939968746133397,0.407787518930534,0.7352028151021233,0.7427182216687935,0.6972275447858663,0.6949353577979064,0.5762445689435047,0.6294698504025115,0.5247002538714068,0.8118065691193913,0.6168061468836984,0.7308671738749924,0.7924305696757501,0.6423154526628957,0.5411616669062211,0.8501770625292462,0.8550431276875947,0.8307416808326806,0.8232689997661313,0.8876223176273969,0.8744210567376239,0.8139157153752736,0.5937313154133362,0.6405513493333456,0.83301516563648,0.7346742237553762,0.7726412961202384,0.7618466466434181,0.6798851003513737,0.796145554857409,0.6280202563560676,0.5159176516975247,-0.8310185203768049,0.2785831908054626,-0.07686935118857051,-0.3755414535825144,-0.1683131320485882,0.1264179403653302,0.24124330043811318,0.12749239532504428,0.2720033173592532,0.35448750682844427,0.43844229550635433,-0.8234631416964704,0.32222237847012375,-0.10509855021729753,-0.29992042889167864,-0.09505885251250706,0.179864732798415,0.12682853246409334,0.2591691787371739,0.47355173619707447
0.7672023437276742,0.8676866432882043,0.571449169091064,0.6778011521699661,0.8288551069805487,0.7876473115678121,0.6729835449150672,0.9191631033060406,0.8460863876614462,0.8670014957574521,0.8343358221861376,0.8099312466339703,0.8202184110094938,1.0,0.8330971596717371,0.6690441640380613,0.6969178669244946,0.39357636254618933,0.2727291750504026,0.5781426789589867,0.7938339205076157,0.6203150319267771,0.6731595446118551,0.5577261141737615,0.7239291038154394,0.49610306956336225,0.8392121608796634,0.7457821964717799,0.7714404355646177,0.8628568921833776,0.6488046536859627,0.5659432244345297,0.8952293188791333,0.9141642019465958,0.8309671359847184,0.8342893491953212,0.8936898058685949,0.8759007162854228,0.8158909280729887,0.6032731763392142,0.6479219139929833,0.8158326931833686,0.7241828476596112,0.6939895251328664,0.7508435965159723,0.6659305789656897,0.8049007466754353,0.6878512229137791,0.5470282785400864,-0.8627835559311777,0.24270626802993958,-0.15672912354122115,-0.33639421121420904,-0.213167366659129,0.10032048140571878,0.2156614935585514,0.18030299669266928,0.2404087715662339,0.3810984161424405,0.5926220638051558,-0.8519366134039095,0.2610455025501297,-0.17494263441308835,-0.23918500994064668,-0.13970477966944617,0.16532614319544678,0.14997177633127848,0.22140486668746914,0.5102818622064544
0.8097804976029015,0.924342017533665,0.7270129176971785,0.7885014964784808,0.732328260360704,0.8157188612098173,0.8325575115572127,0.898227994003342,0.8583794451389694,0.8235383803326564,0.7994655913482466,0.7485951997990412,0.8401057562096734,0.8330971596717371,1.0,0.8007349775478002,0.8216082315738429,0.6356211670492944,0.561584194902154,0.7292931573798538,0.788091014983012,0.7557383879046764,0.7465957220546978,0.5510826714350139,0.7501995880693001,0.7038745000582174,0.8993894648187366,0.781218995618641,0.8341182475627363,0.8929269938571099,0.7670262316477104,0.6168095540555145,0.9185826817414672,0.9004444627721472,0.8803537529228642,0.8760064217420289,0.8973768073885982,0.9244740407169504,0.8515362902148218,0.6613064305226074,0.7177350433364447,0.8864665712663384,0.7823336355108222,0.7247908574169254,0.8153990814941275,0.7098048136508165,0.7365841738091319,0.6627477588007803,0.6011136637674397,-0.9249271591688957,0.2730847239386085,-0.21009509729230755,-0.45598299780383805,-0.30419527310979255,-0.021864279176632608,-0.03510429237994409,-0.01440559966245356,0.14357644315758988,0.25113783334597556,0.6000587079201904,-0.9281203917034304,0.23235972847841044,-0.21877537240568326,-0.36093926829279477,-0.26902306023922495,0.05477384040751205,-0.08453891284060602,0.03731771043135653,0.46192533491616294
0.6143469097687542,0.799915808762841,0.5638986141113105,0.6694003905819089,0.5873441550891958,0.734218200267786,0.7061542737245263,0.7691153061064967,0.7304341383002981,0.722023991491817,0.6536230063916648,0.5935182771764327,0.8135456869737272,0.6690441640380613,0.8007349775478002,1.0,0.6973719900655316,0.6272698061351955,0.5479291023962417,0.7388739287196303,0.6185611748856141,0.7687870562060993,0.6953296033697794,0.5606335552740342,0.5595061861283185,0.5730863145181213,0.7641328982047144,0.6180094795325898,0.6985342455152852,0.7240457350997602,0.6539348454535499,0.5565065773928296,0.7714701055071932,0.7621356349870675,0.7931100788077966,0.7649563860003991,0.7774297557229288,0.808571468008706,0.7835786888049627,0.6635720930109518,0.5746562688848216,0.7814779731883309,0.654761793301409,0.6740954255818864,0.7165893248355314,0.6388897403992964,0.6758015614190714,0.6230440119927043,0.5272697664443377,-0.7986967553148703,0.23198153274270525,-0.16286381885061274,-0.430798793060266,-0.29564849776367746,-0.011062631824282219,0.03107298028634527,-0.03996437534269501,0.1257902388679214,0.2749391049870424,0.4378255881943844,-0.785830907556068,0.2390898247312085,-0.14872894755693888,-0.3449690869680383,-0.26340288081411267,0.07120551593193034,-0.03821539610747664,0.12320208702038332,0.39164058899378307
0.7801130068814051,0.8366621979593176,0.808427640130856,0.8106609759302122,0.7027620696653162,0.6998274945032384,0.9319500415774997,0.7869433144451433,0.813100253712392,0.7780982929202801,0.7626565021800148,0.6480422150581238,0.6663565545178226,0.6969178669244946,0.8216082315738429,0.6973719900655316,1.0,0.6365504190589626,0.49166100672576807,0.6120009027435871,0.7280490842576227,0.7653388925917489,0.6858500811051202,0.5265003749229685,0.7412478722767502,0.8048212686566698,0.8293705963438927,0.7788500887372796,0.7550039713093561,0.8306943067769376,0.8119823607248211,0.6902266887482427,0.8065925602755551,0.7809987958549002,0.8226428142634904,0.8238517686156526,0.7670511851725809,0.8161115650739,0.8070571953858235,0.6545345978608764,0.6591525549669481,0.84000242370705,0.8238877947768333,0.6140238996244517,0.8005944551073011,0.7382571451163589,0.6317096191763981,0.5893107820667476,0.6597129474546466,-0.859960079500362,0.2811852416507635,-0.3216088999495531,-0.49746495436963495,-0.3518509662128255,-0.13066350937434934,-0.24708904733741288,-0.05649913894660282,0.027617484648678036,0.16478779426583495,0.5971457080433556,-0.8774575804272641,0.21873050577391023,-0.3073349992216858,-0.47658762775483876,-0.3340949756718383,-0.003184365430580605,-0.13818387513398941,-0.08747209017617014,0.41016435809400936
0.48706194320101937,0.6427636259997751,0.6142300413301891,0.5491264314383032,0.2590228868130183,0.5637934401518305,0.7101077337673377,0.5089408956224533,0.5002334602041675,0.40312022459302477,0.4061618207569902,0.2340365702588246,0.4939968746133397,0.39357636254618933,0.6356211670492944,0.6272698061351955,0.6365504190589626,1.0,0.8723863923538625,0.64839077207043,0.3345089221678111,0.6218847106408081,0.6434779725799612,0.37594510091359185,0.2867083223462697,0.7675916582225811,0.5686426388450571,0.5420382091350331,0.6082882105968954,0.5061961754913894,0.5302688706198527,0.3082901790633907,0.5527322403084791,0.5483192206912604,0.554134098777776,0.5316231930934883,0.5465155900034404,0.5727725769038663,0.5604325358978476,0.4606251740043663,0.6420534320381782,0.6358020379808508,0.4955767258548878,0.4284646197060861,0.5493609674754094,0.4432508914221572,0.40049054134219064,0.4158229074042415,0.4183870693193651,-0.6347018657675735,0.20561614942496195,-0.07226120059236008,-0.3233157553700779,-0.11291043314540801,-0.04761150672101815,-0.172489990944476,-0.397129489043464,-0.027050201622943814,0.05512293765769595,0.4118036666198431,-0.6153787690082905,0.15143242069945015,0.02112951863181476,-0.24649023321971655,-0.1071306773923568,0.043357022965675805,-0.3710362487270713,-0.11271685059073891,0.25609783994948887
0.384852868288701,0.5594832016436802,0.5251880148386175,0.42387851613778876,0.15161561427293976,0.5065435840693717,0.5859964728993283,0.39950664481677356,0.3688226710757434,0.3004216881342364,0.31115402853246665,0.13192422863799588,0.407787518930534,0.2727291750504026,0.561584194902154,0.5479291023962417,0.49166100672576807,0.8723863923538625,1.0,0.5995787176361896,0.2637214043603183,0.4767623700733597,0.5706040674711848,0.24625416724073648,0.19140488564811828,0.6921550865333573,0.47639701872419077,0.4390001648956945,0.5636155198326483,0.3945724836124616,0.4100919254324259,0.18212512246481116,0.45784264033744676,0.4307435246246785,0.4352472000775146,0.400342842103756,0.43361317035697594,0.4887467302927941,0.45505423575403564,0.38746364548892426,0.5828485321819951,0.5633744848335592,0.424166773494369,0.4031426555647082,0.42020572169386305,0.31576798836629205,0.2664584285587762,0.2829853081567976,0.2839175669490503,-0.5199067784975587,0.18235352615645278,0.015284654404358299,-0.18986893721526046,-0.003930885999117043,-0.05458359720585246,-0.19606474080636524,-0.43660875075188127,-0.07566491050582456,0.005494639651286538,0.3046766485708239,-0.5133615076556688,0.14957240920918907,0.0809353111353915,-0.15321195568684776,-0.03619647877061946,0.018665368196358476,-0.42255195058005307,-0.11605214512210482,0.25565271879274803
0.556922205834751,0.7612917973082993,0.5970050442718836,0.6506000885124746,0.482741811446248,0.7865461109441857,0.7036388234915837,0.655781431852504,0.6173125724203752,0.5828162140158244,0.4417399027507188,0.47362073218255857,0.7352028151021233,0.5781426789589867,0.7292931573798538,0.7388739287196303,0.6120009027435871,0.64839077207043,0.5995787176361896,1.0,0.6028672551581007,0.6787615090819337,0.626989550609856,0.5042670613317527,0.3214058149968898,0.6833857047914946,0.6485837064567715,0.5644840803403111,0.6833120255154931,0.600451217267867,0.5675930142314158,0.5185255351838318,0.6799174026601769,0.655437155752208,0.6426037704082304,0.6825749153231438,0.6711924916980794,0.6932589393987958,0.6473534471941886,0.5752903163779475,0.7582222691527979,0.7650514487914836,0.6284292854882738,0.701932785544962,0.6590173804630974,0.6013383712314224,0.4651650072729129,0.5166985583908706,0.5471500486764298,-0.7294864525474052,0.23307881729482166,-0.1146587411673031,-0.33793223449234866,-0.15845222615095833,0.06632339873625506,-0.0594112749374167,-0.26283000800581213,0.0470408073136611,0.13282679969355415,0.3896578472232702,-0.7010388959327398,0.20966651507155964,-0.022254176588616316,-0.23364352240434438,-0.09425851494521445,0.04131144734981138,-0.25292214263807267,-0.04687820040385091,0.31406638148308813
0.8272000416968027,0.8136336856690001,0.7175876614606177,0.8292301942083165,0.8038633560012765,0.8153458173258241,0.7072469702264906,0.8150233581556978,0.8110408057731507,0.8166043735430671,0.7482898463131222,0.8961888300160621,0.7427182216687935,0.7938339205076157,0.788091014983012,0.6185611748856141,0.7280490842576227,0.3345089221678111,0.2637214043603183,0.6028672551581007,1.0,0.6752748770026324,0.5774924558089556,0.486725648617404,0.728556880570507,0.5364385675851141,0.7853150445768207,0.7576058391678896,0.7005986165561684,0.8549401365038254,0.7753876557957036,0.6359033220846689,0.822235438942252,0.7851284046609694,0.79356776284341,0.8018548084118423,0.7903610804234087,0.7972681445889737,0.7607154849758938,0.6243320898477743,0.6865027563547685,0.7795076709495246,0.7199955234567652,0.6168776801574026,0.766936155329148,0.6490378633867058,0.6165128359753638,0.6256235569999294,0.5497586877569293,-0.8316579288009468,0.23963825622663282,-0.20266213182436146,-0.35120766069187886,-0.3258024189123097,-0.044216131627294326,-0.05231618171750324,0.011934205786441165,0.08996558756243556,0.2165195882624798,0.5685111850619988,-0.8378842044586268,0.26047713025128905,-0.22004362434318298,-0.26741857121869766,-0.27135683410525063,0.04135867911980393,-0.04001134138943713,-0.036143351004962,0.41617010009452504
0.71965725429938,0.7689346012284372,0.7046010605039048,0.7918525151449249,0.6369741940049994,0.6884377248712432,0.7873764024179334,0.7426034844845054,0.7663215338747269,0.7070132831282225,0.6736646262704339,0.6165729795838233,0.6972275447858663,0.6203150319267771,0.7557383879046764,0.7687870562060993,0.7653388925917489,0.6218847106408081,0.4767623700733597,0.6787615090819337,0.6752748770026324,1.0,0.7661958849606584,0.5696189477249437,0.6525236897520563,0.6086221651087892,0.7386298928138766,0.7054081674733111,0.6942925772983121,0.7771023856569448,0.8540680429229335,0.6740515115881962,0.7484481792684464,0.7199163105988906,0.8205512572457005,0.8058448921027853,0.7291199301747767,0.7807493017576731,0.842015085930589,0.7641495701386259,0.6066362230039447,0.750605775776318,0.6608932082603884,0.5356697313374954,0.7346284413520154,0.6110077427044001,0.5954008479616949,0.7147900545190539,0.5312993256910501,-0.8098085797683366,0.21661844881935824,-0.2798064680828154,-0.5212832731228473,-0.4614205683197176,-0.02822739984288809,-0.12542060886095166,-0.08423373444459512,0.031275236526869574,0.1488730972076222,0.5438856982148359,-0.8075157391615356,0.1313705774201295,-0.2831684245914823,-0.48217668886126364,-0.3934215731481231,-0.005424145514228436,-0.11535265938636513,-0.08220873483586151,0.3330152726998151
0.6169012435407727,0.7784162125253652,0.5281472184073699,0.582013147422188,0.5879130945851181,0.6485004216819635,0.6928577607609414,0.7691845392354102,0.7175221565496964,0.7209092732098534,0.707365562647702,0.5232551039614618,0.6949353577979064,0.6731595446118551,0.7465957220546978,0.6953296033697794,0.6858500811051202,0.6434779725799612,0.5706040674711848,0.626989550609856,0.5774924558089556,0.7661958849606584,1.0,0.5069472356210099,0.5764727210429602,0.5922210847915406,0.705564790084102,0.6582853839693151,0.7258372130251323,0.7169209722849167,0.6517200956501181,0.46931954825297073,0.7620169149316968,0.728009220626792,0.7533964675243732,0.7373623290231054,0.7299537367949723,0.7599483862854675,0.8405486047170411,0.7083664867631879,0.6338028107600309,0.741655225200188,0.6750570630640856,0.6192712970747893,0.6574270178694254,0.5738909424839864,0.6226244652055053,0.7138210008767203,0.41881631370894007,-0.7604883667344293,0.16537680797464518,-0.1685642818321877,-0.3841628241098532,-0.20633364208005167,0.096951600451547,0.061173437252828755,-0.022113364004736853,0.16128975201435886,0.22219883084552833,0.3958630420377155,-0.756252650911712,0.16744840344834697,-0.12110221904558095,-0.3598121245937429,-0.16213673603589474,0.13937999922555305,-0.050147213944315656,0.10653956896766256,0.3851406806326087
0.4679470901277579,0.617859900675253,0.4291623109173043,0.5292400267375761,0.48955217964695036,0.5398895215826931,0.5167318519333156,0.6256366204316056,0.530729798587512,0.5738114909653246,0.5194392104127898,0.4683802661942652,0.5762445689435047,0.5577261141737615,0.5510826714350139,0.5606335552740342,0.5265003749229685,0.37594510091359185,0.24625416724073648,0.5042670613317527,0.486725648617404,0.5696189477249437,0.5069472356210099,1.0,0.3870218702056942,0.4067585091240895,0.5534201448168768,0.5646996408299828,0.6007222534731815,0.600630857371797,0.5412853526489289,0.6829038177536103,0.5902243140497749,0.6182819985158656,0.6170172501295741,0.7365912715526216,0.6204764926643773,0.6052540864819327,0.5968637887595089,0.6837543487483376,0.49490260891192944,0.5748138886837136,0.5220335009885397,0.539210555761059,0.6216506787736564,0.5522248299035737,0.6073675038539526,0.7231827075765372,0.39548000462514366,-0.6176579911991027,0.10012720790957264,-0.02028249473242406,-0.2679184821854543,-0.1987970205066186,0.11213397800887936,0.21868331028356264,0.029140035300198312,0.15533014350133734,0.26104929706184293,0.33924910937373937,-0.6095894888267154,0.15651216789997646,0.030329928447343384,-0.14442378073762377,-0.13123692088323394,0.15815517690467867,0.0058180723785211655,0.015221593392221313,0.3569979365627268
0.805493292620701,0.7267177728042907,0.6305520233764418,0.711699747178843,0.7972775246018164,0.5740526721866288,0.6879343387463002,0.7873252562953572,0.818505894068448,0.7791727000860884,0.8500671098040367,0.781348338895634,0.6294698504025115,0.7239291038154394,0.7501995880693001,0.5595061861283185,0.7412478722767502,0.2867083223462697,0.19140488564811828,0.3214058149968898,0.728556880570507,0.6525236897520563,0.5764727210429602,0.3870218702056942,1.0,0.466439929630374,0.7913979914264283,0.7174456999819633,0.6417335715221505,0.8465125864867078,0.7540034974978171,0.5485181972998578,0.8038632628221993,0.7318838805123513,0.8120935024381016,0.7597729002161103,0.741055758535454,0.776849354054855,0.7657817139694746,0.589118447120175,0.4341445175117272,0.6850163234878155,0.6871939293520233,0.5127488623708922,0.6958132310042505,0.5876827742715148,0.6701868080011373,0.5672241407297592,0.5045084042587168,-0.7640722204148688,0.23904722003671214,-0.32899554477918064,-0.42670399108915424,-0.38424067637331644,-0.08172488558895935,-0.09848154502490662,0.24545335529937776,0.1318083836690836,0.27641809046606186,0.5939827757430013,-0.7975525267704785,0.17201452383912755,-0.4293779028358377,-0.4215348552131188,-0.37975779563437945,0.008015007062943863,0.11092241614526924,0.04999090617890981,0.43407518361174047
0.6013852834780511,0.7288382239579241,0.7475918099376859,0.6715567425039736,0.4569467812010129,0.6287434389488509,0.8576455240772662,0.6025524883612402,0.626396910961136,0.5612330002806161,0.4980423066846261,0.4107240845188478,0.5247002538714068,0.49610306956336225,0.7038745000582174,0.5730863145181213,0.8048212686566698,0.7675916582225811,0.6921550865333573,0.6833857047914946,0.5364385675851141,0.6086221651087892,0.5922210847915406,0.4067585091240895,0.466439929630374,1.0,0.6701764160710455,0.6328617780780784,0.6877237793120824,0.617521569451456,0.63763341941443,0.4914931496223108,0.634320182117297,0.6128160985333607,0.6275429533734387,0.6409465200057476,0.6042176330709824,0.6484187017259521,0.6072549563832267,0.5157132282195482,0.7082282525503274,0.7666943453191721,0.73961297003193,0.5556788344821765,0.6556673666122869,0.612928015178599,0.39942585539885495,0.39878234223019005,0.5661526272542965,-0.7189112617732263,0.23563366988023143,-0.17722678275535478,-0.3659064392650397,-0.0719684507734061,-0.10660182558499608,-0.29565539706748106,-0.3207032504625688,-0.03130411419691077,0.0435422145616326,0.5060547648924888,-0.7206135584133541,0.15748305548559627,-0.1138948891879302,-0.30323443630680025,-0.07355862634506556,-0.03465703562605183,-0.39099746577336186,-0.22356377017172172,0.32023721833512264
0.8412001093782513,0.9252942820458147,0.7542720136540378,0.8291642732761795,0.777096481560486,0.8042465666885077,0.8430460925361869,0.9119603099914028,0.8856234132268894,0.8366724935878067,0.8310255357219091,0.7509247788972058,0.8118065691193913,0.8392121608796634,0.8993894648187366,0.7641328982047144,0.8293705963438927,0.5686426388450571,0.47639701872419077,0.6485837064567715,0.7853150445768207,0.7386298928138766,0.705564790084102,0.5534201448168768,0.7913979914264283,0.6701764160710455,1.0,0.8354469194441357,0.8652541478863877,0.9109535752123432,0.8071400274916104,0.615428234590001,0.9254267680090281,0.9101648673326822,0.921914637381186,0.8889770885087651,0.9067282414365627,0.9271214208949614,0.8658515903643325,0.665974450693221,0.7021208555574608,0.8877538455320564,0.810179805183494,0.73549309821026,0.833769565483482,0.7278171291118314,0.7728213514836634,0.6461711996350693,0.6799189799888009,-0.9420939888271167,0.30106505541397865,-0.23932084918599253,-0.45130999400706995,-0.33541786372296334,-0.007514518435334676,-0.04433035584469283,0.0512520482215375,0.07153383894579199,0.28294048020120427,0.6500702224608488,-0.9382219653117276,0.30555396610712426,-0.27599111124098247,-0.3754503344793102,-0.32167749027377857,0.0587324184091502,-0.039936509498755386,0.08881571516596626,0.48443202173168637
0.905849405075449,0.852976334754079,0.845044734188496,0.8413861603816863,0.7078869009627383,0.7984490690513655,0.7950214779666732,0.8074875022062404,0.8057300684850173,0.7360574632666932,0.761270070125467,0.6659030812851986,0.6168061468836984,0.7457821964717799,0.781218995618641,0.6180094795325898,0.7788500887372796,0.5420382091350331,0.4390001648956945,0.5644840803403111,0.7576058391678896,0.7054081674733111,0.6582853839693151,0.5646996408299828,0.7174456999819633,0.6328617780780784,0.8354469194441357,1.0,0.8632570303164498,0.8728408204772315,0.8318472849286873,0.6387202309752109,0.8598276737272907,0.8054182602073755,0.8408477307454316,0.8280601364756738,0.7917899225465933,0.8156094389989187,0.8001330280065189,0.689165854885933,0.7907943297024203,0.7945692679863828,0.7164380785410305,0.6189978634759886,0.8034100066577559,0.6782466156809741,0.6426896893335544,0.6598647463866917,0.6437393274619109,-0.8694837032766444,0.22732421723508894,-0.1927406897152355,-0.2985476991544667,-0.32085438025172963,-0.042839411258639055,-0.1540624097134237,-0.060264954289026944,-0.032603666505167335,0.27012895242647333,0.6817781011543181,-0.8743615534369769,0.23331338292220025,-0.21538810680095472,-0.2085489825528169,-0.31596519792970656,0.010510139162451667,-0.13631454361219655,-0.08684181771968866,0.5028631865166854
0.7817979813816276,0.9046247628841004,0.7333383287944679,0.752944817702836,0.7001945986815198,0.8041458053790126,0.7879533279030488,0.857488403179022,0.7972314152655875,0.757585703828318,0.7398846385221746,0.6064243901273544,0.7308671738749924,0.7714404355646177,0.8341182475627363,0.6985342455152852,0.7550039713093561,0.6082882105968954,0.5636155198326483,0.6833120255154931,0.7005986165561684,0.6942925772983121,0.7258372130251323,0.6007222534731815,0.6417335715221505,0.6877237793120824,0.8652541478863877,0.8632570303164498,1.0,0.857852387787591,0.7759778207291778,0.580606004505176,0.8762471692613619,0.8593925701776052,0.8592671209664883,0.8521163608528689,0.8424396492802555,0.8649687389585566,0.8225969024757132,0.7108108876981121,0.7940247856776361,0.8719252672006897,0.7777196245908987,0.7455670675757924,0.7881020892715415,0.6682181709616489,0.699914503179763,0.6719180540126094,0.6188424631856042,-0.8893110626529075,0.20159098197588826,-0.12356572378204046,-0.3434583163359051,-0.21317563884921656,0.01743062536070534,-0.010654853381501244,-0.03722160305063149,0.036810944261374476,0.2794368040909393,0.6088852287616197,-0.8901692098135073,0.24688925501224504,-0.12710234166570972,-0.224442690868928,-0.19484431665729898,0.03238419209313163,-0.11515892927467439,0.02922374542005973,0.5265155432170425
0.8831128127340745,0.9178848759237894,0.7673219189533987,0.8473946484021889,0.8306850041831656,0.8007706796560625,0.8143884485021461,0.9237815855768369,0.889390479830634,0.8588113278046529,0.881133801826423,0.8343819505343619,0.7924305696757501,0.8628568921833776,0.8929269938571099,0.7240457350997602,0.8306943067769376,0.5061961754913894,0.3945724836124616,0.600451217267867,0.8549401365038254,0.7771023856569448,0.7169209722849167,0.600630857371797,0.8465125864867078,0.617521569451456,0.9109535752123432,0.8728408204772315,0.857852387787591,1.0,0.8625764394935518,0.6807885942413902,0.9324612376214987,0.9146118776395176,0.9344980230511625,0.9125120722313472,0.9137205539569836,0.9212959056407223,0.8889229099428811,0.7296298650044148,0.6941942345179076,0.8653305825031128,0.7899521238300412,0.6949309443621061,0.8607314439583184,0.7234009091913469,0.7769573283152579,0.7399572651512238,0.6224617972805534,-0.9376931885817253,0.2528369939703306,-0.22167524881652542,-0.45131558012280965,-0.39258530128341884,-0.020527528299779666,-0.0037124417859267568,0.11033714652733861,0.11046097381758431,0.26892142971002536,0.6687486630774111,-0.9487544672088593,0.24801905040909278,-0.26955240009439463,-0.36461751309746127,-0.3449812999715813,0.0719325528764061,0.004558484531021693,0.04937979649257086,0.4941194140848766
