0,1,2,3,4,5,6,7,8,9,10,11,12,13,14,15,16,17,18,19,20,21,22,23,24,25,26,27,28,29,30,31,32,33,34,35,36,37,38,39,40,41,42,43,44,45,46,47,48,49,50,51,52,53,54,55,56,57,58,59,60,61,62,63,64,65,66,67,68
1.0,0.9195584890383116,0.9199494976850482,0.9079367692916823,0.8832416122337927,0.8612841635751205,0.8807208004078347,0.9046367479827712,0.908348585726756,0.8738186350498132,0.8905111298027811,0.8917944577296242,0.8366933579677155,0.8661595401200158,0.8750642409077591,0.7806698555781907,0.8820228516838875,0.7686479026178656,0.6910337133260078,0.7565424932090768,0.8485712037218612,0.6890760012262649,0.7546719737000339,0.682064393435724,0.8960549310170155,0.8284147489325795,0.9020949564354427,0.9485468288842243,0.9287102410583633,0.8981285587620521,0.8358040504648412,0.7340004567515486,0.9266046181049311,0.9039248662832324,0.9009527833179491,0.8498970069787598,0.8987428353248514,0.8924143027605237,0.83869131183532,0.685973490117106,0.8678226265728567,0.8806886928907081,0.8346829029114925,0.8308521939580054,0.9020889433493383,0.6640367303493281,0.8320337578137551,0.6555157657116941,0.8249070636784023,-0.9040891475657966,0.562322816320319,-0.5689205562769708,-0.5192888807504893,-0.47908627857295905,-0.0351037349576855,-0.11599376902900316,-0.2955660852990699,0.143473148237646,0.5011369055265532,0.8574303548316093,-0.9115207352061434,0.5267601192713907,-0.6093564609359715,-0.5985809276861517,-0.39445968990264296,-0.1679059562007671,-0.2893777551454959,0.24370343962832264,0.48274051107688554
0.9195584890383116,1.0,0.9511493087911818,0.9440600843764555,0.9484877478248318,0.9263120207585104,0.9707802037886096,0.9659163490155128,0.9681433812897378,0.9483912555237167,0.9295876532326944,0.8855374130452535,0.9288839602649953,0.8977835407708536,0.95664228635776,0.8970432139480431,0.9628550830231594,0.9016506892658185,0.8326992030801648,0.8829062610106958,0.8751461415970113,0.8294630472870105,0.8922816759042315,0.8112798100370306,0.9204865718551115,0.9344391655046207,0.9698708657722183,0.9081688488877636,0.9811873213701638,0.9584878674172655,0.9292938493763924,0.8701671023988249,0.9773431018384733,0.9733745389859926,0.9737880083413286,0.9549706231563264,0.9673323918138762,0.9729038862573107,0.9413682601975777,0.8056733208417204,0.9326848432804044,0.9608901291582147,0.9266371503515586,0.9006843827838715,0.9444650990311637,0.7181690488073192,0.9034542610745379,0.7706010697748313,0.8392683911295151,-0.9802783768852944,0.6129588781280999,-0.5820522512439981,-0.6710678031610195,-0.5471875268814521,-0.06137620777214652,-0.0799642223304683,-0.3750402391724462,0.17543424968403748,0.45416029820864734,0.8800259540202384,-0.9821349104693716,0.5453509464845278,-0.6443997029316879,-0.7310338978561004,-0.46899354576782637,-0.15351428052868163,-0.3268347832622621,0.21082268399441914,0.4422610615004743
0.9199494976850482,0.9511493087911818,1.0,0.970409028325853,0.9077920464238268,0.8959972313116725,0.9515367725573154,0.9297188173358937,0.9272583034926419,0.9130167543936845,0.9022682445188285,0.8472679958232501,0.893003331058301,0.8813237462090604,0.9252433361400849,0.8620718817360931,0.9383504269483831,0.8762995161268824,0.8007667038035605,0.8576897277568996,0.8737395822878737,0.8017287420021961,0.8449687783295683,0.7721638457168025,0.8778008410315177,0.9173603676884438,0.9369649765300191,0.9005545794835551,0.9595712052865021,0.9410907187755436,0.9109540416665887,0.8236460997586343,0.93391850927708,0.9413836944541039,0.9478548035050317,0.9272441451671598,0.9444053570161544,0.9369737651491399,0.9094376116272235,0.7839142461651183,0.8933992700150382,0.9109760837239886,0.8866983638127358,0.8481837684536083,0.9224437598686926,0.6467377810077752,0.8829468504113699,0.7376294716607179,0.8057537562137296,-0.9546656438871307,0.5756121142865577,-0.609472322927916,-0.6786923508422519,-0.6111846931619463,-0.05185936569797477,-0.13777579267913945,-0.38827011574184783,0.1232271792337407,0.3891629460447589,0.872215556055669,-0.9574933191300007,0.5115640806321838,-0.6573747674061841,-0.7345905166317505,-0.5242092397891023,-0.18608418652552833,-0.36749790867345494,0.11788888774627233,0.36437785893187263
0.9079367692916823,0.9440600843764555,0.970409028325853,1.0,0.9036952043301673,0.9022889578801638,0.9389817300413065,0.922534326184605,0.9330977763955947,0.9180044575775999,0.8989359414646282,0.8460125936886919,0.917251638216701,0.8715235785573943,0.9113735332096905,0.8780102105734813,0.9217524556538823,0.862776296332898,0.7853587079886672,0.8713337853806444,0.881994432937322,0.825894851110041,0.8465737423207408,0.7839572600963489,0.8631774836036732,0.8817047851386196,0.9294952401509936,0.8744165987579687,0.9439035653039808,0.9299416060161068,0.9110149249142316,0.8118517053113679,0.9233307682479108,0.9358304032384228,0.9474410793992438,0.922377912229407,0.9388360883513888,0.9317998159846628,0.913039782929851,0.8113958498786408,0.8638946505231623,0.8936709846575949,0.8542483990302507,0.8291941760585929,0.913915874463801,0.6310536269557377,0.8737894976184406,0.7605894311106787,0.8031445639469821,-0.948740176869359,0.5536039910795121,-0.6285037472129258,-0.6854929571668695,-0.6328728982222126,-0.0577210159925684,-0.09472623347495496,-0.40485870949906944,0.13002768161131806,0.35570360152726826,0.8599734761146319,-0.9542770008821196,0.49031377692285755,-0.6751873094165339,-0.7510314826789948,-0.5567479133007864,-0.1917132421154495,-0.39817198560150496,0.12558906570388478,0.358788176752754
0.8832416122337927,0.9484877478248318,0.9077920464238268,0.9036952043301673,1.0,0.9430451331324272,0.9356443298593252,0.9181881945910637,0.92521631911077,0.9203609505292893,0.8703884850587209,0.8180139521568184,0.9013522193771706,0.8451143387429246,0.9115279019262837,0.8690057103590928,0.9135096082911579,0.8593874313584488,0.8358325916954812,0.8938580920190015,0.8188964575896261,0.7920819044852966,0.8528346627853303,0.7809058191619427,0.8701670949332385,0.8946540903055629,0.9232382250118565,0.8705939251922101,0.9451398349814253,0.9043383967311738,0.8734302423761886,0.8301877970727392,0.942497007944628,0.9250642862743857,0.9243281477257971,0.9046929216038085,0.9243787035358466,0.932434506069714,0.9033731273475956,0.773290351405993,0.910553892374139,0.9138282514300581,0.8881145457089132,0.865054984231493,0.9087113081588698,0.6906706738773104,0.8521141722962271,0.722064125988102,0.7735763651329014,-0.9327281725430914,0.5750276357179521,-0.5176010164854875,-0.596109147156011,-0.48136712820811806,-0.033604868794254554,-0.05671507935467678,-0.3974579723914533,0.15393526265030674,0.42245087839553136,0.8484489034317295,-0.9380924275425289,0.5146750651820756,-0.5799001841090365,-0.6545663119775756,-0.4230642277307821,-0.14710988246769452,-0.3520117358098935,0.20438483101180327,0.42986781092560367
0.8612841635751205,0.9263120207585104,0.8959972313116725,0.9022889578801638,0.9430451331324272,1.0,0.8983554597688931,0.8847051700350747,0.9065120856016397,0.8918838863160491,0.8258371451526773,0.7662581838130913,0.8927645432766153,0.8028794826917597,0.8675077996904265,0.8446106191952146,0.8668799670269624,0.8416887250800742,0.8775623314712422,0.9194819729468513,0.7827383970918691,0.7674567215942596,0.8449902895229597,0.7759707323224839,0.8028151970721114,0.8510454955900407,0.8873068269812677,0.8441902634710503,0.9190871206830092,0.8491910852112176,0.8357698100546372,0.7865832352899185,0.9029883486190102,0.8948651390578967,0.8976608103718994,0.8647886118928257,0.8983664733216812,0.901495558449309,0.8777018119582021,0.7449571033465905,0.9125813687416782,0.8886817323807022,0.8396319962529758,0.8488008279831105,0.8870072337928931,0.6533810499400772,0.827239869854144,0.7045415641291921,0.7774356889056928,-0.902975717119992,0.5609829796171999,-0.5404461126122025,-0.5837189369796669,-0.4881383844479949,-0.020037885499741306,-0.009618965302534832,-0.4551755228830963,0.17128149951578708,0.3965646361583376,0.8261724944877249,-0.9066633002128915,0.4764356725609968,-0.5699321801784932,-0.6398345303737345,-0.437421985702705,-0.10857155699729053,-0.38337267517681256,0.24072306035193358,0.41387862676112086
0.8807208004078347,0.9707802037886096,0.9515367725573154,0.9389817300413065,0.9356443298593252,0.8983554597688931,1.0,0.9451662749326731,0.9440667578781069,0.9359547741724163,0.906997047430873,0.8375150739042317,0.9099182534428545,0.8781780365619745,0.9506062819897226,0.9049961453572699,0.9749999951885444,0.9248976735727164,0.8418949651512307,0.8850600513143311,0.8576304547215543,0.8530316285936302,0.892631074708838,0.8195739297936748,0.9001669950343597,0.9578827859100665,0.9564372898912795,0.8842037406782477,0.9707052312496394,0.9541839139979034,0.9282689122668986,0.8876156764822325,0.9514890632980215,0.9611389830654801,0.9637714287999184,0.958010082133644,0.9581763750703493,0.9598547787162778,0.9376248632313418,0.8177848811902808,0.9120475626274667,0.9511969014000815,0.9355224236192446,0.8789053178825246,0.9282778429569177,0.7067059050997969,0.8941122970045524,0.7618080025237499,0.8006434710847623,-0.9723493953667017,0.5914549544472806,-0.5665661656246554,-0.6873328283420099,-0.5573600580439595,-0.07284352316480902,-0.08564218162320043,-0.38266709866333937,0.15058646038925194,0.3997088669817284,0.8561572658548168,-0.9707961283012164,0.5310914644466608,-0.6242521525911681,-0.7403797726851673,-0.4654459446882383,-0.1679138355766368,-0.3225224375283655,0.14162229823689462,0.37576334863029365
0.9046367479827712,0.9659163490155128,0.9297188173358937,0.922534326184605,0.9181881945910637,0.8847051700350747,0.9451662749326731,1.0,0.9497506443734509,0.9509300454089575,0.9519029289639137,0.9070254574274521,0.9395294001746181,0.913877639041099,0.9413566098236004,0.8928579003155056,0.9402099956364086,0.8640931484940181,0.780414500293646,0.847988513454307,0.8770987952968458,0.8180044405326481,0.9020308104108793,0.8116396473616523,0.925424690176271,0.9035855856654171,0.9594266408889902,0.889278466983064,0.9564837270782554,0.9539125437680246,0.9150220824788559,0.8511399516224201,0.9682283038139435,0.9636449664183336,0.958580325339614,0.9503749951020799,0.9695953927088544,0.970059711533511,0.9355160232081834,0.8169262506042431,0.90222314852657,0.9483964318005977,0.9154580549774584,0.9277606414814413,0.9501789696560979,0.723553316038619,0.9152864714885226,0.8219896836368874,0.8684878128146891,-0.9693513410335962,0.6442598335300318,-0.5995378555972869,-0.697417991369418,-0.5788633585634102,-0.06629752320284502,-0.18920938768863618,-0.2882704816214534,0.2996050984791271,0.51109195280916,0.8659715722448265,-0.9706361738512367,0.583643081740564,-0.6718932056967665,-0.763074883015877,-0.5040759064012489,-0.15950827538768153,-0.20738538444317856,0.2851837542159039,0.48031032098136606
0.908348585726756,0.9681433812897378,0.9272583034926419,0.9330977763955947,0.92521631911077,0.9065120856016397,0.9440667578781069,0.9497506443734509,1.0,0.9447103300274946,0.923842582223701,0.8734094917763503,0.9247350412335084,0.8980699284259952,0.917161117750966,0.8635765594793329,0.9398972695359284,0.8606022074516805,0.7798848571256121,0.8487474060101139,0.8492871715164844,0.8030095606370071,0.8636675134597852,0.796611177775767,0.8995553623337108,0.8986787704206073,0.9506166967506856,0.8869443283882908,0.9589281195588308,0.931978603258977,0.8985850898931926,0.835204212427168,0.9552110659560289,0.9604210336875434,0.9600774625658961,0.9302450126106261,0.9502612827396852,0.9534531211685836,0.9286607224781971,0.796869678512588,0.9023396859155213,0.9463537822466205,0.8845928374829147,0.8782750606548776,0.9343900350778649,0.7236110724422058,0.8930393836710506,0.7622554827569623,0.8521394343288313,-0.9578342528561984,0.6188843857151956,-0.5988534582618291,-0.6694427106551478,-0.5403510210509882,-0.06601914373735163,-0.05345025177167099,-0.35000735018493034,0.20639487288699984,0.4550159278959679,0.8674101376644929,-0.9637235617658648,0.5515520187676262,-0.6632185903812176,-0.7396553149135736,-0.47425726781151634,-0.17702496134953352,-0.3451820106482484,0.23780200061524667,0.4334726495385858
0.8738186350498132,0.9483912555237167,0.9130167543936845,0.9180044575775999,0.9203609505292893,0.8918838863160491,0.9359547741724163,0.9509300454089575,0.9447103300274946,1.0,0.9044710987929567,0.8588984105211166,0.9183627822189921,0.8886077272503213,0.8936843549988559,0.8779790958369443,0.9332493931385112,0.8516536721440007,0.7739243858690787,0.8722185644751475,0.8675050673306627,0.8065414167610165,0.8871115391656155,0.7988550492601701,0.8613277633348507,0.9045952563381464,0.9279848290598536,0.8832686662296108,0.9387450235803277,0.932477023463362,0.9057308980360445,0.8433496781116223,0.9351252073524585,0.934305270018855,0.9396565211274156,0.9307724045067746,0.935916194736697,0.9377456452141403,0.9236652174522146,0.8196613312366356,0.9080517041960501,0.9387333676200131,0.9097779136492777,0.8846706513049376,0.9298568107014532,0.7120410056626635,0.8668440416805488,0.7856389264866299,0.8159701613545617,-0.9479463982462143,0.6112885799895165,-0.5377970793346832,-0.6613221561681906,-0.5265272922411832,-0.0467448963979268,-0.11200894926601661,-0.34060754728109305,0.2785606064059319,0.4596775845367578,0.8282285996112813,-0.9508829378933431,0.5406435787307533,-0.6134851634388636,-0.7293832393074645,-0.45692152654181495,-0.14263177344912042,-0.28376438317202535,0.23467282156774266,0.4563744564943529
0.8905111298027811,0.9295876532326944,0.9022682445188285,0.8989359414646282,0.8703884850587209,0.8258371451526773,0.906997047430873,0.9519029289639137,0.923842582223701,0.9044710987929567,1.0,0.8911785683988914,0.9080704223455557,0.8937216396117833,0.9110947843993975,0.8616309292936588,0.9068458839407213,0.8122851004539341,0.7165282890065054,0.7569979605600706,0.8569126153835992,0.7998836577386506,0.8617097861310797,0.7802023372238629,0.9417427306574176,0.8562113080289546,0.935413586704821,0.8605831480713336,0.9248008889364892,0.9368635914883376,0.888733110331294,0.811425098391904,0.936360046717721,0.9329279841833771,0.941622538731977,0.9214339313243682,0.9362474125923145,0.9406460547602346,0.9250750360821387,0.8082561417475967,0.8299993507489625,0.898915755111934,0.8676042749302312,0.8626800364316018,0.9076336013885555,0.6747047075014555,0.9066711304439107,0.796260878671725,0.8308436454651982,-0.9330880364532861,0.6143630493737225,-0.5714405465883936,-0.6643243142372518,-0.5464368212244262,-0.10019555273156819,-0.15373143873016273,-0.19067724798355692,0.2567080142982215,0.5232002707973468,0.8502333424881259,-0.940255874451309,0.5604699295355736,-0.652336770915033,-0.734238762155994,-0.47376730455678545,-0.17207718709925734,-0.19239376965096627,0.25542261142732403,0.469877481069082
0.8917944577296242,0.8855374130452535,0.8472679958232501,0.8460125936886919,0.8180139521568184,0.7662581838130913,0.8375150739042317,0.9070254574274521,0.8734094917763503,0.8588984105211166,0.8911785683988914,1.0,0.8493080214489236,0.8854440653673668,0.8712952714267705,0.781490291721428,0.855809898320082,0.7182946627776446,0.6088271573455623,0.707899516059818,0.8679632617003511,0.6926101173253661,0.7853989792819889,0.690182447293776,0.8920206824708766,0.783373850591544,0.8808397046222183,0.8653621247539401,0.8765224428712362,0.8944862980931741,0.8342583791043917,0.7534096707939182,0.9117264215642706,0.8806158523779034,0.8750088337175971,0.8539914536325927,0.8828929284380936,0.8924124599484026,0.8401432667133591,0.7206717746181922,0.8039462913947005,0.8566060003448691,0.8144894257608958,0.8265443277564074,0.8843302339404678,0.6927252765565929,0.8145290605274872,0.734693032645717,0.7871516158694021,-0.8832049891878122,0.5901220842205609,-0.542296460964733,-0.5737411756654303,-0.4907610561403302,-0.07755711408847818,-0.17921390439516657,-0.19389512312335316,0.21857057717674658,0.48065574046314363,0.7734902410231144,-0.8929804424039129,0.5567196516777908,-0.6325968254749121,-0.6514361628362707,-0.44644718798174615,-0.17932591295435266,-0.18985443848442918,0.2554765495296897,0.511968351540725
0.8366933579677155,0.9288839602649953,0.893003331058301,0.917251638216701,0.9013522193771706,0.8927645432766153,0.9099182534428545,0.9395294001746181,0.9247350412335084,0.9183627822189921,0.9080704223455557,0.8493080214489236,1.0,0.8689662181233802,0.9002881177270834,0.8963360165718428,0.8874036028439926,0.8296702855265433,0.7846377085087008,0.8815198569374515,0.8538487642187751,0.8469583403661026,0.8796687357192325,0.8196404381517323,0.8669028108665425,0.8539461596282819,0.93117515390505,0.8060955195992677,0.911712827932544,0.9028220676463885,0.8976339078814466,0.8369423936219602,0.9217189945028642,0.9345658239782502,0.9396851915002632,0.9240044344076518,0.9373862115839856,0.9464632947852969,0.9162689597371327,0.8203921149411624,0.8515948600111076,0.9085276403585814,0.8601281146040256,0.8803368254694854,0.9162189763861252,0.6878731227079168,0.8970882077069499,0.8250420918534311,0.8340298527195962,-0.9357047342331558,0.6406670352741108,-0.6052277346768609,-0.7210127708003318,-0.6091531605938535,-0.1035041373860749,-0.12331354404953213,-0.3454845132871654,0.2867400280930903,0.44029331344924144,0.8149629760235543,-0.9423885668226497,0.570816662301438,-0.6844156504501229,-0.7934311166298493,-0.5601988949676371,-0.16093477774978976,-0.2562986823768945,0.25529863312344,0.4106848636960486
0.8661595401200158,0.8977835407708536,0.8813237462090604,0.8715235785573943,0.8451143387429246,0.8028794826917597,0.8781780365619745,0.913877639041099,0.8980699284259952,0.8886077272503213,0.8937216396117833,0.8854440653673668,0.8689662181233802,1.0,0.8579041278805042,0.7487368880071882,0.8907310026700396,0.7476039273534995,0.6595214937215745,0.7491598465466532,0.8361833543783277,0.7025223019227651,0.7814820313658727,0.7001212220637039,0.8876495555258788,0.8452454528065564,0.9174760375230812,0.8495496561814889,0.8986289163927527,0.8950331511170123,0.8421109602077403,0.7793666983502339,0.906694962218205,0.9277569283587402,0.8997190208642585,0.8718716917871958,0.9080771641739518,0.9184534909363279,0.8550693372376826,0.7130585063605093,0.8213635022619328,0.8947500625543557,0.8385723088660668,0.8321752022038058,0.9049124143455217,0.711943770753122,0.8458508610641605,0.7267924203683855,0.8382056231808757,-0.902661644733522,0.6551650626959522,-0.60003502497521,-0.6514605693634827,-0.5554885661484137,-0.1111493679317014,-0.09805906731824086,-0.19870204210076906,0.2764255208067698,0.5083137429001227,0.8019127623741485,-0.9139250839751705,0.6057515404386334,-0.6722251153417573,-0.7396158535639616,-0.5195098772124122,-0.19913979947154117,-0.2054830186364955,0.21538057759835447,0.3517866432666795
0.8750642409077591,0.95664228635776,0.9252433361400849,0.9113735332096905,0.9115279019262837,0.8675077996904265,0.9506062819897226,0.9413566098236004,0.917161117750966,0.8936843549988559,0.9110947843993975,0.8712952714267705,0.9002881177270834,0.8579041278805042,1.0,0.9048772172032905,0.9389062202809249,0.9140426350852636,0.8171571459561296,0.8572057889799092,0.8689248074708241,0.8530312770852315,0.8915190524569472,0.7809085509362703,0.9319453996409738,0.9061754116652506,0.957689122081939,0.8478962775738403,0.9463968507869007,0.9446667176872756,0.927463868205776,0.8710140208856499,0.9609214978370544,0.9502172879486526,0.9452231658521161,0.9410220968670945,0.9515023408993663,0.9551686982946078,0.9237421103707334,0.7956517941160444,0.8730022566537599,0.9144515164340367,0.9026118778913464,0.870155657523346,0.9055429974388831,0.6810913738880214,0.8781376383193157,0.7784587514055897,0.79232188710696,-0.964322085421931,0.5913001979912568,-0.5989237002449431,-0.7032465609657154,-0.6007340361559838,-0.09491596070191698,-0.15109183980336083,-0.36843013636535055,0.08315808714304994,0.42341805973324365,0.8707438073347531,-0.9594240188935735,0.534646308049699,-0.6495572482362059,-0.7493699824303687,-0.5101321110765786,-0.17467950800123597,-0.29778379835563895,0.13885436351005362,0.39658591895053946
0.7806698555781907,0.8970432139480431,0.8620718817360931,0.8780102105734813,0.8690057103590928,0.8446106191952146,0.9049961453572699,0.8928579003155056,0.8635765594793329,0.8779790958369443,0.8616309292936588,0.781490291721428,0.8963360165718428,0.7487368880071882,0.9048772172032905,1.0,0.8722466752747863,0.8964039130845115,0.8331969098960283,0.8708025329480537,0.8557762071124178,0.9247587837867801,0.9069242223653973,0.8137105423902602,0.8348312527121118,0.8452464495812589,0.8895653252228193,0.7789637118363554,0.875713229727018,0.9094597852686254,0.9060960037554016,0.8457928079031793,0.8849696348170568,0.8764047456315665,0.9019524052824096,0.9214990015624401,0.8936770343825199,0.9034117082713801,0.9055229769064342,0.8640541538537894,0.8161055405369808,0.8587512803416834,0.8653319208658536,0.8132678256599919,0.8442709116913717,0.5740165653991381,0.8430430346637724,0.7961547671292294,0.7092215069170084,-0.914932629481408,0.522964818248498,-0.49764606315119364,-0.6833203295421737,-0.565947131494213,-0.07480227047562836,-0.13808856322667226,-0.3848088171152612,0.1860917827837438,0.34097938317653964,0.7777047273131967,-0.9041680161352894,0.4470105863253805,-0.5448224460081489,-0.7186593286959033,-0.45403689964282756,-0.1643292011664863,-0.23166538858656666,0.16467243670458162,0.39055165404107867
0.8820228516838875,0.9628550830231594,0.9383504269483831,0.9217524556538823,0.9135096082911579,0.8668799670269624,0.9749999951885444,0.9402099956364086,0.9398972695359284,0.9332493931385112,0.9068458839407213,0.855809898320082,0.8874036028439926,0.8907310026700396,0.9389062202809249,0.8722466752747863,1.0,0.9041290941183118,0.8000662300763188,0.8442464498901575,0.8582399555750322,0.8137290728669939,0.8707606672622359,0.7830641438729296,0.9030637878814544,0.9521504605087615,0.9461435571642453,0.8843303169768048,0.9611401924759023,0.9543259241331342,0.9203553882547142,0.8695222932382197,0.9452810394790991,0.9570015745418194,0.9527634969960831,0.9420959730177783,0.9474717216011032,0.9472239599387322,0.9180179238613321,0.7816021304363204,0.8979611562898453,0.9557973907948607,0.9378010932617288,0.8714730319180052,0.9241732470687292,0.7231574975914782,0.8747762274336404,0.7362017360019264,0.7964367879282768,-0.9630306632176905,0.5963499338616908,-0.5711697702816599,-0.6805715068518498,-0.5543413153459472,-0.08193133057032241,-0.0848459215568699,-0.3650761943387103,0.1678799880244107,0.39138489824966644,0.8402505654264277,-0.9641061039611029,0.533207816798716,-0.633436388476742,-0.7387627602800046,-0.47151083057723947,-0.16991120429391496,-0.3163446178612619,0.14576105014995264,0.3768194231968345
0.7686479026178656,0.9016506892658185,0.8762995161268824,0.862776296332898,0.8593874313584488,0.8416887250800742,0.9248976735727164,0.8640931484940181,0.8606022074516805,0.8516536721440007,0.8122851004539341,0.7182946627776446,0.8296702855265433,0.7476039273534995,0.9140426350852636,0.8964039130845115,0.9041290941183118,1.0,0.885278224272824,0.8630045956579381,0.7749103864413012,0.8709231710143983,0.8955397703619827,0.7656902496224265,0.8105405203108867,0.8852549306900394,0.8850694795021024,0.7657566456340252,0.8930090444780493,0.878669398422802,0.8871565082713223,0.8430749855937195,0.87652128967326,0.8842327224138576,0.8936331221858379,0.8976893907717948,0.887540489906732,0.8865448902043412,0.8898769396120088,0.766968889230025,0.8361603547219635,0.858395209638634,0.870003414723766,0.7950703195012003,0.8292284045836645,0.582595246646273,0.8205562202671368,0.7144335241934882,0.7156563536672708,-0.9127695860963979,0.5098809475067911,-0.5439346006253297,-0.6959941529449246,-0.5942564789635965,-0.05004810234245169,-0.09278040679656756,-0.4615399619722098,0.07219834004431541,0.30405106525227044,0.8068553447928359,-0.897821871123299,0.4270499920392531,-0.5761412024156581,-0.7280725675657432,-0.4855380283762358,-0.11273311557027807,-0.3483195953505141,0.09203909619229092,0.3080214192091475
0.6910337133260078,0.8326992030801648,0.8007667038035605,0.7853587079886672,0.8358325916954812,0.8775623314712422,0.8418949651512307,0.780414500293646,0.7798848571256121,0.7739243858690787,0.7165282890065054,0.6088271573455623,0.7846377085087008,0.6595214937215745,0.8171571459561296,0.8331969098960283,0.8000662300763188,0.885278224272824,1.0,0.873895320963093,0.6730728651452725,0.761385678109146,0.841636504986373,0.6926147821727516,0.7071456147562223,0.8099834492189465,0.7952737512599146,0.6860480064420901,0.8185215310762793,0.769575898506093,0.7866408070673552,0.7364504031892373,0.791802618430237,0.7966716970360683,0.8004731830132875,0.7971068007611294,0.8101012042315652,0.8154258511837982,0.800068521117017,0.6776595261705117,0.8142709142520602,0.7986935796079275,0.8091999024998473,0.776098298054954,0.7614195015753442,0.5479336421479185,0.7379236168061966,0.6200234278003383,0.6411009628435413,-0.8193682807004432,0.44704362776723133,-0.44239145451873046,-0.5776365763373551,-0.45336734954964175,-0.01629017972922055,-0.05039040648676089,-0.44583609454006007,0.12110631980027671,0.2698273180807995,0.7165682422203504,-0.8113232614652405,0.35991793413670486,-0.47177907682226183,-0.6032480971900731,-0.3893219508470128,-0.10242579327395399,-0.32936344863387707,0.14886346461279132,0.3024949775920591
0.7565424932090768,0.8829062610106958,0.8576897277568996,0.8713337853806444,0.8938580920190015,0.9194819729468513,0.8850600513143311,0.847988513454307,0.8487474060101139,0.8722185644751475,0.7569979605600706,0.707899516059818,0.8815198569374515,0.7491598465466532,0.8572057889799092,0.8708025329480537,0.8442464498901575,0.8630045956579381,0.873895320963093,1.0,0.8009676913375763,0.8402921827439459,0.8661820732455681,0.7853947976363752,0.7404798596375078,0.8409760253564509,0.8623453345166704,0.7646141822829334,0.8646081278001266,0.8360506911211225,0.8653782836671371,0.8331139215137304,0.8563498573317319,0.8590533922729349,0.871416602502714,0.8689715698715799,0.861001425434436,0.8688647622109041,0.863504614607332,0.7780768935753652,0.8724482205046831,0.8520027309591806,0.8334816038429673,0.8011340305635922,0.8360350033791204,0.5977972764278751,0.7876631339747806,0.7229413855219492,0.709930008538257,-0.8869574857285221,0.5391954237841844,-0.5104512809670065,-0.6593885594611275,-0.551205695661428,-0.03595451110028645,-0.054652905013542884,-0.5054637321228612,0.14223319003280674,0.3021131443988017,0.7630362712215547,-0.8758035932904942,0.4510127202955792,-0.5323029853632001,-0.7000560884402574,-0.4761299307158805,-0.12039888588068724,-0.3622575734168585,0.1381804448640567,0.30714623136311325
0.8485712037218612,0.8751461415970113,0.8737395822878737,0.881994432937322,0.8188964575896261,0.7827383970918691,0.8576304547215543,0.8770987952968458,0.8492871715164844,0.8675050673306627,0.8569126153835992,0.8679632617003511,0.8538487642187751,0.8361833543783277,0.8689248074708241,0.8557762071124178,0.8582399555750322,0.7749103864413012,0.6730728651452725,0.8009676913375763,1.0,0.8407806030546814,0.78764725455928,0.7018288799689304,0.8535144312505355,0.8211714355020976,0.8928032497738673,0.8400933739770863,0.8535185723853358,0.9124332802584738,0.920992953747894,0.8039853154196124,0.8802289118840931,0.8779316706138436,0.8856542753344919,0.8766944240517257,0.8565475916982767,0.866031174129899,0.8356883575320608,0.7841233339205214,0.8021712164713806,0.8491501228523819,0.8491847040618495,0.7589493724399401,0.8396101096418865,0.557976754459625,0.784899728236755,0.7195772917854122,0.7108491088059132,-0.8971295329058232,0.5356763061893965,-0.5087152519142629,-0.6448213930087295,-0.5820509155646337,-0.08752858055363924,-0.09924117092149767,-0.3355063562639551,0.12080914530642103,0.37978044793670224,0.7761021633315967,-0.890021133821618,0.5037087009887072,-0.5681067162827673,-0.7058699632691597,-0.46274121267493196,-0.1638827288029292,-0.21656115947890386,0.12364266577401854,0.33237711251585655
0.6890760012262649,0.8294630472870105,0.8017287420021961,0.825894851110041,0.7920819044852966,0.7674567215942596,0.8530316285936302,0.8180044405326481,0.8030095606370071,0.8065414167610165,0.7998836577386506,0.6926101173253661,0.8469583403661026,0.7025223019227651,0.8530312770852315,0.9247587837867801,0.8137290728669939,0.8709231710143983,0.761385678109146,0.8402921827439459,0.8407806030546814,1.0,0.8623797876524487,0.8046325963582108,0.7840670243648932,0.7909447620595227,0.8508393737808126,0.6987684997992666,0.8064541420255623,0.8506313750052926,0.8952822350069857,0.865057813557431,0.8195605685882685,0.830481388786135,0.8646390651576465,0.8836511130487533,0.8258108008029562,0.841876245454758,0.8762683247465834,0.861158306499586,0.7376504523440265,0.7852769896762503,0.7939062107181825,0.6949961360833762,0.759997304222288,0.4547150058753443,0.8048657615836452,0.7744273033321579,0.63496891726284,-0.8649223781015446,0.5027617646436129,-0.4867096478669877,-0.7129892839125687,-0.6106396720160967,-0.11640017196687757,-0.04678534590467627,-0.4039987014735583,0.09076896353189165,0.282962939564377,0.747194545409997,-0.8442476192500905,0.4437574959599476,-0.5144936412928615,-0.7510285685333735,-0.47010828957994877,-0.13367828039085555,-0.21869688292070408,0.07853291070629953,0.24509449072133432
0.7546719737000339,0.8922816759042315,0.8449687783295683,0.8465737423207408,0.8528346627853303,0.8449902895229597,0.892631074708838,0.9020308104108793,0.8636675134597852,0.8871115391656155,0.8617097861310797,0.7853989792819889,0.8796687357192325,0.7814820313658727,0.8915190524569472,0.9069242223653973,0.8707606672622359,0.8955397703619827,0.841636504986373,0.8661820732455681,0.78764725455928,0.8623797876524487,1.0,0.8158804273612589,0.8198636470497167,0.8295728339179089,0.8811851339338872,0.7575144664831666,0.8717961023093699,0.8757740019453022,0.8620509555779765,0.8304792525955174,0.8836779015590208,0.8771531974333558,0.890974478502178,0.901921286557985,0.8984766818600944,0.9056926652986989,0.9387592601435782,0.8523358495125644,0.8249248217845166,0.8593332013207381,0.8481546396039579,0.8380354973522891,0.8483774836444742,0.6063114344842938,0.8464446684213471,0.8510987389124961,0.7506607913793358,-0.9084623148899624,0.5766085165195469,-0.5266726847558215,-0.6973834711811995,-0.559327550970248,-0.07964672888669724,-0.16562385376911876,-0.3409490666654245,0.2639417393808616,0.40210945918500884,0.7829369314635133,-0.8937741838549149,0.4942453440407167,-0.5600930697667886,-0.7367675540084491,-0.47584870817629266,-0.16305216992809918,-0.21513812181650901,0.23168340198902693,0.4123427295373564
0.682064393435724,0.8112798100370306,0.7721638457168025,0.7839572600963489,0.7809058191619427,0.7759707323224839,0.8195739297936748,0.8116396473616523,0.796611177775767,0.7988550492601701,0.7802023372238629,0.690182447293776,0.8196404381517323,0.7001212220637039,0.7809085509362703,0.8137105423902602,0.7830641438729296,0.7656902496224265,0.6926147821727516,0.7853947976363752,0.7018288799689304,0.8046325963582108,0.8158804273612589,1.0,0.7196235447228428,0.7919175401788401,0.792397863202488,0.722633078306462,0.8074704267963027,0.7959764262605961,0.7741952141431767,0.8897040253716796,0.7895548666016483,0.7951739314859608,0.8228909240449094,0.8878092998855573,0.8081913881478243,0.8165766689400007,0.862757445637339,0.8890417217354405,0.7778536735117213,0.7920353351983018,0.7568679000188331,0.7549770959965393,0.7782243901853916,0.5605255111396469,0.8779877323587997,0.8086492585346695,0.6665491105359377,-0.8150281615778242,0.5304324109465047,-0.44392169911472523,-0.6156266489200377,-0.46697601304059927,-0.028613748823426793,-0.06301375171209811,-0.2880725349621641,0.2431620327013001,0.33896233237944384,0.6912701355394105,-0.8139291836678735,0.479764607814145,-0.497126228140641,-0.6670098783279738,-0.3937280067066062,-0.0769144914521401,-0.19450286412804804,0.18263183336450145,0.3741735519705209
0.8960549310170155,0.9204865718551115,0.8778008410315177,0.8631774836036732,0.8701670949332385,0.8028151970721114,0.9001669950343597,0.925424690176271,0.8995553623337108,0.8613277633348507,0.9417427306574176,0.8920206824708766,0.8669028108665425,0.8876495555258788,0.9319453996409738,0.8348312527121118,0.9030637878814544,0.8105405203108867,0.7071456147562223,0.7404798596375078,0.8535144312505355,0.7840670243648932,0.8198636470497167,0.7196235447228428,1.0,0.853670963702967,0.9416605591476761,0.8573518549834661,0.9154690508424167,0.9276882327384617,0.8777461678898739,0.8036240153748596,0.945125450192957,0.9275231620332389,0.9192595781354189,0.8961858137160891,0.9139316223848366,0.9305503191759388,0.882331546951347,0.7465690048823724,0.8146840294497133,0.8922799817853114,0.8721569636327454,0.8526664646822091,0.893349920439064,0.6820496235701524,0.8670289672790569,0.7360539752612383,0.79853162976512,-0.9231128486731663,0.6031307968188856,-0.5726246492596384,-0.6247264520654044,-0.5192668779051415,-0.13118602209442592,-0.14352607190681524,-0.20450812219021144,0.14813909784171198,0.5155849397288844,0.8525297488894661,-0.9260739453699747,0.5622619576037136,-0.6327135648224194,-0.6886870750727907,-0.4336761043903219,-0.2036702540454999,-0.1712615088411457,0.20509990544677176,0.4249734095320071
0.8284147489325795,0.9344391655046207,0.9173603676884438,0.8817047851386196,0.8946540903055629,0.8510454955900407,0.9578827859100665,0.9035855856654171,0.8986787704206073,0.9045952563381464,0.8562113080289546,0.783373850591544,0.8539461596282819,0.8452454528065564,0.9061754116652506,0.8452464495812589,0.9521504605087615,0.8852549306900394,0.8099834492189465,0.8409760253564509,0.8211714355020976,0.7909447620595227,0.8295728339179089,0.7919175401788401,0.853670963702967,1.0,0.9136735319515649,0.8572895522556487,0.9384121482866207,0.921029877965521,0.9010744459639592,0.8752150307701981,0.9068263784944396,0.9192729660370116,0.9185736795432615,0.9267523923725454,0.9055022639214674,0.9138039144418679,0.8811953094084645,0.7682559574951136,0.9181622990576018,0.940444619621092,0.9492429496478724,0.8603767469733853,0.8881695398505566,0.7075924664274508,0.8565455948290044,0.7055699932594522,0.7509884161035095,-0.9294753714143763,0.55582602487274,-0.4954717707689242,-0.6514611709887174,-0.4957091902534609,-0.040914868641344,-0.08596015348970422,-0.3855359529402227,0.14285729578902107,0.3796394019526195,0.8152551942193744,-0.9315611670299723,0.4970566080813921,-0.5730328597743386,-0.693849852539906,-0.41165659177092606,-0.12078653784526988,-0.3105829387303584,0.11460956278007164,0.3502728166312601
0.9020949564354427,0.9698708657722183,0.9369649765300191,0.9294952401509936,0.9232382250118565,0.8873068269812677,0.9564372898912795,0.9594266408889902,0.9506166967506856,0.9279848290598536,0.935413586704821,0.8808397046222183,0.93117515390505,0.9174760375230812,0.957689122081939,0.8895653252228193,0.9461435571642453,0.8850694795021024,0.7952737512599146,0.8623453345166704,0.8928032497738673,0.8508393737808126,0.8811851339338872,0.792397863202488,0.9416605591476761,0.9136735319515649,1.0,0.8872784488107194,0.9610550254226821,0.9553097712346328,0.9361058202924498,0.8746805979092607,0.9717528187001947,0.9747565866548553,0.9714504501633395,0.9517082367545773,0.9586693265062145,0.971231934944488,0.9340514850455748,0.8048165078827035,0.8935137525014091,0.9419862172143364,0.9106944815412177,0.8819913864012935,0.9347179902512579,0.7081941390622989,0.9034978634653702,0.7876162152042842,0.8491755222297042,-0.9765614752585623,0.6441188961238056,-0.6020846756063217,-0.7020682341545039,-0.6003949775350625,-0.11876482806468422,-0.09278673541571894,-0.3396828112790632,0.17049611570916087,0.49815143501573184,0.8798323968820625,-0.9739538845750476,0.5893584529263185,-0.660636205137536,-0.7721243750230861,-0.506390830567797,-0.18355916856157567,-0.26376178833090125,0.19451738255835424,0.3895871365574544
0.9485468288842243,0.9081688488877636,0.9005545794835551,0.8744165987579687,0.8705939251922101,0.8441902634710503,0.8842037406782477,0.889278466983064,0.8869443283882908,0.8832686662296108,0.8605831480713336,0.8653621247539401,0.8060955195992677,0.8495496561814889,0.8478962775738403,0.7789637118363554,0.8843303169768048,0.7657566456340252,0.6860480064420901,0.7646141822829334,0.8400933739770863,0.6987684997992666,0.7575144664831666,0.722633078306462,0.8573518549834661,0.8572895522556487,0.8872784488107194,1.0,0.9260866283478301,0.9002630914716384,0.8389541140204368,0.7907290328257962,0.9107548022948627,0.8798853751045794,0.8903448661267817,0.8638174968998119,0.8761589221061638,0.8767209748943972,0.8383822052272177,0.706644779867054,0.9064526012193591,0.8833611659558719,0.8594777784289624,0.8167049109405918,0.8868154439148692,0.665356615882828,0.8325709153039306,0.6396764887459888,0.7798408592345349,-0.8926390753401284,0.5408812108366443,-0.4728176466655318,-0.48156841229645553,-0.41221040197750913,-0.035048762408014994,-0.08380454329842373,-0.2905200613666397,0.16077713477857447,0.5145394705553092,0.8026221292167719,-0.8945101669058805,0.5280308940266403,-0.5202423702258662,-0.5612987304416192,-0.30946389375813715,-0.1293618527567471,-0.2340662682227436,0.220267892215013,0.49902611576743516
0.9287102410583633,0.9811873213701638,0.9595712052865021,0.9439035653039808,0.9451398349814253,0.9190871206830092,0.9707052312496394,0.9564837270782554,0.9589281195588308,0.9387450235803277,0.9248008889364892,0.8765224428712362,0.911712827932544,0.8986289163927527,0.9463968507869007,0.875713229727018,0.9611401924759023,0.8930090444780493,0.8185215310762793,0.8646081278001266,0.8535185723853358,0.8064541420255623,0.8717961023093699,0.8074704267963027,0.9154690508424167,0.9384121482866207,0.9610550254226821,0.9260866283478301,1.0,0.9532332500260067,0.9165130444373674,0.8660566799020483,0.9703869787227286,0.964257011893561,0.9677982541343456,0.9480699345676092,0.9631535306720196,0.9671756327708573,0.9345440572473932,0.7885099400377048,0.9321809561908367,0.9516187187011298,0.9214257106789243,0.8921169052414887,0.9452000962262157,0.7175694869417555,0.9086402895292333,0.7470405690380374,0.8351429381518829,-0.9718290400116868,0.6005529013501009,-0.5737912711682442,-0.6436112269043966,-0.5331189635842364,-0.054828912765835756,-0.09974511955440384,-0.35865371872632873,0.16502155442129623,0.4592691909761031,0.8748548091503289,-0.9746689668273836,0.5444279508019073,-0.6322229634565997,-0.7082810500415138,-0.4571386367329402,-0.15504014259469168,-0.32663040172650815,0.19229940996541348,0.4451475715004005
0.8981285587620521,0.9584878674172655,0.9410907187755436,0.9299416060161068,0.9043383967311738,0.8491910852112176,0.9541839139979034,0.9539125437680246,0.931978603258977,0.932477023463362,0.9368635914883376,0.8944862980931741,0.9028220676463885,0.8950331511170123,0.9446667176872756,0.9094597852686254,0.9543259241331342,0.878669398422802,0.769575898506093,0.8360506911211225,0.9124332802584738,0.8506313750052926,0.8757740019453022,0.7959764262605961,0.9276882327384617,0.921029877965521,0.9553097712346328,0.9002630914716384,0.9532332500260067,1.0,0.9472507079251773,0.8686232127424118,0.9548858539090088,0.9537640065882967,0.9607504586606855,0.960629611368378,0.9465037416122754,0.9532905305481519,0.9307641951230614,0.8332208972203188,0.8815170175267195,0.9316727966840626,0.923141713043554,0.8589112818848951,0.9180416465893748,0.6733232980369324,0.893518464552944,0.7823613355584559,0.7977492970780428,-0.9695025854645816,0.586074143346768,-0.5552637221588156,-0.6910999030582945,-0.5760954399240007,-0.07960467479038864,-0.15346866484003954,-0.32001418543730775,0.17665078747762333,0.4233503504479521,0.8399715427404187,-0.9684181654637778,0.5257859308849684,-0.6288591005508865,-0.7467370206257995,-0.4863964568130354,-0.1697711472338559,-0.2661478211430819,0.13603171622286606,0.4012191769650728
