0,1,2,3,4,5,6,7,8,9,10,11,12,13,14,15,16,17,18,19,20,21,22,23,24,25,26,27,28,29,30,31,32,33,34,35,36,37,38,39,40,41,42,43,44,45,46,47,48,49,50,51,52,53,54,55,56,57,58,59,60,61,62,63,64,65,66,67,68
1.0,0.9545424803639484,0.9408862441949026,0.954869567206544,0.8642604214922357,0.9037215565750994,0.8330202103256295,0.9411769249887117,0.9235385897492289,0.86652257456911,0.9167968906784849,0.8601626121426327,0.8915689860097232,0.9211734524334972,0.9425947498005767,0.8830435242007335,0.7656411480032838,0.6393125424208106,0.7642907247081622,0.8907229993749874,0.8928775159777977,0.8041396592676632,0.805886420671671,0.6043596842785479,0.8813356729936244,0.8447719482328475,0.9380567512044238,0.9380293861193783,0.9477768900949161,0.9490837571524156,0.8968923021538578,0.4199300082832246,0.9457387949603284,0.9468556936391314,0.9438848072697862,0.8823062889970652,0.9300137949644937,0.942504440769815,0.9063160585511095,0.6865327862326881,0.8754211196593749,0.8812626867023327,0.7776801904417564,0.837538869745359,0.8968149431689221,0.6974450948741389,0.7940134868172863,0.5184497453229485,0.7628133149342398,-0.9571993155079135,0.6409821789795057,-0.276065116413191,-0.3174667552941359,-0.387847239955438,-0.07891994186528431,-0.2848200430046869,-0.5486738772568337,0.023349601684111092,-0.13092564022137432,0.8089251014231365,-0.9564040282090445,0.5490773891153086,-0.14739720795309275,-0.35983479832871745,-0.16909583222044472,-0.2728679629663312,-0.5568268638327011,-0.19904816930084365,0.07250039435442475
0.9545424803639484,1.0,0.9447675418159037,0.9317720344086475,0.8757784658259039,0.9170717101293129,0.8809777400043476,0.9679992967170348,0.9435368363675637,0.9083490513509402,0.9403803568174397,0.8354388669645044,0.9169154373656418,0.9291114509065997,0.951905842528625,0.902190436966356,0.8090597186489152,0.6701714481919876,0.8405170924434128,0.9016957184408916,0.8647699132088164,0.7811707045411357,0.8459377786029089,0.6415586177478725,0.9032898939632868,0.901683453293397,0.9591786823101223,0.9274515551681495,0.9734037850533976,0.9515151093043699,0.8915376243877057,0.4629921803609566,0.9676569570332424,0.9672612208546314,0.9639326450074063,0.9107016424014497,0.9536989290855085,0.9709161919050426,0.9357686388258032,0.6887328075165493,0.9226944786570692,0.9408970682559378,0.8407021370667376,0.885511309006525,0.9163446896347837,0.7382179233942698,0.8299694422391596,0.5308367422960254,0.7882573340675124,-0.9758585034074134,0.6435177850912974,-0.2836467732678258,-0.3785075832422154,-0.38478187539727066,-0.09605724765641997,-0.2823531173673238,-0.5177767452717065,0.06194309283394731,-0.11270519475763623,0.8116024976877488,-0.9738667476542199,0.5358684861593167,-0.1694293705759996,-0.4208535560290917,-0.17992972226558215,-0.26755209825477155,-0.5364226042592606,-0.17162517225661517,0.07869492017522278
0.9408862441949026,0.9447675418159037,1.0,0.9385536667435883,0.8921497183774849,0.8960607798238074,0.9056451694624238,0.9390495287667758,0.9041786354267789,0.8723659810585659,0.930790495644662,0.7917635750457201,0.8612904125148351,0.9318745020561948,0.920035780651757,0.8746486692428023,0.8368518322255931,0.7328270273751665,0.7896173262207484,0.8795788821017264,0.8569796731359015,0.7900880908254663,0.7714380836840036,0.5740234077969515,0.8664652916242843,0.9036905446437217,0.9277248940353258,0.8992262382052585,0.9434743404781681,0.9080203014750009,0.8488850740640157,0.4342575729406476,0.9305456338274274,0.941280271362544,0.9380350144634111,0.8494388789073254,0.9275310040248603,0.9404932847967096,0.9067409574625236,0.5865622504534959,0.8830846777506348,0.8881000718523239,0.805948865184219,0.7975402094837843,0.8670738457217337,0.6469617350041693,0.7863161467475859,0.4224036778812285,0.8256575328130289,-0.9449648787688028,0.6202538509224624,-0.36976419026547996,-0.3673676763486758,-0.39612065635765326,-0.1346845684283138,-0.338374038147256,-0.5611751266534736,0.021735067952563428,-0.17758669645903377,0.8649701323650604,-0.9454620677238669,0.5118740195477116,-0.2763646499417382,-0.4044650205073508,-0.1952417249618599,-0.3298389644315634,-0.5756429572570154,-0.20772837326425952,0.09494500708730079
0.954869567206544,0.9317720344086475,0.9385536667435883,1.0,0.8574606885368398,0.9293284587083931,0.8295375799412948,0.921581091607922,0.901377369566934,0.8462455490810881,0.8892126106254884,0.8601179654394424,0.9083241169959436,0.8942844847723523,0.9174968830927915,0.897996799070964,0.7443867499715168,0.6454525236604125,0.7705494796279656,0.9122083935400861,0.893141204046856,0.8532255120945698,0.8200812598744684,0.5755030783068813,0.8555265290170202,0.8407711331541043,0.9152439791109771,0.8842174061711003,0.916348104772102,0.9173454171325189,0.8795540578386919,0.35553571180471477,0.9333874808556584,0.9257804639473985,0.9287444096281694,0.8527411365704387,0.9107384605907769,0.931312199239969,0.9155820146533946,0.7094003155555456,0.8633890468802016,0.8413489684210537,0.7364233567936181,0.8212343361012612,0.8777157179002405,0.6731686580780553,0.7845261281113488,0.507504847643554,0.734643996447386,-0.9430213522892715,0.635600972315594,-0.2730868278906753,-0.2922486339081475,-0.3816713617406423,-0.07272301394695345,-0.2887152782299952,-0.5503242039483479,0.016907292740808294,-0.18860419186662714,0.7955868129140333,-0.9365982447456613,0.529247400593353,-0.12661839129513203,-0.3340808756071773,-0.16809298809283366,-0.2779665768553567,-0.57757395547927,-0.2044279694981903,0.01812040962770984
0.8642604214922357,0.8757784658259039,0.8921497183774849,0.8574606885368398,1.0,0.8586735243690055,0.857254588256083,0.8701939545361422,0.8474146120295445,0.8867289311866194,0.8855794070316801,0.7914685080712325,0.8251393510951568,0.8829236815325373,0.8435601512560675,0.8061760415620306,0.8119067954101126,0.6318691117140462,0.7248150531121322,0.8108030979598027,0.8200369087420539,0.6882957575833946,0.7452226458391237,0.5455548299993941,0.8094454414341749,0.8505135074103748,0.8422854328173413,0.8149471423719648,0.8721110392454141,0.8486554103405828,0.7301158846826361,0.40502667973847606,0.8740250980263168,0.8641011916485659,0.8464303492324751,0.7854656620772539,0.8509894242588072,0.8804403970639885,0.8738667318124544,0.5557682641310713,0.8222289135909607,0.8452657058641742,0.7887304252882952,0.7262507189109971,0.797984177099602,0.565212319261995,0.7848548219140153,0.41521544615633194,0.6989582601590364,-0.8625827268296608,0.5496046934645563,-0.2661663743377957,-0.2449846548297044,-0.2972714181203686,-0.1259999697844688,-0.34962745525606403,-0.4984663923213802,0.07459769787667622,-0.1317034530306294,0.7672845918574314,-0.8745011443257931,0.4961202841270573,-0.22008416784965723,-0.29831430982731877,-0.1556985018258714,-0.3075633930823316,-0.47836272696423265,-0.09776875445490074,0.058044795001555474
0.9037215565750994,0.9170717101293129,0.8960607798238074,0.9293284587083931,0.8586735243690055,1.0,0.8267836680193883,0.8960945532932071,0.8748463534164327,0.8501948618134839,0.8557619077254256,0.80182344034113,0.9220573514177356,0.8742783699477418,0.896681276168942,0.8727925749650195,0.7315280926375871,0.6242369744075268,0.8197094737360047,0.9266982695869055,0.8325803483690619,0.7820494310638001,0.8101073568212305,0.5550364240910811,0.8105823505537884,0.8467378379248617,0.8886115752096928,0.8439587229925953,0.8975278343326788,0.8788810391614527,0.822133986848001,0.3510829847383825,0.9100461601423716,0.9041451080431766,0.8861444287188281,0.812780542795486,0.8957433620871252,0.9074609880111223,0.8869080545555277,0.6548197284514398,0.8936119560737132,0.8530234914588748,0.760806589662903,0.8173683665777717,0.8469214568617158,0.675112643100937,0.7538129782419402,0.45456932403486033,0.7189800324688375,-0.9150678243548546,0.6203774873112825,-0.23194830789225726,-0.2792806723471164,-0.33503162564172934,-0.06715944828625364,-0.3042964412238748,-0.5314157225672111,0.05460852808759667,-0.1325004871582645,0.7591310814926777,-0.9072194823359686,0.5486582209898919,-0.10206427823143469,-0.31910279721076523,-0.12855341615892546,-0.2356600302592815,-0.5544121631155504,-0.15896929740356644,0.04260796379654609
0.8330202103256295,0.8809777400043476,0.9056451694624238,0.8295375799412948,0.857254588256083,0.8267836680193883,1.0,0.86650695669359,0.8585882782105463,0.8612393976017314,0.8888042688320986,0.6594794672460441,0.7978808291867379,0.8756643918293344,0.8360652196975408,0.7868875894293768,0.9548510060635749,0.806911954235084,0.7848403247614428,0.7932804499856787,0.7118660522834855,0.7150839057150661,0.7008749391016478,0.5572214407570776,0.8322299351056607,0.9468766390141689,0.8461634186829253,0.7761024133133009,0.886224467226348,0.8027601797528402,0.710374622441084,0.5038015246122154,0.8455509159154787,0.8746548504800121,0.8496204317659101,0.7765227375499824,0.8636675698718069,0.8789770272189477,0.8511133679654135,0.4638188341153818,0.8292755625153093,0.8958135977238372,0.8653009569520363,0.7048684455018771,0.7934472076015963,0.5755906817880077,0.7423016559611163,0.319100989692004,0.7789612333435616,-0.854823592514458,0.5624467131068018,-0.38219945504410535,-0.33599791858966344,-0.2835064189341571,-0.21728387901066634,-0.3941757586445093,-0.48023695858601195,0.08443311109185805,-0.19034403225316354,0.8322774936889673,-0.8727464300099412,0.471495305000749,-0.39859904749152925,-0.39010822223216396,-0.16217446873945293,-0.3569489135871835,-0.47317562889111586,-0.12258471625796089,0.12195224047184475
0.9411769249887117,0.9679992967170348,0.9390495287667758,0.921581091607922,0.8701939545361422,0.8960945532932071,0.86650695669359,1.0,0.9343913631487862,0.9090181397878017,0.9490194027251369,0.8475669606875788,0.9054910469817437,0.9418147226798793,0.957289270462232,0.913609993718993,0.7942117984969498,0.6626991538814921,0.79158678817043,0.8670373126311457,0.8528716169300555,0.7538802897690267,0.8487637236181373,0.6083471604703996,0.9221007971862211,0.8843378398197035,0.9761512716708093,0.9040206911089023,0.9493594373520408,0.946477821657874,0.8705437965584679,0.43105457544469516,0.9736066011161797,0.9769151875546886,0.9698253644784269,0.90066310674654,0.9626407665414664,0.9715402737212354,0.9279638931907361,0.6786464259294638,0.8845587071093429,0.9097919161248251,0.811004069601132,0.8874939275419829,0.9048138906615093,0.7045588475204343,0.8301771891015837,0.5272830714687068,0.8138575265171158,-0.9752973718910368,0.6476656589319574,-0.3553227671885358,-0.4419819776930674,-0.4360241027330454,-0.10813072993661454,-0.25959663777331193,-0.48770310615416973,0.11368906152981749,-0.04917977164394643,0.8269595699565133,-0.977513881414777,0.5330612551598427,-0.23068111884723666,-0.4763482031964981,-0.26200030185917755,-0.30794117523136844,-0.4981327151308543,-0.14810154015532737,0.12947449113135637
0.9235385897492289,0.9435368363675637,0.9041786354267789,0.901377369566934,0.8474146120295445,0.8748463534164327,0.8585882782105463,0.9343913631487862,1.0,0.9098662247071175,0.9009823006811551,0.8414926470867965,0.8969578659609777,0.8888152826372174,0.9161050063452987,0.8738561771081192,0.7986012548651473,0.6288306434740041,0.7836889966524385,0.8584192599482984,0.8449433595283067,0.754886681962675,0.8164548229964587,0.5741461776618253,0.8900479036871549,0.8673125606139758,0.9210325217788438,0.8771962980440927,0.9238776056810514,0.9216429715026891,0.8517919097127998,0.45092730203651565,0.9344772020026764,0.9296298430362573,0.9289250823842378,0.8668701862578997,0.9151638016622945,0.9344795332788128,0.9129996510797147,0.6756300476670508,0.8738054735297212,0.9118053743208789,0.7997911564194005,0.8424763801006154,0.8713235950312753,0.6905759641343915,0.8031223324766518,0.49937558903887513,0.7233116096401941,-0.9375771440116575,0.658968923806292,-0.3076152877118896,-0.3485778940498698,-0.3575505525250234,-0.12849339011906666,-0.30070969204673254,-0.4880177396569657,0.06064192152148772,-0.14944810914416595,0.7793914345661074,-0.9413440845388774,0.5511323604577437,-0.2070683727605864,-0.3806262763346015,-0.16337572430080485,-0.30267933064614494,-0.47616392003270935,-0.13054357489780624,0.038862570896509706
0.86652257456911,0.9083490513509402,0.8723659810585659,0.8462455490810881,0.8867289311866194,0.8501948618134839,0.8612393976017314,0.9090181397878017,0.9098662247071175,1.0,0.9086327115719851,0.796234561725282,0.8594052348836985,0.8844921919990393,0.8647631284658979,0.8187335649969322,0.8190940072859771,0.6276327260089364,0.7533890427816509,0.8250165090610792,0.8295450320446884,0.6730048060743605,0.7994190548479146,0.5739204413000923,0.8557561175016959,0.8778587173358358,0.8809105950810073,0.8279196137006387,0.8903074296666734,0.869333429657651,0.7708163313841011,0.44794937373997706,0.9023125366514173,0.8947558423710015,0.8809861019334958,0.8318570500745791,0.8864366835295266,0.9088882262012197,0.8953204204159275,0.6115697914705367,0.8611200645784808,0.8941865020961054,0.7992137093598454,0.8082191708032763,0.8477519577904429,0.6609020054393152,0.8024164229726097,0.4609040327999151,0.7214367972466131,-0.8942299729223258,0.5935582850446233,-0.3057351297938015,-0.3342898968939461,-0.3123647544144764,-0.14165459886384268,-0.31241109075234563,-0.454282246979387,0.1168089659014052,-0.08807076238373582,0.7572349500531348,-0.9015833782701357,0.4863434963091714,-0.24849878923235288,-0.3713603381477148,-0.1752869267906364,-0.30430714533323194,-0.4264436571575379,-0.10681613529129595,0.08092007498603754
0.9167968906784849,0.9403803568174397,0.930790495644662,0.8892126106254884,0.8855794070316801,0.8557619077254256,0.8888042688320986,0.9490194027251369,0.9009823006811551,0.9086327115719851,1.0,0.7964001547142447,0.8568360929034218,0.9208358542233264,0.9204772937974506,0.8807310137511737,0.8332420152519918,0.6923703949710838,0.7645002242664252,0.8241696274166116,0.8265234646575342,0.7492235694382878,0.8033725831452743,0.6050454932244659,0.902145240836557,0.8871143423621565,0.9357513664793583,0.8838548645444569,0.9363763253927315,0.9107196815824112,0.8455600728371367,0.4535350408648138,0.9281974244565547,0.9406646561130144,0.9366978804875431,0.8732752889907389,0.9279056568960441,0.9472702532968783,0.914763663942455,0.6112295440658179,0.851979451238856,0.8908068239007665,0.819023428794832,0.8174288713421933,0.8644920893882156,0.656871767140328,0.8163294983951414,0.4815671589852946,0.8071754442551753,-0.940156744647299,0.6092633420810096,-0.3647897123187397,-0.396876180732872,-0.4140800236298986,-0.12079702885629943,-0.3137128556893162,-0.4781147349464633,0.10144514527356631,-0.09250324019538461,0.8321162272447513,-0.9439328308411372,0.5046915183056596,-0.28184546255005266,-0.45197088253452555,-0.2538578412288589,-0.312575483893091,-0.5009634753538749,-0.15416842583133114,0.13678964042703473
0.8601626121426327,0.8354388669645044,0.7917635750457201,0.8601179654394424,0.7914685080712325,0.80182344034113,0.6594794672460441,0.8475669606875788,0.8414926470867965,0.796234561725282,0.7964001547142447,1.0,0.8627338724816574,0.7925923078315328,0.8632175275251301,0.8421918497078688,0.5840128817725792,0.3702468297277681,0.6085526577106976,0.7761003636858316,0.8945364416042701,0.646915079776383,0.7677057997787947,0.5360460508440684,0.8121806692660427,0.6843545350195274,0.843037075205238,0.7996485624252212,0.8070544340837862,0.9018447674114527,0.7796916538583045,0.2942137431914922,0.8708378509761578,0.8316211207463735,0.8423624951361056,0.8050365623244379,0.8031585831038012,0.8377614158038541,0.8157975282236649,0.7185294263098065,0.7304717220287105,0.7559126010934043,0.6388265363489208,0.8002268183871334,0.810254734743518,0.651005727508949,0.7771547780689919,0.5417862006591627,0.5547854250521022,-0.8560212603529262,0.5990454265454943,-0.16775254396681114,-0.2509728354813049,-0.38793741750096566,-0.01932011108361334,-0.2463407647661157,-0.4082380199490119,0.03983352406479958,-0.11123426321507524,0.5995133317607488,-0.857575146458033,0.5571726719672007,0.014398932749747694,-0.2814433669978932,-0.19511947350421335,-0.24926815345640277,-0.42094258364826886,-0.14248332518673615,-0.07373103663994535
0.8915689860097232,0.9169154373656418,0.8612904125148351,0.9083241169959436,0.8251393510951568,0.9220573514177356,0.7978808291867379,0.9054910469817437,0.8969578659609777,0.8594052348836985,0.8568360929034218,0.8627338724816574,1.0,0.8637772197055917,0.9074067981824685,0.9041536884038163,0.7180392245513778,0.554043251134913,0.7733847596296057,0.8731528102056882,0.8319612607627812,0.7470028667661235,0.8277276416152183,0.5936938696282749,0.8634293996619044,0.813407951790307,0.9002275659767447,0.8339384639296787,0.894008813687375,0.9100738651151664,0.8243826026871401,0.36546488627137247,0.9222598035341476,0.9040593187437811,0.8997088762784814,0.8576256759987051,0.899512897513288,0.9141890516295205,0.8869756238557552,0.6927938898698902,0.8488020901698881,0.8584043152248608,0.759202455343667,0.8518444513805321,0.8785832104671084,0.7203094458459111,0.8228564499415066,0.507467937334891,0.6777710881268042,-0.9167427339145032,0.6151347485631317,-0.1993295178879899,-0.2785217670498208,-0.3323352751614449,-0.06311280706415287,-0.24676250785702128,-0.4642875399183966,0.06301402974129874,-0.08043259672720299,0.6963577955959993,-0.9146576715061155,0.5295949114907693,-0.05341255084087752,-0.31529494987619416,-0.14245865868118823,-0.21642716876188448,-0.46510377677942294,-0.1237079855856258,0.015121078902676844
0.9211734524334972,0.9291114509065997,0.9318745020561948,0.8942844847723523,0.8829236815325373,0.8742783699477418,0.8756643918293344,0.9418147226798793,0.8888152826372174,0.8844921919990393,0.9208358542233264,0.7925923078315328,0.8637772197055917,1.0,0.919931353946597,0.8484089983550943,0.8209968126389902,0.6837657603590629,0.745098750947199,0.8324991509795314,0.8277653949634429,0.7099068849975619,0.7774962289809743,0.5778516987320393,0.8799882068965302,0.8793568364920652,0.9371770387677689,0.8773107178333026,0.9222096950412174,0.9026813197022463,0.7967907677789293,0.4257190549407338,0.9293319547166167,0.9479071949649359,0.917444359373816,0.8426814249925426,0.9479142461219711,0.9344042464569657,0.8860845211696945,0.5588497095612769,0.8512764644805526,0.8765356770188465,0.8043797116241599,0.7933961051208549,0.8620933042643897,0.6349274324459362,0.8010560843677212,0.4390105408938097,0.8335430947691738,-0.9288003369349423,0.583529993038155,-0.35179202431173173,-0.40143363382712194,-0.35974190861024097,-0.1301873284644929,-0.24989986745059306,-0.48885757560843596,0.1062557186716359,0.0036785624117936875,0.8370809085212052,-0.9387358567336198,0.4990922516593339,-0.283752974526873,-0.4259993703175299,-0.2234857389772919,-0.3070564002345616,-0.46753644154573987,-0.11182346985274973,0.20621428312417756
0.9425947498005767,0.951905842528625,0.920035780651757,0.9174968830927915,0.8435601512560675,0.896681276168942,0.8360652196975408,0.957289270462232,0.9161050063452987,0.8647631284658979,0.9204772937974506,0.8632175275251301,0.9074067981824685,0.919931353946597,1.0,0.9103648175106798,0.7560272531900012,0.6242232000614938,0.7751180674582918,0.8653856624579633,0.8483949966566949,0.7461584658862596,0.8407098685327403,0.5908949941566196,0.8970012793980329,0.85390065283748,0.9620830287985543,0.8951957108045665,0.9370472167337575,0.9511593762004797,0.8770099112442521,0.41114355290089183,0.9518940787367277,0.9617885345184755,0.9424860698798793,0.8833807837659674,0.9423873009488627,0.9477174708254406,0.8960293330013303,0.6739502591885932,0.8568054507801135,0.8898109413653069,0.7973050416618495,0.858988676787432,0.8998731557346789,0.7281553935289268,0.8245049512917177,0.5329953701947776,0.7808333359007851,-0.9628831380965712,0.6524754729163598,-0.29635912041872026,-0.3986123265056986,-0.4317633747206221,-0.09737980210492538,-0.3107001515129496,-0.484695756381524,0.05728416305899446,-0.045766600061371135,0.7951210226730844,-0.9646673327959511,0.5717833718230457,-0.1609759854600227,-0.43341892702901014,-0.24680429723642766,-0.27199333308527507,-0.5347936021590736,-0.14292975568852054,0.10923586640412646
0.8830435242007335,0.902190436966356,0.8746486692428023,0.897996799070964,0.8061760415620306,0.8727925749650195,0.7868875894293768,0.913609993718993,0.8738561771081192,0.8187335649969322,0.8807310137511737,0.8421918497078688,0.9041536884038163,0.8484089983550943,0.9103648175106798,1.0,0.7042813933008611,0.5863812349442363,0.7405414247301803,0.8249009801445311,0.7983822117733171,0.7781613362952629,0.8304452579336524,0.5697778356740357,0.8704985166118341,0.8008298819625203,0.9175241212006038,0.8391138347991067,0.8758599900642321,0.9002519601184171,0.8459890988615808,0.3633857106325529,0.9131093149204814,0.9089512966661817,0.9192322939274263,0.8577648918378006,0.8934931645672165,0.9162822905616617,0.8808638240053814,0.7138728633178677,0.8013441435655272,0.8289222444414311,0.7227464091013901,0.8190100406437203,0.8474093848953481,0.6532115534748069,0.7997955536467464,0.5501915994854231,0.6999435064203435,-0.9191769871625527,0.646208225946086,-0.31912853147058096,-0.3707408206646625,-0.42546012480031625,-0.06952588956844431,-0.2652698618046725,-0.43811545044903727,0.056595978223913095,-0.1056642763116644,0.7537566246212418,-0.9227783737782772,0.5491641055529681,-0.1489298222646668,-0.42970248161932917,-0.2650257253965328,-0.2605502360582971,-0.5050233879874871,-0.17068332460592242,0.040275100033053915
0.7656411480032838,0.8090597186489152,0.8368518322255931,0.7443867499715168,0.8119067954101126,0.7315280926375871,0.9548510060635749,0.7942117984969498,0.7986012548651473,0.8190940072859771,0.8332420152519918,0.5840128817725792,0.7180392245513778,0.8209968126389902,0.7560272531900012,0.7042813933008611,1.0,0.8068894583771313,0.6994188522148423,0.695673525244967,0.6394543827310111,0.6486561323333343,0.6194802458012696,0.5171825130817651,0.7816444799556124,0.9047562645085317,0.769329960147094,0.7041387674127138,0.8217478680224245,0.7266251639099054,0.6216732640225685,0.5260104287888343,0.7645092638715942,0.8017619187706652,0.7752445053256247,0.7099935449279151,0.7940536438491405,0.8058296251145343,0.77951226680467,0.3875543161016305,0.7419802935099657,0.8556208588015473,0.8559399806883928,0.6161885371351143,0.7340772760644442,0.500535045536123,0.6958961777316507,0.26207911201731465,0.7186699130964348,-0.7726457584221637,0.5023579915371534,-0.38172762561442025,-0.3225063610213892,-0.2505150930265033,-0.22051937007784966,-0.3732960670953026,-0.4331905289250196,0.07637382369461665,-0.19401381739425186,0.7900734157622092,-0.8011620833428118,0.41659575933904436,-0.45613291029414876,-0.3835837543058396,-0.1687703565265557,-0.3609787426631402,-0.39391470353400765,-0.09076222373091758,0.12520294385087002
0.6393125424208106,0.6701714481919876,0.7328270273751665,0.6454525236604125,0.6318691117140462,0.6242369744075268,0.806911954235084,0.6626991538814921,0.6288306434740041,0.6276327260089364,0.6923703949710838,0.3702468297277681,0.554043251134913,0.6837657603590629,0.6242232000614938,0.5863812349442363,0.8068894583771313,1.0,0.7005219271613559,0.6305784864433862,0.4366401216037248,0.6709153956187033,0.6086069774976088,0.38033802131413025,0.6044903140693699,0.7627083980177422,0.6450666986754229,0.5626465162612707,0.6935268353211128,0.5517004664088416,0.548116269839488,0.35478598972475966,0.6201194927058575,0.6811646223815309,0.6490725647819641,0.560095001512917,0.6801083785962753,0.6697328188541163,0.6692318754092652,0.2930956020261825,0.6368594469671425,0.6715682127777506,0.6705657673181945,0.4917151005806232,0.5864719533215145,0.34787962110266574,0.5029651092899211,0.244227580929049,0.6802126595751783,-0.6521772952111639,0.397127849187142,-0.42205701292572967,-0.3537032825570567,-0.3011900846452218,-0.16361733636406953,-0.3013763957078822,-0.42383603783733365,-0.016799270285512525,-0.1780001184851473,0.7364836552017563,-0.6613014790339503,0.2687301855989056,-0.4791952771914442,-0.3933674891273349,-0.19757488494140557,-0.3099559766357278,-0.3943237181692891,-0.14258308525835955,0.14931898214268308
0.7642907247081622,0.8405170924434128,0.7896173262207484,0.7705494796279656,0.7248150531121322,0.8197094737360047,0.7848403247614428,0.79158678817043,0.7836889966524385,0.7533890427816509,0.7645002242664252,0.6085526577106976,0.7733847596296057,0.745098750947199,0.7751180674582918,0.7405414247301803,0.6994188522148423,0.7005219271613559,1.0,0.828877842609495,0.6713235942540593,0.7103008499925841,0.7707954674934633,0.4646996064077324,0.7083583071604181,0.7977889917297664,0.7734342916580241,0.7282216770740382,0.8218341432151872,0.760048319605778,0.758893963894085,0.3384056135088832,0.7906201198581568,0.7928260166571662,0.7825260349422442,0.7093632553682065,0.7929056493206877,0.815646964059742,0.799839895813755,0.5619499453170671,0.8383430894856186,0.8358369473918617,0.7455916268695945,0.7654148289888284,0.7320401572398909,0.6118601180352137,0.6447661174827756,0.38594709811901906,0.6397243852458796,-0.8111868244414976,0.5136208555316071,-0.19245534480720405,-0.2764067295684672,-0.2569325183025946,-0.07969088419560247,-0.3111461754406621,-0.5130727310119227,0.07573422560927771,-0.16739239730796157,0.6737698786086943,-0.7966433447205744,0.3978879281548462,-0.1258277135203616,-0.317272121274563,-0.07166724256283921,-0.18963830290708933,-0.5037068276763268,-0.15231227641020317,0.023565159015309107
0.8907229993749874,0.9016957184408916,0.8795788821017264,0.9122083935400861,0.8108030979598027,0.9266982695869055,0.7932804499856787,0.8670373126311457,0.8584192599482984,0.8250165090610792,0.8241696274166116,0.7761003636858316,0.8731528102056882,0.8324991509795314,0.8653856624579633,0.8249009801445311,0.695673525244967,0.6305784864433862,0.828877842609495,1.0,0.8558219846447966,0.8133416638831306,0.803942190711875,0.5688424569670125,0.7440638237353928,0.8248543355366041,0.8535229879759358,0.8403450005024029,0.8845358719155665,0.8638744410746587,0.8541993468780021,0.3893250252974958,0.8753113924612064,0.8771431118539769,0.8675431737420602,0.8018006247712637,0.8569237525252165,0.8796702595452512,0.867579093552616,0.6741343478331897,0.8851838153992074,0.8383874089831038,0.7263564068607228,0.81896890683792,0.837017260210777,0.7077929353988331,0.6827311613351468,0.4777941845199914,0.6992801838454816,-0.8975045241753126,0.5661223964336585,-0.18435582730916394,-0.2887745497751887,-0.335381890477332,-0.054704237403046634,-0.24106361020508058,-0.5620432480749362,-0.00833443417807675,-0.19177243775637948,0.7394047298980186,-0.8791617094064301,0.4854998892535477,-0.05099612375510013,-0.32441175235440245,-0.10124957368100145,-0.23729363642042492,-0.5842472217691785,-0.24151815840434776,0.01643293550823061
0.8928775159777977,0.8647699132088164,0.8569796731359015,0.893141204046856,0.8200369087420539,0.8325803483690619,0.7118660522834855,0.8528716169300555,0.8449433595283067,0.8295450320446884,0.8265234646575342,0.8945364416042701,0.8319612607627812,0.8277653949634429,0.8483949966566949,0.7983822117733171,0.6394543827310111,0.4366401216037248,0.6713235942540593,0.8558219846447966,1.0,0.7134362147691191,0.7323475567552951,0.5416446419042392,0.7664852540745054,0.7269888806147861,0.8350896700985149,0.8342293118993231,0.8410937680426114,0.8887219179273125,0.8421673132653061,0.34545347469927984,0.8698830619703665,0.8462180048479497,0.8552233680593223,0.798939647836153,0.8175764311895903,0.8597197133158885,0.8389794322677471,0.6786851147635129,0.7994422811516739,0.7855968182647639,0.6675179780965116,0.7786281338948923,0.8148520393670631,0.6533356361585355,0.7191807805328886,0.4653014350261881,0.6526145730213646,-0.8767487852130564,0.5679067141463787,-0.19532413517842698,-0.257816252969303,-0.3480334577598094,-0.05996691673020094,-0.23718902875471046,-0.5167240533755499,0.01976241383629155,-0.18955866630019327,0.6690161254266229,-0.8595601980087727,0.4960716187178507,-0.032244861157787866,-0.2825837848210119,-0.1177799420037863,-0.2723806776597061,-0.5190970106520566,-0.20846760818176324,-0.04206768471560454
0.8041396592676632,0.7811707045411357,0.7900880908254663,0.8532255120945698,0.6882957575833946,0.7820494310638001,0.7150839057150661,0.7538802897690267,0.754886681962675,0.6730048060743605,0.7492235694382878,0.646915079776383,0.7470028667661235,0.7099068849975619,0.7461584658862596,0.7781613362952629,0.6486561323333343,0.6709153956187033,0.7103008499925841,0.8133416638831306,0.7134362147691191,1.0,0.7552766873234416,0.4750563866279888,0.6978890759404212,0.6920008499907964,0.746286617585919,0.7311988084053839,0.7758842975383853,0.73156924647462,0.8391992396472178,0.35884686383439257,0.7509317845237861,0.7692807855853352,0.7886702472555667,0.7302754977877267,0.7397099298317911,0.7858536109585031,0.8211154768158522,0.6863594868306054,0.7027637793192494,0.6943349330494054,0.6134986649543621,0.6229386805115708,0.7251582943030115,0.524382930121009,0.5729913603116447,0.48963222010260626,0.5713230114998487,-0.7868796374392737,0.5243551041366996,-0.22824741559764078,-0.265201180243073,-0.3610541889409664,-0.05106653844462709,-0.22943552997913982,-0.464448087380096,-0.014755069124581745,-0.2943892296398033,0.6715706876313592,-0.7777390206207432,0.406040704670533,-0.11436328154870319,-0.35535635952588396,-0.17773830438204358,-0.21782060352240878,-0.5295718224256852,-0.2449491737960968,-0.03382320972387277
0.805886420671671,0.8459377786029089,0.7714380836840036,0.8200812598744684,0.7452226458391237,0.8101073568212305,0.7008749391016478,0.8487637236181373,0.8164548229964587,0.7994190548479146,0.8033725831452743,0.7677057997787947,0.8277276416152183,0.7774962289809743,0.8407098685327403,0.8304452579336524,0.6194802458012696,0.6086069774976088,0.7707954674934633,0.803942190711875,0.7323475567552951,0.7552766873234416,1.0,0.4766147595946842,0.7909506648375639,0.7234953452072251,0.843024668285595,0.7484507350975285,0.8152887429323771,0.8274984133562797,0.7938988644432192,0.2466623510652398,0.8596643864774818,0.845838280974816,0.8430758973218343,0.7958046904930745,0.8315429846350632,0.8509263966898583,0.8777460056774594,0.7845117085820665,0.7954267365007724,0.7705053383985738,0.6648720242904997,0.800364654599388,0.7951172756449452,0.6404521873571393,0.7655433967658999,0.6937782775277259,0.6160541666686757,-0.8626085286994458,0.5941040574503658,-0.23546980604865267,-0.35954212614142417,-0.39651160653291617,-0.06376904173563817,-0.21325548710134457,-0.35029426908735084,0.04749153767055075,-0.04737878635030602,0.652728901349243,-0.8515027277910298,0.4630214647575484,-0.07375902868778562,-0.39549044975255454,-0.2509399169458749,-0.1921316585346479,-0.42880264198911544,-0.1121541254002566,-0.002982211597970951
0.6043596842785479,0.6415586177478725,0.5740234077969515,0.5755030783068813,0.5455548299993941,0.5550364240910811,0.5572214407570776,0.6083471604703996,0.5741461776618253,0.5739204413000923,0.6050454932244659,0.5360460508440684,0.5936938696282749,0.5778516987320393,0.5908949941566196,0.5697778356740357,0.5171825130817651,0.38033802131413025,0.4646996064077324,0.5688424569670125,0.5416446419042392,0.4750563866279888,0.4766147595946842,1.0,0.5931053630879849,0.630232190597692,0.5978488051496813,0.662480704083949,0.6765060956442934,0.6227193709681121,0.5541913410591225,0.700779114542584,0.6140274517598101,0.5974167164150054,0.6078279523408407,0.7908101176804535,0.5883264725722087,0.619031297462837,0.5832704405585231,0.5212744711417997,0.6091373642004687,0.6443861529851594,0.6140995486109142,0.5803619762047358,0.6750907568836771,0.5879572022715198,0.6231169696014375,0.5437628578685713,0.44758209904859386,-0.5991145230776191,0.21612578831019214,0.07794213089541908,-0.09485413464574066,-0.12385381747258105,0.03852884062583753,0.020740666859888852,-0.3416384650736517,-0.06025096856617944,-0.020301430960950516,0.4327883091153907,-0.6097651540351604,0.22893922542812276,0.06951701715157689,-0.1726789365943315,-0.012627837704259195,-0.06619231732110485,-0.3508134871744723,-0.19185384429812863,0.11831649793022657
0.8813356729936244,0.9032898939632868,0.8664652916242843,0.8555265290170202,0.8094454414341749,0.8105823505537884,0.8322299351056607,0.9221007971862211,0.8900479036871549,0.8557561175016959,0.902145240836557,0.8121806692660427,0.8634293996619044,0.8799882068965302,0.8970012793980329,0.8704985166118341,0.7816444799556124,0.6044903140693699,0.7083583071604181,0.7440638237353928,0.7664852540745054,0.6978890759404212,0.7909506648375639,0.5931053630879849,1.0,0.830526563329004,0.9241073581283245,0.8539275852974316,0.8945648373719469,0.8964957479763926,0.7883781342001511,0.4037835051938917,0.9269014293569415,0.9123166988007458,0.913734205527059,0.8553700974895692,0.9039447652289893,0.9116895898889915,0.8787612007510467,0.6337509293642676,0.7898067722093597,0.8572506096824954,0.7871337991518608,0.8103821521909562,0.8589877954984453,0.6541725674592982,0.848070766767145,0.49423978358303455,0.7245947472742476,-0.9036160363473263,0.6046690545846544,-0.33220483458323563,-0.40459038198943176,-0.4034646882423369,-0.09676958680677109,-0.2853924973763225,-0.3846290441897257,0.13009143482981528,0.016471148167274408,0.7620316264122677,-0.9185276548760928,0.4868771721601806,-0.244069341655801,-0.43561898025944296,-0.2832240917195757,-0.2653236819948563,-0.3825675163035725,-0.11424457606634898,0.15649305424555646
0.8447719482328475,0.901683453293397,0.9036905446437217,0.8407711331541043,0.8505135074103748,0.8467378379248617,0.9468766390141689,0.8843378398197035,0.8673125606139758,0.8778587173358358,0.8871143423621565,0.6843545350195274,0.813407951790307,0.8793568364920652,0.85390065283748,0.8008298819625203,0.9047562645085317,0.7627083980177422,0.7977889917297664,0.8248543355366041,0.7269888806147861,0.6920008499907964,0.7234953452072251,0.630232190597692,0.830526563329004,1.0,0.8651888590179893,0.8121706977449342,0.9006623402464168,0.8280445333390144,0.7308338292662744,0.543577084803062,0.866353552681316,0.88372791944227,0.8681069722029727,0.8212291757841287,0.8759055493492887,0.8884623996517357,0.8567424494466545,0.5218862166367372,0.8739933284471758,0.9218959883804512,0.8809452735136459,0.7735139068551592,0.8280194633645868,0.6406043184569776,0.7665674955449799,0.3962889872040054,0.7729789543519381,-0.8749475387362007,0.5538524684522045,-0.3367622697078198,-0.35403914081086996,-0.2881751399070545,-0.16331751877985115,-0.3397545723690454,-0.49880615074542634,0.062470632663208396,-0.16603726474279723,0.8281098320875048,-0.8880543332563802,0.462399896510826,-0.3349170950691812,-0.4032713809135032,-0.14491665359555767,-0.3314364132624448,-0.49992034274605934,-0.1370030530931164,0.10320724924169582
0.9380567512044238,0.9591786823101223,0.9277248940353258,0.9152439791109771,0.8422854328173413,0.8886115752096928,0.8461634186829253,0.9761512716708093,0.9210325217788438,0.8809105950810073,0.9357513664793583,0.843037075205238,0.9002275659767447,0.9371770387677689,0.9620830287985543,0.9175241212006038,0.769329960147094,0.6450666986754229,0.7734342916580241,0.8535229879759358,0.8350896700985149,0.746286617585919,0.843024668285595,0.5978488051496813,0.9241073581283245,0.8651888590179893,1.0,0.9034220686132526,0.9408437402533661,0.9458347137920755,0.8722005967724796,0.41365605818211204,0.9672656242751179,0.9732576589573644,0.9640527141133848,0.8940158368131828,0.9607891232712118,0.9624656895848264,0.9109669492123247,0.6737241731079374,0.86608567012495,0.8923305120171879,0.7998605350301681,0.8700966184296045,0.8916447775877393,0.6990254219889435,0.8265079623318692,0.5275497252366046,0.8177016128292836,-0.9720165179687585,0.6565985075543751,-0.3543913936077857,-0.45849125101079485,-0.4506560845577134,-0.10443274218178984,-0.2701722857573997,-0.4642477791483529,0.0963549608766539,-0.012765205711226694,0.824065005044538,-0.9749858527492801,0.5480312650116653,-0.21884576779357587,-0.4917642747218134,-0.28139224283192665,-0.29742102974492374,-0.5104397580948585,-0.15714358414411267,0.14216913780878773
0.9380293861193783,0.9274515551681495,0.8992262382052585,0.8842174061711003,0.8149471423719648,0.8439587229925953,0.7761024133133009,0.9040206911089023,0.8771962980440927,0.8279196137006387,0.8838548645444569,0.7996485624252212,0.8339384639296787,0.8773107178333026,0.8951957108045665,0.8391138347991067,0.7041387674127138,0.5626465162612707,0.7282216770740382,0.8403450005024029,0.8342293118993231,0.7311988084053839,0.7484507350975285,0.662480704083949,0.8539275852974316,0.8121706977449342,0.9034220686132526,1.0,0.9383577453575118,0.9284478327156437,0.8659507868794732,0.4814627740052816,0.9136809023126747,0.9028933423575001,0.9165338747211507,0.8825905142294543,0.8919476072515271,0.9018030533585782,0.8493753682011568,0.6493393492342198,0.873283255672598,0.8671957760837564,0.7603842030819047,0.8263211806538574,0.8855937319868595,0.7273309660477669,0.792590938122064,0.522323628010186,0.7200696218101619,-0.9153159568334798,0.5752232244014586,-0.19241333356430831,-0.3109807146316656,-0.3544754500115903,-0.04590296529270116,-0.20467458993542556,-0.5094679083082286,0.006058256128552064,-0.07187359385908364,0.7603398345629224,-0.9172847584969906,0.48906735733645995,-0.08148133745725941,-0.3500103910488296,-0.14289277295534658,-0.2102166561796908,-0.5242408281404135,-0.22496366080009744,0.1169507059000113
0.9477768900949161,0.9734037850533976,0.9434743404781681,0.916348104772102,0.8721110392454141,0.8975278343326788,0.886224467226348,0.9493594373520408,0.9238776056810514,0.8903074296666734,0.9363763253927315,0.8070544340837862,0.894008813687375,0.9222096950412174,0.9370472167337575,0.8758599900642321,0.8217478680224245,0.6935268353211128,0.8218341432151872,0.8845358719155665,0.8410937680426114,0.7758842975383853,0.8152887429323771,0.6765060956442934,0.8945648373719469,0.9006623402464168,0.9408437402533661,0.9383577453575118,1.0,0.9372652028450463,0.879608834156269,0.4995211594603319,0.9475134136088603,0.9510166232135565,0.947293989432272,0.9070455390736036,0.9398466252444506,0.9543367401203221,0.9182037658813613,0.6453617141294345,0.9115117683964682,0.9321614678879121,0.8502120305343438,0.8590368669319434,0.9161820984142616,0.74026325617598,0.8238649600170681,0.5107534357102872,0.7820878364163978,-0.9553603260939936,0.6054493795974202,-0.24341850879701754,-0.3446793934784782,-0.3660781537650134,-0.09223944793611301,-0.28115920479733925,-0.521167875056119,0.02517370999168353,-0.10370337954801297,0.8053258318015195,-0.9561031044263889,0.5083900381490111,-0.16270506940257137,-0.3938863740356301,-0.1650121017866636,-0.262596186126775,-0.5337000564261961,-0.18430698169946005,0.11019436956349549
0.9490837571524156,0.9515151093043699,0.9080203014750009,0.9173454171325189,0.8486554103405828,0.8788810391614527,0.8027601797528402,0.946477821657874,0.9216429715026891,0.869333429657651,0.9107196815824112,0.9018447674114527,0.9100738651151664,0.9026813197022463,0.9511593762004797,0.9002519601184171,0.7266251639099054,0.5517004664088416,0.760048319605778,0.8638744410746587,0.8887219179273125,0.73156924647462,0.8274984133562797,0.6227193709681121,0.8964957479763926,0.8280445333390144,0.9458347137920755,0.9284478327156437,0.9372652028450463,1.0,0.88788370770955,0.43722635129726956,0.9555153040224662,0.9414376819683719,0.9472478693914383,0.9033877303278717,0.9217702619749419,0.9433247419602169,0.892581348205719,0.7059972299396022,0.8592932258186263,0.8881722937898227,0.7899280398499738,0.8745799638807459,0.9034415453742852,0.7440220389256574,0.8534179868323225,0.5535560326263093,0.7313617429850285,-0.9582453914522573,0.6441345670657673,-0.23110563648907964,-0.35316269686418233,-0.40377597603940135,-0.0675257631404692,-0.27064281235820054,-0.49801731112997893,0.03438973668449004,-0.08805205582286557,0.7488209593444098,-0.957903829504787,0.5627240097468073,-0.07535202840543508,-0.39131404158116256,-0.20065628822950565,-0.24477514869839953,-0.5310026670091975,-0.2037039396491814,0.04583128650335183
