0,1,2,3,4,5,6,7,8,9,10,11,12,13,14,15,16,17,18,19,20,21,22,23,24,25,26,27,28,29,30,31,32,33,34,35,36,37,38,39,40,41,42,43,44,45,46,47,48,49,50,51,52,53,54,55,56,57,58,59,60,61,62,63,64,65,66,67,68
1.0,0.9449549762227035,0.9547479865715612,0.9499990666774248,0.8859837252886074,0.8714714499996157,0.8522100106205615,0.9054550610884172,0.7913286337071734,0.7886573824347426,0.8623162845079295,0.8947037663634068,0.8724023551994217,0.9380165585061176,0.9381830833599398,0.7738612405264306,0.686279945664757,0.6143740766462429,0.7382856730120605,0.7711055500273327,0.7466229282031193,0.6846967196525293,0.7658552009055422,0.5842410762908723,0.8807873342837315,0.7476125655988519,0.9461096731524518,0.9405434523787852,0.9423864883878114,0.950827911142049,0.8416931303669124,0.43598359312018403,0.9480645848036571,0.9479545065027539,0.9027180525444499,0.8665749884361993,0.9112046160998079,0.9394898561942473,0.8402932895625692,0.759320142264781,0.8396522738738343,0.7532968888647983,0.7962922325162501,0.7706653116251562,0.8566578614463526,0.6463337500679596,0.7714760265661901,0.7252284886753761,0.7671403362992765,-0.9602354071178973,0.12396437710544891,-0.22738701217108306,-0.4530870913857977,-0.3466197295831958,-0.22239845883586484,-0.4648409355783098,-0.5420931244877575,0.09874795575671087,0.32437525026035263,0.7850364158695857,-0.9645929257422602,0.19033614552357617,-0.17341873361259605,-0.48746689891548567,-0.3153959830476744,-0.1928129471537375,-0.5663750359317821,-0.11942739263006044,0.3913111539282811
0.9449549762227035,1.0,0.9508793738918679,0.9156645286628968,0.9093430979377704,0.8462829232406536,0.9232645475834642,0.9492129477732393,0.8427657003379284,0.8546432299342553,0.8880868654697901,0.8628623760222887,0.8599168971163799,0.9369355395777093,0.9358367351203841,0.8040664128355323,0.7850295318024898,0.6690506505531311,0.7214182606093551,0.7716644528369997,0.655456494208706,0.7302684406391261,0.7790015676962316,0.6117356213029695,0.911200814620395,0.8466222569959748,0.9687104141173383,0.9139818602777802,0.9588365600309412,0.9255115342799323,0.7950118799194634,0.5149274420136171,0.964193675561327,0.9688666324417387,0.9333386679136136,0.9161496616130834,0.9485051661112291,0.9585424795329638,0.8964807294663591,0.7589200794077255,0.8729837839189991,0.8621673724521756,0.8721368990523943,0.8275135281850147,0.8870364065347606,0.7338247688125799,0.8170323038579702,0.6630050096309651,0.8046996278915564,-0.9731495959272127,0.08459913884481923,-0.2119382949751876,-0.5017247141984216,-0.3171447071723579,-0.21157364374447066,-0.3704851657684922,-0.4434388203086768,0.17367358645251996,0.38029413381325267,0.8209456942649361,-0.9703058456220816,0.16578289005719615,-0.19196758552407733,-0.5310630671237787,-0.29449861614762135,-0.18895906986888875,-0.4668002226257484,-0.050180248185016825,0.4238370897885036
0.9547479865715612,0.9508793738918679,1.0,0.9439167194841521,0.9071420749285095,0.8798008405630873,0.8874404609572548,0.93249792097572,0.8093786468876948,0.8393505188398726,0.9015899884652092,0.9042567114118789,0.8872329886026421,0.9380208740294119,0.9236909108675266,0.7840634860923238,0.7223274435576365,0.6442130521819618,0.7280722412421236,0.7609764607875014,0.7318679133282604,0.6812787046563059,0.7863213225000976,0.5247045209332911,0.8796888194595449,0.8034729348694688,0.9485180709217129,0.9332920192104596,0.9469872786140939,0.9346126920704722,0.829946126853249,0.4027994261307134,0.9570835557088015,0.9429722473355958,0.9237371388099106,0.8897977687129456,0.914273783559878,0.9475624318204711,0.9042910969764485,0.7527443736906315,0.8290981840454827,0.7959011168264275,0.8453268879613206,0.7897849371988479,0.8598207852249344,0.6503007627023457,0.7894740580164803,0.6387168566412277,0.728630191931337,-0.9632422851121898,0.04937890170885377,-0.26285413444348854,-0.5016303796245487,-0.38539624948505874,-0.22271111855609624,-0.4577118590936085,-0.5207711865034824,0.12837725453613255,0.3280639322812318,0.7448896347352626,-0.9611185802546404,0.15676160787024737,-0.2198573612722116,-0.5185172919386004,-0.3558331738481597,-0.19075816998699585,-0.532054925056441,-0.06975367272422954,0.3895433071502679
0.9499990666774248,0.9156645286628968,0.9439167194841521,1.0,0.8634771973267689,0.8915443125875265,0.8064581223996027,0.8852870752246341,0.7485519505507372,0.7803883238764933,0.8439798324569243,0.9133846076549611,0.8859007558264009,0.9120265303845113,0.9169832175100827,0.8144930852720415,0.6115179555273742,0.624145024587368,0.7853684996636718,0.8044684838377519,0.8057736729966043,0.7018698878705516,0.7672030712664663,0.5358102970330577,0.8311912970936863,0.704751758447622,0.9215314694530199,0.909429407062775,0.9170034436651908,0.9450992043064338,0.850166558793544,0.343943566536235,0.9200215463030775,0.9215912830065973,0.8977961410301804,0.8406942527328186,0.8918066589737492,0.9154135856705614,0.8459651150714937,0.7356399465862826,0.7986610260233721,0.697502701937047,0.7526811517320544,0.7433769758078612,0.8464266597643211,0.5780823036162185,0.7627987924324336,0.6918107575525314,0.7354296784530969,-0.9484128884647831,0.07042168868417914,-0.18300768972834996,-0.44855818271521986,-0.3978993498914551,-0.20721349271672967,-0.4867013991493935,-0.5572545437918429,0.04717073337261153,0.31944015127179565,0.733176804554985,-0.942772098699267,0.14733583202251596,-0.12893708520562872,-0.46369018890946245,-0.3550869796583529,-0.18499938621603446,-0.5803835547828079,-0.15700183608803472,0.37233940365595036
0.8859837252886074,0.9093430979377704,0.9071420749285095,0.8634771973267689,1.0,0.8778989554772633,0.8709053675162092,0.9034417946275598,0.8150204317590881,0.8708465754832742,0.8747665704982261,0.8589347830792388,0.8751912914679314,0.9063238717293808,0.8385131282470881,0.7409904161555121,0.7192722823106238,0.5779147446491115,0.6750805805273371,0.6955088274624097,0.6596655962560336,0.6479851197534948,0.7532689585263405,0.48363602506597825,0.8637771967046882,0.7676214363479259,0.893039595778429,0.8417238546937325,0.8774689007040135,0.8375867175518773,0.7106405993983506,0.4251404783826335,0.9374165952060424,0.9017557573279936,0.8638035035105146,0.8306466784160879,0.8850258931915732,0.9018037266638935,0.8635772304835307,0.7070644309958094,0.795088452786248,0.8023097433187344,0.8374697541701224,0.7685084750524656,0.8088534112980926,0.6800521386614685,0.7654010551168121,0.5458095204739313,0.7060170689038103,-0.9007023172521621,0.05838380526550296,-0.2700303410353948,-0.45352390859964636,-0.2827126571253087,-0.22302889358892536,-0.34284970556320626,-0.38313799464030834,0.24113675072636867,0.3482708605936947,0.7254555285474512,-0.893068032459113,0.14925216837990934,-0.21902131429688626,-0.4821711732877929,-0.2239831097199325,-0.16282344703668003,-0.4314062606932813,0.02326341899607549,0.36178463870808875
0.8714714499996157,0.8462829232406536,0.8798008405630873,0.8915443125875265,0.8778989554772633,1.0,0.7188205525140539,0.8100669566962178,0.6613926565539167,0.7685378342602294,0.7708575805820054,0.8567264200062328,0.8514681628678833,0.8582809831836545,0.834100384750152,0.7369687159062205,0.4862984018525022,0.5729278173769651,0.8423081122881692,0.8169235792913064,0.7583656605490233,0.5802526429651921,0.7440020431079994,0.3790144819798791,0.7412764850604531,0.6198511516850256,0.8423172342911012,0.8476912521498725,0.8512167431301927,0.841841364417148,0.753107601802071,0.20772071410266432,0.8883837179342912,0.85075744081643,0.7971715043174169,0.7051435814432467,0.8152094378262529,0.8381659137854314,0.7782931322154394,0.6273718282310516,0.8173001805011196,0.6405469499770035,0.7372299269199482,0.6840629884094671,0.7496403987742876,0.5419317327084888,0.6909228338293718,0.60050473755231,0.6337333028866814,-0.8679938638998933,0.09730588662396221,-0.12920170371713874,-0.3061778496158985,-0.272335151761483,-0.14684948606678377,-0.4147867241052905,-0.50617348365656,0.08725945626409841,0.23728842275082418,0.6739518932649471,-0.8581760597913871,0.16288584947165038,-0.0742054176725282,-0.3356456771636453,-0.21981411456119176,-0.12030119708428914,-0.5673320688697472,-0.1192201186574601,0.31625219115876857
0.8522100106205615,0.9232645475834642,0.8874404609572548,0.8064581223996027,0.8709053675162092,0.7188205525140539,1.0,0.9141695273074227,0.883105924282228,0.8287329194735712,0.8556194671203513,0.7724856827515538,0.774610901697727,0.8779976746354312,0.8534635283232076,0.7073507991922485,0.9028205434735356,0.6049559696371762,0.5333506782205235,0.6333842000592095,0.5243676863162311,0.6591049133064756,0.6925338281257263,0.5412950548597603,0.8769940054842885,0.9179312130920066,0.898602058676037,0.80167104558574,0.8668177806681708,0.8063675607566732,0.6514574498971535,0.5584310276324987,0.8931600093079738,0.9101826889206402,0.8666927723827034,0.8965932702515962,0.8859541669818839,0.9035793125250147,0.8579864215883873,0.721660066828508,0.7709424656424017,0.9156336653638443,0.8563127414144694,0.7872964924308311,0.8322966686632894,0.775552875848648,0.7671574674278081,0.5419644924310246,0.740247337753454,-0.8966680312602028,0.04133606031394808,-0.3267809966413273,-0.5991340877129991,-0.32948970082588636,-0.25249674828370006,-0.29099130905142523,-0.3221429282256662,0.28273652145438943,0.3664406651082115,0.750948881786639,-0.8935656261026839,0.16207502970185514,-0.3181247550050135,-0.6221804408955093,-0.3137606316025574,-0.22883140700800186,-0.34841609762349857,0.06253443090203147,0.3583188152016922
0.9054550610884172,0.9492129477732393,0.93249792097572,0.8852870752246341,0.9034417946275598,0.8100669566962178,0.9141695273074227,1.0,0.8314230328616946,0.8963727770723098,0.9311174155824499,0.8661127833586865,0.8578776604696797,0.9266011629043811,0.9086083735475584,0.8186802020393557,0.7932445499577895,0.6947963333483985,0.6730297854093424,0.7203193977245244,0.6518189774431501,0.738411180677775,0.819329881337119,0.5646472728209739,0.9258265943854107,0.8291648611429092,0.9431738768295913,0.8568935453062658,0.9113996331411311,0.9061908697516509,0.7754994757970491,0.4740727974510136,0.9503941108572727,0.942859305441863,0.9457115105208608,0.9247046134057793,0.9445346998564339,0.956503271934334,0.9114129227715481,0.8066871850804777,0.8081666293264864,0.8706719640546249,0.8901079390307158,0.8799208544259988,0.879151622226758,0.7400547764694709,0.8245104934836196,0.6180471691378103,0.7644668238240903,-0.9505297941259274,-0.01987620520656262,-0.3264567791518199,-0.5824508447744716,-0.3659658902443839,-0.24947020506412154,-0.42082821630265704,-0.3779725724546504,0.27678168408640974,0.3996012938028909,0.765285928810989,-0.9437656747500899,0.0883458753226954,-0.3101857060583981,-0.5943018774110306,-0.3570977958462008,-0.2262225466115587,-0.4163887236477172,0.06176702855179713,0.389991714345883
0.7913286337071734,0.8427657003379284,0.8093786468876948,0.7485519505507372,0.8150204317590881,0.6613926565539167,0.883105924282228,0.8314230328616946,1.0,0.7954943430715867,0.7873280649423972,0.7139709446012,0.753883999223112,0.8009551032861181,0.7646150707665871,0.6175658773922712,0.8157795408350167,0.49603209292811135,0.47343146321598434,0.5347647159259764,0.5127260388105181,0.6048775675051241,0.5935438871007782,0.5229957747453055,0.8343786606905695,0.8214976754166866,0.8240750333901208,0.7489331710872017,0.7964707966689786,0.7406966097234071,0.6277001320817431,0.5918569114649923,0.8266565412373276,0.8245530478298845,0.7950468478345297,0.831171547189566,0.8231212640824174,0.8193958549814939,0.7849081703533377,0.6267659934912478,0.7018552208322614,0.8417298258428907,0.7603124058901668,0.6969505746794926,0.7679926699212354,0.7282875403167365,0.678638278548767,0.45034196815730626,0.6993513482885,-0.8150833619443607,0.11226528051635719,-0.3271673246932637,-0.5402218467260612,-0.273802223668921,-0.19493561101659967,-0.2416413282273761,-0.29184539947277605,0.28702558345931223,0.3147563172503517,0.721630252358051,-0.8155199003365982,0.19321219578186652,-0.30317397191354717,-0.5606969921170006,-0.24239456905356585,-0.18150179189852733,-0.30716652228756813,0.044378085014316324,0.36645245581276015
0.7886573824347426,0.8546432299342553,0.8393505188398726,0.7803883238764933,0.8708465754832742,0.7685378342602294,0.8287329194735712,0.8963727770723098,0.7954943430715867,1.0,0.8598163918917712,0.7728442324832205,0.811984287280271,0.823683271317711,0.776952369180474,0.738896376155238,0.7023164145120693,0.6231185360339566,0.6035496865433647,0.6536630243118332,0.5502131129516833,0.6519914040151905,0.787334552546797,0.4895950592399867,0.8404334358495509,0.7789487021446848,0.8388012076324893,0.7630226939548213,0.82014791556692,0.7869937070047931,0.6973814047830035,0.4330804708189418,0.8700709089258759,0.8369564694724808,0.8532208120121403,0.835062041355107,0.8613964022673333,0.8471936408945613,0.8575750279920268,0.691605815619891,0.7640500527044114,0.8103717461581268,0.8883843734099569,0.8127770609655911,0.8067496546738551,0.7263104860310008,0.7489264989124854,0.47900215350068476,0.6774175364287351,-0.8478905451536266,0.016967767597364146,-0.2641971143686631,-0.47051036005653907,-0.28768390393671456,-0.15118124923953977,-0.2917506368338413,-0.3120119956455609,0.30161718552702377,0.39807048804896566,0.7025543247189107,-0.839272461137391,0.10518585227647974,-0.2516531156137176,-0.4878039561419849,-0.26721956582015277,-0.16001839725640007,-0.3489306508021264,0.08627232183905317,0.3856795383265277
0.8623162845079295,0.8880868654697901,0.9015899884652092,0.8439798324569243,0.8747665704982261,0.7708575805820054,0.8556194671203513,0.9311174155824499,0.7873280649423972,0.8598163918917712,1.0,0.834227540083761,0.8620204359093029,0.8746416498893581,0.8443736361239806,0.7591203133670196,0.7515331964623264,0.6314940241595957,0.5845028381311319,0.599775305610519,0.6590781743814289,0.7185697482923722,0.8117380973780903,0.5090067964982217,0.9071785440511546,0.7468296802331053,0.8942589427253057,0.8197414378889301,0.8650486397362704,0.8652029605169728,0.791516593390183,0.42652188175233446,0.9036055585107143,0.8828072137295953,0.913521335047659,0.8824928395815616,0.8856614285486185,0.9166314653382516,0.9094702781664936,0.8003032329118692,0.7081885880490013,0.8060814966725438,0.8515599086950875,0.7986111202776065,0.8367606033191352,0.644348268067685,0.7906103907211662,0.553062097503753,0.7004788160842687,-0.896399284864503,-0.052542272447906935,-0.31902555367075536,-0.5595163592244697,-0.3778410600552416,-0.22569938671463677,-0.42511983788586605,-0.3585216157345612,0.28632137602284247,0.31565731330813085,0.6817173986495079,-0.8885461126320483,0.09163579557551219,-0.3066631179702007,-0.564299946414612,-0.35799245395606183,-0.21453593174487284,-0.3739008885500703,0.08956054587624349,0.3527615422234868
0.8947037663634068,0.8628623760222887,0.9042567114118789,0.9133846076549611,0.8589347830792388,0.8567264200062328,0.7724856827515538,0.8661127833586865,0.7139709446012,0.7728442324832205,0.834227540083761,1.0,0.8988548151138489,0.9058667889921956,0.8405551097718489,0.7169852475574592,0.6269048152443908,0.5364896861785478,0.6919274081540538,0.6907988406024118,0.8505576635219252,0.573739239414719,0.7170215284687872,0.48901772510869324,0.7935127552137805,0.673485088936638,0.8675436206556236,0.8636690975875122,0.8508924472097281,0.8929733354734133,0.7663599471992582,0.33273301760361806,0.889726305392373,0.8606764324477556,0.8525344649105797,0.8033322295822827,0.8359969006540287,0.8670183563539042,0.7929463732990214,0.6954248995441412,0.7058216218097507,0.6983978699667255,0.7413492395716087,0.7293619316330894,0.8013132251219811,0.5496342819327336,0.6834935772446236,0.6109265008881063,0.6575311729761696,-0.889005092749952,0.012215806275256603,-0.243984982780904,-0.49731347627813216,-0.39723046079452756,-0.23003871864483483,-0.5160839405794856,-0.47125310427849426,0.0820971180227337,0.3296361527918078,0.6305616650783752,-0.8828942850172381,0.11114964344787467,-0.19983966191389482,-0.4902193492345429,-0.3525076144121273,-0.16142494575085517,-0.5115073793862615,-0.0740847196072617,0.3418525396444199
0.8724023551994217,0.8599168971163799,0.8872329886026421,0.8859007558264009,0.8751912914679314,0.8514681628678833,0.774610901697727,0.8578776604696797,0.753883999223112,0.811984287280271,0.8620204359093029,0.8988548151138489,1.0,0.8841224561733525,0.8259599002090268,0.7172822636335741,0.6166776173524156,0.5211960638120614,0.6691046063922342,0.6519135244814539,0.7908709913430189,0.6466692262210303,0.7376218487283986,0.48418856172743535,0.8348315030771138,0.6578848492983886,0.8621793447662444,0.8512620757804514,0.8469234177946219,0.8574176368115296,0.8111179023910768,0.36495489037863965,0.8844644041256875,0.8631273080039297,0.8472438583848757,0.8018596464673424,0.8380890213766441,0.8706268812707031,0.8054610568568311,0.7011527933066428,0.7172627421632779,0.7000081026935745,0.75582609391077,0.7018109070874685,0.794325423649272,0.5607994797186787,0.6992776589153159,0.5726919770338647,0.6577288357422499,-0.8772731183942135,-0.02122567768946622,-0.2262065648819071,-0.45177235144181604,-0.34473065774775763,-0.1855857136067873,-0.39200907949600466,-0.4581789319223828,0.14893360983466047,0.31747086983008593,0.6503000856120649,-0.8686787865460571,0.09970859400353418,-0.1723310085783946,-0.47104727890481857,-0.27866335461236247,-0.1530412478825705,-0.4722315532594261,-0.03546222130097559,0.33968529907498696
0.9380165585061176,0.9369355395777093,0.9380208740294119,0.9120265303845113,0.9063238717293808,0.8582809831836545,0.8779976746354312,0.9266011629043811,0.8009551032861181,0.823683271317711,0.8746416498893581,0.9058667889921956,0.8841224561733525,1.0,0.910008188221965,0.7397130922147024,0.7353393823297609,0.5992206304657023,0.680373392906709,0.7201808154785246,0.724155798736519,0.6558993268839515,0.7675808215867593,0.5380671671568104,0.8966666247970055,0.7739994431686604,0.9345221689790157,0.8907043340773679,0.9160232971456382,0.9057888788335894,0.7773428658454223,0.4346352631958753,0.9501350642801899,0.9441676402592679,0.8866718096232885,0.8684368787827557,0.9128697601505184,0.9381775046006658,0.8489875038985844,0.745560379264297,0.7990854027719013,0.7977785607521182,0.819239907130181,0.7865183866188962,0.8435729158029345,0.6743200519058885,0.7583686777737677,0.6373237441222362,0.7382059283466365,-0.9414083064022591,0.038087610793458064,-0.2622023991691229,-0.49818021121164136,-0.34847433650377724,-0.2217303619574325,-0.44141359324116053,-0.45864393505497336,0.16988901480545646,0.3416312116142931,0.7585068602425133,-0.9393281269499278,0.14417216655666554,-0.22382907005104616,-0.5327697305495828,-0.3048819875550674,-0.19965587723549288,-0.47580881814449555,-0.015214869223041121,0.3744944348981473
0.9381830833599398,0.9358367351203841,0.9236909108675266,0.9169832175100827,0.8385131282470881,0.834100384750152,0.8534635283232076,0.9086083735475584,0.7646150707665871,0.776952369180474,0.8443736361239806,0.8405551097718489,0.8259599002090268,0.910008188221965,1.0,0.8273084557773358,0.7005570359480371,0.6856595284647785,0.7509354741620735,0.8140792586322216,0.660182183552577,0.7232905919905985,0.7872193102663736,0.5620344468555932,0.8717698492665417,0.76355900876886,0.9410645094398334,0.8812665653170026,0.9322050172663551,0.9268197043484083,0.8113569193911213,0.41202947432426656,0.9247011925822971,0.9442172971032788,0.8983662691027406,0.87014238400063,0.9175590077274548,0.9322744491082052,0.8336890421247137,0.7536173504524226,0.8221682851757339,0.7757777418023838,0.8016466327086982,0.7988515803650713,0.855070086025162,0.671762894923044,0.785372160542299,0.7079944407908869,0.7519251171641689,-0.9527054002903812,0.0875210024050523,-0.22796245053181133,-0.469536518184106,-0.3735151316885806,-0.2342640291166517,-0.4880318115464312,-0.5080823208942382,0.11196518560213553,0.32690335656488184,0.7694316917989988,-0.9496998506981659,0.17600581002057153,-0.194590977355776,-0.5050709726020832,-0.37296704793563895,-0.2429295257592387,-0.5254556109389148,-0.10070640205402992,0.39244837426627704
0.7738612405264306,0.8040664128355323,0.7840634860923238,0.8144930852720415,0.7409904161555121,0.7369687159062205,0.7073507991922485,0.8186802020393557,0.6175658773922712,0.738896376155238,0.7591203133670196,0.7169852475574592,0.7172822636335741,0.7397130922147024,0.8273084557773358,1.0,0.5578410066067876,0.7460780945715086,0.7648186365976751,0.7799805778707376,0.539347740313437,0.8199614507584775,0.8005832587706256,0.4562846539110736,0.7522500509481147,0.623779406074957,0.8066204863340959,0.7074710694809312,0.7864775996142892,0.8055919967870757,0.7072641282864586,0.2521259940758948,0.8014104976055652,0.8083125114789949,0.8256687969589444,0.7635796025456957,0.82405605095822,0.827509947165566,0.7869346671671109,0.6976179216368967,0.6966388729759703,0.6685013930696858,0.7066257552656883,0.7281188341787033,0.7545667395201734,0.5524776905240716,0.7736584814473603,0.6019180789636561,0.6574129094527784,-0.8381633917274769,-0.009056943942471527,-0.24484743237733536,-0.4393799422727861,-0.37448423370624445,-0.1826056476185379,-0.449428507349474,-0.40254410469099017,0.18305138480070648,0.3289392825805647,0.6616119363807976,-0.8189443024309561,0.09463061944889695,-0.18466300997547727,-0.4555816837938673,-0.3751060758415155,-0.19887754018055104,-0.4592722730560791,-0.07953278333202145,0.344681879064219
0.686279945664757,0.7850295318024898,0.7223274435576365,0.6115179555273742,0.7192722823106238,0.4862984018525022,0.9028205434735356,0.7932445499577895,0.8157795408350167,0.7023164145120693,0.7515331964623264,0.6269048152443908,0.6166776173524156,0.7353393823297609,0.7005570359480371,0.5578410066067876,1.0,0.5109727942623894,0.28697058059352515,0.38708316810735904,0.3393704739027654,0.5606648720427417,0.5388682985637893,0.5588806589937878,0.78623638044029,0.8469586322665129,0.7591832783349777,0.6322571195495624,0.7153390781162219,0.6454893455658094,0.45951060700950386,0.6633253019241008,0.7381933425470028,0.7663750564415248,0.7392229738393012,0.8298076573367524,0.7514116692391465,0.7665169350395307,0.7215258520273617,0.6235870997252215,0.5643169614753152,0.8942816907428375,0.7545779390728569,0.6932800761063945,0.7384071999359338,0.7430231347496542,0.6644714317917334,0.40488554329484133,0.6141323275316467,-0.7406580550579414,-0.022293421512309456,-0.3551156635034248,-0.6634905084450903,-0.3435086399600329,-0.23625035007042644,-0.20671369249093377,-0.13526984946803372,0.28096156968853997,0.3028506730985318,0.6074096219048756,-0.741304028986697,0.09323560236388513,-0.3707896611979746,-0.6770136274828258,-0.3317057466985577,-0.2342979986648006,-0.15664852028615284,0.1129667291127473,0.30137051475169196
0.6143740766462429,0.6690506505531311,0.6442130521819618,0.624145024587368,0.5779147446491115,0.5729278173769651,0.6049559696371762,0.6947963333483985,0.49603209292811135,0.6231185360339566,0.6314940241595957,0.5364896861785478,0.5211960638120614,0.5992206304657023,0.6856595284647785,0.7460780945715086,0.5109727942623894,1.0,0.6853463295210984,0.6663323337353287,0.3591904890950123,0.6975032235606295,0.7208639175466373,0.3308584958701836,0.6221934455011339,0.5409662650393664,0.6635765130498492,0.5490847758281687,0.6605292351808022,0.6651270644755669,0.5919370515444452,0.13100590296282855,0.6649289935574675,0.6717229883082098,0.6886548549995887,0.6361736109471364,0.700869370619978,0.6797540282973332,0.6872967854524504,0.5604007744154368,0.5810192213201173,0.5950009980153868,0.6640741934155652,0.6523686945278967,0.609694523743215,0.47667285179030117,0.634153923166408,0.47735721004208476,0.5350859636272273,-0.6931945381667931,-0.06721458122908851,-0.19149985312152645,-0.4108200041098118,-0.34986171937544014,-0.13158629452487638,-0.3218757862709099,-0.3331866388407972,0.1308520463063599,0.3458913593345636,0.5710608393249571,-0.6840946546014494,0.035725019896274,-0.19328002227088095,-0.3998213350312148,-0.36349227115594795,-0.14898605016199573,-0.399793263416802,-0.09490896598171279,0.24274695350967693
0.7382856730120605,0.7214182606093551,0.7280722412421236,0.7853684996636718,0.6750805805273371,0.8423081122881692,0.5333506782205235,0.6730297854093424,0.47343146321598434,0.6035496865433647,0.5845028381311319,0.6919274081540538,0.6691046063922342,0.680373392906709,0.7509354741620735,0.7648186365976751,0.28697058059352515,0.6853463295210984,1.0,0.8758829032134006,0.6439867099747886,0.5534895544902014,0.6520545413185258,0.317820523312159,0.5728213714429932,0.4680794775671307,0.711880832070334,0.7147532988599975,0.739980164563161,0.759074148456994,0.663522260556197,0.07642637585524231,0.7318093293762452,0.7174344582574204,0.6827420310194853,0.5729447555013778,0.7090059996278492,0.6988628038893279,0.6419270258070939,0.48911196463571543,0.7702253841564941,0.4872417784209671,0.5842192308843709,0.6288975658848349,0.6268419448342102,0.4220485988861863,0.5992276634735194,0.5732821847329967,0.5513649496652174,-0.7529927684330988,0.08134477919080965,-0.026716448616197545,-0.1969664734357833,-0.24237033732895122,-0.08977595944696995,-0.4165715956289014,-0.47589587170588366,-0.051605248231094455,0.316422353637034,0.5921168368075991,-0.7392503467521203,0.12112585277625736,0.015872541208782398,-0.21121447578571032,-0.22047876142009945,-0.07501818914400507,-0.5569477177394532,-0.2353720296431149,0.3019430113925076
0.7711055500273327,0.7716644528369997,0.7609764607875014,0.8044684838377519,0.6955088274624097,0.8169235792913064,0.6333842000592095,0.7203193977245244,0.5347647159259764,0.6536630243118332,0.599775305610519,0.6907988406024118,0.6519135244814539,0.7201808154785246,0.8140792586322216,0.7799805778707376,0.38708316810735904,0.6663323337353287,0.8758829032134006,1.0,0.5490630094858235,0.6267889537777844,0.6944660310590035,0.3987945611195908,0.6222163290888308,0.5771980600369366,0.7580756104580664,0.7386080588325755,0.7769204995979809,0.7713004623097014,0.6907448593128267,0.16543589079958773,0.7669585136535861,0.7735135220807402,0.7285585578618123,0.6371719838014669,0.7565470402183891,0.7431845993341548,0.6744513205055609,0.5542701157977833,0.8329717187306095,0.5507701473341456,0.6420618199026352,0.6737465380886907,0.6998882444446368,0.5250308371034588,0.6488782087792707,0.6366087805479681,0.6322998785527144,-0.7992930378543593,0.12380458628343366,-0.029365127330013445,-0.25394366581548217,-0.23322798946986698,-0.1495007630061643,-0.4000460552634236,-0.495287142338148,0.010439026418431582,0.3069596095594352,0.6728135297264358,-0.7902327809236761,0.133243011493932,0.03279583811352939,-0.28424783206552284,-0.2606438663924951,-0.1221743393833046,-0.5881526176212567,-0.21834268741942844,0.33893115144826175
0.7466229282031193,0.655456494208706,0.7318679133282604,0.8057736729966043,0.6596655962560336,0.7583656605490233,0.5243676863162311,0.6518189774431501,0.5127260388105181,0.5502131129516833,0.6590781743814289,0.8505576635219252,0.7908709913430189,0.724155798736519,0.660182183552577,0.539347740313437,0.3393704739027654,0.3591904890950123,0.6439867099747886,0.5490630094858235,1.0,0.400327061725929,0.5370428173790874,0.3118099479270306,0.5917637205786662,0.3984507955645308,0.6782551440891454,0.7307805490338253,0.66740608099082,0.7753086739577048,0.7168558985521108,0.13182280339905877,0.6964548399742704,0.6692666852622954,0.6619787179470126,0.5685183763911021,0.6283973756454472,0.6682239654293036,0.5861563632710182,0.5319525892402814,0.5315980899255648,0.44879241842186857,0.49720144286781565,0.5021562770114051,0.6062286600219958,0.2970941955965702,0.46356647525547223,0.5161055284226054,0.5069307128738214,-0.7086816139602364,-0.0016036288678587065,-0.1676228061702666,-0.3522267957784969,-0.37424897800227885,-0.16848368062331806,-0.49919981103412003,-0.5072853310688664,0.00443284339052588,0.22538532718815862,0.4582851971299896,-0.6982863646298506,0.10362706638977323,-0.13747347665179618,-0.33814297855715764,-0.30981719820976117,-0.07486506163252002,-0.5372452825792189,-0.12282812416546805,0.24506437249322735
0.6846967196525293,0.7302684406391261,0.6812787046563059,0.7018698878705516,0.6479851197534948,0.5802526429651921,0.6591049133064756,0.738411180677775,0.6048775675051241,0.6519914040151905,0.7185697482923722,0.573739239414719,0.6466692262210303,0.6558993268839515,0.7232905919905985,0.8199614507584775,0.5606648720427417,0.6975032235606295,0.5534895544902014,0.6267889537777844,0.400327061725929,1.0,0.7822265180614952,0.5316913048470455,0.7419741213745664,0.5527538865262603,0.7377081255164147,0.614325013236518,0.690607294851595,0.7153407736238617,0.719168257426166,0.37443231227529716,0.7122005713005805,0.7432404727713192,0.7618408742568175,0.737123690446199,0.7501872317254754,0.7632825797990714,0.7299096786809108,0.732123860303532,0.611809710584217,0.6081652960980766,0.6425961630322394,0.6356972425453845,0.6787224940194493,0.5075694755102135,0.7479887101944144,0.6104038890309456,0.6622471595958621,-0.755099034277217,-0.03256552423080673,-0.22007286979257198,-0.45162785339295863,-0.3260715276068713,-0.20678212109489727,-0.28612293403027295,-0.36107929895140894,0.20976074070257306,0.2993429605619332,0.635241477293968,-0.743838975031804,0.050196382585320484,-0.178945689444716,-0.47807782247662844,-0.3103719340086296,-0.20486250382915758,-0.3593736847058969,-0.04496847008396031,0.32497958062185506
0.7658552009055422,0.7790015676962316,0.7863213225000976,0.7672030712664663,0.7532689585263405,0.7440020431079994,0.6925338281257263,0.819329881337119,0.5935438871007782,0.787334552546797,0.8117380973780903,0.7170215284687872,0.7376218487283986,0.7675808215867593,0.7872193102663736,0.8005832587706256,0.5388682985637893,0.7208639175466373,0.6520545413185258,0.6944660310590035,0.5370428173790874,0.7822265180614952,1.0,0.403108908407894,0.7678244591712546,0.5612635672638107,0.7833343358355006,0.7177213528671892,0.7628988220053915,0.7807150186560459,0.7668409904087629,0.1759234305737856,0.8071930830781088,0.7918288596450824,0.8146139380618428,0.7413097374161599,0.8043574690078084,0.8132994194928176,0.8016512510208464,0.7519544163743083,0.6704281714171797,0.6553167575328699,0.7823235898947587,0.7355835781492144,0.7454024195004129,0.5341421083272615,0.7209151005847382,0.6088795373188902,0.641883410160893,-0.8178718194611985,-0.05644666478635676,-0.24108253296856272,-0.4264160645353146,-0.33913376216592067,-0.1902730827742051,-0.42673078340970677,-0.4376308144603784,0.3126839420804273,0.26045903544948334,0.6320323920177608,-0.8065450159668112,0.05290734901792708,-0.19651751726801164,-0.4727173572107797,-0.3563837295784411,-0.2069583106353471,-0.45951425224239684,0.06890904559808284,0.31885517900815363
0.5842410762908723,0.6117356213029695,0.5247045209332911,0.5358102970330577,0.48363602506597825,0.3790144819798791,0.5412950548597603,0.5646472728209739,0.5229957747453055,0.4895950592399867,0.5090067964982217,0.48901772510869324,0.48418856172743535,0.5380671671568104,0.5620344468555932,0.4562846539110736,0.5588806589937878,0.3308584958701836,0.317820523312159,0.3987945611195908,0.3118099479270306,0.5316913048470455,0.403108908407894,1.0,0.5747120266003372,0.511454665461988,0.6032843429231199,0.5846384118581103,0.5895547631979996,0.5880331415002532,0.5075570152725204,0.7639486900606507,0.5589665831613313,0.5943488738990578,0.6034164633000983,0.7063536200412677,0.5685642507614886,0.5729721134210641,0.48079668414568577,0.624565878208631,0.5355474147377403,0.49751330523873194,0.48687573818868746,0.5721250438527006,0.6425283542823611,0.5714251202621898,0.6085019869153104,0.5946828514739306,0.6163475619894696,-0.592335417605689,0.06575292722183526,0.06523091308329064,-0.31119179479341347,-0.11835193275748498,-0.10863249415952393,-0.13071340525032063,-0.20071349936668006,-0.0084963702744846,0.2568463307312937,0.5493008277122802,-0.6132268697432618,-0.00854697319802518,0.048541173468957435,-0.3218722519932378,-0.12027407296471608,-0.06716355264109859,-0.17429874756834673,-0.15734698204974062,0.31866887299591345
0.8807873342837315,0.911200814620395,0.8796888194595449,0.8311912970936863,0.8637771967046882,0.7412764850604531,0.8769940054842885,0.9258265943854107,0.8343786606905695,0.8404334358495509,0.9071785440511546,0.7935127552137805,0.8348315030771138,0.8966666247970055,0.8717698492665417,0.7522500509481147,0.78623638044029,0.6221934455011339,0.5728213714429932,0.6222163290888308,0.5917637205786662,0.7419741213745664,0.7678244591712546,0.5747120266003372,1.0,0.7840338761365899,0.9259578001443477,0.8279778032964354,0.8854125542362913,0.8692901416877893,0.7831647843543427,0.5407409695885805,0.914852320877395,0.9129535252515595,0.8908988532108675,0.8891163364592581,0.9152268491487916,0.928910022697801,0.8648661955580265,0.7570446500132527,0.7534196444713095,0.8394206472677107,0.8313716365222193,0.8014478952304185,0.8424291542800533,0.7178908889535522,0.7846135482352886,0.5734236440753772,0.7575569045941731,-0.9058173104584495,0.033833581978365876,-0.3023308465108246,-0.5285353093136864,-0.311243516180951,-0.1947124413826198,-0.356067076354524,-0.36670443838391253,0.28169983244028735,0.34813773106392637,0.7651814903896218,-0.900889262014359,0.14136216709368213,-0.2765175795915493,-0.5587051294413344,-0.27681417224198307,-0.20558954000055907,-0.3376010554140237,0.0730851216504983,0.3745672378571186
0.7476125655988519,0.8466222569959748,0.8034729348694688,0.704751758447622,0.7676214363479259,0.6198511516850256,0.9179312130920066,0.8291648611429092,0.8214976754166866,0.7789487021446848,0.7468296802331053,0.673485088936638,0.6578848492983886,0.7739994431686604,0.76355900876886,0.623779406074957,0.8469586322665129,0.5409662650393664,0.4680794775671307,0.5771980600369366,0.3984507955645308,0.5527538865262603,0.5612635672638107,0.511454665461988,0.7840338761365899,1.0,0.8149552611662663,0.7295565417717667,0.798669106777997,0.7200222219181645,0.5572980351280814,0.5779441325130603,0.7929099320740197,0.8095794990271916,0.7829370845770433,0.8397709574645564,0.8015909539186211,0.8027112821052589,0.7861788873352643,0.6150852708542949,0.7363508892492652,0.8761069537363949,0.8239296736202016,0.7608745193880763,0.7689334094392805,0.7784174398755455,0.6816828327989591,0.45309582938379084,0.6470540282256996,-0.802541652103863,0.10245447627506962,-0.26846175299756825,-0.5237368973289822,-0.24774377107947357,-0.18815112663956465,-0.22955941293544807,-0.23992138871289673,0.21229390659106898,0.39570300582643975,0.6900884073759354,-0.8044467577492098,0.17863677411383166,-0.2882730972691821,-0.5522338365501854,-0.24851203724371718,-0.19821534087181994,-0.2485489831820633,0.01179264079536261,0.34657360086275407
0.9461096731524518,0.9687104141173383,0.9485180709217129,0.9215314694530199,0.893039595778429,0.8423172342911012,0.898602058676037,0.9431738768295913,0.8240750333901208,0.8388012076324893,0.8942589427253057,0.8675436206556236,0.8621793447662444,0.9345221689790157,0.9410645094398334,0.8066204863340959,0.7591832783349777,0.6635765130498492,0.711880832070334,0.7580756104580664,0.6782551440891454,0.7377081255164147,0.7833343358355006,0.6032843429231199,0.9259578001443477,0.8149552611662663,1.0,0.9123568161105949,0.9561459759633784,0.934723067569385,0.819290483931102,0.49395573741187815,0.9608220523941661,0.962778176723725,0.9275720068377078,0.9101702959449586,0.9431721641940938,0.9616138919904685,0.8864681764179133,0.7568681381121772,0.848186874605839,0.8322550161925952,0.8451714354133508,0.814980748380342,0.8842460478917733,0.714692332449099,0.8191122641265848,0.6693445087783955,0.7874643195099477,-0.9701325221118298,0.07440007596667683,-0.21995908579329607,-0.4931327727394159,-0.35006117175154233,-0.2038667933081451,-0.4021422015857473,-0.4589142711201124,0.15439565590058899,0.36605944575549315,0.7987159395077843,-0.9663225323176234,0.1737048182094599,-0.20299647151985148,-0.5179730400086189,-0.31454938912101615,-0.18608168887150187,-0.4684631435203207,-0.06157208367588705,0.4073261287352786
0.9405434523787852,0.9139818602777802,0.9332920192104596,0.909429407062775,0.8417238546937325,0.8476912521498725,0.80167104558574,0.8568935453062658,0.7489331710872017,0.7630226939548213,0.8197414378889301,0.8636690975875122,0.8512620757804514,0.8907043340773679,0.8812665653170026,0.7074710694809312,0.6322571195495624,0.5490847758281687,0.7147532988599975,0.7386080588325755,0.7307805490338253,0.614325013236518,0.7177213528671892,0.5846384118581103,0.8279778032964354,0.7295565417717667,0.9123568161105949,1.0,0.9284342701109161,0.9196425046710768,0.8386987192428234,0.4338187553269266,0.914402930721228,0.8939939502309652,0.869826598609221,0.8277748117087242,0.864807648364287,0.8846013206392259,0.8176034128276887,0.6785270970331422,0.8438130897642018,0.7218488002778284,0.7716783377307735,0.7409525670426806,0.8336714796309008,0.6215377597088437,0.7185842471487399,0.6675232687823455,0.7174298671315125,-0.9199413213064574,0.1115860167106602,-0.13997136885290853,-0.3689084497903149,-0.3058936534004639,-0.15809072370207963,-0.41824284778057597,-0.5375160447656959,0.038038091115457404,0.3123953376407772,0.7374433492327979,-0.924278665465586,0.16748083438191957,-0.10551474609903659,-0.39405108049776477,-0.2585593149834909,-0.12960102995640224,-0.5304784127259387,-0.13912998037677965,0.4086781621278341
0.9423864883878114,0.9588365600309412,0.9469872786140939,0.9170034436651908,0.8774689007040135,0.8512167431301927,0.8668177806681708,0.9113996331411311,0.7964707966689786,0.82014791556692,0.8650486397362704,0.8508924472097281,0.8469234177946219,0.9160232971456382,0.9322050172663551,0.7864775996142892,0.7153390781162219,0.6605292351808022,0.739980164563161,0.7769204995979809,0.66740608099082,0.690607294851595,0.7628988220053915,0.5895547631979996,0.8854125542362913,0.798669106777997,0.9561459759633784,0.9284342701109161,1.0,0.9322307310010517,0.8285105765419188,0.47141595756610843,0.9458107771265345,0.944743506032575,0.915184003469765,0.8815323796213644,0.9271463934338188,0.9340435528068723,0.8793729640629155,0.7087221235573107,0.8626752865383828,0.7939148607024233,0.8386794399841694,0.7856583830497789,0.8676467018251387,0.6784143596315859,0.7868006682403107,0.6420077496914973,0.771970709957777,-0.9594406162043276,0.1143708909559045,-0.15509115825710018,-0.42539656784250784,-0.30703894853265956,-0.16439938683595892,-0.39360929275809636,-0.48371250617790573,0.09577925020940627,0.34564014092067014,0.8016334260539881,-0.9587221942381543,0.18568928780234562,-0.13764802079585456,-0.4432854616351567,-0.2904589363097786,-0.16940038699096371,-0.5031631763117831,-0.09867879624094755,0.4075585658994286
0.950827911142049,0.9255115342799323,0.9346126920704722,0.9450992043064338,0.8375867175518773,0.841841364417148,0.8063675607566732,0.9061908697516509,0.7406966097234071,0.7869937070047931,0.8652029605169728,0.8929733354734133,0.8574176368115296,0.9057888788335894,0.9268197043484083,0.8055919967870757,0.6454893455658094,0.6651270644755669,0.759074148456994,0.7713004623097014,0.7753086739577048,0.7153407736238617,0.7807150186560459,0.5880331415002532,0.8692901416877893,0.7200222219181645,0.934723067569385,0.9196425046710768,0.9322307310010517,1.0,0.8737547741132023,0.40655855643587197,0.9249488638924398,0.924962543111058,0.9214485210334056,0.8673826660008886,0.9061938281435636,0.9213237024164828,0.8511893899374865,0.7597685405304212,0.8021908061667452,0.7265478332860525,0.7839332427631787,0.7849967874864152,0.8570569003483701,0.6159794929265209,0.7604185237233517,0.7253843065523555,0.7496365685531641,-0.9536009909446529,0.08695846665112159,-0.20563949484629504,-0.4722264718135375,-0.3881648833025962,-0.21597456727287367,-0.5057926445942728,-0.5352718199127623,0.0778856841668921,0.36517068182607093,0.7639347835626594,-0.9543214054595397,0.16474002214574285,-0.16974342309916812,-0.4958418019517518,-0.36772025529836483,-0.18704223128613892,-0.5517454609052219,-0.1347698433664406,0.4004172783704731
