0,1,2,3,4,5,6,7,8,9,10,11,12,13,14,15,16,17,18,19,20,21,22,23,24,25,26,27,28,29,30,31,32,33,34,35,36,37,38,39,40,41,42,43,44,45,46,47,48,49,50,51,52,53,54,55,56,57,58,59,60,61,62,63,64,65,66,67,68
1.0,0.9143001146973879,0.8900204090613426,0.9355605297058033,0.8612417632871293,0.8953716412630286,0.8280337466587849,0.9088990688481576,0.8998331876175022,0.8513197684739545,0.8923733800178748,0.8771060172710624,0.8583230018395808,0.8466038921576898,0.8723327723877313,0.8647188744736314,0.780495707623853,0.7951413376182653,0.5199998481348055,0.7874070534270641,0.8960517085866939,0.7571607530657531,0.7437166740663095,0.7274297079748724,0.870205437868932,0.532857419290777,0.9121687385324847,0.9425494900167091,0.9250730057559481,0.9370060187933064,0.873155089609105,0.37689168453854766,0.9181701185335038,0.9074318483006908,0.9240577757838326,0.8755138054656022,0.8903745271560274,0.9209193717694386,0.8813064669261228,0.7306032759850761,0.8434219627586798,0.877601598588594,0.8122365682282184,0.6135662769965088,0.8546967234092612,0.6516300292160063,0.8757312742386529,0.720123587268965,0.4917631770206746,-0.923623350326926,0.6669655023986466,-0.1555089322325818,-0.2671548053920024,-0.09825809002990571,0.17049830271025143,0.30415189035667745,0.08126448489001063,0.17597286053772612,0.5112503944346801,0.7497297980106226,-0.9306171683632554,0.6142919066582038,-0.22518921442180057,-0.4673294317758352,-0.09210523606083708,0.21286610386081467,0.1412391472423407,0.16612949666946839,0.45797212721531017
0.9143001146973879,1.0,0.8613560546049509,0.923782046409262,0.8438500765459788,0.9177713322846054,0.9079555464907454,0.9451247465506668,0.9527690203082999,0.9139855732215408,0.9168093142519657,0.8543760683667186,0.9066049922732486,0.880557242945196,0.8996728382289765,0.9155344989692492,0.8698314464469318,0.8839483944541412,0.6151867855111443,0.8600857441007781,0.8731367337463101,0.8256311448009905,0.8688414619375318,0.8273976425162448,0.8531829164556728,0.634178219605179,0.9492130966759217,0.8872200335896339,0.9631430862564411,0.9442065509859031,0.8918378867903973,0.5217582961087137,0.9486726694588522,0.9482686978927742,0.9602183109570651,0.9492557556470629,0.9398710822142128,0.9618731374289092,0.9518042707999366,0.799547444090662,0.9020124875339669,0.959058431289217,0.8950671562798442,0.7169641970037292,0.8978794575291253,0.7236550981225683,0.9011401752938915,0.8056919596574412,0.5183953815107009,-0.9661357008736045,0.6484190376194602,-0.1330437403174946,-0.322916173533077,-0.01978309358953474,0.16121635614467447,0.3760652902352402,0.06172308981426606,0.2361176523339638,0.5407801608462104,0.7410377320517127,-0.9711333078616264,0.6135809648770814,-0.2135225419389241,-0.525745643792529,-0.02682568281171348,0.2076900008293632,0.16827025680679572,0.18971863968882033,0.5012721413074512
0.8900204090613426,0.8613560546049509,1.0,0.9113957304032547,0.7721669583756555,0.8161564973388401,0.8740422227481044,0.8431254452538591,0.8269852946872457,0.8209217736250768,0.8226955694949949,0.7707102659869214,0.7973732891989919,0.7490390739336807,0.8198004648238347,0.7972434113145007,0.8193556199986891,0.7994573350327416,0.5491307286706814,0.8040463187497361,0.8218764121516631,0.7644943749731735,0.7058133034246121,0.6964583077434969,0.7698048824297203,0.7070820133268859,0.854811958294533,0.8702756136810006,0.8921414871778042,0.8652059577919633,0.7962620659837747,0.46137399529542233,0.8394762536433181,0.8504558108647452,0.8543896509747712,0.8400448167677121,0.8187311483047726,0.8639918150058893,0.8335334079246209,0.6853309178974958,0.808680756837978,0.8320905727743755,0.831054548795314,0.5714282217381402,0.8205410170503934,0.5970474169920588,0.819545282128293,0.6646650856535917,0.47699957555223527,-0.8852677044322542,0.6615563993546653,-0.20270819689564573,-0.3675119118970286,-0.18638083105669503,0.1403313278017936,0.1252381138636497,-0.09375410714292397,0.11690288970690844,0.36791720601001565,0.7515049808598808,-0.898065727582545,0.6010301111711395,-0.2669268280740274,-0.4812787869902806,-0.12656879682877223,0.1650911728124283,0.004396246565854514,0.05962660415184172,0.3817679261129936
0.9355605297058033,0.923782046409262,0.9113957304032547,1.0,0.8159984412533385,0.8823161236865577,0.8536759763407357,0.9053852409254394,0.9114380232031212,0.8587011231516272,0.8808175193719939,0.8477948628484983,0.8728328140129631,0.842140249321598,0.8700995442304199,0.887607087977635,0.8017592753781568,0.8525699655462624,0.5410369932299557,0.8562910929488842,0.88971898552312,0.8081249345492374,0.7651989932888826,0.7628481263022937,0.8239282071334186,0.5828499363717372,0.9163971061470566,0.9050971125211619,0.9221904112591932,0.9287588968107758,0.8850172610369816,0.42856521622180954,0.9015088264283121,0.9104775015280385,0.9267335088990392,0.902117344056284,0.9065053777258669,0.9289633069479643,0.8901757349142091,0.7594217601367468,0.8638337850524583,0.8786134558006939,0.8244852188720287,0.6099993731505648,0.8612425489834108,0.6460935122602471,0.874051909587285,0.7424352608986797,0.4934668804209239,-0.9393349595670246,0.6848689058339349,-0.14336139722137628,-0.3232692829230731,-0.12919825986310246,0.17443114199617957,0.3125755259317334,0.02327498173037541,0.15434922658904338,0.45723043235764044,0.7301145744608911,-0.9392094347038067,0.6258978562353179,-0.20290708947242614,-0.5129962031221603,-0.10432966751934451,0.21178053862400267,0.11611294315572146,0.09162508003723976,0.427340952203584
0.8612417632871293,0.8438500765459788,0.7721669583756555,0.8159984412533385,1.0,0.8645811725471741,0.7194738046858397,0.8962900744491031,0.8475738859602892,0.8244742651440935,0.8983638135830657,0.9153862833953419,0.8750839537992391,0.8714524214215642,0.7924193774490508,0.8064021021552668,0.6838762090230149,0.7331949329727747,0.311056092436202,0.7200988167091359,0.8780939277798622,0.6532431284527866,0.7127983446556666,0.7145597558592724,0.8250803321084915,0.36585860166581247,0.8476162774060093,0.8426562657824028,0.8169712888756925,0.8902746377272169,0.7914864242793735,0.3014924894309092,0.9087671707078241,0.8690713549364705,0.8667198892836316,0.8209207658352907,0.8680305680259135,0.8720926598367726,0.8434351534249503,0.7230116428287259,0.7408700832652486,0.8108491738718362,0.7272893804711115,0.5188421509090966,0.8046479815095573,0.5560290720267339,0.8346665704358656,0.7596336831484126,0.3004481986126109,-0.8559556679965025,0.6352302802300391,-0.0800719883643169,-0.16749324780203287,-0.0068890482876437205,0.2271101906341418,0.4542885374805937,0.20436197275064932,0.2814058395739999,0.5480769985473549,0.6983870615206271,-0.8505560100867045,0.6377058436019702,-0.17915562841919644,-0.4651059739387488,-0.044655754010443444,0.20957459554152655,0.2992960021306178,0.17904351576702396,0.5228892511620028
0.8953716412630286,0.9177713322846054,0.8161564973388401,0.8823161236865577,0.8645811725471741,1.0,0.8301609658245873,0.899058671515625,0.9058170886736214,0.8632317203059701,0.86376477005939,0.8328736440386806,0.8773075727121339,0.8402806662551495,0.8324484384537961,0.8673851095487944,0.7601041958077502,0.830080591828873,0.6130891202696848,0.8602419310527385,0.8525822410716302,0.7470195470987478,0.8082719102500643,0.786174443336132,0.7950532115990007,0.5441524103414405,0.8946847130368116,0.8556152553180798,0.9050262489544817,0.8856456926648286,0.8146462224655062,0.4448675648867366,0.920334948270838,0.8872146465257175,0.8939995490125,0.8740721127339437,0.8862214452376388,0.8997209137773184,0.8741677339140903,0.7560019214373742,0.8778574879256646,0.8869268337327143,0.8079794689356846,0.6625805675898768,0.8604015098340796,0.660875840976733,0.8220602109496161,0.7773963036977674,0.43629308631784686,-0.9112265082707055,0.6193038759459053,-0.08207467382702774,-0.241372332478699,0.0032084368202040846,0.16178058070623164,0.3756642835431291,0.007053664830559398,0.21620081048902162,0.5299630668634775,0.7063911808855852,-0.904384443603909,0.5760916643919911,-0.1604412776000452,-0.42835101611073223,-0.03052196837511645,0.24178505723524565,0.12263864454774007,0.14879305311143443,0.4591681805400795
0.8280337466587849,0.9079555464907454,0.8740422227481044,0.8536759763407357,0.7194738046858397,0.8301609658245873,1.0,0.839284589422379,0.8698402606844142,0.8454985843573531,0.8072008390189588,0.6976221290202906,0.7815189399301695,0.7504309134330892,0.8392445678264902,0.8100893256776732,0.9486687978523427,0.8774550922453291,0.6811054486727093,0.8212811920397057,0.7350631441867034,0.8027739916477163,0.8198018585773,0.7363999473666195,0.7441165464979372,0.8161870590925956,0.8599605857580532,0.7870125514883343,0.9139052511280565,0.8268625643112584,0.7816417236083358,0.6073672692994593,0.8386987599045217,0.8551305437056949,0.865445187143006,0.8732230856045042,0.8353695095275041,0.8735514840188853,0.8792108970451326,0.704326056514107,0.8335216710529093,0.9137712555950542,0.9128530891233388,0.6643842811426792,0.8374276810499315,0.7118477599152929,0.8000325555311082,0.6875118822444661,0.48145738164010937,-0.8986741230353129,0.6021116136773169,-0.19138667813811633,-0.3799786473928135,-0.0590591503303105,0.09705647328784353,0.2024774266184089,-0.14388215562971587,0.13672688677187123,0.38665261787302374,0.7363510862956731,-0.9037924236317393,0.558003693923398,-0.24782300643204896,-0.4668402959680832,-0.006241070724766009,0.15012657877764723,-0.02830073536590221,0.07936139567121127,0.38808727137950805
0.9088990688481576,0.9451247465506668,0.8431254452538591,0.9053852409254394,0.8962900744491031,0.899058671515625,0.839284589422379,1.0,0.9420641650562097,0.906365588777502,0.9650084189785053,0.9197208953333964,0.9154214460923347,0.9471547671091812,0.9054990151738395,0.9149539305172042,0.8042280569856476,0.8564135298234685,0.45378473855363455,0.8205571506316045,0.9028438102946106,0.7759988749809659,0.8353939582573179,0.8231786343289512,0.8862523024856442,0.5102418598885757,0.9480863868335272,0.8855494074701304,0.914067629950276,0.9528494533713839,0.8861141269777417,0.44315656656500796,0.9730797505198748,0.9701008612679513,0.956294318403918,0.9357973521950605,0.9650933971359932,0.9702589703611434,0.9467242267573179,0.8252211633578383,0.8618289539572302,0.9153600450173789,0.8438351847651206,0.6623009279428411,0.8926462165859445,0.6655764985698529,0.9229105282048683,0.8443648619480087,0.4545172444684722,-0.9604718186981194,0.6633833537053649,-0.19057213139538018,-0.30874492880216287,-0.07908073817389112,0.21314360107091487,0.4396017914672674,0.20185436576624222,0.32313514848091496,0.6165159844068399,0.75493447640045,-0.9518007644618584,0.6587488672904278,-0.2774207118037833,-0.572121032363495,-0.10125697920296611,0.2081120389104805,0.29228068925185396,0.21621541672073732,0.5662586055464256
0.8998331876175022,0.9527690203082999,0.8269852946872457,0.9114380232031212,0.8475738859602892,0.9058170886736214,0.8698402606844142,0.9420641650562097,1.0,0.8894711371020935,0.9181352172104987,0.8575965937406309,0.8868715474159632,0.8952826056168401,0.8704706682147098,0.9037895256061198,0.8374359281505991,0.8768988960211492,0.5307154384311559,0.8351006360910972,0.8652573133538501,0.7954430163274513,0.8435407551797345,0.8018714478914477,0.8414974616958619,0.5530649087667263,0.936843069421824,0.8665276697844022,0.9178210824468548,0.9242690020339275,0.8749100417128552,0.4561858300934316,0.9374082422607164,0.9300390888912314,0.9472256330730155,0.9212357524396152,0.9438416695467552,0.947075833246482,0.9342930026207573,0.7882419843546271,0.8748055287656953,0.9288111462499262,0.8439221682681591,0.6419103711842371,0.8754156064556972,0.6746396477667339,0.886172003960997,0.7928221240487423,0.45144081668696795,-0.950902207198292,0.6414268314419893,-0.12742109360410855,-0.29315175665885185,-0.027517746765624074,0.2019318513796985,0.43755358359172325,0.09470885691961517,0.24385711023211318,0.5563728095563627,0.7451669918850038,-0.9388430578695357,0.6282398697476971,-0.19483310268794293,-0.5086486685976552,-0.04190858596901877,0.2256019091951015,0.21775673178265834,0.16270832117817433,0.5181049647040097
0.8513197684739545,0.9139855732215408,0.8209217736250768,0.8587011231516272,0.8244742651440935,0.8632317203059701,0.8454985843573531,0.906365588777502,0.8894711371020935,1.0,0.8881183786756072,0.8219471749439038,0.9108703372264887,0.8241532133780041,0.7809954669408057,0.8255542287018954,0.812401708300004,0.7839935627766704,0.5023165539344532,0.830381775613446,0.8402621709360323,0.759110957949511,0.8113869296254649,0.7699282918958205,0.8154176647424385,0.5708625044748412,0.8829615803066815,0.8521492728393826,0.8873621881362174,0.892249402596504,0.8281851339269399,0.5041544148230096,0.8962762658073932,0.8780169662878295,0.8945050155419891,0.8797726412309272,0.8792837020489959,0.8970201125749504,0.8927474716334558,0.7310481289116301,0.8359719225497657,0.9012176248571337,0.8598914376551763,0.7541006096562092,0.895054878199826,0.7326769062556355,0.8679004683955585,0.7428363569018707,0.4875119052143116,-0.8939863733556798,0.5854486286161481,-0.19488500241497347,-0.2868073597523871,-0.035676797958528586,0.11002139614464876,0.3273792404426614,0.13182770384192424,0.33007289868731676,0.5730102375195734,0.6956620268151376,-0.9050703906550231,0.5897062824540253,-0.26261376314571955,-0.5294079758929103,-0.03542297557143075,0.15815127751863492,0.23524301344799964,0.24243969372418284,0.582361364122984
0.8923733800178748,0.9168093142519657,0.8226955694949949,0.8808175193719939,0.8983638135830657,0.86376477005939,0.8072008390189588,0.9650084189785053,0.9181352172104987,0.8881183786756072,1.0,0.9166724199459719,0.9025121014001214,0.931961741531604,0.8612307259079343,0.8869802040143353,0.7836336588573274,0.819363722515894,0.39615101170827255,0.7740840503142766,0.904980769069623,0.762934141693347,0.8145720142500827,0.801748799888491,0.8672703281143728,0.471922433670591,0.923781927024382,0.8741823023475863,0.8822220768777979,0.9430255917861906,0.8770858767115417,0.4021430794302333,0.9461295063086022,0.94094736359215,0.938905286248025,0.9167863349295082,0.9502781851803656,0.9488734630938832,0.9338089126214757,0.8075660111690667,0.8236127851192818,0.8890011378492039,0.8221544157150277,0.6210312675185572,0.870416387792234,0.6390675319226079,0.9153484448011585,0.816179779659069,0.4146309686502845,-0.9338334787010908,0.6520939660826075,-0.13668184714357876,-0.2702694742735944,-0.051400672771302086,0.22007674431025082,0.45571323711297185,0.22331092069767852,0.33554919708669056,0.6114415510240513,0.7488775648723994,-0.9236135486165385,0.6527679114399162,-0.23082903370093705,-0.5383507680156607,-0.06772106645166748,0.22069881670630234,0.3325047073169415,0.21183515676311024,0.5716263629224042
0.8771060172710624,0.8543760683667186,0.7707102659869214,0.8477948628484983,0.9153862833953419,0.8328736440386806,0.6976221290202906,0.9197208953333964,0.8575965937406309,0.8219471749439038,0.9166724199459719,1.0,0.8890520512929235,0.8960495058488867,0.8450077833203775,0.8504879027992881,0.6677562853832979,0.7358728116245272,0.283897423428976,0.7232227453832698,0.9144586957812411,0.6654261260860215,0.7299362035870054,0.7371478768557913,0.854959433349267,0.3331805304184809,0.8718671801673035,0.8563250688523324,0.8187672322675698,0.9187640808907809,0.8303049917092377,0.275943615456501,0.9190553166988596,0.8971106452989828,0.8870661466630514,0.8504874624359495,0.8870950991048953,0.896178845991648,0.8648950075397466,0.7646883554952795,0.7447262941685187,0.8097386187761854,0.7165561506843927,0.5545663586986992,0.8170617451506633,0.5945170695400209,0.8723531476464684,0.7862660704387643,0.3498010420499364,-0.8717261395478367,0.6690506732684517,-0.11779864201840874,-0.21300049704190938,-0.017812924937320698,0.22975814970965877,0.45141648556663044,0.2795868037729559,0.28328227667223704,0.5691334925719582,0.6599262109210071,-0.8750920208751022,0.6271032160253046,-0.22710964441891254,-0.5123031507070429,-0.09274553728925132,0.19123250256267496,0.3388608277094833,0.2000712268529471,0.5101242469651651
0.8583230018395808,0.9066049922732486,0.7973732891989919,0.8728328140129631,0.8750839537992391,0.8773075727121339,0.7815189399301695,0.9154214460923347,0.8868715474159632,0.9108703372264887,0.9025121014001214,0.8890520512929235,1.0,0.8564441061646973,0.8036085356934507,0.8589951729341613,0.7434909249483491,0.7815025168901197,0.44612025469578986,0.80980359498085,0.8843347055909214,0.7436003286217113,0.8061431769693859,0.7860359236499975,0.8301669729784653,0.4649760775610066,0.9003017786921971,0.8365124151721343,0.8684616897988058,0.9173582292721888,0.8349586037831914,0.39950320095328357,0.9168671046145649,0.8887585543922647,0.9015976546409841,0.899442909602348,0.9033305289634144,0.9099042582230693,0.8859281462326389,0.7675328927783198,0.802227830127605,0.8703310611705346,0.8074323715584819,0.6843626081106239,0.8580476736352388,0.6574399839015068,0.8896980735019228,0.7975566154060396,0.4166680260578291,-0.9008247814694316,0.6330372515118254,-0.11343251880961655,-0.2770269704803133,-0.035808927439455275,0.14497256301235711,0.39810614713650844,0.1663415737476626,0.3377535355954205,0.5598859872847421,0.6790971384171157,-0.9009129477361849,0.596838123622872,-0.18083962466247988,-0.5330170508957324,-0.0350716520268662,0.20504015754108113,0.29914046017873336,0.22529959632013036,0.5629876780426551
0.8466038921576898,0.880557242945196,0.7490390739336807,0.842140249321598,0.8714524214215642,0.8402806662551495,0.7504309134330892,0.9471547671091812,0.8952826056168401,0.8241532133780041,0.931961741531604,0.8960495058488867,0.8564441061646973,1.0,0.8763353028003221,0.8736453569100032,0.7272920615751555,0.8197310622697761,0.32978667489834773,0.7584049400131598,0.8659553685479384,0.6767791322296061,0.7835785645237263,0.7819831601016866,0.8367675683897179,0.3731824065996539,0.904712407027875,0.8197516491879461,0.8332816549224252,0.8984712802455134,0.8241251065773089,0.35292694810043496,0.9355067024637387,0.9347032086412735,0.9018449975986484,0.8800958561408847,0.9484415345320896,0.9297893904062543,0.8924372455714861,0.7936150156526656,0.7958115774237046,0.8450849742705158,0.7536330749589739,0.5528224965465651,0.8224629971362664,0.5818884711837625,0.8683818332585708,0.8322437003357528,0.37427666929551434,-0.9096094425583838,0.6473817092042661,-0.17003488288428922,-0.26739550739887546,-0.054482552529933385,0.2610385045562464,0.550186728776416,0.2611159999184234,0.32969514312590026,0.6260581113080883,0.7211183432653624,-0.880614074297504,0.6544720724151423,-0.2503822059541256,-0.5480570554950017,-0.08089426457295129,0.21477386446132238,0.3558551167339469,0.1853242655296772,0.557305070902857
0.8723327723877313,0.8996728382289765,0.8198004648238347,0.8700995442304199,0.7924193774490508,0.8324484384537961,0.8392445678264902,0.9054990151738395,0.8704706682147098,0.7809954669408057,0.8612307259079343,0.8450077833203775,0.8036085356934507,0.8763353028003221,1.0,0.8982810101292645,0.7980982521747837,0.8451434892940182,0.5121001676131454,0.7696583755664876,0.8198224558831431,0.724329986739308,0.765962438260706,0.7558829502254995,0.8457349742281608,0.5712656584143445,0.8962748241852663,0.8274842249160824,0.8940764225138823,0.8863331519294154,0.82368169660614,0.45352257544210856,0.915269133965948,0.9398009938254351,0.9034046047073521,0.882448224746954,0.8894646759693874,0.9244369838390947,0.8843249470894302,0.7706808149778023,0.8254807313568749,0.872870588741086,0.7935957845932596,0.6061042446080562,0.8258161926821167,0.6825316142837972,0.8547044097362272,0.7781128148764478,0.5117827740477233,-0.9208536146451284,0.6998371534904249,-0.21116030147316625,-0.35031703985210366,-0.0902517293187614,0.20927268604653904,0.33796932341867336,0.11381452774989977,0.14508971260500772,0.5093275224660988,0.7118606548860845,-0.9182623379081467,0.6619339690340061,-0.30412943637319273,-0.5664812230696022,-0.12797951575195862,0.17094537666219672,0.14858007171348128,0.1501051907449038,0.42753120147594026
0.8647188744736314,0.9155344989692492,0.7972434113145007,0.887607087977635,0.8064021021552668,0.8673851095487944,0.8100893256776732,0.9149539305172042,0.9037895256061198,0.8255542287018954,0.8869802040143353,0.8504879027992881,0.8589951729341613,0.8736453569100032,0.8982810101292645,1.0,0.7505889235356634,0.8617679848136851,0.5346536499808674,0.7975011938255265,0.8283934668654426,0.7955026384310957,0.8063299389855006,0.7934593276566246,0.82820003038848,0.5149630227514094,0.9145851151826504,0.8413863510804929,0.8883392757573965,0.908288016594884,0.8677804293820081,0.4390957207281706,0.9180659252834334,0.9191604018082801,0.9313751887770694,0.8984465491253266,0.9203545048970533,0.9359412610345114,0.9083242848388474,0.7967659524325017,0.8545636054447535,0.8770554161131648,0.7818530423767951,0.6251993632286323,0.8350622906113417,0.6517750259757285,0.8751871934987038,0.794058119688591,0.49008931482211177,-0.9277655129930968,0.6877840875545297,-0.1648674804428562,-0.3502452289322184,-0.09303479192965756,0.21579488947244527,0.3957525360234141,0.13952031009674407,0.23833374406470406,0.5634646610661436,0.6793665116014915,-0.9219048427870987,0.6270208973205265,-0.23267286941062756,-0.5716752746998025,-0.13310572163380593,0.2156622711084157,0.2290928870636718,0.12478485176667298,0.5074118951359098
0.780495707623853,0.8698314464469318,0.8193556199986891,0.8017592753781568,0.6838762090230149,0.7601041958077502,0.9486687978523427,0.8042280569856476,0.8374359281505991,0.812401708300004,0.7836336588573274,0.6677562853832979,0.7434909249483491,0.7272920615751555,0.7980982521747837,0.7505889235356634,1.0,0.8410552409971207,0.6094792673384353,0.7553421271448769,0.699608753989101,0.7502322161666062,0.7927878384001575,0.678632009173676,0.7155381718142728,0.7833741274762562,0.8205723425376634,0.7451316110500531,0.8675665707742424,0.7924660276004355,0.7426930013124733,0.5766264216276888,0.7952806890773659,0.8191075038431617,0.829257637571952,0.8365901962755141,0.8029596303938724,0.8382244081044509,0.8456935471030297,0.6449842895489065,0.7724286284021342,0.8964158782199224,0.900282348521249,0.628617680442467,0.7960393024344985,0.6954865367939801,0.7759641292280631,0.6290447714244244,0.4468879406178874,-0.8579946686661291,0.5489037729522046,-0.19100838661736133,-0.3712775524488471,-0.06777694001267441,0.08179586541490833,0.2135260022032204,-0.12181161256730041,0.152502637641058,0.3466261502899933,0.7055564255698993,-0.8610469003166795,0.5525907853731757,-0.26256269951468575,-0.45841253969567713,-0.00649383034757391,0.15024328129172154,0.007899890003015117,0.10307119914506885,0.34589092851525666
0.7951413376182653,0.8839483944541412,0.7994573350327416,0.8525699655462624,0.7331949329727747,0.830080591828873,0.8774550922453291,0.8564135298234685,0.8768988960211492,0.7839935627766704,0.819363722515894,0.7358728116245272,0.7815025168901197,0.8197310622697761,0.8451434892940182,0.8617679848136851,0.8410552409971207,1.0,0.6392035383027436,0.79014253841788,0.7188726698570311,0.8081615928013238,0.859751253648448,0.7495533694999834,0.7349586989330996,0.6490483009925708,0.8590159942478368,0.7398405126895828,0.8572496813777675,0.8250636852869432,0.7904078571416726,0.4343596468542499,0.8536924418377514,0.8637400080636277,0.8687699463479531,0.8700452854590948,0.8754781894413509,0.8806533948046336,0.8725215042765373,0.7535796296818784,0.818417035020078,0.8659560708602669,0.8123815979610581,0.5652969180280202,0.7983071740935397,0.5963315858345994,0.8170976385445033,0.772575343390382,0.3876914686848928,-0.9017723588346802,0.592379166683757,-0.1248391342685905,-0.3836336160337081,-0.08713595195341509,0.19773217117410347,0.35682321232053815,-0.04580118360340742,0.16165209245406656,0.4534336275881318,0.7275264999205076,-0.8782806511551465,0.5653595321473878,-0.2145144635460948,-0.4903384787536905,-0.05957374785270039,0.2218093122950889,0.09521729284657883,0.016001202488098547,0.39225968650778603
0.5199998481348055,0.6151867855111443,0.5491307286706814,0.5410369932299557,0.311056092436202,0.6130891202696848,0.6811054486727093,0.45378473855363455,0.5307154384311559,0.5023165539344532,0.39615101170827255,0.283897423428976,0.44612025469578986,0.32978667489834773,0.5121001676131454,0.5346536499808674,0.6094792673384353,0.6392035383027436,1.0,0.5746744038206002,0.3789084415473799,0.6495218189332086,0.642261985738604,0.48777572995102025,0.3947290718709159,0.7224289821247526,0.5274836289061853,0.48097759645452687,0.6449167209491198,0.4744463474284075,0.50914702648891,0.47805525135848526,0.4862806793425612,0.48927884042592806,0.5282406496612235,0.5547523515957968,0.4612794886178169,0.5195119404656159,0.5251687905029624,0.4356315932166545,0.6509486422674747,0.6416289272940086,0.6466626744901984,0.5836985012546697,0.5140563706500514,0.4789409079684922,0.4381645278442207,0.41868989686444597,0.4345828760348505,-0.5689709889238536,0.2535506973303868,-0.03776739549146387,-0.3334678011868063,-0.02153266738362491,-0.04512793966784905,-0.06758765075410796,-0.3468676906238387,0.041693734042815046,0.17639045737814563,0.3939456692816155,-0.5913405895981667,0.14284851568133508,-0.0785427664972411,-0.21560445261627878,0.017332168916024966,0.10623023187322807,-0.2567146440288378,0.043097344801107725,0.15286363691822322
0.7874070534270641,0.8600857441007781,0.8040463187497361,0.8562910929488842,0.7200988167091359,0.8602419310527385,0.8212811920397057,0.8205571506316045,0.8351006360910972,0.830381775613446,0.7740840503142766,0.7232227453832698,0.80980359498085,0.7584049400131598,0.7696583755664876,0.7975011938255265,0.7553421271448769,0.79014253841788,0.5746744038206002,1.0,0.7765788676162995,0.7522765167218006,0.7752967922614725,0.7827906280292422,0.6819417288571684,0.5804622543513874,0.8306316046523856,0.7775232959098115,0.860948328697619,0.8113163591591183,0.7669780741062381,0.5948073297886636,0.8206490014363487,0.8139336639184858,0.8098668643261511,0.8357058129930383,0.8149725661373118,0.8359264504466329,0.8262628980980076,0.7240968198271613,0.8243691390083051,0.810288955402396,0.7918594914195966,0.6667979591205524,0.8132333920472965,0.6606907182964558,0.7204165012178061,0.7236883097296819,0.4043670967314863,-0.8496925943041453,0.6187311240973257,-0.1180880911293784,-0.3004548503464324,-0.06975395827440853,0.11329781692391362,0.28541990867382677,-0.0851276274381951,0.1841887464054478,0.4220177699975263,0.6353411171448973,-0.851231486574901,0.529434733829747,-0.15603748186258704,-0.4289611681902622,-0.06837411978201974,0.18614557942011858,0.03611928121980805,0.08659558125753077,0.42212872290655623
0.8960517085866939,0.8731367337463101,0.8218764121516631,0.88971898552312,0.8780939277798622,0.8525822410716302,0.7350631441867034,0.9028438102946106,0.8652573133538501,0.8402621709360323,0.904980769069623,0.9144586957812411,0.8843347055909214,0.8659553685479384,0.8198224558831431,0.8283934668654426,0.699608753989101,0.7188726698570311,0.3789084415473799,0.7765788676162995,1.0,0.713179383275731,0.7144293494615447,0.7345671834228643,0.8251052403353003,0.41135086225021966,0.8746647692674139,0.8910539672046296,0.8523740649719073,0.9264750046242342,0.8666554298297933,0.3520732479485872,0.9004226106838623,0.8900887154887093,0.8945813173120304,0.8538848599874576,0.8829909101636922,0.8901575257806903,0.8560081388563934,0.7217008554851669,0.8115182236998093,0.8348692353447915,0.7584579984902419,0.5733723713875778,0.8367881971215421,0.592019350783255,0.8620269649250483,0.7435815975852517,0.4230003227962591,-0.8881468062690014,0.6408506332748245,-0.09408550016412082,-0.19935508259958987,-0.03453984432572843,0.20426175928725862,0.4183861989031021,0.18419267295811315,0.24766615192361485,0.5329805341429261,0.6692478845103178,-0.8866221408678765,0.6287101740503147,-0.18603163107106735,-0.49223419431390625,-0.05562358344049153,0.19884398948717094,0.26240577621043076,0.16878957057407204,0.4879928102789483
0.7571607530657531,0.8256311448009905,0.7644943749731735,0.8081249345492374,0.6532431284527866,0.7470195470987478,0.8027739916477163,0.7759988749809659,0.7954430163274513,0.759110957949511,0.762934141693347,0.6654261260860215,0.7436003286217113,0.6767791322296061,0.724329986739308,0.7955026384310957,0.7502322161666062,0.8081615928013238,0.6495218189332086,0.7522765167218006,0.713179383275731,1.0,0.8287887837292193,0.7841512861827244,0.6997382271293504,0.6273184736612593,0.7883012259989727,0.7405835798251111,0.8086329297056531,0.7979854850042225,0.8528759901793631,0.5854058868928589,0.7621142553920506,0.786891457303743,0.8145626101380284,0.8468664824148645,0.7816597771572968,0.8156995703663582,0.8383261732421743,0.7816779063852843,0.7912724254700962,0.8126257396028288,0.8168171201724851,0.5423820012587373,0.7681358925137651,0.5302451506193487,0.7553366510469487,0.7152655276890313,0.35828623799549997,-0.8311120412987747,0.4917057432206517,-0.01878809124320909,-0.2963645820961178,-0.09048906514801976,0.1484350314200739,0.27929033898670064,-0.05870043864898291,0.189137166194607,0.3937605605486293,0.6342612478719827,-0.8383330356000718,0.4524482658085544,-0.08859269571002548,-0.42363074072549367,-0.022351833495520952,0.18098668104470814,0.04573703358624004,0.13012956569849135,0.40350640346810857
0.7437166740663095,0.8688414619375318,0.7058133034246121,0.7651989932888826,0.7127983446556666,0.8082719102500643,0.8198018585773,0.8353939582573179,0.8435407551797345,0.8113869296254649,0.8145720142500827,0.7299362035870054,0.8061431769693859,0.7835785645237263,0.765962438260706,0.8063299389855006,0.7927878384001575,0.859751253648448,0.642261985738604,0.7752967922614725,0.7144293494615447,0.8287887837292193,1.0,0.8136066793569344,0.6999092146399838,0.5793567498455856,0.8215223418430596,0.6953043608474916,0.8263995059172119,0.8026906167834154,0.7598218428463488,0.5038851233172624,0.8294931557793663,0.8211133689862029,0.8246842418975099,0.874904864990965,0.8398104170908071,0.8483628956171978,0.8843823213012808,0.8434214003073921,0.7793732232173236,0.864825778488634,0.83184752876785,0.6449462949903585,0.7996640981462247,0.5957241124844953,0.7910230799261341,0.8435281998142967,0.31778483828000686,-0.8527519779326225,0.489618723172708,-0.056091863712213544,-0.3276789183877618,0.012474983529574851,0.15067044688638506,0.36313851438179634,0.008662890739296165,0.294749728201883,0.4901961751844733,0.6522661014704876,-0.8472217126350976,0.4344676403496438,-0.15409421700485176,-0.45394030406702573,0.027437726720554476,0.21461363791319382,0.13294675068823691,0.16960118543671976,0.5018690921961447
0.7274297079748724,0.8273976425162448,0.6964583077434969,0.7628481263022937,0.7145597558592724,0.786174443336132,0.7363999473666195,0.8231786343289512,0.8018714478914477,0.7699282918958205,0.801748799888491,0.7371478768557913,0.7860359236499975,0.7819831601016866,0.7558829502254995,0.7934593276566246,0.678632009173676,0.7495533694999834,0.48777572995102025,0.7827906280292422,0.7345671834228643,0.7841512861827244,0.8136066793569344,1.0,0.7086585530521123,0.4907154485353895,0.8089531847385293,0.7150100041442095,0.7966834133563504,0.7976172281056498,0.776804751517432,0.6524567465728993,0.82143727101641,0.8196428229366722,0.8087435919047418,0.8996548084946596,0.8241405643816141,0.8303420680127457,0.8560816496193497,0.8864030961777685,0.7739861305609747,0.7800115084685554,0.7564370568837171,0.5850445616569437,0.7591600802090266,0.5270729926180916,0.7399742407896588,0.8563014057475798,0.38345425046478027,-0.8249553059960674,0.4985240481536377,-0.053676781821480224,-0.22900268436854637,-0.021698186977432497,0.2381402753859424,0.3994932049081207,0.0951291099395239,0.29900523335577245,0.4690909826849155,0.6117359755307145,-0.8272730036972782,0.49530310311056364,-0.1242535060373085,-0.4457357575373823,-0.052445906806419584,0.2058244008818337,0.18518090130389556,0.19202166997673353,0.4987053087203335
0.870205437868932,0.8531829164556728,0.7698048824297203,0.8239282071334186,0.8250803321084915,0.7950532115990007,0.7441165464979372,0.8862523024856442,0.8414974616958619,0.8154176647424385,0.8672703281143728,0.854959433349267,0.8301669729784653,0.8367675683897179,0.8457349742281608,0.82820003038848,0.7155381718142728,0.7349586989330996,0.3947290718709159,0.6819417288571684,0.8251052403353003,0.6997382271293504,0.6999092146399838,0.7086585530521123,1.0,0.4036853953405676,0.9041842206128016,0.8401659049686655,0.8383920334963061,0.8913929822797539,0.8508170872353084,0.3770842964492381,0.9034630231156338,0.8871250591965852,0.8868578453444533,0.8357126031919189,0.8664426289174044,0.879355383064615,0.8454134857900822,0.6971970473671294,0.7252522323246537,0.8239520242074264,0.7543328168728527,0.647902066482427,0.8040943639334471,0.6920780986381094,0.8396333709247599,0.7060741161016597,0.46977395396605043,-0.8603963576511271,0.6012556825531103,-0.15663478223043023,-0.2751138989500945,-0.09983371809088189,0.18556871659428686,0.3383820004732551,0.2568864467074373,0.2845998646687972,0.5695935828442018,0.6639997656116284,-0.8754961028859435,0.5910226928175967,-0.24722483320044134,-0.5692211667595813,-0.16495838301198415,0.1732752159775577,0.2928531666134483,0.23659079228611443,0.507931690859826
0.532857419290777,0.634178219605179,0.7070820133268859,0.5828499363717372,0.36585860166581247,0.5441524103414405,0.8161870590925956,0.5102418598885757,0.5530649087667263,0.5708625044748412,0.471922433670591,0.3331805304184809,0.4649760775610066,0.3731824065996539,0.5712656584143445,0.5149630227514094,0.7833741274762562,0.6490483009925708,0.7224289821247526,0.5804622543513874,0.41135086225021966,0.6273184736612593,0.5793567498455856,0.4907154485353895,0.4036853953405676,1.0,0.5377571118311184,0.5159617241290245,0.6755908706521488,0.5160091252588952,0.49645809855499407,0.5668823638497975,0.5049478546899399,0.547067175603842,0.5624930626586259,0.5964380760534048,0.4905311016815416,0.5684270221890013,0.5836483987226829,0.4570433089323553,0.6505833452161907,0.6802715809166923,0.7622756841034644,0.5052611806316709,0.5709249742937579,0.4972383845517204,0.5125876776489728,0.39977543863861864,0.4612272114883174,-0.6105993037965161,0.38310871434477595,-0.15195855516396714,-0.3415866369670035,-0.03588072389201851,-0.04071584584664386,-0.10471235278565948,-0.35964829494196365,-0.020231948933125313,0.07691670042590827,0.5190417428818905,-0.640147047833856,0.3294127519005429,-0.21731675715843224,-0.25829664398496216,0.06061578410764885,0.05999897960299628,-0.2726129718248054,-0.0020829067875830494,0.12144450116221693
0.9121687385324847,0.9492130966759217,0.854811958294533,0.9163971061470566,0.8476162774060093,0.8946847130368116,0.8599605857580532,0.9480863868335272,0.936843069421824,0.8829615803066815,0.923781927024382,0.8718671801673035,0.9003017786921971,0.904712407027875,0.8962748241852663,0.9145851151826504,0.8205723425376634,0.8590159942478368,0.5274836289061853,0.8306316046523856,0.8746647692674139,0.7883012259989727,0.8215223418430596,0.8089531847385293,0.9041842206128016,0.5377571118311184,1.0,0.8826803328248075,0.9267394251063151,0.9420836638338849,0.8894327211175697,0.47069593900907003,0.9523482018413614,0.9450991747085945,0.9500318562891409,0.9313766363289478,0.952706803788834,0.9611547426528705,0.9297326702977761,0.7851473307752387,0.8434670017702374,0.9096045577618107,0.8586364539827999,0.6822389504755185,0.8685394910447535,0.6979363715200405,0.8888459167901835,0.7938619268333874,0.4782050134321593,-0.9552061208520377,0.6706696774755734,-0.14996611417622502,-0.36798778677936683,-0.10305811272980062,0.1842228989284529,0.3734862967884652,0.09689736272934217,0.27782397521972896,0.5678351355123591,0.7251688855646161,-0.9533331852473742,0.6178071371886796,-0.21381389408592524,-0.5643276189816531,-0.11002495370795409,0.2105925448646158,0.2144207084270819,0.17593861201966057,0.5360526996406992
0.9425494900167091,0.8872200335896339,0.8702756136810006,0.9050971125211619,0.8426562657824028,0.8556152553180798,0.7870125514883343,0.8855494074701304,0.8665276697844022,0.8521492728393826,0.8741823023475863,0.8563250688523324,0.8365124151721343,0.8197516491879461,0.8274842249160824,0.8413863510804929,0.7451316110500531,0.7398405126895828,0.48097759645452687,0.7775232959098115,0.8910539672046296,0.7405835798251111,0.6953043608474916,0.7150100041442095,0.8401659049686655,0.5159617241290245,0.8826803328248075,1.0,0.8993077345753471,0.9239611443679981,0.8729284301266899,0.4110362237988855,0.8899156086645258,0.8847360436682226,0.9015976894652686,0.8459129033862453,0.8601760901925416,0.8951230125665662,0.854701912517633,0.7039526473871733,0.8572132398054895,0.8579623346484837,0.8066486301664383,0.6180280736271174,0.8438199145711188,0.6238644538254632,0.8350629821145764,0.6826318736601613,0.4995157770638949,-0.8926830428835938,0.631832086629144,-0.16194139094171484,-0.2541711716734574,-0.11527508107970019,0.1465880307863567,0.31797777995644455,0.13091214279542074,0.21142397303133775,0.4886138583346293,0.69234076934759,-0.9066733488241846,0.6156493524491513,-0.23994953060473576,-0.4734101485661423,-0.10498428695835837,0.20134937684465348,0.16845160630171183,0.19658165871433989,0.43703318376345224
0.9250730057559481,0.9631430862564411,0.8921414871778042,0.9221904112591932,0.8169712888756925,0.9050262489544817,0.9139052511280565,0.914067629950276,0.9178210824468548,0.8873621881362174,0.8822220768777979,0.8187672322675698,0.8684616897988058,0.8332816549224252,0.8940764225138823,0.8883392757573965,0.8675665707742424,0.8572496813777675,0.6449167209491198,0.860948328697619,0.8523740649719073,0.8086329297056531,0.8263995059172119,0.7966834133563504,0.8383920334963061,0.6755908706521488,0.9267394251063151,0.8993077345753471,1.0,0.9282555001957509,0.8751524490793632,0.5529974306349389,0.9225209558662367,0.9274112701147429,0.9345070745384287,0.9246673691281738,0.8999076136868175,0.9361335492688851,0.9255353054716661,0.7727048495060357,0.8841961000497186,0.9307809973571669,0.8831876651560182,0.7117296714405515,0.8686188455438324,0.7343554425279203,0.8614855071708489,0.7601521515289213,0.5454143838148491,-0.945457996243176,0.6487959212696781,-0.13856153101809265,-0.3186430066103394,-0.057665365871314336,0.14874692017630484,0.27899983444047144,0.0003113110151927728,0.17547269134584864,0.49021173340625407,0.7462762174042209,-0.9608616022130944,0.6060848071994265,-0.21868783454801152,-0.4928651191065633,-0.05249529090716456,0.1901150482998107,0.07629157812549539,0.1671982025913201,0.4573359569944999
0.9370060187933064,0.9442065509859031,0.8652059577919633,0.9287588968107758,0.8902746377272169,0.8856456926648286,0.8268625643112584,0.9528494533713839,0.9242690020339275,0.892249402596504,0.9430255917861906,0.9187640808907809,0.9173582292721888,0.8984712802455134,0.8863331519294154,0.908288016594884,0.7924660276004355,0.8250636852869432,0.4744463474284075,0.8113163591591183,0.9264750046242342,0.7979854850042225,0.8026906167834154,0.7976172281056498,0.8913929822797539,0.5160091252588952,0.9420836638338849,0.9239611443679981,0.9282555001957509,1.0,0.9175929205621571,0.41631235569177566,0.9497477650008342,0.9484923435395511,0.9581715234214068,0.9268819163933778,0.9402638595404691,0.9558680136753679,0.9331201399275377,0.8022585122808004,0.8474805924501233,0.9014997804775544,0.8354147065387881,0.6410806953935175,0.8731114932628252,0.6697430634123396,0.9145000829146085,0.795025235527971,0.4752673412549693,-0.9511129686022631,0.6767810582299485,-0.11757550193812599,-0.2881653698622491,-0.0793742544150585,0.1895907405984254,0.4081020898616621,0.16858095022550135,0.2493072757015154,0.5492321318699923,0.7316827366299198,-0.9587712138992074,0.6407987244856139,-0.21460830862595012,-0.5471475499664639,-0.09432193529360743,0.2021655554215982,0.23962273278933702,0.19009132344647064,0.5162122583414517
