0,1,2,3,4,5,6,7,8,9,10,11,12,13,14,15,16,17,18,19,20,21,22,23,24,25,26,27,28,29,30,31,32,33,34,35,36,37,38,39,40,41,42,43,44,45,46,47,48,49,50,51,52,53,54,55,56,57,58,59,60,61,62,63,64,65,66,67,68
1.0,0.8960416010233065,0.9045524486201179,0.8749591631395326,0.6594565144068147,0.7193154556892566,0.8672873022211088,0.860261690750951,0.7856036066286453,0.6160149298472992,0.7732848127099339,0.7813431484656822,0.7356178624537407,0.878319811999832,0.8782538894324365,0.6409458099886096,0.8525582049564522,0.8020089831194439,0.5472687553722763,0.7147596436835367,0.6303081800297253,0.6772164845431156,0.46333637972895886,0.5839233226063854,0.78028558887527,0.8224525237660982,0.8575004979126193,0.911054326943543,0.8863964835367825,0.8783589942631771,0.7477147251065009,0.6598450740059771,0.8587078377213082,0.8928429123787545,0.8193060841377641,0.8279400970340144,0.8411723941317518,0.8683028240291893,0.7561158277923643,0.5594391497844857,0.7014228270655343,0.7993585696036641,0.7133640338559938,0.5829170602381321,0.7743064948986366,0.4993366660766296,0.7525678587025121,0.49770586700313013,0.6432038758124248,-0.8545714803732045,0.37929094725244966,-0.3535684438635008,-0.40671912811311656,-0.2855458622917599,-0.29664076166439163,-0.3669712191837642,-0.18505518954682457,-0.2776235560383319,0.06811835123901412,0.4762813600598306,-0.9261991095951804,0.3579908012663113,-0.4849929520866936,-0.41306902896623743,-0.18080866407237506,-0.07384454938610735,-0.17298188133150036,-0.2607260164600323,0.22627451064817672
0.8960416010233065,1.0,0.9468126743132556,0.9100790956105369,0.6490407451138936,0.7718232495882315,0.9447126105383152,0.9302257370754348,0.8624335693226631,0.7452402996649135,0.7819907114187014,0.8003609221799173,0.8055381528851072,0.8604131903797825,0.8923556713996527,0.7509545467661127,0.9137244465970981,0.9144470913882772,0.6793428350507316,0.8019129736396106,0.6893889748898836,0.8216030057708461,0.623611071847578,0.6750856133236693,0.8010230665874688,0.9180067318244417,0.9245228454896864,0.8795581206698213,0.9525243421556968,0.9082844230690871,0.8326779456501637,0.7981019554630218,0.9065068259351919,0.9543002937969793,0.879319735300383,0.9038656238864097,0.9233723636591427,0.9264613590453353,0.8606203764352742,0.6212107154130516,0.8070781945832638,0.8990488808651956,0.8435637788857506,0.6355296739148575,0.8012722786273699,0.5613829891720138,0.7859785390604562,0.5566875936913435,0.603252833328843,-0.9443038591623836,0.30755755647489086,-0.38023407800903686,-0.5533201267751556,-0.38640930200438633,-0.31498823068735926,-0.31814885551412275,-0.1886650403447537,-0.23711098657908045,0.0643503894615951,0.5898924600832658,-0.9558088986621754,0.35629280851438994,-0.44720957472640566,-0.5425532345716483,-0.2529362198586265,-0.08858480406183827,-0.15461173387439114,-0.2495562043054536,0.2220419847673208
0.9045524486201179,0.9468126743132556,1.0,0.9320482371780197,0.6848138576792971,0.7633405039736292,0.9153883583226365,0.9431176678042005,0.8412407948394431,0.7034004025001461,0.8241469059492791,0.8669053905184388,0.8416310973396148,0.8722651875995601,0.8855337475581556,0.7147133103119446,0.8882058728994163,0.8953118620209589,0.6028233306923527,0.7857625396842778,0.7519067314252524,0.8230236847695956,0.6231673611782792,0.655166555636287,0.8282670758107964,0.8884373725188843,0.9342765778632584,0.9028165366350557,0.9285141749111369,0.9290176008031457,0.8528388896226908,0.7727044256255826,0.9226672041563162,0.955564675235099,0.8950867185812794,0.8972385640242676,0.9102070614016212,0.9231258482349446,0.8562236500193069,0.6215928403178986,0.7575648284244437,0.8475295165153995,0.7901219775364418,0.5748444944005835,0.7928430073391485,0.5096002799548557,0.8033765217503462,0.5645555660066238,0.5871489871463478,-0.9582477101699362,0.3531870829320616,-0.4315410547625919,-0.5450216939511923,-0.40789226103936643,-0.32666025246212504,-0.38403199233105917,-0.2454173857246246,-0.24988642044562895,0.06885035752162767,0.6345587584549003,-0.9640035375008669,0.39448263392395055,-0.49642388005345184,-0.5270880338148043,-0.2853025789343986,-0.11930425800984841,-0.20610598847840036,-0.2804405770482538,0.2126627888088629
0.8749591631395326,0.9100790956105369,0.9320482371780197,1.0,0.6596603536146523,0.7789486829656406,0.8690535429592773,0.895155216241295,0.8406061817628783,0.7426353973055793,0.7587347361563899,0.8374637846903165,0.8220208264578489,0.8185382470322571,0.8539713807212621,0.7251667557211353,0.8317951695338787,0.8745996112525316,0.6242083303525504,0.7812832675398816,0.792491575983605,0.8327326057705456,0.6261827113790657,0.6247817147604415,0.7276798868608383,0.8555595984415271,0.8773397843227144,0.8487314456489075,0.8776053229593609,0.883250683409242,0.8809634673577863,0.7378491226101243,0.8634825264690157,0.9219458105766657,0.8623684148812485,0.859402546209405,0.8815603769783417,0.9106291265128355,0.8448926794338594,0.6581140747283126,0.739612446692345,0.7999846782543416,0.7395098328104506,0.5724863850493617,0.795865712401495,0.5242673062088531,0.7744331268396202,0.5560033693311361,0.5839395553134331,-0.9257581483612265,0.3177810126268098,-0.4458453412204551,-0.5371940917159342,-0.3873202905628058,-0.28380322581671835,-0.3560069391946083,-0.27146764323839057,-0.2781417504207243,0.009008346273693561,0.5593214763234289,-0.9292669679195479,0.37106650784837997,-0.4590924777648927,-0.4943233284461462,-0.2745428099026357,-0.09983826075352124,-0.24981150447653716,-0.263675893349725,0.15548223072156286
0.6594565144068147,0.6490407451138936,0.6848138576792971,0.6596603536146523,1.0,0.773626950736069,0.6016410683021715,0.6189759641572091,0.5449378800434497,0.5166119392604919,0.5221397697442169,0.580453493657114,0.6271673201192063,0.614294062401041,0.618062524316256,0.5202829591320621,0.5538024151142655,0.5586867686127012,0.5192757740114967,0.6541235517016558,0.55322279936306,0.4963819974994793,0.36920209890287403,0.41431676192518896,0.48317515976391745,0.567751309644176,0.5785589366204363,0.6105127188595634,0.5888042746868385,0.5660336621856497,0.5117718207472302,0.43254041566295437,0.6355563175045293,0.6360196879699441,0.5530662189856836,0.5682602128887217,0.5971284267642779,0.6211876657318389,0.5413962182893091,0.408997115316077,0.45046960363921235,0.5268761046408468,0.5254936311312485,0.4037068364650069,0.5725671406473957,0.28235665836664015,0.521950037402408,0.2797104025526327,0.3630974394300582,-0.5975868913531601,0.1509641780050185,-0.15344115133609182,-0.20036955014694768,-0.2526932117372402,-0.12477405858883919,-0.14073934530352905,-0.16409132233625884,-0.25429866154647507,0.054934847578524106,0.23900120886764933,-0.664254549251344,0.1373832803889066,-0.29148820338372383,-0.1769979177993227,-0.22252091979703825,0.017565545666820448,-0.23544129047131232,-0.2101837597919414,0.18169125992597188
0.7193154556892566,0.7718232495882315,0.7633405039736292,0.7789486829656406,0.773626950736069,1.0,0.7206658836885668,0.7016530638732393,0.6895778769864072,0.741341421015966,0.49055751366683786,0.6808185409577957,0.7156707906267377,0.6883442886432083,0.6868192151575976,0.6448998204923898,0.6449067233489373,0.7282952548299193,0.7532500036681729,0.853618453705954,0.6654083516136863,0.6314463244017203,0.537075462093575,0.54297044721444,0.4463386020854803,0.7317773617382549,0.673795323161992,0.6479332256493809,0.7217757113408586,0.660124844112958,0.6435111588709933,0.625712432431921,0.7086292827404136,0.7377293910771947,0.6277845677159547,0.6538182543725171,0.7019709268641348,0.7279168216887097,0.6839486638166252,0.5169514343536258,0.6964634837225251,0.6843214800905726,0.6436547931993594,0.5010227528694898,0.6601719830722981,0.42154510488000446,0.5444837123610768,0.4040238712292554,0.45098194427999316,-0.7314613997099708,0.20066128640225536,-0.2814734115264739,-0.4077840474251013,-0.31567798404966485,-0.16984216513496478,-0.22515826378908924,-0.3459782315224952,-0.24751243339803322,-0.028662662371806417,0.3214431993074609,-0.7558384263326949,0.16571404722954464,-0.30882284936073157,-0.36947285134647156,-0.24144339627940206,0.012096223360317796,-0.33152272672195643,-0.2570836850509053,0.11376620964345474
0.8672873022211088,0.9447126105383152,0.9153883583226365,0.8690535429592773,0.6016410683021715,0.7206658836885668,1.0,0.9012958822744551,0.8316859575974076,0.7390026287343853,0.7424323507751627,0.7549345838374307,0.7464060706759424,0.8230921498667042,0.8620780594008125,0.7200468743308949,0.9586449042506515,0.9179261865931193,0.6221608368846155,0.7674683306573511,0.6010555477010103,0.7771813175038772,0.5719532522631038,0.6906539016599131,0.7790618104986529,0.9490038209450207,0.9022815743288638,0.8483691372941867,0.9376951838042035,0.8734764060897,0.7696972997567306,0.8271089129411842,0.8683722764541503,0.9201054108618666,0.8552907249627396,0.8936032327181263,0.8875124644504163,0.8865200537814728,0.8298051787504334,0.6015867317211496,0.8014994451471608,0.9271424298332721,0.8679065801533863,0.6494558993095381,0.7947456245355938,0.5945268085334641,0.7426960392898235,0.5516674468494271,0.6147489275717807,-0.9133284927964057,0.33813347865474547,-0.36280608860452523,-0.5573550629965821,-0.40227862408758813,-0.31277952195473935,-0.3076390225266263,-0.14780782261277084,-0.24245117571661387,0.03158020121801721,0.573917974046283,-0.9353471792475335,0.3651563148668957,-0.4036166426338958,-0.5576734930135011,-0.26971576111411233,-0.11673465109627754,-0.12202554093398771,-0.22350266432762855,0.2260609184378975
0.860261690750951,0.9302257370754348,0.9431176678042005,0.895155216241295,0.6189759641572091,0.7016530638732393,0.9012958822744551,1.0,0.8083598304129118,0.7225745039998549,0.8168233352472732,0.8417619562481587,0.8316781046714177,0.8479884199198826,0.871268026169317,0.7029844836807956,0.8730428642293827,0.8780938539852593,0.5711240518699087,0.7625540164090808,0.7277622113216037,0.8110415358819586,0.6057002140364003,0.6382183766699872,0.8481633288278753,0.8711094576016573,0.9275631209065427,0.8594695417451376,0.9190000644099953,0.9071371950315671,0.8409399917263971,0.7883078762115493,0.9133912276684042,0.9436996762444849,0.8814319005325734,0.8866326867021231,0.9018730350483196,0.9091485665758774,0.8324360517561106,0.5880049210334356,0.7291718195705356,0.8362894483090942,0.789744787881537,0.6479881842065486,0.8012117107514062,0.5141497091197669,0.7725976401695824,0.5458705445301409,0.5704446431237493,-0.9506934223397635,0.27495795495746916,-0.4358339425584275,-0.5828560220013455,-0.42055036824984243,-0.34659624885020085,-0.3384078387136492,-0.18247017543782956,-0.22473834600776005,0.10621970395766564,0.6843785135594702,-0.9385636730332111,0.37566129194644676,-0.4814346603264736,-0.5720248707280577,-0.26936546809513673,-0.12556285862913621,-0.12312716084681542,-0.21253680968959268,0.22230983243629104
0.7856036066286453,0.8624335693226631,0.8412407948394431,0.8406061817628783,0.5449378800434497,0.6895778769864072,0.8316859575974076,0.8083598304129118,1.0,0.6974377291718998,0.7248582674590799,0.7269035411951671,0.7311990311407176,0.730055425958217,0.8062981916662033,0.7130148266941571,0.7984085138199795,0.8322679246740496,0.5771997211624252,0.7035715792020943,0.688832783375522,0.7879606348096497,0.5665467431763228,0.5992811177082638,0.68281032583732,0.8249158806682977,0.8369685551583979,0.7686928542429661,0.823009550183302,0.8364151712494148,0.8145137459451482,0.7013179884956181,0.8079946469273388,0.8564308782805182,0.8163062069872623,0.7956568791543857,0.8158067638351129,0.8568609074714665,0.8029315079495638,0.6051358660271969,0.7104120429064057,0.7781134839101367,0.717366274728916,0.5061665489767883,0.74911947542143,0.5181949808459048,0.7072644718227741,0.5411166861605136,0.5639280903599282,-0.8535236145259975,0.2971378824658058,-0.3831225096390736,-0.4998710509267541,-0.3552039255272107,-0.2702921143848495,-0.2875681251382627,-0.22238308909293683,-0.16258474843230467,-0.00661125426435407,0.5613541608699216,-0.8513234699933452,0.3218283018223699,-0.39401835227345094,-0.49610494090738005,-0.24249362727221377,-0.10238504267966984,-0.1958628413301793,-0.23493407216322057,0.16487609699051478
0.6160149298472992,0.7452402996649135,0.7034004025001461,0.7426353973055793,0.5166119392604919,0.741341421015966,0.7390026287343853,0.7225745039998549,0.6974377291718998,1.0,0.5009856608018227,0.6125521779384439,0.6783939895195362,0.6176056986521521,0.6248377278126251,0.669633153717749,0.6700282380190768,0.7629057102096726,0.6821099985292763,0.7359345331871013,0.6220634124357283,0.7183429038722713,0.6324518445609978,0.630578248911152,0.4544378622931985,0.7619429801528286,0.6616473752938178,0.5894037961693089,0.7167556880797085,0.6706777507460981,0.7166016985334838,0.7429458937236798,0.6553539876509201,0.7193022306726083,0.6454754279256752,0.7117015410948462,0.7016978134971619,0.7171581107481427,0.7396796315826651,0.627464528631243,0.7294217672150282,0.734979677041184,0.7187541127677545,0.6210101707905508,0.7531478006883255,0.65448772938674,0.5314794736583921,0.5187531171640445,0.44639639382950774,-0.7368317715759438,0.1963700023224526,-0.28396524025076164,-0.5710402961524068,-0.3672438686147909,-0.1891880144800448,-0.1471010386304494,-0.21251153996070044,-0.2082436232359048,0.007793121076812455,0.4111481292486069,-0.7159470146682025,0.23565839043611894,-0.26538908996066096,-0.5226803805833931,-0.23895883824503356,-0.011988023063259502,-0.1920845848271243,-0.17620827550872917,0.08574198768388545
0.7732848127099339,0.7819907114187014,0.8241469059492791,0.7587347361563899,0.5221397697442169,0.49055751366683786,0.7424323507751627,0.8168233352472732,0.7248582674590799,0.5009856608018227,1.0,0.6904924469573472,0.7134972022250504,0.683227948867292,0.7688533546195394,0.6700370537692406,0.7451054947485172,0.7052076064300741,0.35683600027292267,0.4848595872852942,0.6864232968835633,0.7591837165548688,0.47740923046454586,0.5248879300096241,0.845035645316098,0.7015731437035967,0.8148156725297638,0.8204112095899742,0.7578843315051303,0.8716428428775542,0.8078556501534921,0.6085870673298971,0.7681019657826909,0.8182664741705618,0.8335428631459147,0.7781590584048457,0.7685516313692888,0.8094370991381737,0.7462589879884998,0.5532164752302292,0.5409495618283456,0.6897176923020949,0.6421821662282287,0.45693920654106956,0.6881202676155048,0.3876391148874448,0.7801376647921853,0.49466926014453083,0.503298382824702,-0.7980007312551406,0.3077619406495373,-0.282361825487766,-0.4262887152103149,-0.30087673537080556,-0.2637340897194569,-0.2508999043415182,-0.11687073131639353,-0.17784507731256202,0.08337496382766675,0.5700000319143472,-0.8147206991672158,0.3267508662779475,-0.3563774803002391,-0.43831475481158033,-0.19500688251648113,-0.12206623123231423,-0.06407171825889645,-0.2265948419550407,0.2241959590872602
0.7813431484656822,0.8003609221799173,0.8669053905184388,0.8374637846903165,0.580453493657114,0.6808185409577957,0.7549345838374307,0.8417619562481587,0.7269035411951671,0.6125521779384439,0.6904924469573472,1.0,0.8766991832949546,0.8021803226658872,0.7502990166289681,0.6234243806826433,0.729210842266648,0.7802232284228303,0.45782399343189273,0.7872341357844893,0.8160777658257212,0.7431379465232076,0.6087093353923599,0.5614487490154573,0.7059305906070973,0.7210081293174675,0.8303854938744988,0.7771122540340063,0.7885181196399538,0.8079942449690387,0.7735785388789685,0.6851480137334538,0.8180749572409487,0.8280306029099741,0.7727160187022806,0.7655164465733527,0.7731141737151175,0.8014430871187531,0.7278280524369757,0.5711839826899072,0.6345104996987219,0.6792125134769859,0.6215963465220345,0.4186321627624663,0.679939800236068,0.3539681634372873,0.6823282025035696,0.5349452509772253,0.4468116098359834,-0.8724757214238233,0.29223300768125937,-0.45786209874727596,-0.4815156336195837,-0.3360106246449396,-0.30904460214599816,-0.4273509202561932,-0.34527880756554824,-0.255224329482177,0.08880352311290313,0.6289326680446655,-0.830353081460525,0.412019217520103,-0.48833830618193375,-0.4645866752821783,-0.2533690603905642,-0.13919726991712,-0.23057009658733033,-0.3061108080306641,0.20123900171987896
0.7356178624537407,0.8055381528851072,0.8416310973396148,0.8220208264578489,0.6271673201192063,0.7156707906267377,0.7464060706759424,0.8316781046714177,0.7311990311407176,0.6783939895195362,0.7134972022250504,0.8766991832949546,1.0,0.7441391122099218,0.7439527215812902,0.6656016870952337,0.7019690311328106,0.7655641866263729,0.501449021095836,0.7621760937331478,0.8021923835780864,0.7694037428376997,0.5951797150471406,0.5649197446136827,0.7236854341897776,0.715387046146652,0.8273054374235577,0.7361337497769089,0.7706177400451842,0.806136754179061,0.7795145488431819,0.7021907518391988,0.7913817375111428,0.8274053470827347,0.7734495523379592,0.7644612748306657,0.7920815304410107,0.7881109285705467,0.7389167209659491,0.579895440456592,0.6135722257379077,0.691716947469169,0.6279222271111263,0.4383097378553122,0.6750341794124943,0.40835956930402945,0.6827195892253587,0.5294334055416312,0.3913256812704283,-0.8588906339042379,0.29732842706158197,-0.43878194337680637,-0.5063084229454196,-0.31407278321609067,-0.31197937042906154,-0.32388294225374786,-0.2864246914324697,-0.23062896013709214,0.10740114634432105,0.6105299659760868,-0.8158363807933358,0.39421204371782503,-0.4539055473160119,-0.49190361117040654,-0.23360503207437033,-0.10092426065155476,-0.20356503864284833,-0.21877176139157029,0.19989192621915963
0.878319811999832,0.8604131903797825,0.8722651875995601,0.8185382470322571,0.614294062401041,0.6883442886432083,0.8230921498667042,0.8479884199198826,0.730055425958217,0.6176056986521521,0.683227948867292,0.8021803226658872,0.7441391122099218,1.0,0.8018255829469578,0.5489861359069955,0.8037842048119064,0.7910145165635368,0.5080487587089698,0.7399615683995759,0.6379384692269201,0.6670433024482493,0.5078233841291097,0.5539406832401926,0.7204832118793529,0.7825593524587768,0.825006764576375,0.8196709664689207,0.8457281667823865,0.8115948140193934,0.7051238140587719,0.6488055555019588,0.8374711579357602,0.865759407009338,0.765886380908439,0.7868547031069679,0.8155485921702957,0.8388952784679178,0.7145242486583316,0.5081595393244311,0.6937062735662465,0.7440120895707908,0.6738584243834375,0.47615257795621324,0.6928373112947063,0.4446385558856603,0.6751030537482025,0.482526662425228,0.5696814848948432,-0.8439870863580389,0.3189062707775764,-0.42878729152925615,-0.46702823233630697,-0.32278394397369065,-0.25562003852280574,-0.36931010106948325,-0.1683444756675096,-0.2110896526697877,0.08492770109641086,0.531827975995553,-0.8783583565380414,0.33577772602757117,-0.5499978306459583,-0.47320788439196576,-0.18698917760661293,-0.07328391624710485,-0.1103252008982829,-0.19792642431526647,0.18524200619576103
0.8782538894324365,0.8923556713996527,0.8855337475581556,0.8539713807212621,0.618062524316256,0.6868192151575976,0.8620780594008125,0.871268026169317,0.8062981916662033,0.6248377278126251,0.7688533546195394,0.7502990166289681,0.7439527215812902,0.8018255829469578,1.0,0.7174488787882276,0.8338198374120153,0.8353286266508703,0.5772641684170955,0.7120654647543602,0.6530005291532146,0.7316489724513188,0.5398349609575913,0.5334464477537044,0.8011494096665621,0.8239727773316398,0.8783901260300659,0.8100277441274638,0.8641931118819358,0.8483881218743623,0.7588844822620516,0.6699498596029124,0.8629125169785957,0.9001667701035839,0.8178370368656859,0.807106444772292,0.8771083025103946,0.8885586081333879,0.7804472727478612,0.5428425394539138,0.6355205620931873,0.7682922745677977,0.6972411429088214,0.6131245689856354,0.7640793150158092,0.5294579977686918,0.7320241674235294,0.4862477323111892,0.566565240230562,-0.8766997323763632,0.2631457486818464,-0.3391389878596271,-0.3981854384820869,-0.3568079244176961,-0.25307034971153414,-0.35843429569783375,-0.22173289906342727,-0.20594377013994786,0.053156034061667204,0.5527672122581507,-0.8942874754477583,0.299128881272289,-0.42505558449615266,-0.41489928340906423,-0.22338900977319676,-0.036753152588056906,-0.18920359804626335,-0.18966964708104736,0.20247637514212574
0.6409458099886096,0.7509545467661127,0.7147133103119446,0.7251667557211353,0.5202829591320621,0.6448998204923898,0.7200468743308949,0.7029844836807956,0.7130148266941571,0.669633153717749,0.6700370537692406,0.6234243806826433,0.6656016870952337,0.5489861359069955,0.7174488787882276,1.0,0.6753469369165525,0.7731610436004538,0.6515310291141867,0.6369217773058495,0.6065195350751941,0.7913892089863893,0.636310326275853,0.5625057575563998,0.5614950008202275,0.7029955116955062,0.7045883536703489,0.621650479474318,0.6968005609564502,0.7425700506540404,0.7377784028143446,0.6189406723218123,0.6456738432075719,0.7475557902445411,0.7246775774163948,0.6938321542126061,0.7399744095476408,0.7565282042858804,0.7495081241990164,0.6246209665270295,0.6125582500097613,0.6737233390134787,0.6362716287894835,0.5002709960692188,0.6714265138612179,0.44362135883749276,0.6268462756744935,0.5204355425007221,0.4469386748185477,-0.7376665786968419,0.17969060101676257,-0.20429935381030886,-0.45692734615054764,-0.33869917227736246,-0.21263291157412373,-0.16345299610391784,-0.2477455313767451,-0.18938864243198733,-0.04466054830344836,0.40510411794494133,-0.7373920250431772,0.2302675233631292,-0.22031616432512294,-0.4459678480171467,-0.2394272167387181,-0.06473285440654185,-0.22160991865020402,-0.2170001137311182,0.19264838853820898
0.8525582049564522,0.9137244465970981,0.8882058728994163,0.8317951695338787,0.5538024151142655,0.6449067233489373,0.9586449042506515,0.8730428642293827,0.7984085138199795,0.6700282380190768,0.7451054947485172,0.729210842266648,0.7019690311328106,0.8037842048119064,0.8338198374120153,0.6753469369165525,1.0,0.8859662179089839,0.5286313230353413,0.7003651628450526,0.5578624398350484,0.7504877918034083,0.525426886560458,0.6598410079638684,0.7933649160790917,0.9085784162604547,0.886171213945492,0.8401774188015025,0.9071310649518649,0.8616715000321995,0.7473175734181308,0.8055947989541442,0.8417101281231977,0.8954513639300272,0.8456378977925773,0.8834049174331312,0.8606469280887457,0.8621650416849537,0.7983083714272097,0.5873594652982405,0.7413570678299081,0.9014452320956503,0.8506399101212846,0.5983736933055238,0.7749220756629875,0.5636091712683503,0.7292818464379585,0.5405279228969667,0.6262969304536199,-0.8830159543781678,0.3443236715155016,-0.3410417144362583,-0.5342716556556415,-0.41970445019014885,-0.3078571696229493,-0.30396153521797187,-0.13736479438687102,-0.2721075371156709,0.050051235973858105,0.5638717769755767,-0.9155532381504271,0.3602577566804057,-0.40772968852121777,-0.5508120770646692,-0.29814065512320764,-0.12097129378485524,-0.08434934911600173,-0.24583198525280653,0.21026347278243993
0.8020089831194439,0.9144470913882772,0.8953118620209589,0.8745996112525316,0.5586867686127012,0.7282952548299193,0.9179261865931193,0.8780938539852593,0.8322679246740496,0.7629057102096726,0.7052076064300741,0.7802232284228303,0.7655641866263729,0.7910145165635368,0.8353286266508703,0.7731610436004538,0.8859662179089839,1.0,0.6733437414298933,0.7903514378583912,0.6480560067907833,0.8448991414166588,0.6924949336794863,0.6497839948413485,0.7238877351243309,0.8985229281867702,0.8846225805207613,0.7749799068819071,0.8804308083197906,0.8522202026675479,0.8020421911748824,0.7876988553170358,0.8456595758950904,0.9084077206529486,0.850780388731707,0.8497157808890432,0.8657856750315825,0.8845169342498721,0.8552347360102015,0.6339502909441219,0.7810405760252672,0.8574082744398083,0.7976168982028309,0.5529330221641038,0.7485297492821887,0.525263115181519,0.7110763850651012,0.5767488827557645,0.5620518674966969,-0.9171539057414678,0.2956992725410458,-0.4433885657904763,-0.6056017396142445,-0.4532745414577464,-0.2790963288330523,-0.352908947608203,-0.2629871647539184,-0.24272942077409584,0.008927663989691153,0.6011698205846321,-0.9062898730340592,0.368176001307184,-0.4355209581571543,-0.6113434484493145,-0.3198260135375596,-0.08849735093490302,-0.19917863374089403,-0.2881486431823533,0.18002705501506483
0.5472687553722763,0.6793428350507316,0.6028233306923527,0.6242083303525504,0.5192757740114967,0.7532500036681729,0.6221608368846155,0.5711240518699087,0.5771997211624252,0.6821099985292763,0.35683600027292267,0.45782399343189273,0.501449021095836,0.5080487587089698,0.5772641684170955,0.6515310291141867,0.5286313230353413,0.6733437414298933,1.0,0.7221876086690916,0.44052148010000464,0.6019672182795139,0.6237808657892242,0.560852403762992,0.3261197486130825,0.6510144661478164,0.5267279071306834,0.4838328785594517,0.6245674220286676,0.5457670139789583,0.5458132227248096,0.5434865367509553,0.5610984613105744,0.6092876473773343,0.526539655149262,0.5576093670414908,0.6317312691486714,0.6079320665536915,0.675279409821803,0.5069196837865886,0.6682153144033454,0.6402691850611861,0.6254455540088171,0.5219840007054299,0.5607304666352076,0.44363829047252956,0.44525903274874384,0.37206288948632693,0.3785155301160437,-0.6046653554207851,0.1337807705339443,-0.1745608535902733,-0.47562254480372945,-0.2649781603928298,-0.17456746668704684,-0.10336305448078854,-0.23476353946125084,-0.1174896694343102,-0.03162528064887749,0.21932301296030746,-0.6035718024207752,0.0959675806915537,-0.13558453701439774,-0.404953800012946,-0.14127110156077247,0.0440211648757403,-0.2506021985375494,-0.15667905539374108,0.06096400818072082
0.7147596436835367,0.8019129736396106,0.7857625396842778,0.7812832675398816,0.6541235517016558,0.853618453705954,0.7674683306573511,0.7625540164090808,0.7035715792020943,0.7359345331871013,0.4848595872852942,0.7872341357844893,0.7621760937331478,0.7399615683995759,0.7120654647543602,0.6369217773058495,0.7003651628450526,0.7903514378583912,0.7221876086690916,1.0,0.6812674027604693,0.7021781376137775,0.665928366795993,0.6379698451019284,0.5066419438555808,0.7589617529062418,0.7345717999660318,0.6636577064530054,0.7816900905381102,0.6757993503152842,0.6694804700251514,0.7130210463489136,0.764323618068639,0.7698388767534082,0.6526896556705031,0.725145050027768,0.7465395254121547,0.7453516243297326,0.722310355065738,0.604409227970981,0.7346281663575948,0.7047015298586049,0.678338849731254,0.49994963484249333,0.67105535350616,0.39800659523094584,0.5774895763700973,0.526694280499404,0.41461385251101646,-0.7957043831398429,0.20255403913918427,-0.3485889897202259,-0.48073371854708186,-0.32730887897313493,-0.21850746283118397,-0.289520510206055,-0.37428996488450883,-0.3355100723766367,0.00754706898249872,0.4570913422965719,-0.7747883914159621,0.25796429910503604,-0.3281480440831691,-0.45839662301288636,-0.2453670656977238,0.019547720495456274,-0.3230571777931404,-0.28431076614842843,0.09739744600802205
0.6303081800297253,0.6893889748898836,0.7519067314252524,0.792491575983605,0.55322279936306,0.6654083516136863,0.6010555477010103,0.7277622113216037,0.688832783375522,0.6220634124357283,0.6864232968835633,0.8160777658257212,0.8021923835780864,0.6379384692269201,0.6530005291532146,0.6065195350751941,0.5578624398350484,0.6480560067907833,0.44052148010000464,0.6812674027604693,1.0,0.7832146218254028,0.5834789481316477,0.48538448514945937,0.5742876060251351,0.6052420324420613,0.7155587714306348,0.6672478644876544,0.6422160924742164,0.732155858897965,0.8407822859012075,0.5936586941117827,0.7026453962934283,0.7223442963361987,0.6813537305059707,0.6821367500202409,0.6848940284681886,0.7238671367953515,0.6705103037389591,0.593838016364781,0.539722727574519,0.5375950080542572,0.5092707344966483,0.32934367697066746,0.6181869154020336,0.3013050688833417,0.6512975566150907,0.5479807283282688,0.3432694216084294,-0.7775283483351513,0.1761263835781325,-0.353832279983912,-0.43746168319953355,-0.3047789758913192,-0.2412363301295838,-0.2927052745250739,-0.4091414978482745,-0.28137273532152973,0.014509532848822445,0.537708001597359,-0.7097415254505952,0.27716431430591293,-0.36990646418558704,-0.40512902102511406,-0.20740668429013653,-0.05493298824420546,-0.30411796688553044,-0.2956210731653375,0.09933151009473046
0.6772164845431156,0.8216030057708461,0.8230236847695956,0.8327326057705456,0.4963819974994793,0.6314463244017203,0.7771813175038772,0.8110415358819586,0.7879606348096497,0.7183429038722713,0.7591837165548688,0.7431379465232076,0.7694037428376997,0.6670433024482493,0.7316489724513188,0.7913892089863893,0.7504877918034083,0.8448991414166588,0.6019672182795139,0.7021781376137775,0.7832146218254028,1.0,0.8068207180984523,0.678808756542655,0.687376545740813,0.7712424394613292,0.8235016282444638,0.7138877177761049,0.7738699355126141,0.8353709302325485,0.9008903580545461,0.7654805906804661,0.7576651848434381,0.8338067930378459,0.8177619050034872,0.836650260842799,0.8241156647094176,0.8297852620650787,0.8511063226203072,0.7676217824178909,0.6833372295088117,0.7314837257812882,0.7201757253048269,0.42068294277449336,0.6900871873512677,0.4509970525851196,0.7568357509661172,0.681317842774583,0.4808053081897552,-0.866289648447267,0.2141051578453007,-0.36467026767370125,-0.5803219577255816,-0.39888827376687447,-0.2825599364823918,-0.24284770303090622,-0.2916020652091508,-0.2536736228257839,-0.021338825765253294,0.6226747308139302,-0.8135718462561439,0.3340003394972839,-0.35750843466925525,-0.5561651560848048,-0.2805882890017208,-0.08040402100871885,-0.21866265563772486,-0.29512021087904283,0.12320864225758446
0.46333637972895886,0.623611071847578,0.6231673611782792,0.6261827113790657,0.36920209890287403,0.537075462093575,0.5719532522631038,0.6057002140364003,0.5665467431763228,0.6324518445609978,0.47740923046454586,0.6087093353923599,0.5951797150471406,0.5078233841291097,0.5398349609575913,0.636310326275853,0.525426886560458,0.6924949336794863,0.6237808657892242,0.665928366795993,0.5834789481316477,0.8068207180984523,1.0,0.6215441058661991,0.4288631451163163,0.5722222112953099,0.5945573419957737,0.46212894741290517,0.5737774511759798,0.5741381914922224,0.6476994947410478,0.5933666255585909,0.5601009867268144,0.6294332005082819,0.5688648883262657,0.6477653280152742,0.6423408437101037,0.6165093763003947,0.7585379886243796,0.7744681063579126,0.5563584377766583,0.5519496392072977,0.5879050178283417,0.31335708722079136,0.5007727958285533,0.32814520212189996,0.5431023580665438,0.649190631551508,0.3178598762295716,-0.6816614020578617,0.1315280772410339,-0.3439360753536334,-0.5276236484422852,-0.31972800817007885,-0.21866298399044326,-0.18235246001494684,-0.31313812139377223,-0.15618709308139433,-0.035049290648159794,0.4818610255583276,-0.5848583050345113,0.25757996268371297,-0.24236857474113135,-0.5079558963409954,-0.2308226734417171,-0.03881594101621123,-0.2231991942496478,-0.2124160649679066,-0.018754985212267677
0.5839233226063854,0.6750856133236693,0.655166555636287,0.6247817147604415,0.41431676192518896,0.54297044721444,0.6906539016599131,0.6382183766699872,0.5992811177082638,0.630578248911152,0.5248879300096241,0.5614487490154573,0.5649197446136827,0.5539406832401926,0.5334464477537044,0.5625057575563998,0.6598410079638684,0.6497839948413485,0.560852403762992,0.6379698451019284,0.48538448514945937,0.678808756542655,0.6215441058661991,1.0,0.5134925464553542,0.6872303555280317,0.6424651096573025,0.6106092011524259,0.6920894481165624,0.6474391543088499,0.6272247192025646,0.7726550130004783,0.5883861004831452,0.6426749211859101,0.6375491231370783,0.7781495309688613,0.6415026914136881,0.5990219875253127,0.7048923684062393,0.7361596733726263,0.6938949835257939,0.6878026083240268,0.6930883082790972,0.47041070808294205,0.603956056685224,0.49789626979631746,0.687613285905032,0.6401341536762203,0.4134036347282279,-0.661966389528332,0.25697209892223694,-0.23230707371859138,-0.5191388253005258,-0.284125619940554,-0.225214435866468,-0.1603308186850568,-0.20532523629517982,-0.27421543443816454,0.05859671317535381,0.43422603869861587,-0.6486487341152779,0.31893587853088945,-0.21309899820203038,-0.45046796199799455,-0.19386858644975827,-0.09566773036861331,-0.1952846946439694,-0.26444404869142113,0.12386210915076629
0.78028558887527,0.8010230665874688,0.8282670758107964,0.7276798868608383,0.48317515976391745,0.4463386020854803,0.7790618104986529,0.8481633288278753,0.68281032583732,0.4544378622931985,0.845035645316098,0.7059305906070973,0.7236854341897776,0.7204832118793529,0.8011494096665621,0.5614950008202275,0.7933649160790917,0.7238877351243309,0.3261197486130825,0.5066419438555808,0.5742876060251351,0.687376545740813,0.4288631451163163,0.5134925464553542,1.0,0.7122093416410953,0.8732894681198037,0.8076488644067588,0.8042154067642165,0.8434515451250639,0.7247661244663205,0.6433085717268429,0.8332210292954825,0.8255184798523875,0.8158978079270998,0.7952135328095247,0.7889392433769523,0.7793944693833383,0.6931409113657993,0.4562494426983501,0.5125337747393074,0.7124059501739796,0.6494531968598264,0.49862294537208446,0.6512519310593651,0.415318241888739,0.7704884637859443,0.4458901832076041,0.48608911372766744,-0.821503701100054,0.31630250031164947,-0.37347408334725785,-0.42856503505424626,-0.33443901900124134,-0.33807400824608946,-0.370868087887042,-0.07649611378812589,-0.18732656498892872,0.18377199638858616,0.6750161264470926,-0.8181163361619813,0.43849229940291834,-0.4493134829880146,-0.4530121900242772,-0.21142090738997155,-0.17237951080718134,-0.0427527304096977,-0.20735089073476132,0.25925719931388036
0.8224525237660982,0.9180067318244417,0.8884373725188843,0.8555595984415271,0.567751309644176,0.7317773617382549,0.9490038209450207,0.8711094576016573,0.8249158806682977,0.7619429801528286,0.7015731437035967,0.7210081293174675,0.715387046146652,0.7825593524587768,0.8239727773316398,0.7029955116955062,0.9085784162604547,0.8985229281867702,0.6510144661478164,0.7589617529062418,0.6052420324420613,0.7712424394613292,0.5722222112953099,0.6872303555280317,0.7122093416410953,1.0,0.8675919389916569,0.8080335608129443,0.9110480115088737,0.8486350784676296,0.7688893382277227,0.8303568693919835,0.8361138313740735,0.8940789119679724,0.824931389930465,0.8718586191046246,0.8645470250978448,0.8653167608309693,0.8175233537278774,0.5920785071433339,0.831123447184211,0.9194065517886985,0.8644452187116924,0.6384887701182173,0.7815821552683402,0.621833688047308,0.7132811585665046,0.553854296816364,0.5876283116959663,-0.8942159460056567,0.30697144065053455,-0.3505206250237882,-0.5700340269868924,-0.4074149402268418,-0.29953599494892835,-0.3011037152607535,-0.16585264296302657,-0.23549593937215116,-0.002580903513914562,0.573326948684411,-0.9019812099524834,0.34344645432909604,-0.3716197088006265,-0.5567020396711873,-0.25428701144548566,-0.09712987889385977,-0.1455523154445308,-0.22530756609596836,0.19157967580128527
0.8575004979126193,0.9245228454896864,0.9342765778632584,0.8773397843227144,0.5785589366204363,0.673795323161992,0.9022815743288638,0.9275631209065427,0.8369685551583979,0.6616473752938178,0.8148156725297638,0.8303854938744988,0.8273054374235577,0.825006764576375,0.8783901260300659,0.7045883536703489,0.886171213945492,0.8846225805207613,0.5267279071306834,0.7345717999660318,0.7155587714306348,0.8235016282444638,0.5945573419957737,0.6424651096573025,0.8732894681198037,0.8675919389916569,1.0,0.8557218203687139,0.9231590318450458,0.9150249299113578,0.8390543106962054,0.7914687516704051,0.9154975615377907,0.9342746394382099,0.8943585603939751,0.8955205001949557,0.8959803024661187,0.9014550171628962,0.8197850082895747,0.600006274758103,0.7144206976825027,0.8273271181311299,0.764659148200418,0.5601749889016748,0.7507570378341121,0.5062253599119046,0.7984049701361404,0.5841693862846545,0.5688919449696418,-0.9518718679630933,0.32840444807962166,-0.45496163048988064,-0.5596555502337289,-0.4337130909056747,-0.3422885818090553,-0.42317346041965165,-0.23674023855763177,-0.2363538304363177,0.08596511670695822,0.7007448771088153,-0.9333483535455047,0.4109458634353157,-0.49392722845802867,-0.5635780061369777,-0.3062120254096397,-0.14228415995296864,-0.20746207521332016,-0.2783382433455452,0.21662176908633948
0.911054326943543,0.8795581206698213,0.9028165366350557,0.8487314456489075,0.6105127188595634,0.6479332256493809,0.8483691372941867,0.8594695417451376,0.7686928542429661,0.5894037961693089,0.8204112095899742,0.7771122540340063,0.7361337497769089,0.8196709664689207,0.8100277441274638,0.621650479474318,0.8401774188015025,0.7749799068819071,0.4838328785594517,0.6636577064530054,0.6672478644876544,0.7138877177761049,0.46212894741290517,0.6106092011524259,0.8076488644067588,0.8080335608129443,0.8557218203687139,1.0,0.8787896484517433,0.9084191340162683,0.7955041375329854,0.7021396040985975,0.8623316107397611,0.8797021275048333,0.8478045673047345,0.8445160925042419,0.8239330429415835,0.8336832943802823,0.759478672730617,0.5540577701735105,0.7407028849151107,0.8015011466814771,0.7232339386839693,0.5621348150064921,0.7514012172429435,0.4777223604130653,0.7855169355143696,0.5183653873274182,0.5747184643168375,-0.8561036875386389,0.3812966741512321,-0.3215807191709922,-0.4351787684679116,-0.2751360122063174,-0.2698046036345408,-0.32211049488108545,-0.14656257883294052,-0.2998709003595091,0.1393751348435427,0.5088720498218662,-0.9038327364800588,0.39372311270604093,-0.4249464394242489,-0.4246752517179624,-0.16845070306247328,-0.10405523778089026,-0.14475626976452738,-0.28794880037215725,0.2736100027207389
0.8863964835367825,0.9525243421556968,0.9285141749111369,0.8776053229593609,0.5888042746868385,0.7217757113408586,0.9376951838042035,0.9190000644099953,0.823009550183302,0.7167556880797085,0.7578843315051303,0.7885181196399538,0.7706177400451842,0.8457281667823865,0.8641931118819358,0.6968005609564502,0.9071310649518649,0.8804308083197906,0.6245674220286676,0.7816900905381102,0.6422160924742164,0.7738699355126141,0.5737774511759798,0.6920894481165624,0.8042154067642165,0.9110480115088737,0.9231590318450458,0.8787896484517433,1.0,0.8923366198854147,0.794788184032036,0.81997980444616,0.9064506949919335,0.9262951018749909,0.8635377804613884,0.8997753725381884,0.8983785482625095,0.8957725916394482,0.8233653367775389,0.5864328808760054,0.8236672656611922,0.8932112200658701,0.8315550570307916,0.6543321059645215,0.786767420919964,0.5748475843073141,0.7728654954912536,0.552643849813531,0.6135636956359122,-0.9283674914983798,0.33587511452436214,-0.3980742339898517,-0.5600322589770221,-0.37151897389822836,-0.33078874762501087,-0.36827930121571567,-0.1806334089709651,-0.22928636113110767,0.09580932434338778,0.6154789326337026,-0.9363048702746413,0.3784799002813188,-0.4491178050047244,-0.5446369220967172,-0.22672850707888959,-0.09686109565996459,-0.1576892995129892,-0.25330616471276873,0.24469726358276034
0.8783589942631771,0.9082844230690871,0.9290176008031457,0.883250683409242,0.5660336621856497,0.660124844112958,0.8734764060897,0.9071371950315671,0.8364151712494148,0.6706777507460981,0.8716428428775542,0.8079942449690387,0.806136754179061,0.8115948140193934,0.8483881218743623,0.7425700506540404,0.8616715000321995,0.8522202026675479,0.5457670139789583,0.6757993503152842,0.732155858897965,0.8353709302325485,0.5741381914922224,0.6474391543088499,0.8434515451250639,0.8486350784676296,0.9150249299113578,0.9084191340162683,0.8923366198854147,1.0,0.8930478778806166,0.7624998089728761,0.8696471541376001,0.9240082268337249,0.9050490327582373,0.8804785216867983,0.8812547127200164,0.8977252696004938,0.8331865982701087,0.6242375971785219,0.7205879685980694,0.8205124477249572,0.752309206458014,0.5488331283690118,0.7897289463405529,0.5251275172552269,0.8169957449454346,0.5930054647742989,0.576761649038267,-0.9193729020262829,0.36106854563454366,-0.37226767893568175,-0.5505871525332297,-0.3765736756039008,-0.32412264825597314,-0.33293202257911503,-0.20874356936094557,-0.23445455156762385,0.08953036079871872,0.6185906532849619,-0.9365961169758281,0.399833008529703,-0.45109435960670446,-0.5421759708398914,-0.24432666940926748,-0.11525229963444149,-0.18950829040159262,-0.276448324297105,0.24835991031508695
