0,1,2,3,4,5,6,7,8,9,10,11,12,13,14,15,16,17,18,19,20,21,22,23,24,25,26,27,28,29,30,31,32,33,34,35,36,37,38,39,40,41,42,43,44,45,46,47,48,49,50,51,52,53,54,55,56,57,58,59,60,61,62,63,64,65,66,67,68
1.0,0.7841902016777593,0.8482853618498225,0.7365867407644527,0.7412398966104052,0.7448673403661482,0.7387196313492672,0.7613597580561733,0.7329577325762907,0.6403070880867392,0.7508584999800724,0.6680499340457959,0.6313308307905384,0.7624059947513014,0.7755797903147216,0.539569651514383,0.7263050702696081,0.6289693270459558,0.6098966718703132,0.7159892823905236,0.6024649837860252,0.6613564655226795,0.4421925994480277,0.5429442257614886,0.7487913392905308,0.6675902979057889,0.6921080236780053,0.8330395701692639,0.8213130944944559,0.7692037329248119,0.710971816857635,0.5240681880454594,0.7495498376783218,0.7381324616517124,0.7103851218364745,0.6745870225795605,0.745091000727503,0.723581316179,0.6567445367707533,0.49321865509294854,0.6821811948419804,0.730585170525773,0.6378183129212869,0.5393579832238579,0.6566452760759356,0.5691095508579994,0.691166664695746,0.5371548678592285,0.5727619486329708,-0.69548592779836,0.14221503832123744,-0.38148696381085984,-0.4030575936064887,-0.1942981178963417,-0.0667047940043568,-0.44516125250673394,-0.3652930030344927,-0.12429223321100884,0.15682125009882408,0.34003492811083763,-0.8021135593718236,0.04883096970659172,-0.48492614117954036,-0.4589189664902181,-0.31284552375613345,-0.05186993734792003,-0.2960482073064501,-0.10969013576609753,0.1061767820162327
0.7841902016777593,1.0,0.9149811433793343,0.9094620332351293,0.8449046648619333,0.8631387993446008,0.9576698328519926,0.9502201038695259,0.9179892342627967,0.8910436888475068,0.8567001220657083,0.8324542864764889,0.9069050186965938,0.9138923229195881,0.9331445320108569,0.8596436908015637,0.9247052779851422,0.8848631070711196,0.7826201989013516,0.9187430377844246,0.8128982290990375,0.9338899842961228,0.8133668161558804,0.8117829323869703,0.7947420038684665,0.9248491938788321,0.9517280180920794,0.8724824394087344,0.9656024551491,0.9498231511548377,0.906634236787485,0.7842197439635374,0.9418610206138535,0.9647627524264505,0.9400292926080547,0.9286475859964751,0.943409535909332,0.9574059187076936,0.9168364935171692,0.8265849146339592,0.8060466467555519,0.9455258193590976,0.8868998211266924,0.728302992291778,0.8795547764688776,0.7692680225094214,0.9160549629549842,0.8623276241710469,0.45479742645837945,-0.9519936786763181,0.1828324734965949,-0.4331740123278157,-0.6383987965414141,-0.3430705897657879,-0.04972917900870434,-0.15126569843111132,-0.28934397139333407,0.12990042216037018,0.05812093535421941,0.4874469892655492,-0.9683025380464894,0.1373635909103795,-0.5095206385902478,-0.654547506041399,-0.4332426741838175,-0.16000507124007304,-0.2351160720731175,-0.19635504592836,0.16649114056731085
0.8482853618498225,0.9149811433793343,1.0,0.8985020348221435,0.8076135595700483,0.7907817330488115,0.9059892958183898,0.8751832792452202,0.8650241263742849,0.8167944501411863,0.8406515434070891,0.8029117996572797,0.8076648837543527,0.8571461092447391,0.9065456604735805,0.7479386995348832,0.8682895850178405,0.8657447377182642,0.7046216932641828,0.8669692972648019,0.7904060392741097,0.8572181974164934,0.6901866244419806,0.7311107740636802,0.696356605539817,0.8725446488099766,0.8728337638039234,0.9038539968826929,0.9320786999307209,0.9197822820534158,0.86415168015396,0.6776170241325198,0.8576339829759939,0.8878037825919444,0.8639368179412529,0.831559106696213,0.8650147457896222,0.8853819740952149,0.8206520172764011,0.7034068473299939,0.7937215858365958,0.8490966590352738,0.7933449197825189,0.6043840451564911,0.8254929031852511,0.6992669282382336,0.8118528999282051,0.7503946767358413,0.375468538037589,-0.9044828378824703,0.11769267671385647,-0.40984415160232546,-0.5685731785751501,-0.37271645899414796,-0.057531032981675945,-0.31056806770065576,-0.3922198288771839,0.043799701509521304,-0.0393792931269723,0.5834054001628474,-0.8905882783925961,0.12090097441473337,-0.4796724890388061,-0.5830462115108377,-0.37939130985084585,-0.10205583974783734,-0.268809855377429,-0.22564875959775968,0.0720335964860927
0.7365867407644527,0.9094620332351293,0.8985020348221435,1.0,0.8006714771155411,0.826028565917495,0.8857562789147667,0.87141048692316,0.8864542224127948,0.8459150269804777,0.8165587404740604,0.8340970753078347,0.8991783540487847,0.8607442110878405,0.8990087261840352,0.8349123260221926,0.8555566036861598,0.869940570896347,0.6917367704554124,0.8869948527500854,0.8812773197731879,0.8951056844031322,0.7557100058840286,0.7121950837555824,0.6550594554621794,0.8534361320445606,0.9018413747759115,0.8210265841219804,0.8841857241359831,0.9082312330013197,0.8728503906521412,0.6371576664008762,0.8479627402745661,0.9016339116598328,0.8791113005190279,0.8289033508613383,0.8697755202611094,0.8968993026825157,0.8293877430824432,0.7595397699535565,0.7279709923833309,0.8294368767215404,0.7944944634962052,0.5930154472388085,0.8324444844450983,0.6831534234248319,0.8217449310671225,0.7953963803046035,0.3632942990863089,-0.9304755253041374,0.12506238872400408,-0.4674205778727925,-0.5961951468082322,-0.41501938901169694,-0.0751537284729656,-0.2515492008481742,-0.3340865934175903,0.09130414720548734,-0.05714420891204392,0.5744470747199233,-0.8842250156973923,0.15373031686218114,-0.49042723873233307,-0.5779700187777188,-0.40483248749322925,-0.13414330791061205,-0.2803257289616447,-0.2438212115466311,0.06569936050523971
0.7412398966104052,0.8449046648619333,0.8076135595700483,0.8006714771155411,1.0,0.8139139092836374,0.8177691120970202,0.8325200378127686,0.807679150191936,0.8357271994219312,0.7338373181689333,0.7782679045637949,0.8175364679136484,0.778939226484592,0.7425055523648294,0.7523886495536461,0.8122244455637104,0.6861745062333156,0.6514142152755792,0.7748325911590384,0.7046381032265848,0.7750702877932059,0.654257563083259,0.6586525639941785,0.680616014993783,0.781566437685772,0.762755874392773,0.7660345417756901,0.8236378321486308,0.8025760719278909,0.724430948511678,0.6152117866300725,0.8139053665550984,0.8179347525596807,0.7867755934724305,0.7686296057729108,0.8002498758869108,0.8015067818148018,0.7510341660126387,0.6656785622490143,0.7394039347751648,0.8186317019393725,0.7872767477793813,0.6180858648035032,0.7610541618054094,0.6928485452962597,0.7892277410727894,0.6956405880531429,0.5205827686346441,-0.7691517733002806,0.20397165594996378,-0.31056957349904485,-0.4517989544936412,-0.1840037680870486,-0.061196727375027675,-0.16440533032263152,-0.2289031744012623,0.12313857164591366,0.08372962072628645,0.2849183353295221,-0.8556731273054963,0.08151115199018516,-0.4486717406331455,-0.49511758720908833,-0.3300569510600242,-0.09435832900761917,-0.15734833159760167,-0.10615885352197713,0.04353756750078151
0.7448673403661482,0.8631387993446008,0.7907817330488115,0.826028565917495,0.8139139092836374,1.0,0.800387092474525,0.8101965261467902,0.7977511280224543,0.772375553904951,0.6936026452952546,0.6879068343043536,0.8066685807637506,0.826942328474989,0.8155466115210691,0.7956665054472306,0.7490056666231384,0.7243797370883454,0.768516273204663,0.8707525626639812,0.6907417496804292,0.8138303019146531,0.7165586151594068,0.6704330757737875,0.6844806898565964,0.7373288723523852,0.803442981303039,0.7929321212001642,0.830672996170446,0.8115823478421016,0.7284094662444065,0.5843314174622838,0.8235630689102976,0.8313540982821727,0.8108568792006313,0.7728445798966862,0.8255986287147795,0.8189620791879029,0.789308346922454,0.70708189180654,0.768250315451895,0.8175231899168207,0.7142269493518485,0.5783148215901284,0.7311127328546128,0.6752743727523357,0.813407807973443,0.7112781371856934,0.5153540835725903,-0.8027746860530289,0.1518303989334365,-0.3816506083944262,-0.49002393580182785,-0.2411016579842871,-0.06101192233839542,-0.20794834640341062,-0.28042273983105137,0.03948004570660205,0.10813191229048154,0.3135419121002655,-0.8611995767084648,0.061416598850448825,-0.4247293263619403,-0.5181926521370307,-0.375541679708183,-0.08277478943171947,-0.27474365708668247,-0.15605996059398655,0.09122076666444308
0.7387196313492672,0.9576698328519926,0.9059892958183898,0.8857562789147667,0.8177691120970202,0.800387092474525,1.0,0.9239057564472618,0.9085881505751778,0.9027594543912921,0.8461307677315172,0.8142337436805069,0.8859911981325793,0.8683800258298793,0.9013195825196605,0.8492008556307697,0.9585329546259985,0.9069327077182898,0.7640731504932463,0.8896060303980958,0.7746852742851625,0.936935167328288,0.8116420423564404,0.8118016623217905,0.7565394737887976,0.9540252392332479,0.9308081549326247,0.8273949551864764,0.9473438839260478,0.9247591409486727,0.8938943786887197,0.8107137969887928,0.8973398396565538,0.9497304517430528,0.9190095805510659,0.9269316890551466,0.9204164504088399,0.9428337033897175,0.8959438508483865,0.8122041159679074,0.7585357918535616,0.939065161067863,0.9148252020141312,0.726942195063702,0.8908627307790601,0.7887289692690779,0.9185075680052794,0.8560220069248894,0.41870848954535633,-0.9399332115193659,0.18026387094653015,-0.4184916610531673,-0.6499796103264006,-0.3662459941741525,-0.03640792207105875,-0.14394051456778983,-0.2578029136821935,0.1911425743902992,-0.005747267904248082,0.516549472017162,-0.9453255639753989,0.1388284631838271,-0.5073394413370292,-0.664939140827759,-0.4297394119025177,-0.1710136186692861,-0.1826638608653527,-0.18796108555197746,0.13515673037550247
0.7613597580561733,0.9502201038695259,0.8751832792452202,0.87141048692316,0.8325200378127686,0.8101965261467902,0.9239057564472618,1.0,0.8862890051463201,0.8764598395559005,0.8620002287733645,0.8325409679767852,0.8862528262656223,0.8866911589795591,0.893818458589083,0.8453009183056591,0.9000206306697198,0.8425512460096215,0.7482700293267598,0.8798247111525794,0.7952303764119425,0.9090773381705595,0.7920661863344324,0.7960067798057349,0.7915223515257098,0.8853930167469336,0.9235457203607707,0.824708503936392,0.9336936018306098,0.9253929041279738,0.885393484504326,0.7721609639085107,0.9365818104266932,0.9478722662932331,0.9394872116918404,0.8992557359173466,0.9102032780041464,0.9411450528854503,0.9013037279004829,0.8054966072971608,0.7621469242718291,0.9188472845047972,0.8750758635452468,0.7936735132226808,0.8690821313180885,0.7376808978037545,0.8950568021983042,0.8457532189888727,0.45895592922010353,-0.9205201220320597,0.14257988171542102,-0.42244465518839647,-0.6253311969985418,-0.3382973786234781,-0.039851541056672456,-0.05756969839961723,-0.2309898123081686,0.15169502388841208,0.08476244144162043,0.46245723870220057,-0.951069171785136,0.0633296407798133,-0.5081407171001321,-0.6544260140115645,-0.44832149928129167,-0.1911546675547614,-0.19751971779443947,-0.17193872189218787,0.1467531425539383
0.7329577325762907,0.9179892342627967,0.8650241263742849,0.8864542224127948,0.807679150191936,0.7977511280224543,0.9085881505751778,0.8862890051463201,1.0,0.8788239484642607,0.8254853590013493,0.8119388232648592,0.8645218567625994,0.8397739540799176,0.8560999285411629,0.8204957797270686,0.8840385109462074,0.8510849056032534,0.7397352010875925,0.8653937670105911,0.8053657943889725,0.8896806129274198,0.761222238736226,0.7658811814475857,0.7086294157373972,0.8858378967943497,0.8872648902434095,0.8205319579014947,0.903772241202397,0.9141905740881137,0.8862095747995536,0.7278863476831567,0.8597503933456256,0.8990881304388016,0.8834702563299447,0.8618682900185264,0.8669431858380379,0.893911847477058,0.8491013193968411,0.7846257902951637,0.737749058833507,0.8934088940147881,0.848979765502373,0.675012711834087,0.8707519501032341,0.777323028922925,0.8409950182250097,0.8216407222783892,0.3795289346607883,-0.9023898364759055,0.17690915059022483,-0.3992096786409088,-0.5909310453044412,-0.356412115834699,-0.049078182487162836,-0.15205596514243214,-0.25786359134787096,0.17389255059326286,-0.0050412820021793455,0.48890098517868036,-0.8946394095056309,0.17420033633367524,-0.44651836991466154,-0.6200340462823668,-0.3958106703058321,-0.14283382654822918,-0.1755961478762669,-0.20854892761990063,0.09572613008103374
0.6403070880867392,0.8910436888475068,0.8167944501411863,0.8459150269804777,0.8357271994219312,0.772375553904951,0.9027594543912921,0.8764598395559005,0.8788239484642607,1.0,0.7774260333119086,0.7944960469537852,0.8830329094232064,0.81544380666734,0.785578998551894,0.8377867882602241,0.8863142603367785,0.807703152097713,0.6938099298138877,0.828597265408805,0.7920159502350136,0.8827677336398504,0.7826257480004561,0.782478474130481,0.6655293904378499,0.8891936269874909,0.8628083452599422,0.7802495123996748,0.8698131886264492,0.8619138188628478,0.8430428883867236,0.7948986920955202,0.8327796981246833,0.8909388301867134,0.8500146365788352,0.8857098299677523,0.8512434429536995,0.880843413774777,0.8587810863165267,0.7924309961040265,0.7555105122173986,0.8964205623639231,0.892314637244519,0.6930805997245176,0.8756830467355551,0.8259522563096412,0.8671434623164698,0.8256371201552875,0.4063598017036456,-0.8689858537666236,0.18389064143170478,-0.3556776329174695,-0.553322839922803,-0.2645572675983425,-0.018837739160392216,-0.05629775867766303,-0.17776056862530812,0.25382810572480335,0.0023948748091833995,0.37855017124292434,-0.8850997060494483,0.1322427981607005,-0.433064493914502,-0.5723720127827989,-0.38310872688665004,-0.17358986397412512,-0.13851034792147401,-0.1851346864053813,0.11209780710265607
0.7508584999800724,0.8567001220657083,0.8406515434070891,0.8165587404740604,0.7338373181689333,0.6936026452952546,0.8461307677315172,0.8620002287733645,0.8254853590013493,0.7774260333119086,1.0,0.7907510698971424,0.8086911347410954,0.7663373589512639,0.8329448051863161,0.7282863951693905,0.8505410085604582,0.7873756600100312,0.6570113351677005,0.7442669253308106,0.7723124155749946,0.8514702160323658,0.686370276865061,0.6900625159935716,0.7781088843851381,0.8095316102315433,0.837669118875501,0.748858375300523,0.8749302126073767,0.8715005974570621,0.894086311985943,0.6902370084034454,0.8197996952064633,0.8579198793747986,0.8587365159395837,0.8155741328418407,0.838589008566651,0.8646676195091172,0.8151321813361248,0.6856810939321694,0.5931005396495954,0.8244165273161647,0.8004359538068766,0.6231377851164879,0.7631368914747347,0.6593865260392351,0.7962268477426514,0.7488379384441685,0.378705845797514,-0.8489460106986938,0.1530581393714295,-0.41734203911608203,-0.5836349674385701,-0.397160391885022,-0.017828641167902507,-0.19277256734152876,-0.2085116836054727,0.16896603892463938,-0.003723152143405293,0.5264263375990884,-0.8598225966665871,0.0990788204666526,-0.5042770708331179,-0.6401585884214324,-0.4084107738751953,-0.14604458376325496,-0.06342128253854441,-0.09073255567907516,0.09191001087897498
0.6680499340457959,0.8324542864764889,0.8029117996572797,0.8340970753078347,0.7782679045637949,0.6879068343043536,0.8142337436805069,0.8325409679767852,0.8119388232648592,0.7944960469537852,0.7907510698971424,1.0,0.8669298321068575,0.7851199344934507,0.7692051718728252,0.7922657186449662,0.8210452602336237,0.7634917593389691,0.6115278726046252,0.7461473636513883,0.8492863443784211,0.8194087250811474,0.7166558748806893,0.6280335838547145,0.6149648455277309,0.7918689833777864,0.806834355571548,0.7321159020863205,0.7961549830779507,0.8422941745853044,0.8026305445240477,0.6085954460589301,0.7930941292925151,0.8373315159727326,0.7859421242738291,0.7780025527214085,0.8061155326249726,0.8313705827018222,0.7646270646594342,0.6865645306161312,0.6221263683712199,0.7824400159264938,0.7825205669200048,0.5405644498559653,0.73203317110091,0.6045888663351628,0.7422589247044169,0.7254074817704685,0.4179767901986656,-0.8311406656723678,0.16587000507833247,-0.3783244398722723,-0.5448710384270341,-0.30242201654817674,-0.09245261048685804,-0.14404044873042302,-0.15828887463419242,0.17874671820454363,-0.004562856040882553,0.41505943891542535,-0.8302264064261232,0.15077593338649622,-0.4788261284493334,-0.5180899588300034,-0.37389932566420675,-0.13922860367952003,-0.09973264666856273,-0.15019296204660038,0.04788558160703051
0.6313308307905384,0.9069050186965938,0.8076648837543527,0.8991783540487847,0.8175364679136484,0.8066685807637506,0.8859911981325793,0.8862528262656223,0.8645218567625994,0.8830329094232064,0.8086911347410954,0.8669298321068575,1.0,0.8444528746843649,0.8479473391570524,0.8658029554000172,0.8783035826629879,0.8225907468218184,0.7192783336206149,0.8557731408381741,0.8605662271789166,0.9087589733906161,0.8153639337952419,0.7335344864046576,0.6755964302153944,0.8598502377905579,0.9007006656188824,0.7379563583464711,0.8595549186728285,0.8790359387693133,0.8538469564615068,0.7130926630336342,0.8547203787010746,0.9097762485425402,0.8726343153713748,0.8742860496724879,0.8808733198700962,0.9012936926777172,0.8624748245382693,0.7823702681185442,0.6944951400474348,0.8719455028609061,0.854824931404843,0.6490892910193191,0.8171791917460215,0.7047129491539633,0.8588580500854355,0.8175068314010727,0.4111388973657941,-0.9028048812375309,0.17830179231944182,-0.4219614792454277,-0.6059575213150001,-0.3514987151143881,-0.060501430204144044,-0.08728839455283462,-0.18739373836104667,0.22565419039531903,-0.0006795890954700015,0.4312068083346194,-0.9020053673436503,0.1184198865291336,-0.4904714050139449,-0.6020347724110341,-0.43178545180824623,-0.1777573341223102,-0.17489611069651018,-0.1683976012657132,0.09083235369763759
0.7624059947513014,0.9138923229195881,0.8571461092447391,0.8607442110878405,0.778939226484592,0.826942328474989,0.8683800258298793,0.8866911589795591,0.8397739540799176,0.81544380666734,0.7663373589512639,0.7851199344934507,0.8444528746843649,1.0,0.9006690434371888,0.8056205696000571,0.8248228738117439,0.8035852642188345,0.7309105168407902,0.8716904534342712,0.7782672241660058,0.8535894648576517,0.7683543151586697,0.7355036935515009,0.7693400240184327,0.8268154016997978,0.8989056552732637,0.8203394832892112,0.8884729360886034,0.8867707756179471,0.8293023162122152,0.6891310514039598,0.8959432638487714,0.8961658704184189,0.8553003013329105,0.8561847436844664,0.9010533447893292,0.9038948897843794,0.8554830040461244,0.7751253490395444,0.7858890036444768,0.8661268434194955,0.7820356802830736,0.6519819787090281,0.7837495386844773,0.687331080124054,0.841294967698768,0.8099316693324526,0.45225115296582463,-0.8897567295581824,0.15039608321578687,-0.4095476715945717,-0.5760962693030311,-0.27745761098531513,-0.057043078491879354,-0.15821145984286258,-0.29033625118626505,0.06142556673164559,0.15475968699640053,0.42886636471995243,-0.9026721498412963,0.09022171969638633,-0.4694573327090825,-0.5791049236525497,-0.376473068879388,-0.11474866827440602,-0.31986097027503313,-0.20619299212677814,0.25181245330993585
0.7755797903147216,0.9331445320108569,0.9065456604735805,0.8990087261840352,0.7425055523648294,0.8155466115210691,0.9013195825196605,0.893818458589083,0.8560999285411629,0.785578998551894,0.8329448051863161,0.7692051718728252,0.8479473391570524,0.9006690434371888,1.0,0.8045207258540182,0.860649111342229,0.8774830174012709,0.7410271860172396,0.8960240683458144,0.7982492871485009,0.8842705097018088,0.759421055059537,0.7431068290633983,0.7664156324161089,0.8562283557882509,0.9297559743757717,0.8301308224235334,0.9227075458891641,0.9213076671759849,0.8770759427871165,0.6945305780872564,0.8967397023669192,0.9158493182666863,0.8990490170669718,0.8618542520908021,0.9186511974732231,0.9171083572281177,0.854007882324352,0.7642549896122521,0.7359310261584767,0.8605057767107233,0.7900179935657752,0.653229901445925,0.8081450466851557,0.6960143635555361,0.8484652148460269,0.8097864362943061,0.40215129405189837,-0.9352432999805527,0.13248692213774285,-0.45375815647320544,-0.6491006394145378,-0.43476094992604475,-0.056925151459707835,-0.21908736481360844,-0.3725633319023601,0.04177845623261708,0.0859090725045062,0.5718835511360187,-0.9135650691759725,0.10900606647367214,-0.4987309848554208,-0.6473241481864304,-0.43892504442373226,-0.13758557952727496,-0.3034315999965909,-0.21976534903684108,0.17875884040225895
0.539569651514383,0.8596436908015637,0.7479386995348832,0.8349123260221926,0.7523886495536461,0.7956665054472306,0.8492008556307697,0.8453009183056591,0.8204957797270686,0.8377867882602241,0.7282863951693905,0.7922657186449662,0.8658029554000172,0.8056205696000571,0.8045207258540182,1.0,0.8120901874968831,0.8296912435077544,0.7220469576942569,0.8255646633115531,0.7436193017859826,0.9040265852329811,0.8752180288474937,0.7610360732250369,0.630623896657304,0.8112902127926042,0.8648776200093127,0.6924019082072522,0.8035811173500922,0.8441207729773257,0.797391461606826,0.6989215554278055,0.8174267695301515,0.8777137353847136,0.8303859453429758,0.8426001272841592,0.8327084930246312,0.8868831800441337,0.8554757017740362,0.8529029158735871,0.6442987714677341,0.8265230483997029,0.797337872486647,0.5821741779225391,0.7615390853512133,0.6585063992045053,0.8444507477634889,0.8656425850534649,0.3661471315120605,-0.8687387002927288,0.1438082385380823,-0.3375727450904183,-0.5699226147182157,-0.3402776879064303,-0.06759511185207047,0.021836672940071977,-0.13681757292287453,0.22409305060142776,-0.010543256973823995,0.4260531660183471,-0.8532547535078893,0.11949401290994432,-0.4061105068512694,-0.5584793400764846,-0.4006450661126653,-0.17673705963253,-0.14770364780068493,-0.19885887581033887,0.09227484109195609
0.7263050702696081,0.9247052779851422,0.8682895850178405,0.8555566036861598,0.8122244455637104,0.7490056666231384,0.9585329546259985,0.9000206306697198,0.8840385109462074,0.8863142603367785,0.8505410085604582,0.8210452602336237,0.8783035826629879,0.8248228738117439,0.860649111342229,0.8120901874968831,1.0,0.8561976608694408,0.6839869682729932,0.824598423628609,0.751392503219609,0.9027673869669012,0.7515536129469743,0.7539222967304499,0.7643793733454068,0.9346011574237855,0.8936435753445521,0.7741288910881963,0.9142067026844187,0.8814866258992691,0.8661136792608428,0.7982884478386103,0.865221624655145,0.919237311609898,0.8866667257590638,0.9092821973384758,0.8941938065441448,0.9100694632462427,0.8494393087046519,0.7496889257810077,0.6736848856337287,0.9140317391270443,0.9294804053929682,0.7167739783823828,0.8585236575703579,0.7516453456812658,0.9094375117772103,0.8053739922270752,0.45608072719409953,-0.8979651993780897,0.19698788941197173,-0.4490273194030409,-0.6411185878674173,-0.3525753369646616,-0.048902393535247196,-0.17500105319155773,-0.1833467571555761,0.20544456027783228,0.019663737813731225,0.4707570581369689,-0.9249352165066448,0.12683059408891484,-0.561725938597973,-0.6535175260881556,-0.43933025568235723,-0.2096217870985351,-0.10998482850451644,-0.12859066579674833,0.1283031947422297
0.6289693270459558,0.8848631070711196,0.8657447377182642,0.869940570896347,0.6861745062333156,0.7243797370883454,0.9069327077182898,0.8425512460096215,0.8510849056032534,0.807703152097713,0.7873756600100312,0.7634917593389691,0.8225907468218184,0.8035852642188345,0.8774830174012709,0.8296912435077544,0.8561976608694408,1.0,0.7870839368221881,0.8620933113739458,0.7669477499337692,0.9071321950392784,0.8326727655863241,0.7316548506037382,0.6123929477356216,0.8770682891317158,0.8911263530165495,0.7520775333572928,0.8613710807505873,0.8872844213270411,0.8570750205369556,0.692839893885086,0.8198631772300577,0.8893143404630199,0.8598258267223651,0.8293297144335753,0.8585831725338761,0.8860671082440496,0.8322830521209419,0.7564978008425733,0.6802490479471206,0.8304733981418846,0.788816843213469,0.59448432023352,0.8082838178714312,0.6800492821484433,0.8200670040873926,0.8076771051059355,0.2683241939191538,-0.9242773132202675,0.12006748502880395,-0.45343116058677335,-0.6385039697639016,-0.4804280862016382,-0.04281504395775802,-0.14591749934512538,-0.2662234539243503,0.19391540847496588,-0.11155565053424561,0.632489680968301,-0.8487589447197554,0.1831996145429631,-0.4792193876724059,-0.6319241691175551,-0.40030278821837967,-0.15016247621647186,-0.18061057996032248,-0.193133119543731,0.08643775593401928
0.6098966718703132,0.7826201989013516,0.7046216932641828,0.6917367704554124,0.6514142152755792,0.768516273204663,0.7640731504932463,0.7482700293267598,0.7397352010875925,0.6938099298138877,0.6570113351677005,0.6115278726046252,0.7192783336206149,0.7309105168407902,0.7410271860172396,0.7220469576942569,0.6839869682729932,0.7870839368221881,1.0,0.8034178937060787,0.6322246587623602,0.7941489527447056,0.794873220736875,0.6416000236868422,0.5886525496257985,0.6991266842103223,0.7287372774009365,0.6438911432440498,0.7458088921534255,0.7679496823137374,0.7392209951270963,0.5791886786345097,0.7233068241350488,0.7661942013547172,0.7360745066025381,0.6986670388789027,0.7683960785666761,0.7667724606283238,0.7624033760980452,0.6489865007538969,0.64630238556014,0.775699762326663,0.6744219953533065,0.5737306528345228,0.6638754632604214,0.6238499509345337,0.7245004703006781,0.6666733794954423,0.38543837332729614,-0.7347611622136292,0.1348124243674269,-0.25451329963053615,-0.49903391801272007,-0.24708577940740076,0.03769005147683126,-0.005619495202027871,-0.20953201132488342,0.15810116542845098,0.03333424468791724,0.2839652439721152,-0.7721700382836687,0.08382464475671107,-0.30901888695665386,-0.5645040534805054,-0.3394645225407918,-0.043852665662281805,-0.20478749082539577,-0.060626588274100335,0.06944920608538906
0.7159892823905236,0.9187430377844246,0.8669692972648019,0.8869948527500854,0.7748325911590384,0.8707525626639812,0.8896060303980958,0.8798247111525794,0.8653937670105911,0.828597265408805,0.7442669253308106,0.7461473636513883,0.8557731408381741,0.8716904534342712,0.8960240683458144,0.8255646633115531,0.824598423628609,0.8620933113739458,0.8034178937060787,1.0,0.7827883308326387,0.8972267045891565,0.8065888563654239,0.7734370564364559,0.646884174122373,0.8552009111831345,0.8858614094683198,0.835381279698889,0.8952049003534507,0.9001914239019199,0.8310151500677236,0.6939710934420428,0.8533060331309937,0.8952032855156913,0.8806387487026565,0.8469982069427233,0.8666640739010852,0.8846155022475032,0.868880700823374,0.7874952634381289,0.824001350475318,0.8677669486071843,0.792698719440427,0.6670706396144874,0.8278684577137804,0.7318975325167758,0.8397737073434146,0.8100137752528916,0.39472811685768905,-0.9061592592087739,0.10754738333855222,-0.38465273658904237,-0.5720405172457862,-0.3357791107222769,-0.05120119685107711,-0.10251002226239181,-0.3223386951574249,0.14204582026579493,-0.0035639003604101046,0.4703539389410366,-0.8868542586769378,0.10552375528802686,-0.39903622694641505,-0.5878444564555849,-0.38146296264317725,-0.1203043972395828,-0.288203229885073,-0.19317378820839726,0.09789562697563842
0.6024649837860252,0.8128982290990375,0.7904060392741097,0.8812773197731879,0.7046381032265848,0.6907417496804292,0.7746852742851625,0.7952303764119425,0.8053657943889725,0.7920159502350136,0.7723124155749946,0.8492863443784211,0.8605662271789166,0.7782672241660058,0.7982492871485009,0.7436193017859826,0.751392503219609,0.7669477499337692,0.6322246587623602,0.7827883308326387,1.0,0.8127308889751849,0.731470765533902,0.634516445954458,0.5383569808105572,0.7635139008441123,0.8254435989677575,0.734200542939132,0.784950595405446,0.844920479524662,0.8534410474066146,0.5783051857491062,0.7629737257575606,0.8018995006018085,0.7921256075552067,0.746545187463706,0.7840020717243994,0.8100675698330286,0.7614238382824827,0.6987179388442114,0.678649621358924,0.7490286057566848,0.7385397694043043,0.5030784456773224,0.7628859203505304,0.6315758534120791,0.6896889487670375,0.725084430045569,0.24291815720049562,-0.8544912905466511,0.08188380485881698,-0.3532782543422685,-0.546172050591378,-0.368178911082752,-0.05985568090730392,-0.10159407555779824,-0.3153449382724598,0.12946299878984888,-0.0607655445311212,0.4768040220054321,-0.775222749592999,0.14426897631198127,-0.3564396488103454,-0.5064130073582687,-0.3339084266898613,-0.13238306892991902,-0.2369477453757214,-0.2275558702410612,0.05894307539257318
0.6613564655226795,0.9338899842961228,0.8572181974164934,0.8951056844031322,0.7750702877932059,0.8138303019146531,0.936935167328288,0.9090773381705595,0.8896806129274198,0.8827677336398504,0.8514702160323658,0.8194087250811474,0.9087589733906161,0.8535894648576517,0.8842705097018088,0.9040265852329811,0.9027673869669012,0.9071321950392784,0.7941489527447056,0.8972267045891565,0.8127308889751849,1.0,0.8892528228597827,0.8370299102143305,0.7177183141172839,0.903514707273337,0.9296400896261676,0.7809900131591975,0.9111453673180204,0.9269838327851831,0.9184686172504362,0.8094068629973987,0.8795862199600191,0.9382787045447244,0.9181374765087931,0.9262712537657929,0.9037198349909219,0.9502594434939846,0.9397687064684309,0.8653474662963223,0.7170114089564961,0.9028168209031008,0.8810187009372998,0.6734909435734951,0.8529308457227116,0.7378827911909346,0.9041619361317652,0.8914620356834801,0.36511454820722317,-0.9392924399843717,0.15893402165691853,-0.39099877189056276,-0.6478204190945552,-0.3966366337402531,-0.014932418197860725,-0.06011753023005929,-0.22525567818376124,0.2327797261842603,-0.028070805517365467,0.512059163363084,-0.9209729388385485,0.13177262351631924,-0.45422018029174965,-0.6526730799158754,-0.42820981891320176,-0.17446156638676688,-0.16495716931001198,-0.17782161448862224,0.10455901209709195
0.4421925994480277,0.8133668161558804,0.6901866244419806,0.7557100058840286,0.654257563083259,0.7165586151594068,0.8116420423564404,0.7920661863344324,0.761222238736226,0.7826257480004561,0.686370276865061,0.7166558748806893,0.8153639337952419,0.7683543151586697,0.759421055059537,0.8752180288474937,0.7515536129469743,0.8326727655863241,0.794873220736875,0.8065888563654239,0.731470765533902,0.8892528228597827,1.0,0.7474499558411274,0.5922125869794417,0.7765541773514694,0.8381033608093617,0.614734830850556,0.754298670248795,0.8089506533148265,0.7882614408290026,0.6723853140786713,0.7847432578203112,0.8309425455616799,0.8018657563706257,0.8016660349478982,0.8099281450261371,0.8570304812317359,0.8783680991296164,0.8474968557706295,0.6289417585614296,0.7933361794859677,0.7763325270949104,0.5632306568566982,0.7295693035700486,0.6067495981819089,0.7899275489801859,0.8609326015956247,0.23488917506664925,-0.8388598585812924,0.1544660436116487,-0.28109509128491117,-0.572338012032156,-0.31428075451557025,0.011156868027601043,0.14058685054555037,-0.12464495782221757,0.29860057614413216,-0.03833230063898675,0.4211006606591473,-0.7929827631531023,0.1445764945762017,-0.31125253407886855,-0.5957352216720418,-0.33011682750239557,-0.15223493057470222,-0.1477130385462122,-0.13913345253081813,0.0828503433207873
0.5429442257614886,0.8117829323869703,0.7311107740636802,0.7121950837555824,0.6586525639941785,0.6704330757737875,0.8118016623217905,0.7960067798057349,0.7658811814475857,0.782478474130481,0.6900625159935716,0.6280335838547145,0.7335344864046576,0.7355036935515009,0.7431068290633983,0.7610360732250369,0.7539222967304499,0.7316548506037382,0.6416000236868422,0.7734370564364559,0.634516445954458,0.8370299102143305,0.7474499558411274,1.0,0.6405481074083448,0.8206481616718355,0.8064257938749427,0.7320480758093014,0.8165604213934187,0.8113418679121636,0.7998784990790012,0.8773816658940831,0.7874201200314656,0.8037113686063767,0.8081977955320446,0.8783365932517747,0.7453233822748303,0.8220613712363115,0.8768269549136195,0.8875786625743282,0.7032693148812504,0.8128039462118104,0.7754735678611472,0.6856929202954073,0.7980419701923822,0.6998668755022285,0.8002565917735892,0.8861841725951712,0.23644715018747167,-0.7997818753414497,0.1672787415734363,-0.21398967741377498,-0.5207654188206747,-0.2506597163518299,0.016384370635424694,0.0693932382618404,-0.22795766937696602,0.14116731383034622,-0.0018720509821240805,0.41985388700374365,-0.7930512051798073,0.13896210040159832,-0.2642428095626528,-0.5221022830398362,-0.3139438476368722,-0.14930866892785777,-0.2120618979745186,-0.23929017418674278,0.16962156783953422
0.7487913392905308,0.7947420038684665,0.696356605539817,0.6550594554621794,0.680616014993783,0.6844806898565964,0.7565394737887976,0.7915223515257098,0.7086294157373972,0.6655293904378499,0.7781088843851381,0.6149648455277309,0.6755964302153944,0.7693400240184327,0.7664156324161089,0.630623896657304,0.7643793733454068,0.6123929477356216,0.5886525496257985,0.646884174122373,0.5383569808105572,0.7177183141172839,0.5922125869794417,0.6405481074083448,1.0,0.7078438425690284,0.7876267426159909,0.6564342358609597,0.8080220994272275,0.7580529928336537,0.7547717137504152,0.6592199749214114,0.8528282758337936,0.7778391156481603,0.7854221555058883,0.7675956901143026,0.8192348234721963,0.7923116274802251,0.7487589099849862,0.6413982285620641,0.5431900782188662,0.7908138200549646,0.7206563906264458,0.6798984451650556,0.6650320331943338,0.5856265357357867,0.7697149816453245,0.6835984236747671,0.4940782931228312,-0.7332589927126797,0.2674479979915346,-0.3864306067926765,-0.5745894049997136,-0.2696689149202751,-0.03703966495020006,-0.20446083247305114,-0.20151748597309854,0.03708063322950461,0.32762382684997104,0.32942812859786486,-0.8338644755003035,0.07115635258081812,-0.5290202860512754,-0.6158122790457504,-0.4198907039901596,-0.1499914165132423,-0.15696215220920226,-0.060529408686255816,0.3192315841303408
0.6675902979057889,0.9248491938788321,0.8725446488099766,0.8534361320445606,0.781566437685772,0.7373288723523852,0.9540252392332479,0.8853930167469336,0.8858378967943497,0.8891936269874909,0.8095316102315433,0.7918689833777864,0.8598502377905579,0.8268154016997978,0.8562283557882509,0.8112902127926042,0.9346011574237855,0.8770682891317158,0.6991266842103223,0.8552009111831345,0.7635139008441123,0.903514707273337,0.7765541773514694,0.8206481616718355,0.7078438425690284,1.0,0.9027538536999146,0.8041163532851464,0.9184371771535761,0.8940224395227309,0.8730226911788056,0.8195192659019124,0.8582729547914333,0.91409580501885,0.8894310060750399,0.9098420092882982,0.8668405054250047,0.9086752524851872,0.8703012873588201,0.8044285404948612,0.7571795749090882,0.9187841738760452,0.9104469805222388,0.7204134426869859,0.8847766353488837,0.7868580624827928,0.8767725227116363,0.8418339801259335,0.34975068172005264,-0.9166738667176335,0.16798706305072958,-0.3725240076539424,-0.6441430349317119,-0.348621148554359,-0.041029638232088626,-0.10406962050633976,-0.24082555145751958,0.197920163027334,-0.04690037551241254,0.5197793002612688,-0.8971553185851764,0.14099917549831523,-0.4518570173319207,-0.6274153586608595,-0.4022603251027703,-0.20024079332665695,-0.1680028561347886,-0.2225871574110785,0.1485174796142919
0.6921080236780053,0.9517280180920794,0.8728337638039234,0.9018413747759115,0.762755874392773,0.803442981303039,0.9308081549326247,0.9235457203607707,0.8872648902434095,0.8628083452599422,0.837669118875501,0.806834355571548,0.9007006656188824,0.8989056552732637,0.9297559743757717,0.8648776200093127,0.8936435753445521,0.8911263530165495,0.7287372774009365,0.8858614094683198,0.8254435989677575,0.9296400896261676,0.8381033608093617,0.8064257938749427,0.7876267426159909,0.9027538536999146,1.0,0.8079941706591164,0.9306748428717376,0.9379013428624986,0.9093731469618311,0.7758648466839179,0.9374988666196035,0.9514750546810868,0.9351604864967364,0.9200921577341298,0.9289175334550323,0.9562862288049145,0.912795641565067,0.8533934099475514,0.7342431586428139,0.907972818997848,0.8606267912154625,0.6980731540518164,0.859035141384934,0.7208825707301831,0.891888565497087,0.8859747364463586,0.3405377786796025,-0.9709308362244121,0.1630307228971887,-0.45967683181033775,-0.6864147486696486,-0.43471519304977124,-0.06109498013792383,-0.13087603368389442,-0.2971953272016229,0.15962453522672626,0.035388058378303756,0.5798821976035915,-0.9341218387136322,0.13979206185923002,-0.5129220761216241,-0.6772079369513665,-0.45008658117347433,-0.19026752318969037,-0.256163369616576,-0.24750253678790265,0.21424985672727215
0.8330395701692639,0.8724824394087344,0.9038539968826929,0.8210265841219804,0.7660345417756901,0.7929321212001642,0.8273949551864764,0.824708503936392,0.8205319579014947,0.7802495123996748,0.748858375300523,0.7321159020863205,0.7379563583464711,0.8203394832892112,0.8301308224235334,0.6924019082072522,0.7741288910881963,0.7520775333572928,0.6438911432440498,0.835381279698889,0.734200542939132,0.7809900131591975,0.614734830850556,0.7320480758093014,0.6564342358609597,0.8041163532851464,0.8079941706591164,1.0,0.8983403165579986,0.8648241424585902,0.8135851088868773,0.6783124012806993,0.8214525998716484,0.8245725051665604,0.8033452395208129,0.7984047531185104,0.7930847088554112,0.8111593489114902,0.7854056125777722,0.6987265275866312,0.858284328434148,0.8294128866631326,0.739139690621416,0.5822874816765266,0.7981401652117907,0.6964896359847786,0.758586876418809,0.7194794632391289,0.3796601728450216,-0.8270058674250368,0.12267871213625153,-0.3004333791205439,-0.4539853714329626,-0.219833953415051,-0.0404253615137966,-0.2453597144830445,-0.39619258638153226,0.014410491308573062,0.003812776067173815,0.4291353031264973,-0.8392340089581748,0.12475564050890788,-0.341193659296307,-0.44582087943152177,-0.2795848548457698,-0.07283030672463187,-0.3063547879404187,-0.2697300560036664,0.10500409408025692
0.8213130944944559,0.9656024551491,0.9320786999307209,0.8841857241359831,0.8236378321486308,0.830672996170446,0.9473438839260478,0.9336936018306098,0.903772241202397,0.8698131886264492,0.8749302126073767,0.7961549830779507,0.8595549186728285,0.8884729360886034,0.9227075458891641,0.8035811173500922,0.9142067026844187,0.8613710807505873,0.7458088921534255,0.8952049003534507,0.784950595405446,0.9111453673180204,0.754298670248795,0.8165604213934187,0.8080220994272275,0.9184371771535761,0.9306748428717376,0.8983403165579986,1.0,0.9442075404058001,0.9114877276219266,0.7977447069869453,0.9250596055828152,0.9379115158493349,0.9270289286480444,0.9193635110112893,0.9184543538113765,0.9392249913309924,0.9006854600193722,0.7977554797349427,0.8094645032489023,0.9328843278792543,0.8721592783254699,0.7310718850266369,0.8756483781914933,0.7704735398629423,0.8937170301880513,0.8396409487393475,0.4255577367673959,-0.9344518804612615,0.1688868820771523,-0.41235918664904986,-0.6323608816270789,-0.3601765435938022,-0.03369328921088847,-0.2001503490949183,-0.3330586240974443,0.10089663359819499,0.04918374683989216,0.5186938510241845,-0.9510982212591221,0.12289156791878884,-0.4983108778064143,-0.6413936299871084,-0.43038559088059003,-0.14664082896174713,-0.228845290804967,-0.2014438984346148,0.16879548876649347
0.7692037329248119,0.9498231511548377,0.9197822820534158,0.9082312330013197,0.8025760719278909,0.8115823478421016,0.9247591409486727,0.9253929041279738,0.9141905740881137,0.8619138188628478,0.8715005974570621,0.8422941745853044,0.8790359387693133,0.8867707756179471,0.9213076671759849,0.8441207729773257,0.8814866258992691,0.8872844213270411,0.7679496823137374,0.9001914239019199,0.844920479524662,0.9269838327851831,0.8089506533148265,0.8113418679121636,0.7580529928336537,0.8940224395227309,0.9379013428624986,0.8648241424585902,0.9442075404058001,1.0,0.9328247171663134,0.7523395795578373,0.918515680761811,0.9410766372058019,0.920043591834277,0.8918864470822558,0.9089772910144427,0.9419965051061705,0.9051289255499969,0.8365977063693492,0.7698601599704799,0.903830694723141,0.8450867045489797,0.6697204556943049,0.8638133745501828,0.7510518373328477,0.8595038348153233,0.8638984472643678,0.35748710785952487,-0.9498971159388372,0.12470995109032591,-0.36944703066131396,-0.6337374832167803,-0.37092298161271825,-0.07696953923800785,-0.14876427567512987,-0.31851814944672,0.14377894981966557,0.00506109270289933,0.5462727399577529,-0.928744090422978,0.11775903361127481,-0.4379179157365369,-0.6458183834012206,-0.40329014343159497,-0.1404834248875863,-0.2340378488597137,-0.22132963998347827,0.1363829534618998
