0,1,2,3,4,5,6,7,8,9,10,11,12,13,14,15,16,17,18,19,20,21,22,23,24,25,26,27,28,29,30,31,32,33,34,35,36,37,38,39,40,41,42,43,44,45,46,47,48,49,50,51,52,53,54,55,56,57,58,59,60,61,62,63,64,65,66,67,68
1.0,0.761071855743687,0.4919464641688896,0.7594058971918033,0.7732585670852331,0.7764150933306664,0.5955347049329592,0.7801072464903283,0.7412745001084292,0.6379790543393615,0.5515267090243017,0.6486228029571197,0.48704324595897036,0.518169875776303,0.7212307362875156,0.632781364473045,0.40022375763612805,0.11086538888241411,0.47126618097386225,0.45244730208239503,0.6370021815817949,0.34776489892002566,0.4294874536785913,0.4627995707167013,0.846389526976799,0.37497627903988756,0.7873609064948426,0.8847609183049591,0.7657682195219625,0.6547414267606879,0.4436592389882336,0.30186231942165825,0.7868312492018549,0.7260565707048012,0.6802448311294151,0.5633047694674935,0.6957118057169828,0.7347276547875048,0.607444451090399,0.42831784015301977,0.7894573978143714,0.6899763620872474,0.5794230242449019,0.6869543037651173,0.5702039909429389,0.6876237444957917,0.6622728306553217,0.1317673448739222,-0.1756084830381027,-0.7460229109592311,-0.17728374011383394,-0.2324899612620577,0.24489302278556221,0.3000760405909236,0.19036851235451058,-0.03726729990613068,-0.038199451944375934,0.5698575485366358,-0.08891134292816244,0.4891305362306721,-0.47203203622080686,-0.023626038736466407,-0.2068122159512271,0.39709197432895604,0.40373775698181386,0.14355324936392377,0.09589439819382953,0.4267876000417006,0.43485541185223725
0.761071855743687,1.0,0.5863171675596338,0.8735200153106729,0.8838664969398505,0.9312702884593598,0.8837552370147775,0.8961473435580193,0.9081515284566994,0.9108172924423814,0.7613970814431926,0.9166858851100339,0.8324326250477814,0.6037754689939221,0.842740546573217,0.8690248344213886,0.7226513807504822,0.4361336866170644,0.7686177935350404,0.783210981460037,0.8984035558702634,0.6702360315495879,0.7580814904019584,0.7502069424749312,0.8750065006532447,0.6058819609115467,0.8356022833515424,0.8213359180804013,0.9207817472142511,0.9178829536184959,0.7639726334214249,0.4890724413996407,0.9178022549013213,0.8953533659109768,0.9111783759445667,0.8658988015631814,0.8750910155089008,0.9398857968735004,0.9030316299772744,0.7535890146914632,0.8947454793176308,0.943024039547743,0.893570697051082,0.8927066476147354,0.8570528823579695,0.9045186157455969,0.8885932010197642,0.4410875975315377,-0.19492841809405037,-0.9065654392417818,-0.21816548941792893,-0.15121953134855667,0.09841666593125158,0.22774429762869072,0.022101846452684256,0.10223426048434693,-0.002725139285005401,0.5316745033342454,-0.35847074443995985,0.5079656099724886,-0.6859286423814162,0.19773829207708032,0.07935256338038191,0.18516747788421592,0.3845261660054024,0.11635248373412552,0.3472910433782907,0.5854837676979994,0.3565486680653308
0.4919464641688896,0.5863171675596338,1.0,0.4657829723826331,0.31934403699120434,0.47001376451711274,0.7335540796666384,0.5899668472753625,0.3511897091486089,0.4914109506269672,0.6624882446475733,0.5587048651143744,0.5690131340833877,0.567461532938134,0.7159286244186867,0.6553149309829549,0.7957263607260184,0.6791653986995067,0.7410790982834012,0.7079910434222241,0.4248178713585864,0.5293080501428148,0.4987102889749628,0.596936247185526,0.5117406292273582,0.8438833304255708,0.6446053138159977,0.5812359250685741,0.7132924237277336,0.6780893240618497,0.6876593759913345,0.45631643219190593,0.6004904614435935,0.7231984840243312,0.70553072668523,0.6369751984306206,0.6333528126468062,0.6437456770845933,0.6703698474394746,0.4966655638090517,0.41213303635743853,0.5003823494094457,0.5163441824948024,0.3677887792438529,0.6478681725582732,0.5642737897643456,0.5967755728708997,0.2937381950427869,0.4208777415865335,-0.4308908257987376,0.2032572754614548,0.27310023492793006,-0.023362488119360193,0.2434267378846423,0.12252520411165287,0.07664361972236647,-0.0908937333523054,0.02490134395772535,-0.039933655143600054,-0.13810868506661655,-0.8154085900374698,-0.3227257341257645,0.21817690250916488,0.1744999034238928,-0.21505622323929202,0.31797917696604383,-0.07979145080988549,0.35140191754760675,0.30863906623022186
0.7594058971918033,0.8735200153106729,0.4657829723826331,1.0,0.8574457459536886,0.8958868842466271,0.7733028277155214,0.7843031602936356,0.888718419678639,0.8177076620320665,0.5377764102160473,0.8190793838361731,0.6385283210101717,0.4406630501255403,0.7188541535194093,0.7529823998473993,0.5440091255355324,0.2846894007850582,0.6294196898295157,0.6160459677706311,0.8291614949383261,0.42755842964419716,0.5797678152847748,0.5241203195993062,0.8205264555967218,0.40896324195328937,0.7692929477265552,0.7937870870105964,0.823560479706063,0.7875736748840372,0.5399221546293957,0.21677472938736694,0.7984568624427151,0.751164610917125,0.7854812613900707,0.6781292620236405,0.7275044733375239,0.8384933361580597,0.7469793719497423,0.5680237102488584,0.8346905312250704,0.8678349824526801,0.8010122208628567,0.8453832962692508,0.707068205575093,0.8238672350820481,0.7451425447849229,0.24840149373152465,-0.4593397716913987,-0.9226513389001331,-0.3556958866680035,-0.3404561341935108,0.1295544527134294,0.03549719242052013,-0.004831161224164344,-0.06122341513633124,-0.0793882874940132,0.5323325877927808,-0.4484935097591115,0.6810808647648444,-0.4474824541096644,0.289978942979671,-0.1408186492586958,0.1344104562976084,0.5387183836662479,-0.07382964976286556,0.28035240118660365,0.40656560016949594,0.20054330043340673
0.7732585670852331,0.8838664969398505,0.31934403699120434,0.8574457459536886,1.0,0.9078669427181386,0.6995632413303838,0.8120508835512268,0.9210937603791288,0.8291515322901827,0.5810475350030448,0.8123183927506274,0.6801768865052671,0.4613343450100381,0.665261744804326,0.7076198384967571,0.4515277394430874,0.15463096272602528,0.5478735180790145,0.5612568986627299,0.8531721761525514,0.48738364100182374,0.621513473974904,0.5896307758094903,0.8109512151335267,0.327664618797922,0.7062124483583686,0.768075319566663,0.7787873742977257,0.768792856788337,0.5541197796896251,0.33455611253739875,0.8133991847289234,0.7396877477105356,0.7412690425305913,0.703646245734691,0.7477594738985159,0.8102032653983765,0.7295246558873211,0.6107726817392118,0.9149431337554064,0.8777983971301558,0.7854980652295334,0.8846492635615703,0.6930776364822737,0.8006202056289194,0.7694039687087171,0.32010654759868645,-0.4285839649620156,-0.8832774105591581,-0.37568830986778984,-0.37625884500000456,0.1396255822503296,0.1656648808248214,-0.04432298356527608,-0.012134611149404584,-0.03240753457941109,0.6417106819989251,-0.39964150114638386,0.6733230943564081,-0.4331784695727263,0.3652081506552806,-0.11784093323798961,0.14712571417201661,0.5875675240231124,-0.06943612023163173,0.3841722842328934,0.5222107825816367,0.24778923679858855
0.7764150933306664,0.9312702884593598,0.47001376451711274,0.8958868842466271,0.9078669427181386,1.0,0.8176724321454386,0.8574960135905142,0.9259139474413745,0.8966834532044703,0.6942709505164822,0.881367844482218,0.7729525370488665,0.5332110858597362,0.7981241317197562,0.8268177362052339,0.6209208570937873,0.30613526907335925,0.7038258709413446,0.7117343931231787,0.8936606133060964,0.5999854515861325,0.7092314325709779,0.6857204450742952,0.8586785066799232,0.4680403477425039,0.7996256557287086,0.8292717530508641,0.8812565837286179,0.8564261550449056,0.6601473129388251,0.42197345229669486,0.8852609391586306,0.8343392889462563,0.8520754668510404,0.7931277179037884,0.8334915098674813,0.8996943583886808,0.8380134715971634,0.7053178558541294,0.8974454003622147,0.9374654203464832,0.8769356216154481,0.891645676995603,0.8003877013759109,0.8886223521296955,0.8598372887887301,0.4056144988124889,-0.3178565573840299,-0.9096373151655128,-0.26422135415796233,-0.24509178863751568,0.15046259530515763,0.20111712981473961,-0.02463992253390657,0.07001196079600863,-0.028079535485575357,0.5645327636060946,-0.38277882941466096,0.591082513697868,-0.5819044539253356,0.24845200542099585,0.006298680000496481,0.20968084942486656,0.45393178093335923,0.047716920088138715,0.336221776796162,0.5120651660571441,0.31505582900294793
0.5955347049329592,0.8837552370147775,0.7335540796666384,0.7733028277155214,0.6995632413303838,0.8176724321454386,1.0,0.8265760105298526,0.7527534473055943,0.8509029513319221,0.770183882013162,0.8821826312716238,0.8315462181004348,0.6497968646826342,0.8589869438729824,0.8751603747876391,0.8991474684407659,0.6751994810915413,0.8976373222267595,0.8983667322921096,0.8179609726664199,0.7421389051508972,0.7380296816537975,0.7682020062779223,0.763695488164607,0.7976517045859771,0.8147444738771602,0.6949871819985302,0.8936717583156281,0.9362366581406719,0.8482656203532251,0.5530185374202896,0.8459613501199595,0.9026321846698563,0.927360827829214,0.8647268974844867,0.858849381429489,0.9158216053552849,0.9202617537751132,0.7395543377835638,0.7248191982310721,0.8648308801955886,0.8832651752040489,0.7548277218729258,0.8806011607734001,0.8781446087917556,0.8471520040897896,0.450070607601552,0.007104410680148063,-0.7912598802736622,-0.03289351909692744,0.05303027709251109,0.007632666425880072,0.16591694505456486,0.021471152955503912,0.18084531892703834,-0.006425552191020375,0.3152337446260974,-0.32966955114400426,0.27201277025488857,-0.8110909803918295,0.045221141771051195,0.22338473764475783,0.08175858785835383,0.13017700658535608,0.15828994824167042,0.23279505806731815,0.4789189829708457,0.25021948112360415
0.7801072464903283,0.8961473435580193,0.5899668472753625,0.7843031602936356,0.8120508835512268,0.8574960135905142,0.8265760105298526,1.0,0.8444040011546453,0.8489287065835343,0.7876535992519028,0.8489296073837905,0.7482485112143834,0.7364136325366559,0.8373970710262403,0.7911519126260801,0.6833462280690864,0.34301418404703926,0.6866729583105229,0.6988460751571779,0.804702528119061,0.6248164929700335,0.598987650321414,0.6634453434197374,0.8360625507434577,0.5804269306847499,0.8867885530374856,0.7798646556874014,0.8478262886618826,0.853569161492099,0.6703379452693142,0.5309676460323269,0.9101171567059856,0.9038067390560509,0.8974362549310219,0.7639055307636475,0.9032533679308649,0.8979641639799955,0.8357223020228427,0.6034025458001476,0.8108045760776261,0.8523887141415225,0.8089272398039871,0.8376848821835451,0.8455488442937827,0.8631871828233075,0.8105522954254356,0.2743782512378203,-0.08125260857988247,-0.8198577665015664,-0.07710568064768476,-0.06558905012355126,0.05202389814480236,0.3213730786772437,0.19679549348428615,0.3058263854151318,0.20445687156842388,0.6547674825822875,-0.1147233625068502,0.3861706804811424,-0.6933826534491615,0.06840847139036445,0.0268921628125051,0.2090410340752793,0.2910497149428302,0.1984893040119302,0.32923639122725673,0.582581877650271,0.45224180247062573
0.7412745001084292,0.9081515284566994,0.3511897091486089,0.888718419678639,0.9210937603791288,0.9259139474413745,0.7527534473055943,0.8444040011546453,1.0,0.8951042579004093,0.639043306443599,0.8651630493030431,0.7482210433155687,0.5188074137398911,0.7087784540624883,0.7615248218309892,0.5300310429793404,0.21093713149507934,0.5874685992075394,0.6231926254354947,0.8939518424727428,0.5464234135300621,0.6552011196986585,0.6098456140113012,0.8377917879102302,0.3567143676442262,0.7633661594823757,0.7603602738527508,0.8002497979391409,0.8023546515383515,0.5794057463792653,0.36068788861752515,0.854608924315916,0.7645735833072862,0.8073916464305008,0.7426914711377265,0.7895725369248064,0.856190824345063,0.7921365064704455,0.6485950592784276,0.8719779493000891,0.9146355302036177,0.8448494777120602,0.9117856436553807,0.7556538184783677,0.8548972288240683,0.799157142434819,0.3437192894016427,-0.436058885419353,-0.922587041065834,-0.369652965239521,-0.3179167630991832,0.09272143102681903,0.13782877441851046,0.0005486358520451546,0.0969727533099384,0.04836141159477784,0.6449341994176702,-0.3857237605861335,0.6866438677223791,-0.46202346672319006,0.35862421702951824,-0.042256385981503275,0.14736968704896508,0.5545227230108998,0.004556600764834583,0.464500065979503,0.527129218388068,0.30492027990502907
0.6379790543393615,0.9108172924423814,0.4914109506269672,0.8177076620320665,0.8291515322901827,0.8966834532044703,0.8509029513319221,0.8489287065835343,0.8951042579004093,1.0,0.7690588608743494,0.8917209235329506,0.8866014342129199,0.6016822805613086,0.761101500728937,0.8283047480455928,0.7220461770017125,0.37330393186245525,0.7242682032441332,0.787142946583053,0.925776288729141,0.7156496154732449,0.7577812732356477,0.7511855064245196,0.784044005293863,0.5188995942532377,0.7665211525709054,0.7357582801585217,0.8448180189392913,0.8757633495891038,0.7240237497981674,0.5308935755708291,0.8586188925401382,0.8276386230966382,0.8851635657320599,0.8491726865857339,0.8404426703312645,0.8985309056183556,0.8949983498014934,0.76074367135634,0.8054369173922064,0.9383465809606408,0.9307092792327274,0.873492850651738,0.8824538091516742,0.9043489912916831,0.8709871532261866,0.47186524729817664,-0.2245606701207831,-0.8632262615610844,-0.1973028927104519,-0.09942890194433698,0.06864608645333238,0.2136001234200311,-0.013149400647827084,0.2171818061720869,0.08097248776186733,0.5039583820683781,-0.38174969934384717,0.4789686258987401,-0.6441590541691581,0.28625960029138,0.15215337084700226,0.07707031396618647,0.32218370091104237,0.07984522809827455,0.45034689180705373,0.5229429745186606,0.3105795100024227
0.5515267090243017,0.7613970814431926,0.6624882446475733,0.5377764102160473,0.5810475350030448,0.6942709505164822,0.770183882013162,0.7876535992519028,0.639043306443599,0.7690588608743494,1.0,0.7581460090590233,0.82286101034629,0.6968864915179734,0.7898974872862232,0.7791749565417432,0.7739310207450679,0.4725723876778754,0.7014847182620786,0.7576294514258785,0.6795750871711832,0.7144960816793228,0.6880150005109817,0.7504844379575925,0.6808387540191734,0.6698758895249511,0.6972099798083873,0.6695761356038815,0.7952281119547603,0.7797785631917429,0.7624611991724023,0.6097616819706564,0.8021969135582518,0.8164541000581124,0.8310611704612862,0.8077361709060756,0.822551955731048,0.8004631205242977,0.8449050542142172,0.71913144450459,0.6137790161864469,0.7347312046724195,0.7325798778440851,0.6601081230564417,0.817671183554967,0.7214594902864621,0.7786410295551509,0.46542429018866693,0.26213172604931545,-0.5851308221262519,0.0785130609460819,0.1606874629018116,0.045313654131554054,0.4003256266204294,0.01231925677868002,0.3480455202174085,0.18573509037708041,0.36081591065015334,-0.09702613359112393,0.059181378667307584,-0.8304585316144852,-0.04595095850727805,0.3111303710560789,0.22652291007919112,-0.06368884446859482,0.3773130978024934,0.32282448000452085,0.6233935053860276,0.5199777662825386
0.6486228029571197,0.9166858851100339,0.5587048651143744,0.8190793838361731,0.8123183927506274,0.881367844482218,0.8821826312716238,0.8489296073837905,0.8651630493030431,0.8917209235329506,0.7581460090590233,1.0,0.8631657478216155,0.5796034284390594,0.8367572844254528,0.8879231807568355,0.751398483926759,0.4902257895686873,0.7765856551026769,0.8165848413277367,0.890850716144722,0.7048175029992074,0.7840974981403236,0.7589227402792466,0.8281653928189545,0.6227716069590582,0.8077529830225412,0.719935318033442,0.873501238858934,0.907939152813144,0.7873049897304009,0.5138581377652705,0.8878030765321334,0.8576329643708888,0.9046700915745629,0.8724356524223412,0.8500162779903192,0.9231715144739793,0.9080108585442154,0.7738172846515988,0.8080656656249605,0.9070209942500261,0.8830092062364432,0.8761719108375822,0.8664615473059869,0.891030063109658,0.8704401346433647,0.49760901871306173,-0.17824411151345726,-0.8726364773808993,-0.20548924504838773,-0.10348281211412601,0.031562085117816954,0.1285210452282826,-0.005021750009282878,0.17534608442535943,0.01090774445993568,0.4681158529966842,-0.3499852151152878,0.4755315413589366,-0.675050753043089,0.21269086166738616,0.18476117299911846,0.16032346176089707,0.3191165049714787,0.1467616292232883,0.42858526796421054,0.5857149131637995,0.29220781148056146
0.48704324595897036,0.8324326250477814,0.5690131340833877,0.6385283210101717,0.6801768865052671,0.7729525370488665,0.8315462181004348,0.7482485112143834,0.7482210433155687,0.8866014342129199,0.82286101034629,0.8631657478216155,1.0,0.5730160899271068,0.7476578076255715,0.8431453065952547,0.7958674023043809,0.5110833882154971,0.756172022555416,0.8547516539720731,0.8592598521535215,0.8348797827264779,0.8704330482586129,0.8647880751907316,0.6953498550141978,0.632709613400779,0.6906404813099939,0.6245269181632531,0.8068054796630092,0.859954407727641,0.8375374514050231,0.6673804385347637,0.8087710695741095,0.7916697846207282,0.8512419161286351,0.9170976015338304,0.7938349296598333,0.8441323403006502,0.9127439243471223,0.8656143796054508,0.6837506235271774,0.8482856154341473,0.8652566450199433,0.7630134499322685,0.8656010947455818,0.8311703611755678,0.8764773335316747,0.6499024331514403,0.008422162463644495,-0.7310707409680306,-0.10811122927140658,0.059851959684882244,0.016313892514935088,0.21737225398187315,-0.07338989598434308,0.24476942671520882,0.005263560665026312,0.29131075013625674,-0.3186739144676049,0.28414036413167204,-0.7370159259481635,0.20341437032185306,0.3470373926245291,0.09825394977565693,0.1119808328917959,0.20692070766621476,0.4556635328074713,0.5690803335292152,0.33828199237464324
0.518169875776303,0.6037754689939221,0.567461532938134,0.4406630501255403,0.4613343450100381,0.5332110858597362,0.6497968646826342,0.7364136325366559,0.5188074137398911,0.6016822805613086,0.6968864915179734,0.5796034284390594,0.5730160899271068,1.0,0.659596827882311,0.48366482154248847,0.6495143032817687,0.2993321657326957,0.5464944397549977,0.559121973766571,0.5238910706454815,0.5459781608349813,0.3109342815727337,0.467810773783594,0.5298090895071683,0.5257329971975834,0.6849917368833631,0.4739672254760209,0.5892875640073573,0.6442662712933309,0.5231568194371605,0.5338801157784249,0.6958478076685165,0.7323452281253755,0.6867885807304446,0.539462053367035,0.7946055565879638,0.6728402238135902,0.6156629903159603,0.33863095553752337,0.41765493066593806,0.5570843525369135,0.5726879885073564,0.5048171827108908,0.6990192936863537,0.6157412186863823,0.5354489304944183,0.06505092758869176,0.24206569453125515,-0.4484597663802003,0.2334618796590648,0.12054862244300833,-0.12668963656423474,0.31836890635128484,0.18757442713527817,0.3866911437751077,0.4273713897305085,0.40505611884608567,0.11308055540129115,-0.05129229762835567,-0.7084962755730033,-0.11180910486679965,0.038869894977309645,-0.021282139425206716,-0.13317947397245303,0.2020242327970936,0.161164788488557,0.31608459354099244,0.3875793027863799
0.7212307362875156,0.842740546573217,0.7159286244186867,0.7188541535194093,0.665261744804326,0.7981241317197562,0.8589869438729824,0.8373970710262403,0.7087784540624883,0.761101500728937,0.7898974872862232,0.8367572844254528,0.7476578076255715,0.659596827882311,1.0,0.8710948900840766,0.7843874113870589,0.5299104993161861,0.8162326582701871,0.8170994485561336,0.7483904115087839,0.6749611521892794,0.6918836429320467,0.7421567141236368,0.8357394704512419,0.7432120113671766,0.8611256209553139,0.7840223709783772,0.8985243739453983,0.8794069934069436,0.7935526430084164,0.5687330599083155,0.8873477892920071,0.9183575414082095,0.8890367448463631,0.8123534616715693,0.8750187407179904,0.8998419455309012,0.858015761388766,0.7019838819937128,0.7261462139302014,0.7916689639612554,0.7690125103008137,0.7086379420124954,0.8093462380277021,0.8399939227231927,0.8393669455208295,0.40804069336813914,0.11485388954658793,-0.7442016656568069,0.05916439240377823,0.10358151013767843,0.06080816088558347,0.3218243113573061,0.11618427494292446,0.19726744045006553,0.03276559582604488,0.3736176845210903,-0.1537850492328976,0.23711243128909446,-0.8106110671843748,-0.1277367709971197,0.19692839707516743,0.37376754639422394,0.08735281257986878,0.32300328848334114,0.12191714999885453,0.49790524709337425,0.44553358368193213
0.632781364473045,0.8690248344213886,0.6553149309829549,0.7529823998473993,0.7076198384967571,0.8268177362052339,0.8751603747876391,0.7911519126260801,0.7615248218309892,0.8283047480455928,0.7791749565417432,0.8879231807568355,0.8431453065952547,0.48366482154248847,0.8710948900840766,1.0,0.7868618079218,0.593434158119325,0.8276946655471087,0.8675059712653893,0.8252803016988699,0.735585935874379,0.8448203990443788,0.8204817034779971,0.8135798092908758,0.7175554358011591,0.7991503676067769,0.7585251540573505,0.8941715593827998,0.8960925955492691,0.8441442672143225,0.5624714107495428,0.8508110981615961,0.8535959161714524,0.893325185672216,0.8890085698023018,0.792981647336432,0.8972413241644145,0.9096353925319717,0.8390483173792619,0.7682510514276598,0.849426967738593,0.8296816389195292,0.7678782681969185,0.8268104350821882,0.8503050043594894,0.8851356578078617,0.59435974342845,-0.034213333954340036,-0.8097570011236956,-0.1124798180330895,0.023607534247357415,0.054253420320165016,0.18419887149507755,-0.015339411882890064,0.16824324161260323,-0.12475840342414639,0.3217214755861155,-0.3210490352462281,0.3726581051907888,-0.734478377661565,0.025368967754186685,0.277010670276726,0.3111163881737487,0.21281272322386957,0.2570373083004626,0.2825825537376382,0.5576075012005157,0.32704779646831955
0.40022375763612805,0.7226513807504822,0.7957263607260184,0.5440091255355324,0.4515277394430874,0.6209208570937873,0.8991474684407659,0.6833462280690864,0.5300310429793404,0.7220461770017125,0.7739310207450679,0.751398483926759,0.7958674023043809,0.6495143032817687,0.7843874113870589,0.7868618079218,1.0,0.7867964547784352,0.8927977479756685,0.9096914849291738,0.6648258736850451,0.7773732825504912,0.6833678545758468,0.7487531726978834,0.5819272886053679,0.8629628966381093,0.6894434614680035,0.540167654021457,0.7836666257024553,0.8405583401042278,0.8582701528409956,0.615338831180655,0.7097186492243346,0.8174347633547119,0.8412234104000264,0.8055780964656278,0.769958679595594,0.792499681180744,0.8523964260912728,0.6919532024437881,0.5025498737755036,0.7040542502740538,0.7715254966252376,0.5465261915894425,0.8243792120757123,0.7487792339303182,0.7392169434200047,0.46484280753382873,0.28322698916775085,-0.5686726329233825,0.163078229433792,0.2609932592537245,-0.034188895103498214,0.20317718017775022,0.027633728270230258,0.24902031738579697,0.024429641716143438,0.09282345764920877,-0.21464336479261648,-0.028568249765556733,-0.8798009364246594,-0.1204080536330558,0.3634788879860651,0.024748683313518854,-0.16042320146235586,0.25989907933460465,0.13541059388786797,0.4044200754108574,0.2471998930415026
0.11086538888241411,0.4361336866170644,0.6791653986995067,0.2846894007850582,0.15463096272602528,0.30613526907335925,0.6751994810915413,0.34301418404703926,0.21093713149507934,0.37330393186245525,0.4725723876778754,0.4902257895686873,0.5110833882154971,0.2993321657326957,0.5299104993161861,0.593434158119325,0.7867964547784352,1.0,0.760881251871262,0.7300277075390423,0.35704293353089805,0.6080099763888391,0.5469475320992238,0.5675991186228072,0.32972550932207007,0.8107762722587455,0.38316701105977635,0.2354310608119055,0.5154513397536353,0.5928292261509801,0.7435157125644359,0.4092208680626591,0.38914263181212083,0.517280411652265,0.5456298424796747,0.5766198158918178,0.4277609594016705,0.49463501694004686,0.5943981641409053,0.5340340733265154,0.2560107001724122,0.39513084713083957,0.46108645772622975,0.2512529987172112,0.5092439528121878,0.4299015628115774,0.47192825055697774,0.455432540187544,0.32007034887159774,-0.3163089897471414,0.1112302733064511,0.25378353262275116,-0.11228970944171117,-0.04195042994043826,-0.07399402140587114,0.03759993543079825,-0.22394607297879587,-0.2226499296679329,-0.24867521591429406,-0.12345592837040043,-0.6586462267661642,-0.19903820762157842,0.38135728933167007,-0.03563812716411263,-0.2016832456526531,0.20135321699471234,-0.05161228504716049,0.2354205242049505,-0.02214730069304785
0.47126618097386225,0.7686177935350404,0.7410790982834012,0.6294196898295157,0.5478735180790145,0.7038258709413446,0.8976373222267595,0.6866729583105229,0.5874685992075394,0.7242682032441332,0.7014847182620786,0.7765856551026769,0.756172022555416,0.5464944397549977,0.8162326582701871,0.8276946655471087,0.8927977479756685,0.760881251871262,1.0,0.9141256821817144,0.7079275758095772,0.7367261132956053,0.7275147464115479,0.7545284001588224,0.6441413513067733,0.8306024995488774,0.6836202852194473,0.6069078562127647,0.8218926637646468,0.8644856370663545,0.8527525189894954,0.5404776951366472,0.7265950824677938,0.8227100560616816,0.8309741397556967,0.8055939068216282,0.7542250580345968,0.8192107348351911,0.8477692858088812,0.7133359504878023,0.6233478691363523,0.7504185808759676,0.7916103051416716,0.6064068546656635,0.8025215457817514,0.7766341455757173,0.7773280942514179,0.4912617691561786,0.15714706727137137,-0.6438370445139077,0.11353050493504384,0.14512037799702143,-0.019597578221330774,0.18446305734931318,-0.03019728755469709,0.10972148176137635,-0.08887435801631967,0.1428250457983052,-0.3212605576778176,0.10509036568344507,-0.8262766194589692,-0.07219395826428897,0.2712938772402286,0.08922601863063352,-0.02411466944160655,0.184580311148533,0.05365442891449395,0.38881214713392404,0.18345104491594208
0.45244730208239503,0.783210981460037,0.7079910434222241,0.6160459677706311,0.5612568986627299,0.7117343931231787,0.8983667322921096,0.6988460751571779,0.6231926254354947,0.787142946583053,0.7576294514258785,0.8165848413277367,0.8547516539720731,0.559121973766571,0.8170994485561336,0.8675059712653893,0.9096914849291738,0.7300277075390423,0.9141256821817144,1.0,0.7778859686280589,0.8439069942074261,0.8084960580502898,0.8369180462796938,0.6505358283992765,0.7954668849564784,0.7058818416428402,0.6020729135610221,0.8239346318672818,0.8863189194393177,0.9005789419557729,0.6668828406532714,0.7565045482069586,0.8232607050294721,0.8535980790066248,0.866405473778844,0.781353046938298,0.8357716618583184,0.8910406232152853,0.8001243855193626,0.6156734881429362,0.7785080571814329,0.8221356327545941,0.6281029395897703,0.8385185187437231,0.8164500579799361,0.8316471612442533,0.6000482349851747,0.15585787093547557,-0.6641140375677421,0.07606332543547266,0.17296011664479075,0.005213819433689756,0.17895961770938082,-0.051506404846046384,0.19479718698569348,-0.08217118494659473,0.11464650854073974,-0.29336927055607454,0.12927019105357473,-0.8318949682518768,-0.04075330184921184,0.34806970749755484,0.10092028237092844,-0.026533243229474215,0.2098388268447697,0.15988413817617333,0.42016894134951904,0.22721828822499693
0.6370021815817949,0.8984035558702634,0.4248178713585864,0.8291614949383261,0.8531721761525514,0.8936606133060964,0.8179609726664199,0.804702528119061,0.8939518424727428,0.925776288729141,0.6795750871711832,0.890850716144722,0.8592598521535215,0.5238910706454815,0.7483904115087839,0.8252803016988699,0.6648258736850451,0.35704293353089805,0.7079275758095772,0.7778859686280589,1.0,0.723050809645085,0.7721395986546575,0.7403134185653929,0.783867668698848,0.4618683597360665,0.7526730270325732,0.7110484797312667,0.8251142898587901,0.8725737366365744,0.7244379655966086,0.5339916511022426,0.8448404457752449,0.789921207049525,0.8398454978142766,0.8261633232183531,0.8032173986080976,0.8797724588731042,0.8585322958056688,0.753642710627108,0.8152409556270754,0.9208324354616391,0.8954073916825324,0.8607890825715334,0.824629739765286,0.8916957538166151,0.8571122555101883,0.48174419086909803,-0.3087541542807073,-0.8885009126229247,-0.2579898727810687,-0.20311106193660508,0.032353813422937035,0.11161501431761581,-0.07368218535003355,0.1059327005256092,-0.02572778912155337,0.4580083752228,-0.41324964549186866,0.5674195198157508,-0.5761148971758344,0.33084866267651974,0.07353220197624113,0.06523951190814015,0.37509127334942943,-0.010596036004165933,0.3804815428166793,0.44461995616151284,0.23622735964899466
0.34776489892002566,0.6702360315495879,0.5293080501428148,0.42755842964419716,0.48738364100182374,0.5999854515861325,0.7421389051508972,0.6248164929700335,0.5464234135300621,0.7156496154732449,0.7144960816793228,0.7048175029992074,0.8348797827264779,0.5459781608349813,0.6749611521892794,0.735585935874379,0.7773732825504912,0.6080099763888391,0.7367261132956053,0.8439069942074261,0.723050809645085,1.0,0.792068200457464,0.8674597831597785,0.5268522700249169,0.6370056948430198,0.6099973819808481,0.4663348601250088,0.6687132743718888,0.78011537375769,0.859469478458278,0.8713228460039808,0.6818211459085524,0.6985509304349974,0.7365279134620375,0.8094170061940344,0.7132871057946556,0.7075354425520847,0.7948755122662583,0.7821078905819381,0.5112257197418588,0.6725672407101126,0.7201674034560617,0.5427899017872568,0.7576410789103928,0.6990333438479037,0.7660527975479616,0.7108279246905103,0.20836351928855576,-0.5384279033621509,0.12632270404079915,0.14255914324968919,-0.063163536893023,0.17215086919118788,-0.06570950209910237,0.3106814403274412,-0.04477836808486492,0.08102087694084487,-0.13937834010074276,0.08594192195434715,-0.754331385242968,0.006585420173830114,0.32327309226605594,0.012226400761123093,-0.10380886584472042,0.1625179179527404,0.20454015187950927,0.352181930335013,0.22132915283698074
0.4294874536785913,0.7580814904019584,0.4987102889749628,0.5797678152847748,0.621513473974904,0.7092314325709779,0.7380296816537975,0.598987650321414,0.6552011196986585,0.7577812732356477,0.6880150005109817,0.7840974981403236,0.8704330482586129,0.3109342815727337,0.6918836429320467,0.8448203990443788,0.6833678545758468,0.5469475320992238,0.7275147464115479,0.8084960580502898,0.7721395986546575,0.792068200457464,1.0,0.908178495564743,0.6680154668138677,0.6145366026297749,0.581647413103313,0.5981897443490615,0.7636600232179656,0.7917874235761496,0.8392743282154306,0.6155758616421346,0.7194125532393992,0.6835094208873767,0.7358434246386162,0.9065525648206186,0.6412377759423428,0.7500457886168302,0.8435539976802018,0.9446479194042833,0.6896370501482368,0.7677904874195126,0.7657199696177531,0.6879600038420378,0.7203367097312918,0.7250784544086434,0.8663700957641262,0.8391117291545294,-0.010875801264779172,-0.6824412545759718,-0.1693353433623688,0.011196016277953665,0.06138875027675539,0.14878962413424954,-0.15821349378376504,0.08645195461086107,-0.24460740559018102,0.1399143615877255,-0.3866843901941925,0.33448891202143893,-0.6443058750908374,0.18382072912113606,0.3645012889052495,0.21060756481774734,0.16837536064455896,0.1764263363350867,0.3450814797276364,0.5391205372069938,0.24391682225359387
0.4627995707167013,0.7502069424749312,0.596936247185526,0.5241203195993062,0.5896307758094903,0.6857204450742952,0.7682020062779223,0.6634453434197374,0.6098456140113012,0.7511855064245196,0.7504844379575925,0.7589227402792466,0.8647880751907316,0.467810773783594,0.7421567141236368,0.8204817034779971,0.7487531726978834,0.5675991186228072,0.7545284001588224,0.8369180462796938,0.7403134185653929,0.8674597831597785,0.908178495564743,1.0,0.6519475485082262,0.686647042869759,0.6397827000130211,0.6068978065012268,0.7764517696059651,0.8267779483912279,0.8818284501564174,0.770859012282373,0.7527605788727995,0.7539039560997409,0.7705479343125937,0.9065960311814478,0.7195192965375892,0.764042459683463,0.8472684982948617,0.9000880565348336,0.6598778739307473,0.7415645130946557,0.748535253225214,0.6480479507557937,0.7818729996817056,0.7360328825763787,0.8803133423521919,0.8078793220944417,0.17265916042832807,-0.6172626099808874,0.04084092933190641,0.11499874064560152,0.0427671535409565,0.24666530069976325,-0.08148076800142026,0.19677492452815196,-0.1514032985833642,0.14163118404556402,-0.24531596767372607,0.17203023813271703,-0.7735940117354296,0.06023026924764522,0.35098893616740773,0.17129677163369822,0.0037435526770799314,0.20783387140660226,0.24481964418618377,0.5051859725757856,0.28342569483480445
0.846389526976799,0.8750065006532447,0.5117406292273582,0.8205264555967218,0.8109512151335267,0.8586785066799232,0.763695488164607,0.8360625507434577,0.8377917879102302,0.784044005293863,0.6808387540191734,0.8281653928189545,0.6953498550141978,0.5298090895071683,0.8357394704512419,0.8135798092908758,0.5819272886053679,0.32972550932207007,0.6441413513067733,0.6505358283992765,0.783867668698848,0.5268522700249169,0.6680154668138677,0.6519475485082262,1.0,0.5374845558984032,0.8472586205710659,0.8266466858340868,0.8617033982770996,0.8196144643246235,0.6567730971026514,0.39232113302044885,0.9005118229904385,0.8218578655243028,0.8202027139824662,0.7693444937866634,0.7833297051731354,0.8696505203783319,0.7954362532982314,0.6634540900333313,0.8354322460774045,0.8275240842766142,0.7506629029720777,0.8288846910215093,0.7258194915213965,0.8135155356192317,0.8212329319189551,0.35869232777185,-0.19826904452466765,-0.8585570172626793,-0.2347418225277809,-0.16044890377395027,0.16275878969564953,0.21855283626333688,0.11275082646291447,0.05362954804195636,-0.03825592646895425,0.5386483410742157,-0.2338119862289845,0.5502374425938334,-0.5799140182127963,0.10939622566295473,0.031189156215384338,0.36753084889365695,0.3936882500508986,0.2053127305942093,0.28497624884505357,0.5553719643522,0.4147499737365213
0.37497627903988756,0.6058819609115467,0.8438833304255708,0.40896324195328937,0.327664618797922,0.4680403477425039,0.7976517045859771,0.5804269306847499,0.3567143676442262,0.5188995942532377,0.6698758895249511,0.6227716069590582,0.632709613400779,0.5257329971975834,0.7432120113671766,0.7175554358011591,0.8629628966381093,0.8107762722587455,0.8306024995488774,0.7954668849564784,0.4618683597360665,0.6370056948430198,0.6145366026297749,0.686647042869759,0.5374845558984032,1.0,0.6178196117405746,0.4845978939225243,0.7064076817823723,0.7442271126845748,0.8201767164599847,0.5323606516606973,0.6073063981655238,0.7481365632401423,0.7342869958420236,0.7305413253876268,0.6313160521782177,0.6764395997354974,0.7386083463353538,0.618657211995644,0.4401673154473712,0.537825783121322,0.5919101251860744,0.39938930575956316,0.6648221686248461,0.5948226120858843,0.6473543081095152,0.43507013740111705,0.41907509949446514,-0.4440247607736468,0.19143223312864124,0.371649991454054,-0.05955819915297532,0.23475159867433262,0.09453479957802893,0.1687887114156652,-0.08434070508660302,0.011007664206303447,-0.13986215749032815,-0.12755957922378258,-0.8391722237574635,-0.27595121873094747,0.4266101820968485,0.1846075637732997,-0.19064367466893464,0.3791527988701157,0.028575104877728224,0.43771264013629435,0.23224561318462844
0.7873609064948426,0.8356022833515424,0.6446053138159977,0.7692929477265552,0.7062124483583686,0.7996256557287086,0.8147444738771602,0.8867885530374856,0.7633661594823757,0.7665211525709054,0.6972099798083873,0.8077529830225412,0.6906404813099939,0.6849917368833631,0.8611256209553139,0.7991503676067769,0.6894434614680035,0.38316701105977635,0.6836202852194473,0.7058818416428402,0.7526730270325732,0.6099973819808481,0.581647413103313,0.6397827000130211,0.8472586205710659,0.6178196117405746,1.0,0.7657561347867559,0.8377145344733476,0.8321608279791363,0.6582956323057769,0.5484962954823771,0.8989812438330242,0.8707828178395212,0.8782961406778116,0.7344142983990046,0.8460499410589452,0.87133548728279,0.7983781910954516,0.5722873853455076,0.7209922561188631,0.7810115072393111,0.7433579596214639,0.7378951290543458,0.7818378760269644,0.8457391793759051,0.779615054101408,0.2749013362904165,-0.04727783001268386,-0.8036076101107938,-0.03958801256005926,0.002644497746484308,0.058477823834149185,0.236837405305068,0.2744999429936772,0.27185248109885257,0.1004303795658646,0.5051572056427815,0.007739088295509105,0.3785519643627639,-0.6736940714151326,-0.061160806428467954,0.04540246498092589,0.30344687837448314,0.2255816411558078,0.24076336218073235,0.23108263125196238,0.4521272640440585,0.4440921786752831
0.8847609183049591,0.8213359180804013,0.5812359250685741,0.7937870870105964,0.768075319566663,0.8292717530508641,0.6949871819985302,0.7798646556874014,0.7603602738527508,0.7357582801585217,0.6695761356038815,0.719935318033442,0.6245269181632531,0.4739672254760209,0.7840223709783772,0.7585251540573505,0.540167654021457,0.2354310608119055,0.6069078562127647,0.6020729135610221,0.7110484797312667,0.4663348601250088,0.5981897443490615,0.6068978065012268,0.8266466858340868,0.4845978939225243,0.7657561347867559,1.0,0.8679974137916464,0.7404922556922925,0.5861440484638512,0.3648832766888351,0.8003016220742489,0.787613323038437,0.7648204319411565,0.6989402078117276,0.7303495307539977,0.8023350513839114,0.7304775400482287,0.6142247744953038,0.8309832088252835,0.7790935824713847,0.7030061165663847,0.7141926471138675,0.6697240180850165,0.7505323117236348,0.7644324488314929,0.32182030087500224,-0.11349721336018799,-0.7718888477323779,-0.13359361843214862,-0.12678435139813038,0.3055571947604632,0.369710865057363,0.09092008680937759,-0.017914537582178664,-0.09266676379187808,0.48162489852417995,-0.23851770469645903,0.43212298281831873,-0.5962994320622866,-0.014871463453885169,-0.030153180991865175,0.4250858462809699,0.33784810376524593,0.19616569546579266,0.1175554150730217,0.50504702496235,0.46766593571965015
0.7657682195219625,0.9207817472142511,0.7132924237277336,0.823560479706063,0.7787873742977257,0.8812565837286179,0.8936717583156281,0.8478262886618826,0.8002497979391409,0.8448180189392913,0.7952281119547603,0.873501238858934,0.8068054796630092,0.5892875640073573,0.8985243739453983,0.8941715593827998,0.7836666257024553,0.5154513397536353,0.8218926637646468,0.8239346318672818,0.8251142898587901,0.6687132743718888,0.7636600232179656,0.7764517696059651,0.8617033982770996,0.7064076817823723,0.8377145344733476,0.8679974137916464,1.0,0.9166460674832564,0.8091703778268559,0.5070232398569731,0.898860244704833,0.9111023889251093,0.9111151730642791,0.8729998346578451,0.8566001722774251,0.9293383555223443,0.9027742771831064,0.7740813742839792,0.8353696472498977,0.8849634064584795,0.8515184356247631,0.801007865732144,0.8432131280808595,0.8661955986335278,0.8864493496660253,0.4695718183918562,-0.02458732109353666,-0.833561214967357,-0.08901885061038872,-0.03444550789032804,0.14992282940742838,0.26563967583164566,0.021038111994797902,0.06887227467564624,-0.08497012114344674,0.3891822290051183,-0.31781794034201677,0.3625407369165056,-0.7810101090988231,0.031626116335071286,0.13954437652339458,0.2888709541313133,0.219388330135898,0.2078421552473195,0.19611858611237412,0.5624300233349623,0.40079507327424785
0.6547414267606879,0.9178829536184959,0.6780893240618497,0.7875736748840372,0.768792856788337,0.8564261550449056,0.9362366581406719,0.853569161492099,0.8023546515383515,0.8757633495891038,0.7797785631917429,0.907939152813144,0.859954407727641,0.6442662712933309,0.8794069934069436,0.8960925955492691,0.8405583401042278,0.5928292261509801,0.8644856370663545,0.8863189194393177,0.8725737366365744,0.78011537375769,0.7917874235761496,0.8267779483912279,0.8196144643246235,0.7442271126845748,0.8321608279791363,0.7404922556922925,0.9166460674832564,1.0,0.876982588037366,0.6156189263326787,0.8930559002460043,0.9154575835253292,0.9292434449096795,0.9026526411174806,0.8771757548379797,0.9376243116653612,0.928686247807574,0.7902507200799961,0.7916035339431363,0.8911337728636882,0.8856548507075301,0.8086202909684962,0.8904959391060369,0.8935883621540178,0.8978909452067892,0.5127388099497525,-0.025692065575962715,-0.8288420113145603,-0.05463409855598255,-0.011663991864133038,0.010528535518980798,0.17996259532233178,-0.004248062817714938,0.16003017051624097,-0.03286712835396669,0.36289333230537774,-0.3365734244269968,0.34283784752246255,-0.8002931506183313,0.10613207263008642,0.18752109705636874,0.1234352862878072,0.17611594238892922,0.13839330242728112,0.25080047112141235,0.5165301577091325,0.27717621283684324
