0,1,2,3,4,5,6,7,8,9,10,11,12,13,14,15,16,17,18,19,20,21,22,23,24,25,26,27,28,29,30,31,32,33,34,35,36,37,38,39,40,41,42,43,44,45,46,47,48,49,50,51,52,53,54,55,56,57,58,59,60,61,62,63,64,65,66,67,68
1.0,0.9499282009546423,0.9497007860488451,0.9296862714034312,0.9021067841050049,0.9293551212370557,0.9259234531042214,0.9399541676396928,0.9143057219787454,0.9078056349929365,0.9231205716232977,0.9092289314055626,0.8928067819424101,0.9193038472598671,0.9102628238275995,0.876381712133544,0.9288397794971263,0.8502636021718386,0.8420465779066632,0.9183436561558151,0.910633561403975,0.8867662121784197,0.8196233675159155,0.802609838109172,0.9198684019488902,0.8500331197040145,0.9450320204023446,0.9629270817704229,0.9426173643665989,0.9494496368560419,0.8870373839071007,0.7820799646428293,0.9565064539363705,0.937510044420756,0.9273146404008038,0.9122904261927436,0.9160993647959182,0.9361240625772789,0.9207548186996278,0.786362392985174,0.8853333140734228,0.9156795797821343,0.8980075440471617,0.8637431262572216,0.8977927039494555,0.8318022294787725,0.9143466139924803,0.713948817398335,0.7263951113142119,-0.9372913097394254,0.10062542009128268,-0.4876939137864363,-0.2770739066337303,-0.17592953023982077,-0.17197550328007735,-0.3101066508568804,-0.4432023256946508,-0.023111659735415457,0.36810041650072484,0.7820043504758009,-0.9414281962193846,0.14547687684713181,-0.4829244515082318,-0.3125888643155589,-0.16106700860246292,-0.15309780332955203,-0.41623538410046385,0.04538758888623247,0.5304815183300507
0.9499282009546423,1.0,0.9378729884476462,0.9205307888157381,0.8749579938886909,0.9483935505572503,0.964613476216283,0.9737614300985806,0.9603810656426764,0.9571443410187048,0.9495311412245558,0.9119799692519204,0.9292453637875335,0.9428680317556208,0.93474014058105,0.9276367162461876,0.9609819041820806,0.8974935794854819,0.8794957089281198,0.9497725718121005,0.872237698798155,0.9076398721968411,0.8839457222410996,0.8832454121017367,0.9133486086543943,0.9079489888954323,0.9671872202780327,0.9287453862228857,0.9745113830349126,0.9701624169451964,0.9287336506215036,0.8547636839290118,0.9696803943579516,0.9753803571661368,0.9663876751259847,0.9698044000873524,0.9519648483838595,0.9761204113379393,0.9670615324793616,0.8702495711490483,0.9237401732422135,0.9662932494570622,0.9487340907802171,0.9165013020475706,0.9338788601488412,0.8623044711837949,0.941017593703658,0.8088709476695338,0.8025722816694337,-0.9787112462128496,0.031416319496479966,-0.5228999710675463,-0.38190562917285154,-0.20104438315583115,-0.1664804960961414,-0.25661631897882764,-0.4569657326009697,0.03836932651393552,0.3343171114134717,0.7991579730948196,-0.9818616500534275,0.08623757146938191,-0.5187221496638921,-0.41481637175849984,-0.19974252904665332,-0.16345923750354255,-0.4334927453507283,0.047966134054086736,0.5260471340374959
0.9497007860488451,0.9378729884476462,1.0,0.9440086152525683,0.8739793926261312,0.917617021895035,0.9476050061360994,0.9156809604048798,0.8915267374660607,0.8998218013048966,0.8888656755533483,0.8387326248935143,0.8544619922317517,0.9143796595495138,0.8810027385454754,0.8613250038297054,0.9450017213722173,0.891567193116712,0.8550206023653539,0.9246449348979469,0.8694349088236303,0.9032289815641792,0.7836887514303679,0.8013805087095951,0.8574506738484611,0.8913777202421266,0.9345596692536322,0.9199800423275044,0.9274541788431035,0.9254215913022091,0.8843617979108166,0.7860731872781331,0.9178116196272189,0.9281511931088351,0.9265072366252654,0.9098350965994089,0.897081577853843,0.9227220743573848,0.9040707397785522,0.7719953771472934,0.8663048807606765,0.9139619578293148,0.8957327697843607,0.8229791249039773,0.8961849784393006,0.8059061972244741,0.9087512846501505,0.6857911602491495,0.7793162068651304,-0.9467080751004077,0.07838631846427374,-0.5548927859067851,-0.3508587651177315,-0.26717029768254996,-0.21017319761332315,-0.35101634192905945,-0.521417164042092,-0.07467984832349027,0.2756051492625008,0.8387324177255866,-0.9401882145769332,0.12068092414488682,-0.5480021522126476,-0.3830640967049635,-0.23828950997419016,-0.22874574104218126,-0.5296634027006534,-0.06936615654121943,0.46423127076711423
0.9296862714034312,0.9205307888157381,0.9440086152525683,1.0,0.8597663328368995,0.9056230009225339,0.912923852894271,0.9071652461750638,0.8823464365538698,0.8796791640397815,0.8846397558382186,0.8589438808154536,0.9018778292212818,0.8816237692783495,0.8720194862872004,0.8947356280081852,0.9086757046563637,0.9110394691913322,0.8460365463931198,0.9121104899695687,0.8897795295904466,0.9369587528514204,0.7973400316639797,0.8041055446589407,0.8635559262165915,0.8373527967199779,0.9325496658323559,0.8843286025249829,0.8885539006310808,0.920931350368673,0.8887103613365023,0.7780391194424618,0.9076019559014696,0.919450276054931,0.9173160604887044,0.9004464968776533,0.909456617340357,0.9180405721275144,0.8975383379681483,0.7708721497395749,0.8230237634221877,0.8775749176029853,0.860964768813524,0.8179479121429619,0.8905840803079788,0.8173140224518349,0.8977170936171643,0.6989363356952334,0.7416407222748712,-0.9292839328620388,0.06666603445333477,-0.5112271549816096,-0.3529865351652955,-0.2875801068996678,-0.20845380946803851,-0.27716440203685067,-0.479958969470522,-0.07364051459028996,0.27486182706697254,0.7986951570141152,-0.9204313403098376,0.12297283404377923,-0.4973729725954203,-0.40544859864673877,-0.2757156143104077,-0.183792445511004,-0.43985635150048247,-0.041940560165605184,0.4877499237108545
0.9021067841050049,0.8749579938886909,0.8739793926261312,0.8597663328368995,1.0,0.9064391375623926,0.8499769734965725,0.864673791298361,0.8300839516117337,0.8676542248118735,0.8577510883973927,0.8756575058395305,0.8464864568945977,0.8524385942726993,0.8241791645976267,0.7985973120661066,0.8463133430617189,0.7597815600716806,0.7688811400699982,0.861842177555612,0.8828329059263127,0.8116179953748794,0.7987108920775908,0.7371133592311484,0.8247288299517044,0.7438252581060881,0.8560977893657711,0.8805324686857894,0.8563347718830786,0.8799194543373352,0.807264116255049,0.6863212225335672,0.8990110006989382,0.850769206056403,0.8658892058744753,0.8403211757159873,0.8280065459804535,0.8583801146253851,0.8740325567986288,0.7382177702571301,0.8047935365025443,0.8361744727611291,0.8312272639053622,0.7926179717747881,0.8507690629384221,0.7713764677518988,0.8374415922319057,0.6738068844414529,0.6362768107069442,-0.8595438996304031,0.10827382235761507,-0.3593229588499454,-0.2131936727641416,-0.1730297057778812,-0.10026920125280213,-0.24362113622866122,-0.43707830423869476,0.03837674206197531,0.3160096321935561,0.656286726842616,-0.8720102218038824,0.1427608912035883,-0.37751814491551877,-0.2252604629888858,-0.1809054015716609,-0.11566680122972052,-0.43157878411763295,0.0021213988873800102,0.473082377169136
0.9293551212370557,0.9483935505572503,0.917617021895035,0.9056230009225339,0.9064391375623926,1.0,0.9287389730749587,0.9336909843035832,0.9094640160232496,0.9311517092437311,0.9135249249071867,0.8778122753894216,0.9084580115617502,0.8992630830059967,0.8871020214832899,0.8978907676056876,0.9167108233230301,0.8865799222897595,0.9078284859220735,0.9531343088254282,0.8595204925314929,0.8785309778681829,0.8646651144798835,0.8253617197533983,0.8698646507839091,0.8651756596362639,0.9291310056174447,0.9024504392061935,0.9322865639069766,0.9279266759349504,0.8708429292104732,0.7711005712339633,0.9459432057065035,0.9237144287369492,0.9201390405065835,0.9142095871569846,0.9139640571648269,0.9342487204895487,0.9308192978565176,0.813873981084799,0.9037921137864623,0.9244358699427299,0.9086717758020425,0.8909823716291814,0.9029360430158009,0.834435674967876,0.8912513004206262,0.7479148611865227,0.7233709404933969,-0.9338237555997569,0.07857062019292743,-0.4537343205420519,-0.3085742597305145,-0.19428035406127114,-0.1460294209225853,-0.2485378751775637,-0.4606933882406145,0.029987317154730898,0.32526661680114555,0.7422976647221325,-0.9365336612750392,0.12148528118945118,-0.443008322664497,-0.33625599702536024,-0.195319172731484,-0.123168255768521,-0.42969881922241054,0.06096669994232247,0.5051584170540168
0.9259234531042214,0.964613476216283,0.9476050061360994,0.912923852894271,0.8499769734965725,0.9287389730749587,1.0,0.9459352063495736,0.929319715959438,0.9427783459247769,0.914311370108036,0.8594324101429608,0.8840526992050001,0.9234529030538698,0.9127757452841304,0.9067257606891531,0.9754326776567716,0.9105211695674797,0.8728354530018859,0.9495097007608915,0.8445047630621452,0.9061373387949758,0.8596211751323803,0.8785603073572125,0.8828324042696657,0.9464780084478642,0.952371799213295,0.9065328366390499,0.9578635188751471,0.9457136207254541,0.9201680591261433,0.8641680714368807,0.935301192088786,0.9568811041902751,0.9427245181778835,0.9525627297869184,0.9251982003214683,0.956886698700847,0.9449693347900013,0.8593757230477435,0.9031737122742771,0.9656115932696262,0.9493888339062817,0.8976445237076188,0.9220274840130249,0.8594366676053375,0.9153235727878225,0.7898782518486835,0.7915230518679064,-0.9655927837296092,0.031746289769960495,-0.5352084476360878,-0.4004446298002381,-0.1945693047894262,-0.16728662352377105,-0.29328115889909695,-0.4986994236518069,0.004963016449471894,0.2668538195365179,0.7919448744593098,-0.961684162957683,0.08382451390793125,-0.5116096681307403,-0.42525428093116,-0.17259680159187935,-0.18167458113646864,-0.49488737278017664,-0.0032890272307445085,0.4713738234927297
0.9399541676396928,0.9737614300985806,0.9156809604048798,0.9071652461750638,0.864673791298361,0.9336909843035832,0.9459352063495736,1.0,0.9517915922412967,0.9503952042820726,0.9690957438352525,0.9137051718550628,0.9356232033023302,0.9464457122808253,0.9227527544266174,0.9226989955368252,0.9421939444753605,0.8873367794645549,0.8555324546515867,0.9337004042967043,0.866817640207858,0.9023529665656737,0.8948891562037016,0.8764942684905194,0.9296099803869419,0.8845665616986016,0.9673998828182299,0.9159766828473916,0.9588660569143977,0.9605213229611005,0.9194925710027548,0.8462476225229074,0.9691370374097574,0.9723865605615323,0.9585868113575875,0.9603625405924007,0.9637892304881167,0.9749716129480344,0.9629194431146344,0.8680491610027702,0.9004929473189326,0.947480976394003,0.9293051238165884,0.9179587975973176,0.9243741728928864,0.859796368554027,0.935501701115335,0.8135180977365785,0.7804364673614015,-0.9671808993085377,0.022955006428563247,-0.5093266346851946,-0.3975169010028641,-0.21272774084139268,-0.18299803824091015,-0.18611868203568654,-0.39476962142937105,0.05675675751903749,0.3311448126634546,0.7795634900719856,-0.9678576944150066,0.07971503049941313,-0.4992297220418242,-0.42980044609997536,-0.19884036083044881,-0.14442924781648464,-0.3658522275679076,0.10412588725979871,0.5409697757402614
0.9143057219787454,0.9603810656426764,0.8915267374660607,0.8823464365538698,0.8300839516117337,0.9094640160232496,0.929319715959438,0.9517915922412967,1.0,0.9434468802818873,0.926139714921516,0.8979316930443784,0.910262981783183,0.9183152186580146,0.9060941960945292,0.9114309375437054,0.9291460602039593,0.8677478649456754,0.8441385680223622,0.9156057716421251,0.8317075414832312,0.8677792278949973,0.8591113144080501,0.8712769947664754,0.8901832877217769,0.8892459058742684,0.9357684313175627,0.8938465180650893,0.9487919825655752,0.945067021352712,0.9028187561586908,0.835956717953481,0.9406920155830509,0.946087712868141,0.9436224316218197,0.9492404761604529,0.9237834858491826,0.9474229773190781,0.9410652269604092,0.8535438574503754,0.898073923030698,0.9421271344337426,0.9205060947367205,0.8912460242569789,0.914257030624693,0.8316380415988328,0.9178637828731356,0.7993658194394051,0.7976594561794996,-0.9502990417362104,0.02732328731333656,-0.5157156583810442,-0.40808473791555233,-0.2145997845932397,-0.140105728720356,-0.2350015548891766,-0.42051059229886156,0.07904980010162098,0.34032445501282604,0.7746994062082613,-0.9568259737649238,0.061818227393787756,-0.5098859276485216,-0.4365658341863749,-0.21428913913788064,-0.15915574772126453,-0.38826413211994065,0.0638323861026364,0.5427276400547656
0.9078056349929365,0.9571443410187048,0.8998218013048966,0.8796791640397815,0.8676542248118735,0.9311517092437311,0.9427783459247769,0.9503952042820726,0.9434468802818873,1.0,0.936983574130793,0.8969458307709453,0.9070972212991899,0.9144397633541457,0.8858779905846635,0.8871101498960005,0.9395694009419264,0.8612320727150924,0.8486152663014572,0.9290337410456783,0.8494260770109384,0.8618898516804099,0.8821913243941951,0.8710217386263913,0.8777464681176339,0.8950021517673369,0.9270545155364673,0.9010905069801936,0.9464613215066426,0.9425535364762302,0.9037893226889184,0.830145646042071,0.9400839145354006,0.9383017043818471,0.9391101523510648,0.9407852057167144,0.9129591730238413,0.943875654137306,0.9446864787182295,0.8617450628447947,0.9043173846569452,0.9488365235526546,0.9323928783285156,0.9257054259870995,0.9460000261690664,0.880671787059095,0.9075648866264748,0.8022874460510867,0.7832815993127997,-0.9456528343422536,0.050013020705781605,-0.4629565031217981,-0.37289161043341834,-0.19361891094388067,-0.13002597153164488,-0.22813041836892947,-0.43694095313685405,0.10538421760236433,0.34331349916412063,0.7489185007684304,-0.9545336638968785,0.08301002706645015,-0.4563428675624346,-0.3939227833214896,-0.19509841189101543,-0.13835317713378795,-0.4230272829650099,0.08181729574467142,0.5186011040230516
0.9231205716232977,0.9495311412245558,0.8888656755533483,0.8846397558382186,0.8577510883973927,0.9135249249071867,0.914311370108036,0.9690957438352525,0.926139714921516,0.936983574130793,1.0,0.9100294258722588,0.9296877185868891,0.924350767358993,0.8893787709551815,0.8919273605979778,0.9069254531115237,0.8636411677995065,0.8397178479366086,0.9085412889695781,0.863956853515151,0.8868532345440004,0.8945272850934934,0.8508337482079117,0.9170581590568885,0.8428150977781071,0.9414213711389704,0.9054881761687651,0.9356189197244006,0.942553644291344,0.9098453233915004,0.8185762765249455,0.9520013349889135,0.9455983088353326,0.940851876616399,0.9367043914537756,0.947991340777171,0.9523403782577363,0.9481593512104994,0.8494890463019905,0.8761093787761992,0.9151764883233666,0.9072906559107137,0.9009494226070149,0.9013059356495702,0.8353797416483183,0.9193836318629363,0.803740509888256,0.7510704616219629,-0.9403502352271398,0.03489860949923391,-0.46316264110199923,-0.3569801620357751,-0.18936528888925275,-0.1749478274128028,-0.1434792640909812,-0.3670798337093038,0.05786145901930812,0.35929700514758184,0.7535721151672545,-0.9421707910249165,0.08386630351250825,-0.4459767317132687,-0.3792816944480448,-0.17208742733114987,-0.12834324001945172,-0.31847428292392777,0.1597950267724587,0.539874297952488
0.9092289314055626,0.9119799692519204,0.8387326248935143,0.8589438808154536,0.8756575058395305,0.8778122753894216,0.8594324101429608,0.9137051718550628,0.8979316930443784,0.8969458307709453,0.9100294258722588,1.0,0.9320099258781381,0.8772517709344062,0.9055853115840575,0.8890087164484514,0.8615812074146305,0.7751401457331935,0.781786576533743,0.8602563092937581,0.919761400033234,0.8474006781059668,0.8608868036304466,0.8213235615908936,0.9105895213570293,0.7858689479938099,0.898313902329453,0.9028978962607974,0.9003159267168334,0.941957168941727,0.869360330714209,0.7955411241644301,0.9319143720371347,0.9061839669584394,0.8975848758980927,0.8994383137460151,0.868539792510868,0.9140247979357367,0.912080642186901,0.8418715392330377,0.8237212159867799,0.8751625681157627,0.8711684834289696,0.8647041376784784,0.8679402342811522,0.8306776473437936,0.8634574721488937,0.7871021039136442,0.6961407666779074,-0.8903445055642787,0.08627282882708945,-0.3750472703959229,-0.24904532481436775,-0.1425673209873889,-0.1021754713976384,-0.23087705089848104,-0.33428706122303886,0.07131045691218729,0.36720199504034706,0.6484640292074295,-0.9129442082827569,0.1223630594973892,-0.3944044348546459,-0.28585690998202873,-0.18741044490303826,-0.12018644820890793,-0.28504933485830225,0.13288737674951648,0.49564030346206117
0.8928067819424101,0.9292453637875335,0.8544619922317517,0.9018778292212818,0.8464864568945977,0.9084580115617502,0.8840526992050001,0.9356232033023302,0.910262981783183,0.9070972212991899,0.9296877185868891,0.9320099258781381,1.0,0.892848581427699,0.8998366313771231,0.9320724734885016,0.88030325260024,0.8666038407033061,0.8477362640766808,0.8992668393375431,0.8805771500482135,0.9157020715697196,0.8908438634537653,0.8532907221298306,0.8969566467773202,0.813364438891807,0.9269375766883857,0.8607064784374595,0.9025407291161336,0.9348560281756254,0.8987708412358981,0.813926587691736,0.9303282426712105,0.9309092525127833,0.9248349673579376,0.9262793852295105,0.9270535051952399,0.9399859831711582,0.9288375456201099,0.8508252278918471,0.8306931488842184,0.8929981020825142,0.8810934760611168,0.8846936236597251,0.8914052031023193,0.8491758492908044,0.9005306674729828,0.811265685195452,0.7162035058269862,-0.9189730562875856,0.05626648620411269,-0.40192007350033176,-0.3431262807610518,-0.2053914223298651,-0.14104828659839636,-0.14252529534582928,-0.3332737600445854,0.06322198952535325,0.3283193769058594,0.6971583323400474,-0.9251713786153173,0.11340027124944785,-0.4108890681995106,-0.3899912823963508,-0.224397703904405,-0.11887314119225983,-0.2632203280651755,0.14146873856138864,0.5212911217143228
0.9193038472598671,0.9428680317556208,0.9143796595495138,0.8816237692783495,0.8524385942726993,0.8992630830059967,0.9234529030538698,0.9464457122808253,0.9183152186580146,0.9144397633541457,0.924350767358993,0.8772517709344062,0.892848581427699,1.0,0.8961507758717742,0.871236293988982,0.932292243930097,0.8532293330281492,0.8116230167703978,0.9102912930088755,0.8648139163538106,0.8832475847642701,0.8439110407759596,0.8460492767062784,0.8685831730603015,0.8543446459909281,0.9368438373112487,0.8935427256487177,0.9244355095691185,0.9301735682261699,0.8847124470383014,0.8275007412274863,0.9301277165080356,0.9427916079714623,0.9235034314862478,0.9283650387518365,0.9314724247708754,0.9411985647594464,0.9287251469653298,0.8299249806595477,0.8676600332596341,0.9243273206880466,0.8915944246076617,0.8661993247352677,0.8974262770260345,0.8325742329881378,0.9154749696724158,0.7751937795490094,0.7528690995141027,-0.9408973132062016,0.04847164499801501,-0.4967930693638044,-0.37975660331985395,-0.1875915181267771,-0.15754976248316982,-0.1931243769527864,-0.37382334971745024,0.03854584454915079,0.2901112806453685,0.7739959479408285,-0.935965897668605,0.11354530574602927,-0.4812091474654152,-0.4208410280066399,-0.17025018085611324,-0.17992938057988134,-0.3740984638384181,0.04339272801270233,0.5093254662847087
0.9102628238275995,0.93474014058105,0.8810027385454754,0.8720194862872004,0.8241791645976267,0.8871020214832899,0.9127757452841304,0.9227527544266174,0.9060941960945292,0.8858779905846635,0.8893787709551815,0.9055853115840575,0.8998366313771231,0.8961507758717742,1.0,0.9347458064511416,0.9110667252358468,0.8402943393493466,0.8316766543112653,0.8932596974180277,0.8586314163959576,0.8775843454182909,0.8588937894988518,0.8409542169466172,0.9324682565392647,0.8566310673032177,0.9462986331613512,0.8815515381387239,0.9289818227284701,0.9434019130640164,0.9025578972086267,0.8359837595123065,0.9396238788677657,0.9511246389419544,0.9075535043304082,0.9277785051121711,0.9076715222634432,0.9521762547457422,0.9249428362420743,0.8688369258112042,0.8293920453531084,0.9137163142768396,0.8972352235191522,0.8790002594993892,0.8740204923176115,0.8576316312852897,0.876338789610481,0.8099656882716163,0.7448486433134068,-0.9322936993349257,0.0017271117260138804,-0.5078647704449379,-0.33079461485910605,-0.22282353352482986,-0.12722581810479264,-0.2730556254650664,-0.4371397077939662,-0.07176218527428346,0.24363610112753267,0.7313529985721158,-0.9404237103174223,0.056693515502083625,-0.5137557647340409,-0.39330659259191636,-0.23454261975592094,-0.1460037210862636,-0.40546067602599534,0.015458131318287303,0.4263212194860156
0.876381712133544,0.9276367162461876,0.8613250038297054,0.8947356280081852,0.7985973120661066,0.8978907676056876,0.9067257606891531,0.9226989955368252,0.9114309375437054,0.8871101498960005,0.8919273605979778,0.8890087164484514,0.9320724734885016,0.871236293988982,0.9347458064511416,1.0,0.8933665357374052,0.894173748450304,0.8554355089915856,0.9025449132499245,0.8197548341380956,0.902380620758569,0.8737569287758621,0.8737469221653208,0.8965953722237072,0.8586365401773804,0.9373822344951462,0.8384233320955693,0.9101674312758149,0.926522534714577,0.8879406125116875,0.8376810614582317,0.9258033464354346,0.9386982400272336,0.9078830196340363,0.9338252850790492,0.9192867043152058,0.9466363065733641,0.921031038284439,0.8760280507199264,0.8235048112645891,0.9007988380272208,0.8833468365017942,0.8776832434946804,0.8776868044086713,0.850460533513016,0.8750450728194574,0.8277911634936208,0.7477234016502998,-0.9267761811465339,0.0024464692474294035,-0.49461103012123414,-0.38676603663095865,-0.24046040713052702,-0.1382473683974199,-0.19639614556750531,-0.4161873773683008,-0.02180513377481468,0.25313588003965914,0.7300732186401744,-0.9289593649103458,0.05555480134564935,-0.48845849952217424,-0.440739117373441,-0.2554359486664068,-0.13164991508723178,-0.34743806279004175,0.06205403133406124,0.4722155170080067
0.9288397794971263,0.9609819041820806,0.9450017213722173,0.9086757046563637,0.8463133430617189,0.9167108233230301,0.9754326776567716,0.9421939444753605,0.9291460602039593,0.9395694009419264,0.9069254531115237,0.8615812074146305,0.88030325260024,0.932292243930097,0.9110667252358468,0.8933665357374052,1.0,0.8905867043610894,0.8515590099872766,0.9340641038026398,0.8553501749746271,0.8974624217763001,0.8342086577361694,0.8633716928555207,0.8818167605327629,0.9279366584231097,0.9502411758320908,0.9122483506799077,0.9516408955379935,0.9434377097260439,0.9117307020923557,0.857459353468914,0.930061497085973,0.9539404511307148,0.941474342839951,0.9439446462850347,0.9221971894554827,0.9512367890463865,0.9337133104469599,0.8409055003955545,0.8954340688943703,0.9664074411709428,0.93575819396314,0.8920163864825716,0.9270908149474101,0.8663369192994594,0.9192075957724504,0.7665343858957621,0.7838346710028826,-0.961757360325733,0.04194627934673956,-0.5217564106390271,-0.39109859891732013,-0.20485709271186459,-0.16588915466628143,-0.2862557583949405,-0.4646360857309016,0.014514170265366994,0.27850922935981404,0.7987120452432591,-0.9581102074309085,0.10642783445997557,-0.5105939439181002,-0.42809175798595794,-0.1793165748187604,-0.17696536522216758,-0.46529790185838343,-0.01580788032664125,0.4837614106004155
0.8502636021718386,0.8974935794854819,0.891567193116712,0.9110394691913322,0.7597815600716806,0.8865799222897595,0.9105211695674797,0.8873367794645549,0.8677478649456754,0.8612320727150924,0.8636411677995065,0.7751401457331935,0.8666038407033061,0.8532293330281492,0.8402943393493466,0.894173748450304,0.8905867043610894,1.0,0.9129803003319652,0.9129312780030638,0.7710394897521103,0.9142384837562576,0.8425065439410422,0.8202326312731292,0.8126456037757199,0.8632635284238654,0.9051455441619414,0.7994487447307574,0.8727288529162667,0.876997246104363,0.870032591668708,0.7798684126231117,0.8657234556959096,0.8986849176310422,0.8883393088995438,0.888515371789109,0.9076629417662201,0.9034810421009717,0.8904005932059932,0.7874369319134809,0.8136650767737088,0.8745177294822235,0.8706997022513555,0.8185297310514307,0.8511451847211777,0.7735113687986526,0.8691507694094971,0.7447446020398819,0.7401413767782307,-0.9147923948284684,0.022040860032121135,-0.5219818184073416,-0.45753472898077097,-0.29251925964027753,-0.204254388800155,-0.20944698181745064,-0.4968653576157133,-0.023712507899214027,0.21765210845264474,0.7788241164821552,-0.8905667537373456,0.08040440096603883,-0.48699008992464454,-0.49162400609001666,-0.25624056692700553,-0.1631490299100401,-0.43218595089884504,-0.0010253895621155358,0.4625590308244213
0.8420465779066632,0.8794957089281198,0.8550206023653539,0.8460365463931198,0.7688811400699982,0.9078284859220735,0.8728354530018859,0.8555324546515867,0.8441385680223622,0.8486152663014572,0.8397178479366086,0.781786576533743,0.8477362640766808,0.8116230167703978,0.8316766543112653,0.8554355089915856,0.8515590099872766,0.9129803003319652,1.0,0.9038126371623214,0.7671064217974698,0.8451607035681453,0.832955972254568,0.7578567593095085,0.7924974598162422,0.8315119057187019,0.8639911738694347,0.8069634425778383,0.8729648240688846,0.855145657911276,0.8365427700812023,0.7189851293599533,0.8583859447271072,0.8586696444624324,0.8529107040988888,0.848377536260288,0.8531567544884677,0.8756473892473609,0.8672341920974896,0.7581997104271861,0.8233591678489663,0.8700714864465191,0.8599729316141989,0.8416619226429475,0.8146373750611605,0.7493799248921946,0.8305438163220736,0.6992648464966826,0.6883234815901839,-0.8741337098917712,0.08500355635689968,-0.4332143075598624,-0.35763186719190193,-0.25506277114806863,-0.15942490447189883,-0.2738110412284415,-0.46937837695656515,0.005571248290122768,0.24912425011857553,0.6885060831050679,-0.8652308723849124,0.13190076959203853,-0.40596917984318864,-0.3797094102003664,-0.23521384645517382,-0.12495581064097849,-0.4041044456946051,0.06685965059193928,0.41673095042358543
0.9183436561558151,0.9497725718121005,0.9246449348979469,0.9121104899695687,0.861842177555612,0.9531343088254282,0.9495097007608915,0.9337004042967043,0.9156057716421251,0.9290337410456783,0.9085412889695781,0.8602563092937581,0.8992668393375431,0.9102912930088755,0.8932596974180277,0.9025449132499245,0.9340641038026398,0.9129312780030638,0.9038126371623214,1.0,0.8596030025347345,0.9056545718567337,0.8712515269857897,0.8576260948637664,0.8545902158087905,0.8936099167927712,0.936118810648445,0.8865850458646619,0.9388733984513322,0.9364023908749315,0.8969381595686835,0.835060093735244,0.9326974219976357,0.9353479399177472,0.9205026411557625,0.9276251707888225,0.9175404331442012,0.9431102946593337,0.9360130322943039,0.8363689371024369,0.9062354346831616,0.9322992179731219,0.9214199897821387,0.8966627316540292,0.9035872317745575,0.8426878936339571,0.8903072018369664,0.7789382759117257,0.7470586227899695,-0.9428906982278301,0.049101084773673045,-0.48334992142226435,-0.3522163899227374,-0.19987221996584462,-0.13529153227117932,-0.2626467715096995,-0.48328970236543034,0.02809881796519073,0.28609737140440245,0.7494525302868252,-0.9397090381946887,0.10288329884777148,-0.4564955826229576,-0.3850453127936881,-0.18887436972347676,-0.15521539245904442,-0.4605783190748679,0.013813388392812993,0.482322253974324
0.910633561403975,0.872237698798155,0.8694349088236303,0.8897795295904466,0.8828329059263127,0.8595204925314929,0.8445047630621452,0.866817640207858,0.8317075414832312,0.8494260770109384,0.863956853515151,0.919761400033234,0.8805771500482135,0.8648139163538106,0.8586314163959576,0.8197548341380956,0.8553501749746271,0.7710394897521103,0.7671064217974698,0.8596030025347345,1.0,0.866807671415428,0.7765215246969499,0.7393155656503082,0.8547640215986771,0.7529140276957099,0.8772387927758112,0.8871342156806072,0.8534020925587109,0.910391924760051,0.8582999825445672,0.751726631469882,0.8850963401599051,0.8690464277380319,0.8622088582845658,0.839127011647691,0.8354459072355069,0.8707229967136226,0.8562893784952665,0.7450248807531538,0.7861694322950982,0.8348635284901609,0.8194758570903565,0.7998409113631255,0.8452237675936977,0.8018413704634635,0.8302343370603681,0.6786189226616758,0.6619283034797958,-0.8656331381894053,0.10265340993382112,-0.4016269739360742,-0.22082561113442495,-0.1809459921512707,-0.15718690361981663,-0.28140070984772697,-0.3927938007153389,-0.0413940353054431,0.31318175504038787,0.6701045241453913,-0.8717643838518497,0.15277753820170642,-0.3938259474546754,-0.2609507244125413,-0.19058433997077398,-0.15015119248610778,-0.35603457361763274,0.019694735292191477,0.44620390144125643
0.8867662121784197,0.9076398721968411,0.9032289815641792,0.9369587528514204,0.8116179953748794,0.8785309778681829,0.9061373387949758,0.9023529665656737,0.8677792278949973,0.8618898516804099,0.8868532345440004,0.8474006781059668,0.9157020715697196,0.8832475847642701,0.8775843454182909,0.902380620758569,0.8974624217763001,0.9142384837562576,0.8451607035681453,0.9056545718567337,0.866807671415428,1.0,0.8523658942987042,0.8438852492454142,0.8634180826314882,0.8237238749034311,0.9283700491463128,0.8388482206466467,0.8778356204380967,0.9178525374191087,0.9267513415852764,0.8441546772748566,0.8864715937574097,0.9212959581179343,0.9105416727335663,0.9133961070489349,0.9097762780373352,0.9232496659559698,0.9138612255840489,0.8377026265794698,0.7874618517367821,0.8734888709633776,0.8551212563782286,0.8146910662068205,0.8606869432816194,0.8087781013595069,0.8880227761090471,0.7954465585926029,0.7248934870060227,-0.9228188055481924,0.03592883327712295,-0.5073606446274533,-0.40631194279568056,-0.27085907685517807,-0.18051851181604564,-0.2265105253196402,-0.4258657517528479,-0.045805049506634506,0.2061448169147897,0.7663097154849173,-0.9088049287533528,0.10606115905242008,-0.48024975208072357,-0.4645230412699234,-0.24348112013357345,-0.1997401124139608,-0.37304707389664704,0.018582548777652412,0.43556323673131236
0.8196233675159155,0.8839457222410996,0.7836887514303679,0.7973400316639797,0.7987108920775908,0.8646651144798835,0.8596211751323803,0.8948891562037016,0.8591113144080501,0.8821913243941951,0.8945272850934934,0.8608868036304466,0.8908438634537653,0.8439110407759596,0.8588937894988518,0.8737569287758621,0.8342086577361694,0.8425065439410422,0.832955972254568,0.8712515269857897,0.7765215246969499,0.8523658942987042,1.0,0.832390318470565,0.8566339740404649,0.7814483011940103,0.8768798628686861,0.8002319893094895,0.870389183779717,0.8845592864742365,0.8723316892939604,0.780625827279968,0.8832853122032871,0.8831461817129909,0.8694898387268997,0.8863900604134173,0.8784704424658478,0.9020129732832489,0.9313326457212601,0.8745104464520036,0.7901714756014359,0.8592302616013295,0.8648884557589281,0.8573474354251439,0.8302971017410461,0.7880780673225828,0.8430842912437965,0.873691383399514,0.6916827687677957,-0.8763123812643564,0.006356462017947082,-0.40174315188895676,-0.3779948351102562,-0.1672927341611258,-0.11312302940505803,-0.11647683403111629,-0.3569650568990181,0.1517995970164543,0.25717763220946904,0.616752999755442,-0.87668657784278,0.04746208684551688,-0.37019688566478776,-0.40701983522314306,-0.16973237734126964,-0.06654538530331174,-0.3077384613538547,0.2043428400142004,0.4260531793755753
0.802609838109172,0.8832454121017367,0.8013805087095951,0.8041055446589407,0.7371133592311484,0.8253617197533983,0.8785603073572125,0.8764942684905194,0.8712769947664754,0.8710217386263913,0.8508337482079117,0.8213235615908936,0.8532907221298306,0.8460492767062784,0.8409542169466172,0.8737469221653208,0.8633716928555207,0.8202326312731292,0.7578567593095085,0.8576260948637664,0.7393155656503082,0.8438852492454142,0.832390318470565,1.0,0.8108237692734765,0.8363707321299165,0.8651338095171665,0.7970490615067162,0.8754506563215235,0.8741816185723165,0.8583512103382831,0.9157664570684839,0.8574705648644184,0.8860508069687991,0.8732794309072627,0.926835713808108,0.8607070492503255,0.8904051414118652,0.8941227558125365,0.9097659918919693,0.8208212848169806,0.8685461234966483,0.8527351275700806,0.8499215751502004,0.8487431905307207,0.8016523998325835,0.8400518195572934,0.8988962127308878,0.7124315990324456,-0.8794225554609223,-0.018255292119861277,-0.4463509829970984,-0.41101933532882035,-0.14144714831509814,-0.09917144769123258,-0.13004276265752607,-0.36696546268429936,0.086397894636075,0.2327302119239615,0.6741736443959732,-0.8798274048459235,0.06557259068958314,-0.41983496941519466,-0.4327414758284785,-0.1410296887405332,-0.1526956364725085,-0.3253776070350185,0.07917871591183596,0.41634054159982525
0.9198684019488902,0.9133486086543943,0.8574506738484611,0.8635559262165915,0.8247288299517044,0.8698646507839091,0.8828324042696657,0.9296099803869419,0.8901832877217769,0.8777464681176339,0.9170581590568885,0.9105895213570293,0.8969566467773202,0.8685831730603015,0.9324682565392647,0.8965953722237072,0.8818167605327629,0.8126456037757199,0.7924974598162422,0.8545902158087905,0.8547640215986771,0.8634180826314882,0.8566339740404649,0.8108237692734765,1.0,0.8115433240137525,0.9413664727676095,0.9057036504474354,0.9066003657347211,0.9284563851684946,0.8947194035102068,0.7960548729651449,0.9413500916538092,0.9299569940247758,0.9005684145180799,0.9035483840754323,0.9130078588154419,0.9321141828953629,0.9105348789881316,0.841982293632639,0.8026287024230293,0.8801954247747016,0.8733624147305148,0.867370043154708,0.8527223736314391,0.8309863530001335,0.8835015736954042,0.782810416058572,0.7076665724514328,-0.9062285532521157,0.010269441563484208,-0.4782977605096527,-0.31569640897541446,-0.18950061364298154,-0.16601962956681543,-0.2057143017097521,-0.3601181029919839,-0.022029336332070996,0.31570762362474,0.7118282967215815,-0.9151685633686193,0.06016512770021703,-0.46158865006444233,-0.36117637007032083,-0.16647397791915994,-0.11757641872799206,-0.3044680091890054,0.15012672467689633,0.505109599683875
0.8500331197040145,0.9079489888954323,0.8913777202421266,0.8373527967199779,0.7438252581060881,0.8651756596362639,0.9464780084478642,0.8845665616986016,0.8892459058742684,0.8950021517673369,0.8428150977781071,0.7858689479938099,0.813364438891807,0.8543446459909281,0.8566310673032177,0.8586365401773804,0.9279366584231097,0.8632635284238654,0.8315119057187019,0.8936099167927712,0.7529140276957099,0.8237238749034311,0.7814483011940103,0.8363707321299165,0.8115433240137525,1.0,0.8874886302236709,0.841969802225941,0.9189023587652232,0.8806704066630837,0.8626315110709671,0.8324101576326998,0.8685074672406528,0.8968587001817653,0.8802160885191412,0.9011175806183875,0.8515870945374256,0.8956729385591767,0.8707750100520985,0.81512565981652,0.8913943342135329,0.9354301426424095,0.9248654723001002,0.8624108687970274,0.8729808848049055,0.8065814065872229,0.8428594666905526,0.737296271208517,0.7749134370855165,-0.9084960298853426,0.003703929006868757,-0.5242425184916141,-0.38894906662248435,-0.1826313593640116,-0.14877002393324176,-0.3066999189937783,-0.5013995929535363,-0.003259308300091929,0.24085728800238101,0.7483120194434253,-0.9086651418009982,0.018446536699690458,-0.5103173419288505,-0.4048962493305993,-0.17550232672787042,-0.18833931434064505,-0.5150984705741495,-0.04863188263220495,0.43213200246169636
0.9450320204023446,0.9671872202780327,0.9345596692536322,0.9325496658323559,0.8560977893657711,0.9291310056174447,0.952371799213295,0.9673998828182299,0.9357684313175627,0.9270545155364673,0.9414213711389704,0.898313902329453,0.9269375766883857,0.9368438373112487,0.9462986331613512,0.9373822344951462,0.9502411758320908,0.9051455441619414,0.8639911738694347,0.936118810648445,0.8772387927758112,0.9283700491463128,0.8768798628686861,0.8651338095171665,0.9413664727676095,0.8874886302236709,1.0,0.9112104983153423,0.9505193416206501,0.9613921251871856,0.9326550340156758,0.8535195855491802,0.9637148597381158,0.9751249206845684,0.9545192828299964,0.9570582245159686,0.959750493886459,0.9743406493913453,0.953314318532343,0.8601875301274032,0.8707169874562918,0.942179071126329,0.9222277059819828,0.8928179751051175,0.9128718632330927,0.8631339311959717,0.9291671234418905,0.8020025420324028,0.7957977467437408,-0.9724481091168945,0.008598248387769555,-0.5565041154090226,-0.40402829896517795,-0.255508241990368,-0.19073244137377335,-0.22610602634817273,-0.4436636566635482,-0.021975684577178793,0.28852736231091936,0.8103665030281006,-0.9683790877974148,0.06875427695955881,-0.5359693320756121,-0.45062804458897515,-0.23976300200511058,-0.17865224019441575,-0.417136988839821,0.04474519277798583,0.5233788683758231
0.9629270817704229,0.9287453862228857,0.9199800423275044,0.8843286025249829,0.8805324686857894,0.9024504392061935,0.9065328366390499,0.9159766828473916,0.8938465180650893,0.9010905069801936,0.9054881761687651,0.9028978962607974,0.8607064784374595,0.8935427256487177,0.8815515381387239,0.8384233320955693,0.9122483506799077,0.7994487447307574,0.8069634425778383,0.8865850458646619,0.8871342156806072,0.8388482206466467,0.8002319893094895,0.7970490615067162,0.9057036504474354,0.841969802225941,0.9112104983153423,1.0,0.9354578227388397,0.9327059728472904,0.8717298225567143,0.7741814976663204,0.9377118883038275,0.9096262756594949,0.9073856801071887,0.8928866428790021,0.8771510973233522,0.9095277638525415,0.9005385305869799,0.7749379106420401,0.894574415476044,0.9073147633342052,0.8876870574948659,0.860896615977367,0.8884838425453018,0.8304021101663966,0.8977832033774558,0.6974438871277044,0.6951153837157409,-0.9064637337323531,0.12526537734768756,-0.4154437114048526,-0.20647575821386097,-0.103756940792822,-0.14891053183886138,-0.297734167701313,-0.3991059989990313,0.018746711652855748,0.4241504086121022,0.7159143623205085,-0.9178554562801832,0.17078438157540055,-0.4104475646630998,-0.228314881238857,-0.09366655389194865,-0.13900655503457662,-0.38899150795932597,0.08354612778273345,0.5275709464346758
0.9426173643665989,0.9745113830349126,0.9274541788431035,0.8885539006310808,0.8563347718830786,0.9322865639069766,0.9578635188751471,0.9588660569143977,0.9487919825655752,0.9464613215066426,0.9356189197244006,0.9003159267168334,0.9025407291161336,0.9244355095691185,0.9289818227284701,0.9101674312758149,0.9516408955379935,0.8727288529162667,0.8729648240688846,0.9388733984513322,0.8534020925587109,0.8778356204380967,0.870389183779717,0.8754506563215235,0.9066003657347211,0.9189023587652232,0.9505193416206501,0.9354578227388397,1.0,0.9633874615876734,0.9228736582861974,0.8552303364219883,0.9614179477226259,0.9600506741083547,0.948191959322369,0.9576041130831002,0.9255296628648628,0.9614432211908052,0.9547265468383545,0.8643980044243901,0.9295970040201597,0.9633154438380724,0.9490023914246649,0.9197304478869428,0.9218134078297046,0.8575427133821477,0.9192033410281208,0.8029713008051791,0.7926955266455633,-0.9620616126156936,0.055944275200517556,-0.5080362852472939,-0.35276729052211936,-0.18116512758214953,-0.15475172723521358,-0.2976176633534879,-0.4623893696011695,0.020444407566061956,0.3410047451796677,0.7759707651715386,-0.971037857006635,0.0790073951069531,-0.5077976940344279,-0.3746978655832759,-0.17792164724442194,-0.1740351099819221,-0.4448226952371005,0.06641344227860664,0.48962676985379766
0.9494496368560419,0.9701624169451964,0.9254215913022091,0.920931350368673,0.8799194543373352,0.9279266759349504,0.9457136207254541,0.9605213229611005,0.945067021352712,0.9425535364762302,0.942553644291344,0.941957168941727,0.9348560281756254,0.9301735682261699,0.9434019130640164,0.926522534714577,0.9434377097260439,0.876997246104363,0.855145657911276,0.9364023908749315,0.910391924760051,0.9178525374191087,0.8845592864742365,0.8741816185723165,0.9284563851684946,0.8806704066630837,0.9613921251871856,0.9327059728472904,0.9633874615876734,1.0,0.9436533766173207,0.8662944995019805,0.9636109074339142,0.9678872961295187,0.9575721241124697,0.9599823348554561,0.9343164912989501,0.9669457940339552,0.9615706111163392,0.8776291954319266,0.8849738442910948,0.943366051638518,0.9305694233318678,0.9011790527015959,0.9239471700228363,0.8660792877969399,0.9199605360725722,0.8190122329639385,0.7814100112421563,-0.9662174779825048,0.032195189112302285,-0.5050799018387792,-0.3635833200553855,-0.22699182947824595,-0.16204537818668094,-0.27920096812131934,-0.44919131461040934,0.02216939303024434,0.311465951656948,0.77272787049552,-0.9738515526639917,0.06455720247315436,-0.5104711917156671,-0.4052521432508706,-0.23769361051399485,-0.18458128412594085,-0.4187594206654736,0.049577538745392856,0.48537342683994006
