0,1,2,3,4,5,6,7,8,9,10,11,12,13,14,15,16,17,18,19,20,21,22,23,24,25,26,27,28,29,30,31,32,33,34,35,36,37,38,39,40,41,42,43,44,45,46,47,48,49,50,51,52,53,54,55,56,57,58,59,60,61,62,63,64,65,66,67,68
1.0,0.8338789865060872,0.8626123676469937,0.8492477426877082,0.7349453011504553,0.7784281982926188,0.7591899132497971,0.8053472957501211,0.7938443708251846,0.6104463532668097,0.8094642558773547,0.8740854889949161,0.7159839472567325,0.8418740433281273,0.8238589249015338,0.6609353117275483,0.5890987063369326,0.6782670457764564,0.7554656109248722,0.7569075316492713,0.7780975758556785,0.5977084500235224,0.5806426527029692,0.3950715201780492,0.8835132527578798,0.6833856259204856,0.8481433974503976,0.8771639175319312,0.8450462728449996,0.8120971633935244,0.7346688792167636,0.4675430347020102,0.8774394016718315,0.840519520841049,0.810166202654514,0.6675537288014826,0.8228233066636208,0.7784474066681328,0.7518979591583569,0.5900036985184436,0.7611984072347014,0.7809895648060435,0.660874503130128,0.8156971470361115,0.8175670321319861,0.6853406825994289,0.8076887430267868,0.4210611300964098,0.6565870744346484,-0.8310306455652677,0.5499735627522216,-0.1431653954039671,-0.3373631063822636,-0.14211386566198728,-0.2009899233190713,-0.24918626519607778,-0.47791927818997,0.08844136211134446,0.13138983440395688,0.5980066201167376,-0.8536200856495505,0.5346856530507247,-0.215414230805762,-0.2526032295986355,-0.15705545309775198,-0.0775217100211169,-0.4607170906991622,0.10943226779110479,0.1054622413816465
0.8338789865060872,1.0,0.9467794093985374,0.9316315071163714,0.901647139296409,0.8789634114077592,0.9392529877315271,0.9721364602334286,0.8783873757476549,0.7689680647663646,0.935164454148363,0.8930817752660152,0.8918335110941583,0.9508506473834387,0.9507789345815453,0.843324131070742,0.8105846348396094,0.885656781794,0.8821184541239411,0.8406887000758292,0.8740655032598804,0.8650320237376156,0.7944247415534512,0.6272619268998443,0.8499794717572303,0.9238396364534249,0.9506076689585314,0.9106345461631428,0.945447582966643,0.9511829204473765,0.9262304210579849,0.6783331138119779,0.9516268584116617,0.9639088428216123,0.9641394724311566,0.8951929157010449,0.9673962651027253,0.951134381249416,0.9309332953303465,0.8240321105199978,0.9075820471566738,0.9574308516275144,0.8641783132377205,0.8345627156584637,0.8338998456247735,0.692720450743377,0.8928404591000387,0.6731214799532946,0.710151331609219,-0.9721575546192792,0.6125638597299722,-0.16632880391762497,-0.5288636695368666,-0.0022883359999487872,-0.3388584948682898,-0.028855422657570053,-0.4794230628727044,0.25864949001043847,-0.15979736637382377,0.7938685605500949,-0.9709015226126142,0.5383399639784974,-0.29386804686852985,-0.4633214064152021,-0.1568114486808324,-0.15638670692960763,-0.4070333639704082,0.0037834621853024765,-0.0710880826979564
0.8626123676469937,0.9467794093985374,1.0,0.9499475417974381,0.868415605482499,0.8833662651027363,0.9288629679441431,0.9185962956057828,0.8572418369976633,0.7441935596980426,0.9085311593758515,0.8861370130114666,0.8723226244351485,0.9358091088711202,0.9165405594975633,0.8033366549810274,0.7984344696015947,0.8460086165658126,0.8663363184200065,0.8034245921425505,0.852735389516631,0.8164777210701417,0.7320332865291944,0.5115301086913431,0.8415307561469201,0.8895525451143516,0.935307269992542,0.9019382965215075,0.9051598323906603,0.91807499475213,0.8841321269603551,0.5928956839962244,0.9339368945037811,0.9364812664784052,0.9281436816282655,0.8328536101502392,0.9348792798424234,0.9211687935074221,0.8733138285339143,0.7546509333110799,0.8687952032726547,0.9106531146945569,0.8242450084842027,0.7953901538258251,0.7968634867700607,0.6458843170396681,0.862404499059841,0.5894906772699029,0.7051892666060383,-0.9416659416222761,0.6425508977244309,-0.21862723080845725,-0.5184369711298257,-0.06561257672992318,-0.3612266088742828,-0.17082377759255957,-0.4912396222420479,0.18890415212402395,-0.12377778183362752,0.7470712303119066,-0.9556207762682901,0.5536579313671716,-0.3326062182178063,-0.4569555177000913,-0.17544319349148962,-0.19719230878784239,-0.4346020818203483,0.015616132208375258,-0.07081639556189667
0.8492477426877082,0.9316315071163714,0.9499475417974381,1.0,0.8429680347164278,0.9013191761096288,0.8988668711471682,0.9057793010507553,0.8409023574837562,0.7315266489387074,0.8709883234358561,0.885813135688761,0.8499270401150875,0.9107452123105988,0.8959680454731735,0.773875384804766,0.7331634419891185,0.857558999403869,0.857213970566799,0.823125577061374,0.8773666042379074,0.7986351037945184,0.7276238791182776,0.5439931279330664,0.8188518033203885,0.8652580972115929,0.9197578059167898,0.877571205231316,0.8848887706350206,0.9054333937145458,0.8781814811614227,0.5786954169024132,0.9201891964804583,0.9172723583187365,0.9139706985394922,0.8103928729541572,0.9215738701531331,0.8892027592409,0.8590763058504657,0.7454474495460628,0.8762848216339734,0.891121447102531,0.792506214433412,0.8121468008944238,0.8117780632349018,0.6575171510488494,0.8368437627938569,0.592793906078345,0.7250808874985587,-0.9330328326944606,0.6527030514411509,-0.17955232147914954,-0.5020980440365839,-0.06939722457885755,-0.37071846161175076,-0.129841099525613,-0.5249001139626288,0.1870610854271695,-0.13052164117566029,0.7182159498663304,-0.9385314555016057,0.5808029659286496,-0.28402155440249016,-0.4343644735555503,-0.16319723921517623,-0.1788448597955433,-0.4845623965301991,0.02156150674088254,-0.07494245578296742
0.7349453011504553,0.901647139296409,0.868415605482499,0.8429680347164278,1.0,0.8628990077276942,0.887169551497379,0.8782807598018717,0.8205366733804192,0.7287562657879726,0.8436002301457806,0.7699683501720287,0.8312011132748879,0.8432792141980104,0.8565623558985259,0.7825283307725023,0.7743565983442342,0.7694837846172032,0.8224238416347713,0.7626891428498217,0.8008028300182801,0.7721640954992486,0.7055201216942104,0.500764892489267,0.767403026640258,0.8793358535188149,0.8278285251943451,0.8135811927766057,0.8077989582911752,0.8188725506858848,0.8083076709061964,0.5572885420885356,0.8547998702940253,0.8602338824072425,0.8708388489762534,0.7807875780862046,0.8695051078743656,0.8583987391698575,0.8349682895494718,0.7246675188652298,0.8338986690804613,0.8980262495222671,0.803724052865935,0.7116054501000038,0.690737703546667,0.5705701027324092,0.8102263772070568,0.5612876675337923,0.597785028758396,-0.8682994822781266,0.5945082857438736,-0.17795432434388714,-0.41827463634837103,0.11260350465051876,-0.3594044390324084,-0.06930432138706667,-0.4032607363131397,0.27479315819851274,-0.22723838492343273,0.6898912226984947,-0.8700747890709319,0.479940910315933,-0.33037249730502455,-0.33463277938912617,-0.0807152390012062,-0.15217660108307268,-0.3411597431552696,0.02530353545793443,-0.19839063270806967
0.7784281982926188,0.8789634114077592,0.8833662651027363,0.9013191761096288,0.8628990077276942,1.0,0.8762534359710823,0.8569625653166986,0.805896195986092,0.6471022449170498,0.8370602079976786,0.8223711904658529,0.8025008795680402,0.8431591984547119,0.8508513294508735,0.7989301421291377,0.6786602580107676,0.7960427385821772,0.8598411488537903,0.8255209629449742,0.8180735147378233,0.7523210780873327,0.7048563378546211,0.49297311911221237,0.7934420352048657,0.8188099684883443,0.8503439766312824,0.7992860322793716,0.8161497017531285,0.8272968789805626,0.802121072572109,0.4832570533168052,0.873183412769791,0.8598128529281036,0.8578928902741011,0.7391591825213625,0.862840799257915,0.844173720877907,0.8091448179950492,0.6675271757497705,0.8466434312910665,0.858237235020762,0.7229886151585018,0.737432735486403,0.7577583595454284,0.5947362335723174,0.793860096988132,0.5373825634914463,0.6193795490437779,-0.8716677606809132,0.6497128352723178,-0.16954272377250762,-0.412913321980961,-0.00022999632870257904,-0.3377576296596121,-0.0764307937317971,-0.4381780179587265,0.2507523193264334,-0.12505243172317795,0.6409770008573963,-0.8699359046629618,0.5558247647420536,-0.25993917852270987,-0.3313855107007594,-0.10490859639875211,-0.18293850585030164,-0.37750772713696285,0.09046273503883513,-0.11408690973395519
0.7591899132497971,0.9392529877315271,0.9288629679441431,0.8988668711471682,0.887169551497379,0.8762534359710823,1.0,0.9169837403577322,0.8328866127750942,0.7272129556225101,0.9072714962772169,0.82661140690643,0.8541336158369116,0.8968617346151923,0.9047704811569006,0.8412796361721431,0.8851885282992565,0.8549124185267719,0.85321264193391,0.7731986352927197,0.7930494464971725,0.8535177060856192,0.7285428381430253,0.5609539783393355,0.790964777203968,0.9524781382836685,0.9053482186874954,0.8319600088854018,0.8827574656316968,0.888131856985663,0.8629728337408539,0.6238527620893919,0.9033356644575182,0.9164032544009949,0.9170701706578446,0.8455095021128727,0.9188615128701562,0.9227224921490677,0.8804426266254818,0.7558583919805894,0.8596835458731795,0.9305654515370407,0.8664901200616034,0.7346104956487032,0.7567034893856542,0.6067986814285251,0.8402083579449571,0.5879802825411553,0.6326251030876007,-0.9152906420877351,0.6350047419055448,-0.2739745811825703,-0.48853481480815947,0.0471075924940633,-0.3811365637799636,-0.08988704159824572,-0.37934180338910434,0.33926685446774335,-0.21033712345189626,0.7798048554790464,-0.9221443084887594,0.5050706968107816,-0.393311941478217,-0.46784988910826625,-0.12997002654744544,-0.23822623309005306,-0.2940719905441347,0.09472654406982296,-0.11354282109882212
0.8053472957501211,0.9721364602334286,0.9185962956057828,0.9057793010507553,0.8782807598018717,0.8569625653166986,0.9169837403577322,1.0,0.8622884418829619,0.7664008238814116,0.9429944146740228,0.8923763714016086,0.8931427368731555,0.9460594228774772,0.9549955849221367,0.8529219122657735,0.7930196107389055,0.8925936427498368,0.8671722535151548,0.8376845768468594,0.8733903826118702,0.8797591135289177,0.8147892148274465,0.6650446823938966,0.8366950369481275,0.9122595595594001,0.9438249202918705,0.8894652958859527,0.9456927396482052,0.9531248416982149,0.9331852496970675,0.7026751175101396,0.9379915441791198,0.9627837653456852,0.9637680742614141,0.9069357289556509,0.9652221783067547,0.953055228408664,0.9400874523756616,0.8526625060987226,0.8888381050668283,0.9448650049233858,0.8630215438274855,0.8509630646144815,0.8432508490277252,0.6965956499689213,0.8904095400397974,0.7043840064405573,0.6931042773021844,-0.9679781526641803,0.5684312102663129,-0.12573101906313136,-0.5370708689894298,-0.023775895100863326,-0.30528959689982743,0.05150713486158667,-0.45764070731489626,0.27127212795421385,-0.17254061073988175,0.7930895521096671,-0.9609078020720617,0.5057423048125653,-0.2578380153168641,-0.4794437163822458,-0.172426011639648,-0.15010995598947408,-0.3959145806140031,-0.000453415590211436,-0.05132926552603596
0.7938443708251846,0.8783873757476549,0.8572418369976633,0.8409023574837562,0.8205366733804192,0.805896195986092,0.8328866127750942,0.8622884418829619,1.0,0.7882800386245464,0.8215103530191565,0.7985500156482621,0.8432636495842143,0.8509082065689849,0.8283018560564719,0.7250781689969933,0.6934109470588181,0.723729703994079,0.798238287334977,0.7725118399494618,0.7854022626098282,0.7078937487370389,0.704912648482185,0.5061767496119364,0.8254380258532096,0.8131760541015827,0.8594154433629372,0.8449838824470961,0.8360225937695924,0.8373022111240873,0.8015632098218746,0.5197015027841038,0.8868295073374477,0.8592351851417698,0.8662026389412214,0.7638441824923277,0.8448804928385311,0.8316912495230335,0.837933491487893,0.7163588479275649,0.7904359272022756,0.8713358064697664,0.7619338518878084,0.7597106711114873,0.7391358039226364,0.653782935394938,0.8052050604804438,0.5858106714512973,0.7022615114104256,-0.872872363002049,0.5885373022347083,-0.21782248099085777,-0.5366531592226486,-0.06163370257613953,-0.33938232709724375,-0.15813323901275245,-0.45391596785476385,0.14375818462742784,-0.039885736626698434,0.6845971708226528,-0.8801590678474148,0.5052130517048051,-0.3400926930696895,-0.42478634631579587,-0.14795835226880225,-0.1715862734945996,-0.4104162453083444,-0.046749782090891936,-0.05153493285852441
0.6104463532668097,0.7689680647663646,0.7441935596980426,0.7315266489387074,0.7287562657879726,0.6471022449170498,0.7272129556225101,0.7664008238814116,0.7882800386245464,1.0,0.7084047873131566,0.6432144989573764,0.7896513252895778,0.7225665734008362,0.693639130338931,0.6002316290983244,0.6663289948275638,0.6427738546272229,0.6727809658788169,0.6553583939168922,0.7394312647466281,0.676169838801099,0.6426005923939868,0.5061778758333352,0.6506345671328251,0.7513383696415378,0.7295780068404808,0.746628301987771,0.7196018800788184,0.7416885241065699,0.7408977671917077,0.5885754697614602,0.7384213779160547,0.7287930232856764,0.7691659480932914,0.7292221636836811,0.7306756357407267,0.7317574963652786,0.7512959129124755,0.7221656747541576,0.6971293135174883,0.8042153650776923,0.7764743788285656,0.6752906597819786,0.6436661334863589,0.6507654346064835,0.6826470564555355,0.5467599269895459,0.5818109714745799,-0.7575201000809231,0.4775659575089046,-0.1084460207028258,-0.5190429202902473,-0.025154667542263035,-0.3072488189784845,-0.061177635315181396,-0.3630790981547789,0.14128686745244612,-0.12064164660664617,0.6588944035863179,-0.7682216296837188,0.3873223001471466,-0.21332931725535764,-0.4539602092005238,-0.11799090084963502,-0.20263990459376194,-0.39329695685270866,-0.09634689072025399,-0.05985027668402682
0.8094642558773547,0.935164454148363,0.9085311593758515,0.8709883234358561,0.8436002301457806,0.8370602079976786,0.9072714962772169,0.9429944146740228,0.8215103530191565,0.7084047873131566,1.0,0.8841172443541686,0.8684831475471598,0.9225603878678494,0.9450649129045112,0.8688889450466015,0.7921576617247126,0.860707784036146,0.84704925026045,0.7778457377064382,0.8270899973680435,0.8696486919044902,0.7735543677724479,0.6229621949356514,0.8416326996101259,0.8769868905643787,0.9292989513352702,0.8489814876411376,0.9230602366727513,0.931252332218957,0.9033362817255041,0.6711720882962079,0.9150133748124307,0.9452410246186113,0.9262427741375192,0.8751591638876552,0.9354532182124187,0.9457249639312642,0.9163035328160127,0.8200278672324043,0.8194564037717735,0.8969940736002326,0.8191670067208627,0.7868521527087268,0.8218391350023357,0.6812013669424812,0.8829461504757223,0.6430134914671901,0.6380941277355954,-0.9302529138803214,0.5407343238939393,-0.16125845900299657,-0.480451084596992,-0.04211308627981204,-0.27477458080270084,-0.008893359170028104,-0.4053856408747374,0.2868139902320858,-0.1666532567679983,0.7607713874504761,-0.9285512647023804,0.4567660779353913,-0.29677719747133063,-0.4526499127997031,-0.1846435047093917,-0.15810631883740503,-0.30392713182484343,0.05698456345370782,-0.015420722861800929
0.8740854889949161,0.8930817752660152,0.8861370130114666,0.885813135688761,0.7699683501720287,0.8223711904658529,0.82661140690643,0.8923763714016086,0.7985500156482621,0.6432144989573764,0.8841172443541686,1.0,0.8003833488086481,0.9052254817217646,0.9168924635412405,0.7992394600790724,0.681950821494455,0.8100325311761183,0.817617979600744,0.792937199491784,0.8673419539999536,0.7656275146350024,0.739319084566549,0.5611989924176374,0.8457151819873624,0.7794258356110797,0.9176607533243197,0.8484873476797798,0.9041116565078504,0.910824976193431,0.861321993478476,0.598600881224521,0.9070799155283317,0.9239708381064291,0.8789675464753506,0.804642441451964,0.9016374795908273,0.8872392695484472,0.8624697218541008,0.7634458101290105,0.7989853863007106,0.8340504437883505,0.7289091376772517,0.8210573377167225,0.8639217085818695,0.7064755314788338,0.8360537070580997,0.6301456362878848,0.6894126850341588,-0.9141101283561434,0.5378927153976708,-0.1197009501409376,-0.4589118652085147,-0.14366520338454683,-0.2420882718145874,-0.06318565795808524,-0.5327728228674846,0.14009241893547233,-0.0104260485554308,0.666762350932816,-0.9143006338409693,0.5394898630742867,-0.22191827557089414,-0.42324577934639945,-0.2314565832303853,-0.08967752948743817,-0.44765166036671655,0.03232210220242955,0.06375828763546484
0.7159839472567325,0.8918335110941583,0.8723226244351485,0.8499270401150875,0.8312011132748879,0.8025008795680402,0.8541336158369116,0.8931427368731555,0.8432636495842143,0.7896513252895778,0.8684831475471598,0.8003833488086481,1.0,0.8740244438977327,0.8568962232842967,0.8045377464934369,0.7713073331492579,0.8378524856283935,0.8599027406149227,0.7635103156572801,0.8025478904441669,0.8379420703100979,0.837759339847342,0.5787331654768171,0.7817582161155373,0.8336207473301858,0.8783005107798828,0.8213221785798728,0.8577542939622183,0.8832908701738551,0.8664650286313132,0.6177129212125443,0.8748272966698191,0.8783131098750414,0.8938035689028848,0.8394566614581243,0.8747530735893346,0.8789465628345977,0.8964474764284778,0.8235775542181549,0.7818834674310756,0.8755064123809572,0.8094369031801747,0.7549069060408113,0.7232216943664805,0.6313194165761448,0.8032300822451114,0.6886279757241226,0.6573759552035685,-0.8991881199083827,0.5912979364923471,-0.17756780144239184,-0.6297811491110501,-0.09715525072418003,-0.36519082488630833,-0.06529463007479282,-0.4516872300406954,0.19483389200690948,-0.16572175149263013,0.7405843238836581,-0.9019730995998972,0.483009388309446,-0.2935371679296057,-0.5485571254161529,-0.24359475431726815,-0.202553404369803,-0.4173286740933352,-0.08488738577675171,-0.08160230418574524
0.8418740433281273,0.9508506473834387,0.9358091088711202,0.9107452123105988,0.8432792141980104,0.8431591984547119,0.8968617346151923,0.9460594228774772,0.8509082065689849,0.7225665734008362,0.9225603878678494,0.9052254817217646,0.8740244438977327,1.0,0.9500016986754904,0.8234014286602156,0.7521828066122649,0.8789826161908363,0.8496538277435592,0.8078419090123206,0.8524884053790506,0.8327346507207537,0.7797478093025337,0.5890508416336828,0.8386720034856909,0.8747168182960268,0.9509461768938117,0.8831963720023774,0.9315709692284448,0.9403320084983358,0.9014472697447328,0.6487612368155851,0.9348109883225815,0.9569748549395835,0.9328006765137092,0.8686122580559394,0.9606137739261289,0.9419009391310381,0.9018594260188422,0.7968010089743234,0.854074855603234,0.9026486806212211,0.8095146518800561,0.8284293083755884,0.8495954274826811,0.7056627324872076,0.8870650545070785,0.6720121554245346,0.7018422596939985,-0.9564738462055963,0.5908572012308522,-0.15706579082575647,-0.5298815303797063,-0.05830493602244208,-0.2944825690771455,-0.07461025548378064,-0.513975560571029,0.19820035955268334,-0.12281941260305773,0.7512077425588002,-0.9540853735293787,0.5400281413169196,-0.28457526901744523,-0.46871520900049674,-0.18826002711952416,-0.1393982461611618,-0.4334530613000684,-0.027374637543352412,-0.00764244332253436
0.8238589249015338,0.9507789345815453,0.9165405594975633,0.8959680454731735,0.8565623558985259,0.8508513294508735,0.9047704811569006,0.9549955849221367,0.8283018560564719,0.693639130338931,0.9450649129045112,0.9168924635412405,0.8568962232842967,0.9500016986754904,1.0,0.8578537942457408,0.776825543146742,0.8762344832256128,0.8412333662679371,0.8022015957835976,0.8634740216509312,0.8622374621679989,0.7774431589620799,0.6256028254277248,0.8507812306494236,0.8875280089072253,0.9422199216214984,0.8541547649252647,0.9351223494114143,0.9475241602298355,0.915871411944946,0.682641357336194,0.9256956272532109,0.969482083247608,0.9336120899431397,0.8873978865965519,0.9621159706558161,0.9523865554365972,0.9158955988339963,0.8230738545339672,0.8477601486407794,0.8989057536172511,0.8112424150552744,0.8082889084809428,0.8567121698637502,0.7068962978544832,0.8815600376773135,0.6697039916107934,0.6729857530394244,-0.954569125875416,0.5564003608573836,-0.1763786978649596,-0.48835955787048607,-0.03643467424278834,-0.27719207831028986,-0.006631525214829211,-0.4576898618296199,0.24587458847150556,-0.16313456653622735,0.7513906447683019,-0.9480722173704964,0.5006569822595829,-0.29192123029141515,-0.4369978892530032,-0.18973522145830007,-0.11716815113568656,-0.3812154599732924,0.002279817143576477,-0.054825513810933785
0.6609353117275483,0.843324131070742,0.8033366549810274,0.773875384804766,0.7825283307725023,0.7989301421291377,0.8412796361721431,0.8529219122657735,0.7250781689969933,0.6002316290983244,0.8688889450466015,0.7992394600790724,0.8045377464934369,0.8234014286602156,0.8578537942457408,1.0,0.7425937656133036,0.843507720272414,0.85226910407451,0.7322230478603245,0.7246104224270665,0.8488844168290856,0.8048302372663634,0.5998935826650736,0.7210847097978164,0.8179201099519909,0.8219768918903992,0.7209219355281389,0.8226254580996742,0.8414574339564939,0.81831368882332,0.6011939520484527,0.8035008540675785,0.852154975000501,0.835422302069818,0.8118575413555218,0.8468301934110145,0.87735197306855,0.8581400017445245,0.7549603567106327,0.7460877775425055,0.8186252356706875,0.7208166944300608,0.6553926242626201,0.7239454087904287,0.5779947630757429,0.7728614856355194,0.6541580856703437,0.508311431770776,-0.841263564270409,0.4822497011855333,-0.1218479682427804,-0.4316623383040173,0.020697774330319878,-0.25592847407909264,0.08027034727661048,-0.37918830824084154,0.32646633249759055,-0.21146879928762907,0.6804324540416149,-0.83020514263264,0.3830016765076144,-0.2515400377265521,-0.428319879069364,-0.17095189932687746,-0.16104593606150497,-0.25447743942223466,0.028052153333774824,-0.10573044170422706
0.5890987063369326,0.8105846348396094,0.7984344696015947,0.7331634419891185,0.7743565983442342,0.6786602580107676,0.8851885282992565,0.7930196107389055,0.6934109470588181,0.6663289948275638,0.7921576617247126,0.681950821494455,0.7713073331492579,0.7521828066122649,0.776825543146742,0.7425937656133036,1.0,0.7452569622904948,0.7147897863047349,0.5733285200441767,0.6310788815653844,0.7838864926035743,0.6241355405497462,0.48696835856626636,0.6505610549072672,0.8667846392280403,0.7728235157838623,0.6925068082450129,0.7547335274940654,0.7659963454057733,0.749066861172443,0.6182201805589354,0.7616997704223982,0.79031512151433,0.8030314174949844,0.7824928859069259,0.7793429877523034,0.8167462780088106,0.7743501990771215,0.6909100417695675,0.6973484123707963,0.8170242926772213,0.840089611152032,0.5846850374852798,0.5695907974827352,0.4531208425799514,0.7055259185216802,0.5198857932866527,0.5234444634966057,-0.7797392374634768,0.5635534373197594,-0.33230084227620277,-0.5100259361303625,-0.009120200912004653,-0.37483625252896624,-0.10527057980458776,-0.24042831211150983,0.3193941804156314,-0.22772445888895798,0.7583084121222885,-0.8033481635118093,0.3973273019964368,-0.42553490311397274,-0.5161143819016097,-0.23520721622502871,-0.2871092977745519,-0.1921707490467369,0.06716254838033597,-0.10588530296995884
0.6782670457764564,0.885656781794,0.8460086165658126,0.857558999403869,0.7694837846172032,0.7960427385821772,0.8549124185267719,0.8925936427498368,0.723729703994079,0.6427738546272229,0.860707784036146,0.8100325311761183,0.8378524856283935,0.8789826161908363,0.8762344832256128,0.843507720272414,0.7452569622904948,1.0,0.852942520607465,0.773121788946379,0.7557712161607549,0.8920173081787774,0.8207394427256507,0.6539294018095585,0.7041056074416051,0.8500993352595902,0.8755905550790313,0.7585569854378524,0.8551238351505253,0.8855918013349151,0.8624471611442146,0.6544799826812672,0.8406105890836822,0.8813705731433148,0.8834590417737826,0.8537114111631464,0.9002107902588271,0.8925466527499067,0.8689509648466069,0.7971775480905796,0.7960931180622257,0.8399689968899875,0.7607996423561117,0.7377191713572016,0.7778327930389964,0.5904432904794131,0.8010636444559958,0.7144838116866463,0.601738150622029,-0.8928582177063379,0.5416820903695333,-0.1161569967519278,-0.5572056561964738,-0.053184884645317614,-0.29137864092366184,0.059662597668878166,-0.46738589223939553,0.2566340437125309,-0.24309586969978855,0.7680595054260145,-0.8805233027354932,0.4798857853037156,-0.24110224258009041,-0.5384199171977274,-0.21361032022921403,-0.17733207147823923,-0.37550970112269266,-0.04499429877563234,-0.0691649649508915
0.7554656109248722,0.8821184541239411,0.8663363184200065,0.857213970566799,0.8224238416347713,0.8598411488537903,0.85321264193391,0.8671722535151548,0.798238287334977,0.6727809658788169,0.84704925026045,0.817617979600744,0.8599027406149227,0.8496538277435592,0.8412333662679371,0.85226910407451,0.7147897863047349,0.852942520607465,1.0,0.8292926418582807,0.7913179257289221,0.7828708596981868,0.8017125364181686,0.5472899909193675,0.7792734493790724,0.8156756813939414,0.8611502061015448,0.8141355687913505,0.8500126538602718,0.859167177252346,0.8231390495111586,0.5564027813750595,0.8646445660422604,0.8653653944955644,0.8706171688561027,0.7652641770483178,0.8630050590563052,0.8520421541288717,0.8417293714222439,0.7238874317810461,0.7910574495816131,0.8702749527730058,0.731604815637443,0.7541480350424358,0.7497472700477815,0.6289995812104591,0.7941447146477932,0.6189626145355189,0.6338775003599497,-0.8786939175559091,0.5700375761803643,-0.11903553890434596,-0.4937951118860774,-0.04180088075915695,-0.3315748351019557,-0.03898726722097357,-0.4691850319794311,0.18099806268631138,-0.07793206642379857,0.6868001810513816,-0.8805887357121582,0.48512374654158635,-0.21704953863111445,-0.416961241157048,-0.16590112152112013,-0.1970728802147611,-0.3822388320235667,0.004640417784385258,-0.05301515071355506
0.7569075316492713,0.8406887000758292,0.8034245921425505,0.823125577061374,0.7626891428498217,0.8255209629449742,0.7731986352927197,0.8376845768468594,0.7725118399494618,0.6553583939168922,0.7778457377064382,0.792937199491784,0.7635103156572801,0.8078419090123206,0.8022015957835976,0.7322230478603245,0.5733285200441767,0.773121788946379,0.8292926418582807,1.0,0.8316398821621367,0.7198338941757461,0.7853784065538206,0.635587786168162,0.727992691025258,0.7402380223395767,0.8279882350439673,0.8272222024001866,0.8537477775997309,0.832104908139023,0.8131008869477769,0.5961775374650676,0.8225082740762734,0.817296723041105,0.8448224724951069,0.7694936713370051,0.8294920196100817,0.7739560957051962,0.8234944661033807,0.7334498243568178,0.806122788970302,0.8335922400499756,0.7118727633238351,0.799905843544273,0.7752964324069036,0.7488003701301212,0.7819095413161252,0.665228252092289,0.6326111493296092,-0.8582316647659669,0.5061136368941382,0.06553387605290231,-0.4613995756609898,-0.08313254840453921,-0.19889520310654418,0.03256594266959312,-0.5043783095551133,0.12170170200344102,0.031000263602291835,0.619204951787587,-0.8411215834079789,0.4944013538311626,-0.0262104547594523,-0.3566446299790973,-0.08922512276904018,-0.08259323788701187,-0.492052658807211,-0.03419198792058336,0.003658805922704812
0.7780975758556785,0.8740655032598804,0.852735389516631,0.8773666042379074,0.8008028300182801,0.8180735147378233,0.7930494464971725,0.8733903826118702,0.7854022626098282,0.7394312647466281,0.8270899973680435,0.8673419539999536,0.8025478904441669,0.8524884053790506,0.8634740216509312,0.7246104224270665,0.6310788815653844,0.7557712161607549,0.7913179257289221,0.8316398821621367,1.0,0.7542037773507243,0.7363352919051874,0.6034221341801596,0.755753079768576,0.7765635962963917,0.8524391331584978,0.8425864466124543,0.8568996929699569,0.8800455220770447,0.8826337257193159,0.6535330825393336,0.8372928823303722,0.8614916023291034,0.8529288820318162,0.793282331437285,0.8709777766253954,0.8418235978515449,0.8458241563451484,0.7946143301487815,0.8318553923172276,0.845190782530047,0.7655381036197281,0.7745401235806249,0.8036850580006734,0.7137125723495211,0.7806332107188755,0.63543891605518,0.6415763819970677,-0.8889470703114214,0.509067322683548,-0.023707295986242903,-0.4411795131334863,-0.03087506398634215,-0.2546515754131948,0.026940881029213375,-0.49683987182708333,0.143383565073928,-0.10304420415862676,0.6056810345848889,-0.8711270764750882,0.49064718515368677,-0.1206444908767042,-0.3592420362690004,-0.12831986840422324,-0.07030780688500529,-0.46582102746070436,-0.05108013263562596,-0.06672703078692019
0.5977084500235224,0.8650320237376156,0.8164777210701417,0.7986351037945184,0.7721640954992486,0.7523210780873327,0.8535177060856192,0.8797591135289177,0.7078937487370389,0.676169838801099,0.8696486919044902,0.7656275146350024,0.8379420703100979,0.8327346507207537,0.8622374621679989,0.8488844168290856,0.7838864926035743,0.8920173081787774,0.7828708596981868,0.7198338941757461,0.7542037773507243,1.0,0.7919521012972538,0.7410710604894448,0.6507492412744075,0.8632044252027038,0.846771558094934,0.7396165554646195,0.8401866671731321,0.8881014159048475,0.9126900744641003,0.7660269673093739,0.795825134386435,0.8573327849809483,0.8692019078836255,0.9137370940186014,0.8692040719257144,0.8981228592102567,0.8955879703749985,0.8748040913685835,0.7676919847203679,0.8406773064778971,0.8156182879325676,0.6394453324459677,0.7031264763318699,0.5685613992768711,0.7577930092652277,0.7184326379405708,0.5458369211710122,-0.8648234735145923,0.4388455758672397,-0.09955174710203968,-0.5361439369551172,0.014431534161239644,-0.26432324139134866,0.15730235251034494,-0.40166386741628973,0.31688181370579815,-0.32521276985161424,0.7618193735195089,-0.8493448985723554,0.3156032362806193,-0.23948578881343782,-0.5514596338697093,-0.19696305185580776,-0.13309562905277852,-0.25686455127690383,-0.09688954877165802,-0.12016295134627263
0.5806426527029692,0.7944247415534512,0.7320332865291944,0.7276238791182776,0.7055201216942104,0.7048563378546211,0.7285428381430253,0.8147892148274465,0.704912648482185,0.6426005923939868,0.7735543677724479,0.739319084566549,0.837759339847342,0.7797478093025337,0.7774431589620799,0.8048302372663634,0.6241355405497462,0.8207394427256507,0.8017125364181686,0.7853784065538206,0.7363352919051874,0.7919521012972538,1.0,0.6482915828258323,0.62617488150065,0.7219508576074525,0.7921591451986079,0.7234102545365809,0.7920469248323112,0.8230290424911461,0.8082052010368628,0.6200843962099142,0.7578560674209835,0.7923383531743998,0.8004172360060443,0.7960171320651532,0.7901826962105581,0.7984475249378272,0.8662204919507458,0.8603815385925699,0.7249499819307905,0.7801693244015188,0.680026250268086,0.6820366965675262,0.6858262616839663,0.6202264966963981,0.7375150117280799,0.8683806790382474,0.5721401035663799,-0.8270470094122327,0.43826686587489866,0.013079883058426743,-0.577996115951517,-0.11729313642630151,-0.21225858087962207,0.13316375111730466,-0.4573490719853085,0.14219746729598123,-0.12412126654802542,0.6649564541310127,-0.79682593638685,0.41745361574716233,-0.08857427192333671,-0.5144589449038995,-0.22635390996988786,-0.10456611462676765,-0.4107460323823797,-0.18129967062099153,-0.0274669990652666
0.3950715201780492,0.6272619268998443,0.5115301086913431,0.5439931279330664,0.500764892489267,0.49297311911221237,0.5609539783393355,0.6650446823938966,0.5061767496119364,0.5061778758333352,0.6229621949356514,0.5611989924176374,0.5787331654768171,0.5890508416336828,0.6256028254277248,0.5998935826650736,0.48696835856626636,0.6539294018095585,0.5472899909193675,0.635587786168162,0.6034221341801596,0.7410710604894448,0.6482915828258323,1.0,0.4396070167791775,0.6110602182996642,0.6146898111990721,0.5677870930993888,0.6801435677616291,0.6901583771347108,0.7100897390300593,0.7854646256202956,0.5614076068981466,0.6188575135888389,0.6451840929254274,0.798293533890832,0.6328447324482499,0.61900876331634,0.7242001342560801,0.7395498047374816,0.5694591439392441,0.6234424324610366,0.6002106498033998,0.5383963810717624,0.5937433096687698,0.6461269245138861,0.5481727468023034,0.7317622083709021,0.4081120352933244,-0.6411162445164021,0.13638440183975023,0.179984577570304,-0.4048864123837783,-0.05822799073301593,-0.022584257660112166,0.3446987531068065,-0.39190775012837126,0.15899515105362633,-0.11034728074450587,0.518523325037834,-0.6083315851995829,0.13076766881539095,0.09686770995935465,-0.391937565957138,-0.17717315013119014,0.08254825695021248,-0.2617015343634626,-0.21462176146584955,0.02306815572202757
0.8835132527578798,0.8499794717572303,0.8415307561469201,0.8188518033203885,0.767403026640258,0.7934420352048657,0.790964777203968,0.8366950369481275,0.8254380258532096,0.6506345671328251,0.8416326996101259,0.8457151819873624,0.7817582161155373,0.8386720034856909,0.8507812306494236,0.7210847097978164,0.6505610549072672,0.7041056074416051,0.7792734493790724,0.727992691025258,0.755753079768576,0.6507492412744075,0.62617488150065,0.4396070167791775,1.0,0.7321096870893298,0.8397131153524745,0.8191364097392237,0.8400135545656225,0.8302496968524472,0.7635580409148544,0.4881558910905764,0.8867826224531067,0.8628826449592242,0.8383437494577474,0.7092812713736669,0.8361117480353922,0.7998097406959518,0.7815676276917096,0.6223245149037925,0.7430075712266878,0.8054885887866794,0.6905982621209535,0.8159696248004562,0.8071667056619105,0.673694067700924,0.8171579995978566,0.45596866366630334,0.6488473879071713,-0.8430043659505784,0.5525448453879162,-0.17335179335215165,-0.4169831332021249,-0.10952358346350427,-0.2713744312640624,-0.1341421977254282,-0.40453100252087393,0.1350064647634004,0.01870936628471194,0.6181290273387509,-0.8638132138339181,0.51876653827468,-0.261760648018129,-0.29588069965913294,-0.16531329268914263,-0.10479056096955458,-0.40596763818016984,0.08179645519343767,-0.0300181428623988
0.6833856259204856,0.9238396364534249,0.8895525451143516,0.8652580972115929,0.8793358535188149,0.8188099684883443,0.9524781382836685,0.9122595595594001,0.8131760541015827,0.7513383696415378,0.8769868905643787,0.7794258356110797,0.8336207473301858,0.8747168182960268,0.8875280089072253,0.8179201099519909,0.8667846392280403,0.8500993352595902,0.8156756813939414,0.7402380223395767,0.7765635962963917,0.8632044252027038,0.7219508576074525,0.6110602182996642,0.7321096870893298,1.0,0.8773443580647187,0.803979111462326,0.8562072330545237,0.8679460365380628,0.8578902477075018,0.6556421260559492,0.8681245120996965,0.8940441330605521,0.9021033230716103,0.8565133285728841,0.9029926292272813,0.9135130820872658,0.8783568884100208,0.778525853640238,0.8532498140875457,0.9258865356553014,0.872142426480203,0.722869796981502,0.7284310430339267,0.6007297229752667,0.8167902517951616,0.6142226993820344,0.6203816216802269,-0.896521432501628,0.5735074492737094,-0.24044965448788636,-0.5040127891327618,0.0810364933697753,-0.36599921717764433,-0.02709586485071044,-0.38820962526862235,0.338204435612941,-0.2752015599480284,0.7849189746367524,-0.8956435501661908,0.43519670517906023,-0.3819465199149643,-0.4831369228613599,-0.11731708733476383,-0.20395160785914615,-0.2845208391116742,0.015099065813648727,-0.14211046005016106
0.8481433974503976,0.9506076689585314,0.935307269992542,0.9197578059167898,0.8278285251943451,0.8503439766312824,0.9053482186874954,0.9438249202918705,0.8594154433629372,0.7295780068404808,0.9292989513352702,0.9176607533243197,0.8783005107798828,0.9509461768938117,0.9422199216214984,0.8219768918903992,0.7728235157838623,0.8755905550790313,0.8611502061015448,0.8279882350439673,0.8524391331584978,0.846771558094934,0.7921591451986079,0.6146898111990721,0.8397131153524745,0.8773443580647187,1.0,0.8967460409922255,0.9467193755489793,0.9553201572085359,0.9200221125387289,0.6763223452429593,0.9585388619468834,0.9659148303151354,0.9484261632972905,0.8913536678163514,0.9458491667245124,0.9363516046419651,0.9207073340501906,0.8210505260329957,0.8540748851704211,0.9126636852782741,0.82649113229939,0.8451932034910217,0.8538379168200303,0.7200103557405767,0.8817365641986699,0.6835936330927934,0.7401652022809307,-0.9701546991399752,0.5957689236342033,-0.1891849935423718,-0.5846336217370164,-0.14854860195631434,-0.31556028739944836,-0.08107417429066681,-0.5530198143649999,0.14928536444890167,-0.04988933945818639,0.7902716104299685,-0.9704718406856555,0.5403412934672508,-0.3179312925214601,-0.5133685301350067,-0.25296543177564135,-0.17310880068649018,-0.4717099152078202,-0.05417876693835389,0.0674478386702369
0.8771639175319312,0.9106345461631428,0.9019382965215075,0.877571205231316,0.8135811927766057,0.7992860322793716,0.8319600088854018,0.8894652958859527,0.8449838824470961,0.746628301987771,0.8489814876411376,0.8484873476797798,0.8213221785798728,0.8831963720023774,0.8541547649252647,0.7209219355281389,0.6925068082450129,0.7585569854378524,0.8141355687913505,0.8272222024001866,0.8425864466124543,0.7396165554646195,0.7234102545365809,0.5677870930993888,0.8191364097392237,0.803979111462326,0.8967460409922255,1.0,0.9134001206537153,0.8953816257790672,0.8643066627696627,0.6406971942357362,0.9134219630144068,0.8891497515943919,0.9038210424244009,0.817155428187465,0.876670061965472,0.8533750875637551,0.8600297602883447,0.7478925976652802,0.8751538549802274,0.8918094721565591,0.807611269779957,0.8427212380611833,0.7800098459279673,0.7217879534664559,0.8321365223815371,0.6070388054819492,0.7231147256544285,-0.9107713014483161,0.5192106356660803,-0.06091731691771302,-0.47347571371355074,-0.10239982673013623,-0.2673698518420668,-0.10207391176948671,-0.5150174104184447,0.10066850523678772,0.03658357874325346,0.7016264564148784,-0.9171535798931232,0.48570817394898086,-0.17636089830608234,-0.3712280630859323,-0.14783030108577686,-0.1259177853226361,-0.501688580294778,-0.05614425988334177,0.04832304926752687
0.8450462728449996,0.945447582966643,0.9051598323906603,0.8848887706350206,0.8077989582911752,0.8161497017531285,0.8827574656316968,0.9456927396482052,0.8360225937695924,0.7196018800788184,0.9230602366727513,0.9041116565078504,0.8577542939622183,0.9315709692284448,0.9351223494114143,0.8226254580996742,0.7547335274940654,0.8551238351505253,0.8500126538602718,0.8537477775997309,0.8568996929699569,0.8401866671731321,0.7920469248323112,0.6801435677616291,0.8400135545656225,0.8562072330545237,0.9467193755489793,0.9134001206537153,1.0,0.95815942290031,0.9253345327666873,0.7320894005470922,0.9280095221472604,0.9469328753088346,0.941967654712456,0.8996477622038972,0.9402958370448762,0.9210648724567408,0.923973508547845,0.8271558116440872,0.8517452167252314,0.9098143364020006,0.8426987670694642,0.8491235411549166,0.8511044338211066,0.7572393191600724,0.8660993792818901,0.6955190949075973,0.6901658781420368,-0.9541416740402048,0.5163917585525757,-0.10587529720929305,-0.5216028470347579,-0.10497045360913072,-0.26324534790439974,-0.012287004391144728,-0.48629182889275496,0.20159541261899172,-0.040507806680965076,0.7731362820707086,-0.9513837160293184,0.4794877768943232,-0.21921687543156226,-0.46219509631611344,-0.20446484533956655,-0.1352739570385422,-0.43198562554115827,-0.002089166323861768,0.03947125795350389
0.8120971633935244,0.9511829204473765,0.91807499475213,0.9054333937145458,0.8188725506858848,0.8272968789805626,0.888131856985663,0.9531248416982149,0.8373022111240873,0.7416885241065699,0.931252332218957,0.910824976193431,0.8832908701738551,0.9403320084983358,0.9475241602298355,0.8414574339564939,0.7659963454057733,0.8855918013349151,0.859167177252346,0.832104908139023,0.8800455220770447,0.8881014159048475,0.8230290424911461,0.6901583771347108,0.8302496968524472,0.8679460365380628,0.9553201572085359,0.8953816257790672,0.95815942290031,1.0,0.9634194042405787,0.744012514298193,0.9273535665753371,0.9609392547409753,0.9507766374807168,0.9239034694335402,0.9526062832490071,0.943810237487393,0.9337033213807947,0.8740172797674755,0.8508013636435711,0.9117694135170961,0.8441293015710473,0.8234867580465898,0.8442667129638209,0.7344346043337033,0.8573527159812342,0.7441117269270486,0.7089919894898596,-0.9676796514097493,0.5300276497529316,-0.09050387293618971,-0.5701458924736618,-0.09817635910159143,-0.2921974763236225,0.02724960268867326,-0.5195879752007588,0.1638496923244596,-0.11700423222399543,0.7807676355367124,-0.9631232332024209,0.48663080618305316,-0.22399391642497568,-0.5075351915305769,-0.2341165535304789,-0.11162885984387728,-0.4568357164589323,-0.08494792215835273,-0.012332133220884799
