0,1,2,3,4,5,6,7,8,9,10,11,12,13,14,15,16,17,18,19,20,21,22,23,24,25,26,27,28,29,30,31,32,33,34,35,36,37,38,39,40,41,42,43,44,45,46,47,48,49,50,51,52,53,54,55,56,57,58,59,60,61,62,63,64,65,66,67,68
1.0,0.9418146098027972,0.9490905000726654,0.940954136638127,0.8535045832168618,0.8519006479415114,0.9343083205837475,0.9044640474596192,0.8488114662300519,0.7076773356426566,0.8795036689601429,0.8706033855514013,0.7174782785885324,0.8590750341384403,0.9372430771006215,0.6713141205981771,0.8810492420455508,0.8397558991155896,0.7944619369436284,0.6731270466821305,0.755328922776413,0.7113482534434863,0.4763479061241824,0.5178000082286399,0.9030944165934889,0.8917734604656372,0.8947768836968061,0.9244405671018965,0.9303109687713135,0.9505234277801842,0.8868414832982918,0.4429633095916128,0.9254484303892587,0.937339676590231,0.8874264987342529,0.8217270693334071,0.8765836168132264,0.9300634264056356,0.7345893911836093,0.3881945519010373,0.7977378599115849,0.8521558869117075,0.7824606822477667,0.7395851327934647,0.763762109624879,0.6901949396410123,0.7310884930265844,0.2921501427370659,0.5729663032513892,-0.9345601704221006,0.2130275404999486,-0.24937433302638812,-0.33388146489884046,-0.3059729747237538,-0.09048497665541852,-0.3233306967076468,-0.19530228313297313,0.22060059967133838,0.2394170664298263,0.6357081169798552,-0.9564648912197152,0.33701801258946595,-0.3073286881402812,-0.3652779041712172,-0.20593142323313587,-0.13648617762757215,-0.07583001590534731,-0.0955859806337432,0.4497964919005019
0.9418146098027972,1.0,0.9631323625984772,0.945070126574258,0.8792818836307873,0.8870327825152571,0.9612167875355027,0.9470372642733869,0.8820319067912058,0.7761636857253402,0.8870483382942866,0.8439669882504092,0.7767964458726264,0.8878245650910261,0.9323299723898328,0.7129393675090638,0.8986525699066445,0.8364426177875195,0.86946504831542,0.7182936805450755,0.7306676001234519,0.7651565400142394,0.5466046484329138,0.5219049500418064,0.8951655932420578,0.9329793756303064,0.90079882871107,0.906602677674867,0.9500934061831432,0.9378316873486225,0.861438944719566,0.46994183785601384,0.950475916165217,0.94530794729378,0.9210709064148023,0.8533610418972667,0.9020131746334327,0.9551064870266218,0.8021404156136102,0.40424786701872895,0.8601336706332083,0.924325121080098,0.8472460913768339,0.8026692329753121,0.7729250720582905,0.7036212076987215,0.7831450476159052,0.27905323885011,0.6255859749466656,-0.9460881898062757,0.16455461766934934,-0.2992247169833551,-0.386790266963185,-0.28301036948259567,-0.07600428191957685,-0.24361836182736502,-0.1417935364166709,0.2747973922493304,0.22874811128812036,0.654072549898887,-0.9682848042660962,0.33538212117981503,-0.37394188014627644,-0.43550195904525313,-0.22914490511761612,-0.1828494609291717,-0.07874838255888311,-0.1036711258776906,0.43611735429970955
0.9490905000726654,0.9631323625984772,1.0,0.9609926307579281,0.8725597694081504,0.9036515577822429,0.9592653130938505,0.9402665010872915,0.8702208893868398,0.7508708325306334,0.8766612633906661,0.8678062276942988,0.781329634076507,0.8848261135583781,0.9436074744218518,0.7104329144229128,0.8876930540987183,0.844576734005353,0.8454390311093822,0.7414433335510493,0.7715080826188241,0.7516618190427902,0.5254179984698277,0.5030040135631045,0.891581800750514,0.9296395189329629,0.9106388241715885,0.911815766569262,0.941771302556436,0.9412681910559596,0.8651964254405786,0.4447458710515795,0.9503969393129584,0.9517901784838746,0.906938336537451,0.8395529926257911,0.9047520940626692,0.9571050672692661,0.7581147152655722,0.3753937934376463,0.8486599417740783,0.8857653149286179,0.831013637379303,0.7710044594713992,0.7731322735310762,0.7028500341319482,0.7604818734959486,0.29300023439608447,0.5952018083236433,-0.9617156691066858,0.18597159942971034,-0.3075049137004551,-0.3907237516162513,-0.34434762960621196,-0.08221461180220044,-0.26042965981602567,-0.22789075870748535,0.23039820696158242,0.2367586760795821,0.6671332350158832,-0.9721956868355681,0.33640036440335874,-0.3677589240933565,-0.4357097375587402,-0.26112222573266647,-0.1760509701094154,-0.14849271449234774,-0.13341661538920774,0.42788723677121054
0.940954136638127,0.945070126574258,0.9609926307579281,1.0,0.8466882594777764,0.8839306255309771,0.9492289818587238,0.9306706325962807,0.8531404075910156,0.72713967117837,0.878262869359413,0.8760602297827615,0.7567804339355326,0.8788370520978284,0.9406334992210745,0.7469258507378246,0.8873056319158933,0.86142259620948,0.8281167972737704,0.7525891384778726,0.7869995995818841,0.7799568978434497,0.4772793447399995,0.47159039264721164,0.8813220220661745,0.9095868470259849,0.9073191220654793,0.887958033298076,0.9183438270522761,0.9386884728368122,0.8611733161206161,0.4227949334991694,0.9326721728930237,0.9514931232202679,0.8998480282540668,0.8003712372198569,0.9010382487357171,0.9428570451303677,0.7201201714871542,0.3238920563222068,0.8048449137164224,0.8628113063243503,0.8061715974272103,0.7497459371753146,0.7584627691342289,0.684705487543143,0.742654399410578,0.2641717766463242,0.5810604129394713,-0.9515167540509838,0.17808723261258494,-0.31815533107864263,-0.3967596401459406,-0.36672153006456326,-0.0669123578430188,-0.26099441024046977,-0.21289178337891163,0.2349454356824067,0.25687723586072886,0.6525834693436259,-0.9575812564597761,0.30139863873515804,-0.3753418205664502,-0.4483003401256808,-0.26748429081543523,-0.1694975319926628,-0.10683742695544271,-0.12513099636920358,0.4281881025820444
0.8535045832168618,0.8792818836307873,0.8725597694081504,0.8466882594777764,1.0,0.8557129980629153,0.8767583921643227,0.8636537314644691,0.8151779703574829,0.6841102263971871,0.8259410481648632,0.8405320587812355,0.7901985572601036,0.8236483811288929,0.8480962364380141,0.6886759029477847,0.820467239268443,0.7696096032169361,0.8238059942606486,0.6045785069375302,0.6996636574525132,0.7768337212814787,0.5808886435575955,0.37279174296971457,0.8489771509787581,0.8182478223492504,0.8011900839635901,0.7694619415215328,0.840071158512671,0.8598319757650399,0.7564550022614595,0.32049714880280394,0.9006013054458083,0.8626514539828822,0.8278091967922783,0.7435860485377248,0.8223095134232625,0.8738702692484096,0.7629169337756146,0.43473377632549287,0.7120472805807896,0.8162604928777707,0.7329430113001592,0.6737521213807361,0.6418696678946907,0.5479410449093158,0.7313570216242872,0.27850029027498874,0.5427047392887359,-0.8395155382174564,0.1636669667346785,-0.28605695966500544,-0.3531335462326651,-0.2699562710823982,-0.06485115102562385,-0.2037156069470816,-0.04305492465007774,0.32168734515704545,0.15889752518738764,0.5669105515205276,-0.8834430575124782,0.3337886972057131,-0.36493044860888346,-0.40275158185361665,-0.27412834752025533,-0.22250259001616166,-0.0034783783958507947,-0.05806142931173771,0.3582388941242953
0.8519006479415114,0.8870327825152571,0.9036515577822429,0.8839306255309771,0.8557129980629153,1.0,0.8913936944508039,0.8646778361399282,0.8126391272690795,0.737227561116459,0.8070821314420027,0.8267866415498446,0.8220866192558274,0.8156331422921037,0.8517329029363703,0.6841388736085025,0.7987356623987057,0.7795183901123076,0.84980695747136,0.7754536646896576,0.7762015277819573,0.7079547979527839,0.5044602813238066,0.3561562565493424,0.821793914796533,0.8605378711309011,0.8058599691437053,0.7870759962167637,0.8527818301621509,0.8441070988967518,0.743740403536726,0.32291003565053034,0.8813197587647512,0.858610455468539,0.8042138126370699,0.7174688663792804,0.8085737950433116,0.8684676919642383,0.7060395052723284,0.2876348813150367,0.8095333337954168,0.8424826220230028,0.7961912530743701,0.7415374681333871,0.7016000333995669,0.6267323412397023,0.6745958618347556,0.17070387502766124,0.5075590257932564,-0.8652642353242529,0.1281287757276676,-0.3406367327955926,-0.311554933862558,-0.2888310422100099,-0.11058418032902821,-0.257556437212806,-0.22391714916311176,0.23946228735233005,0.16827946696472704,0.5520629367083917,-0.8820706638235662,0.2903725710868979,-0.3975683311232149,-0.41591677159888585,-0.23112366156904884,-0.17034271139013019,-0.12678052156673933,-0.08945721920010405,0.3517755136570177
0.9343083205837475,0.9612167875355027,0.9592653130938505,0.9492289818587238,0.8767583921643227,0.8913936944508039,1.0,0.9456756404262179,0.8876232527100093,0.7921495814348456,0.8876558288759999,0.8487749743024011,0.7963619186484304,0.8938861454798095,0.9366412262705952,0.7503239143145503,0.9254552846655785,0.8709111645002273,0.8726274073819261,0.7300639385730598,0.7330151033659663,0.7884645786031522,0.5404953207912588,0.471623120421762,0.8920138178377788,0.9476072670938975,0.9017976218544222,0.8813048297419033,0.9312225395394014,0.9303175959750183,0.8466616282938352,0.4408202775062101,0.9424976035423119,0.9481118770718198,0.9137344637602414,0.8302186283260037,0.9090593639727651,0.9510315094475501,0.779792921506988,0.36304512545524026,0.8336292879612742,0.9148797545823433,0.8560785734332763,0.7851880347648652,0.7592333677584565,0.7002600364367215,0.7715192912888396,0.26246447564320036,0.5935552001681087,-0.9444924648477987,0.19288167974974976,-0.32422574144770017,-0.41830900762547085,-0.3285030065349585,-0.09616443860358927,-0.23640685283221288,-0.1406955248353881,0.2855846058855191,0.24108959075004133,0.6468422329714114,-0.9649088744307783,0.34168219941487626,-0.40914634125900057,-0.4772195304531854,-0.2710299109987045,-0.17925373917431914,-0.057538786844539835,-0.09986439724338886,0.44551379378432526
0.9044640474596192,0.9470372642733869,0.9402665010872915,0.9306706325962807,0.8636537314644691,0.8646778361399282,0.9456756404262179,1.0,0.8710540634419602,0.7972536835089743,0.8996553226430334,0.8458109392526568,0.7679076646572472,0.9318288305996862,0.9140847439270509,0.7284804394589933,0.915605997414003,0.8277458238395383,0.8471576073116868,0.6741236599623103,0.7541857333382836,0.7724294378673028,0.5202678993733534,0.46514782118826553,0.8990967528860129,0.9176742430032832,0.9214871125158013,0.8622824395813093,0.9132606699101838,0.9204936676489966,0.8070192368581302,0.45264919588490393,0.9557359801231868,0.9484076045346016,0.9175545906774496,0.8031972653886165,0.9273044219799081,0.9470708642362212,0.7748169694296443,0.3283027522191742,0.8249880631069557,0.8878507361498842,0.831616898098952,0.7751956173150777,0.7446667169261252,0.6601461460667127,0.7822182411572358,0.26395413001716633,0.5820357848376443,-0.9453208407525219,0.15583023633575235,-0.37328046102073276,-0.46193081509066036,-0.3584290884190838,-0.05455510139935379,-0.17243949851458878,-0.11281804604146081,0.3440048094582102,0.3176285132363231,0.691916190765722,-0.9450638877118703,0.2915912974597043,-0.4417370105311465,-0.4805232015296442,-0.29396811609838036,-0.19406569651680822,-0.03282080701342055,-0.101570595340753,0.3973900706734498
0.8488114662300519,0.8820319067912058,0.8702208893868398,0.8531404075910156,0.8151779703574829,0.8126391272690795,0.8876232527100093,0.8710540634419602,1.0,0.7599518266882828,0.7820245666219501,0.7764024950427428,0.7433570932598871,0.806478156996504,0.8197834771679269,0.6775451961979446,0.8461949352352947,0.8134649005988336,0.8181240944945348,0.6501928510815459,0.6404451989777634,0.6920934394089681,0.5143706774980846,0.3837409541795375,0.8214018226582656,0.8605416195206985,0.8035986793132458,0.783533397585474,0.8398669967883176,0.8421517195464145,0.7679032307145852,0.33536750241178875,0.8566440761616059,0.8467729638137392,0.862512275899069,0.7530508866756754,0.8248611619397346,0.8650325881651866,0.7227894030036549,0.316296168767131,0.7555713325334837,0.8494046091130929,0.7472726705613867,0.6608669434325125,0.6407216498876059,0.5855848773846042,0.717341826731783,0.2134490450969681,0.5700876778926448,-0.8508617050925049,0.16045074353205235,-0.3136219342315773,-0.4023852540682758,-0.2769686670812152,-0.08973745949647553,-0.2801765996053386,-0.10252322328730655,0.2966884612870888,0.15651665005672066,0.5798986222354866,-0.8806103347649173,0.2853238688601413,-0.39463342316818906,-0.4359897452316976,-0.24550083953750274,-0.2110509457037624,-0.017532908033927146,-0.04515526968227629,0.37352231518127615
0.7076773356426566,0.7761636857253402,0.7508708325306334,0.72713967117837,0.6841102263971871,0.737227561116459,0.7921495814348456,0.7972536835089743,0.7599518266882828,1.0,0.7510268815781226,0.6744032514393826,0.757590298756332,0.7362105025730522,0.6862617815137668,0.6324821407687864,0.8190592931393227,0.6685497811903452,0.7297165919497757,0.5671912595217764,0.6192857038740399,0.6098138607545545,0.4540393689743392,0.32825330972686323,0.6956130344791059,0.8159370495049697,0.6870750663713845,0.6845609558660667,0.7459440010055679,0.7068389522755993,0.6176607580075169,0.3447079799879528,0.7480569353107978,0.7261305960126625,0.7673831035227422,0.653630187021815,0.6875618566779582,0.7599016046911654,0.7337704058996937,0.23284398897722344,0.7424145553015805,0.8372385010279649,0.804550946585536,0.7396182237950081,0.6892083880833578,0.6612499170961359,0.6470833397770517,0.02195017062240757,0.40960464057901236,-0.7121609641970394,0.09067203337448951,-0.35483338107948514,-0.37569059397882193,-0.23973092953835026,-0.1369731352933189,-0.16028001864538954,0.041377198932304134,0.34196806290513815,0.15448720582088324,0.4921500656384552,-0.7595469688949125,0.25275532283194974,-0.4301219355446402,-0.5133282760590762,-0.26677588397285024,-0.19195446653309522,0.08010495837082922,-0.018290264064388904,0.3818308217863909
0.8795036689601429,0.8870483382942866,0.8766612633906661,0.878262869359413,0.8259410481648632,0.8070821314420027,0.8876558288759999,0.8996553226430334,0.7820245666219501,0.7510268815781226,1.0,0.8391122214730833,0.7424881323505733,0.8319695869645741,0.8752739303423896,0.71837212458781,0.8806527849447122,0.786345262783988,0.7728760133859401,0.5547477635581712,0.7682055309568643,0.7601455340197354,0.4807669086934553,0.3750650602539382,0.8732383011912864,0.8494873889852503,0.8477357391048446,0.8112554346043371,0.8475009923904416,0.8744172793878743,0.8142548606353387,0.3430221946919353,0.8776091706200871,0.892985022293694,0.8813384707765527,0.7168807796298032,0.8396769115843747,0.8892451807338215,0.7487570503417498,0.3110396919355264,0.7263818552307746,0.8290922238581987,0.7630612709651124,0.7074219612785332,0.6772251077556439,0.6021787799076141,0.74575086566025,0.19131355373988787,0.5008110760699854,-0.8737037859190832,0.19622886894013647,-0.35999625349851755,-0.438582077443179,-0.3411233493593571,-0.1529867018459136,-0.2562028096030383,-0.0810560723440729,0.32728533460560666,0.27765139629145014,0.6124313647210788,-0.8946615162555582,0.32191706853842467,-0.4047594114098791,-0.4505595709763483,-0.26728117550600844,-0.16930431827791964,0.04637064533292485,0.009737261861091917,0.4436355300496891
0.8706033855514013,0.8439669882504092,0.8678062276942988,0.8760602297827615,0.8405320587812355,0.8267866415498446,0.8487749743024011,0.8458109392526568,0.7764024950427428,0.6744032514393826,0.8391122214730833,1.0,0.7308995388858266,0.7960539876711858,0.858327501366368,0.6819505800184283,0.8456576825806555,0.751842506694505,0.7202922097781225,0.5868434132288115,0.8543981702358656,0.6961380396022021,0.43950504011155417,0.31452208745551197,0.8544642195923005,0.8053842589928794,0.7723932936259139,0.7994769156107338,0.8149627366979363,0.8613366214180668,0.7631780676616755,0.26204233896933754,0.8608324527876626,0.8600826635747618,0.8021802196851309,0.664387765620143,0.7607849616033288,0.851579516912199,0.6809261771730268,0.3003851805225708,0.6698740103809417,0.7571687349092557,0.7342790843109921,0.6641775340080259,0.6595324275477572,0.5701226979491302,0.6397862279108852,0.15789007513044137,0.4661390569126686,-0.8281826572373977,0.17079085771994604,-0.3417829904359474,-0.3582379275366055,-0.3510276553815588,-0.10936103603323116,-0.2974445344111703,-0.09465756565555081,0.24266313931583836,0.14738306310231178,0.5203147645882513,-0.8676633362624286,0.28644967835505275,-0.3809632364087103,-0.3896552343059771,-0.2995355567871853,-0.20389159519603636,-0.007121389792522591,-0.08586769593895435,0.4051932969771838
0.7174782785885324,0.7767964458726264,0.781329634076507,0.7567804339355326,0.7901985572601036,0.8220866192558274,0.7963619186484304,0.7679076646572472,0.7433570932598871,0.757590298756332,0.7424881323505733,0.7308995388858266,1.0,0.7184601249628543,0.7322293266460638,0.7446191849598424,0.7571283433643259,0.7133936383401858,0.8413383985038142,0.5976981946797465,0.6428506314417392,0.7065520194314147,0.4856463536483538,0.20420476310160054,0.7352349543199951,0.7640932364862908,0.6697529161715934,0.6265832357486706,0.7526712910749458,0.7069698091889399,0.6333878918504985,0.20130255833283558,0.7666037220301205,0.7430845476579384,0.7359957486810511,0.6031806027321026,0.679794249848124,0.7854851075443249,0.6963338014468764,0.17059429713492083,0.673829453368556,0.7929359459256746,0.722492130541732,0.6858231095819007,0.5552633970861327,0.5277821176853748,0.6423128662902569,-0.04595080120051213,0.43790537891300096,-0.7270638559178122,0.09422528660423471,-0.3916424941299752,-0.34319794891724453,-0.27421252103343513,-0.1593076864859671,-0.27036912275657926,-0.05746632897679637,0.30341979248862755,0.06164757252694147,0.4632309711144196,-0.7722258331477823,0.23809597121819873,-0.4537494006632582,-0.4817303541467953,-0.3014369168207448,-0.25324438089949797,0.0034638217840570174,0.015533302944289394,0.3389490481292402
0.8590750341384403,0.8878245650910261,0.8848261135583781,0.8788370520978284,0.8236483811288929,0.8156331422921037,0.8938861454798095,0.9318288305996862,0.806478156996504,0.7362105025730522,0.8319695869645741,0.7960539876711858,0.7184601249628543,1.0,0.8661806094542471,0.6549560298551104,0.8727824828570081,0.7884409287973747,0.8044517450868515,0.6432270044724541,0.7405134889476133,0.7199132737206685,0.470301433685371,0.45114430862444,0.8664839700169635,0.870249177962987,0.9035421582851361,0.8264628697093153,0.8651694658244339,0.872765500528325,0.7444986638991878,0.46318489652511596,0.9193034542208626,0.9111396537934687,0.8418800118473477,0.7478878584191865,0.9035792375079735,0.8926559057415899,0.7124513642943145,0.27538321887469674,0.7958589977137793,0.8324823823366336,0.7814849617371025,0.7056088669967909,0.6860809118935464,0.6023134059211688,0.7470126236711336,0.26395086989114763,0.5301964039738344,-0.8970313207785967,0.2118042335489313,-0.31334816720323744,-0.4567521201066153,-0.3448354400449426,-0.0024930764651784304,-0.0985311751645765,-0.09992849867775758,0.33454248688788985,0.35481610523665774,0.6706289712316265,-0.8885022537329408,0.33590466993111884,-0.3789226464317739,-0.4736288862129091,-0.2795247222401854,-0.16790051967190694,-0.04316722609767851,-0.1585067726442089,0.3266674620252363
0.9372430771006215,0.9323299723898328,0.9436074744218518,0.9406334992210745,0.8480962364380141,0.8517329029363703,0.9366412262705952,0.9140847439270509,0.8197834771679269,0.6862617815137668,0.8752739303423896,0.858327501366368,0.7322293266460638,0.8661806094542471,1.0,0.7120312775550546,0.873158937816285,0.8566462851913242,0.8022654377024122,0.7018235334034048,0.7271456467604577,0.7469833225583891,0.5091988633589546,0.4995565076748653,0.9021324838695554,0.8897344993740174,0.9047411192666378,0.8786413326869766,0.914561875062636,0.9335644714609029,0.8573083355923918,0.45648166055849715,0.9295310912940781,0.9585348175191841,0.8772186096909594,0.8088523024050729,0.8957449455145372,0.93356802934088,0.7296913718629032,0.37012762117365183,0.76811544675787,0.8345858063234758,0.7922849929675752,0.7648164612609358,0.7639427135324399,0.7030181590806099,0.7346922958223896,0.331580751072114,0.5865016569131993,-0.9435410632898971,0.19525415251847486,-0.3023015538937801,-0.3808657026035641,-0.3565223345419783,-0.07325390287339234,-0.2736017812956434,-0.2146330111826495,0.21511511128306898,0.25481691159363906,0.6428544401687951,-0.9502730533729138,0.3384926067114916,-0.35768126425221897,-0.413370015939075,-0.2581841673652347,-0.11771744216458042,-0.11729273634693735,-0.11637811319260014,0.43974933245065667
0.6713141205981771,0.7129393675090638,0.7104329144229128,0.7469258507378246,0.6886759029477847,0.6841388736085025,0.7503239143145503,0.7284804394589933,0.6775451961979446,0.6324821407687864,0.71837212458781,0.6819505800184283,0.7446191849598424,0.6549560298551104,0.7120312775550546,1.0,0.737845880596856,0.7079794659315012,0.7349328250187563,0.5352831417530475,0.5723947618005628,0.7588296135194948,0.34792830330440516,0.1687731771178419,0.6267157458095446,0.6944391438712163,0.6390798010652988,0.5806744882361352,0.6881737376769882,0.6651405712527227,0.6406371590901886,0.168048224157155,0.6760452039691943,0.7205140843190778,0.7283083198116155,0.5382881203972186,0.6696057981269669,0.764879383401635,0.604450473801381,0.10439345072849554,0.5716762679228305,0.7255414302795778,0.6081701938996755,0.6256122923465687,0.4895353897390255,0.46107052084110517,0.5407190492029994,-0.04658065578620417,0.42394224817980547,-0.6904745158876778,0.1335988721695864,-0.4171709426385064,-0.4603205911621858,-0.31656904856429335,-0.13748877956818448,-0.1432923222696415,-0.001289010364457517,0.33451392501574106,0.13161463976500318,0.4459036082595306,-0.7242592392648279,0.20165832651696616,-0.478440122736508,-0.5277672289982654,-0.32693467599138376,-0.21804273795780518,0.04084042133621604,-0.035297304927465585,0.37519336559175687
0.8810492420455508,0.8986525699066445,0.8876930540987183,0.8873056319158933,0.820467239268443,0.7987356623987057,0.9254552846655785,0.915605997414003,0.8461949352352947,0.8190592931393227,0.8806527849447122,0.8456576825806555,0.7571283433643259,0.8727824828570081,0.873158937816285,0.737845880596856,1.0,0.8342840263334552,0.7948561505192737,0.5872676336818745,0.732174295741277,0.7283341453091615,0.4678201053709322,0.3923809539664777,0.8649156721932233,0.8991560922664553,0.850550292122936,0.8268526188432331,0.8665452085549871,0.8713149422487378,0.7739032000313026,0.41160214840603265,0.8892520952173597,0.8991713111394863,0.8846507459625571,0.7653702978384307,0.8453587383499347,0.9000009843893917,0.7583366342884919,0.2701828467666341,0.7625328054169885,0.8690186921226521,0.8304049894152065,0.7323453982678382,0.6954882305019833,0.6424748085003785,0.7205561755118299,0.14939175712893202,0.5180326176898061,-0.8761849859918348,0.20802428419723157,-0.39309730060687503,-0.47527430685826166,-0.3834891110533021,-0.11751740210978166,-0.23762723438111916,-0.00024397747783158564,0.31196011020091313,0.24593514544019102,0.6163818066134535,-0.90623368819225,0.32908820938359906,-0.4562664162188965,-0.5201413409357005,-0.3560743882084417,-0.20847681052787786,0.06890661818210601,-0.08679877036627576,0.4512601298992844
0.8397558991155896,0.8364426177875195,0.844576734005353,0.86142259620948,0.7696096032169361,0.7795183901123076,0.8709111645002273,0.8277458238395383,0.8134649005988336,0.6685497811903452,0.786345262783988,0.751842506694505,0.7133936383401858,0.7884409287973747,0.8566462851913242,0.7079794659315012,0.8342840263334552,1.0,0.8096264582456403,0.6725130178123909,0.6011475737522233,0.7502691584814944,0.49601959266026535,0.32349275378115033,0.8108428815574787,0.8163235554750681,0.8118474005789207,0.7295131427235023,0.8057427910472438,0.8349992779785557,0.7706718067798877,0.30626008704913416,0.823242970285548,0.8703854353464735,0.815825048168315,0.6792373559830485,0.8200977449690315,0.8406043494037382,0.6607220251609445,0.2241241138835503,0.6455556138482593,0.7758095502340474,0.7016168146720927,0.6584600852385271,0.6488837464443091,0.5949378506046329,0.6644005971206308,0.20168640245470437,0.5385925422620117,-0.8466578532307052,0.1831712876882751,-0.33675331553316995,-0.40426233250605353,-0.37374916941359065,-0.08414212085675896,-0.33917539942669506,-0.17130188704737764,0.24212115195212686,0.1883494454369655,0.5460355375118798,-0.8656377576779718,0.278155002322991,-0.41625936540540015,-0.4568119610233874,-0.30364063033433486,-0.12406990368070006,-0.011384293975673147,-0.0009411907868484956,0.4153361536933656
0.7944619369436284,0.86946504831542,0.8454390311093822,0.8281167972737704,0.8238059942606486,0.84980695747136,0.8726274073819261,0.8471576073116868,0.8181240944945348,0.7297165919497757,0.7728760133859401,0.7202922097781225,0.8413383985038142,0.8044517450868515,0.8022654377024122,0.7349328250187563,0.7948561505192737,0.8096264582456403,1.0,0.6769717832831654,0.6283057114250689,0.7497938325101531,0.5756803825560709,0.3153300970762289,0.7831220551562089,0.8376314590786916,0.7703108021499123,0.7115288159397959,0.8340246013905553,0.7878156437877066,0.7090512778531717,0.30886258073892403,0.839573614303065,0.8180239600958037,0.8130262583642173,0.688819665871396,0.7956508760865298,0.8489944567287417,0.7541709662917172,0.22824950800890653,0.7681343185276732,0.880617271444272,0.7727043462071491,0.7585589505291827,0.6221715370227303,0.566426400877997,0.6972931522153111,0.0847468541895032,0.5340635840914064,-0.8175208683878484,0.12942450677392994,-0.34658997085256493,-0.3784353493883262,-0.22596389296015967,-0.11510918373952937,-0.18347059863630694,-0.07482141595314666,0.30296986995095726,0.13537951063443326,0.5278740346650465,-0.837575269175298,0.2782568735880642,-0.4284476281937903,-0.486871922598347,-0.24532871915561888,-0.22039385725104724,-0.013655877724492798,-0.04873134522369507,0.32975692805354545
0.6731270466821305,0.7182936805450755,0.7414433335510493,0.7525891384778726,0.6045785069375302,0.7754536646896576,0.7300639385730598,0.6741236599623103,0.6501928510815459,0.5671912595217764,0.5547477635581712,0.5868434132288115,0.5976981946797465,0.6432270044724541,0.7018235334034048,0.5352831417530475,0.5872676336818745,0.6725130178123909,0.6769717832831654,1.0,0.5707331915901381,0.5711077819451444,0.4101317228518811,0.41699788536148774,0.5642872218278692,0.7280602450854161,0.6614457244935539,0.6460282730774953,0.6870141332045152,0.6643945965405199,0.59412171833258,0.3470417058186828,0.6799324135297005,0.6951659642845488,0.6193157226835057,0.6017845739230973,0.663948921752627,0.6933455272592935,0.5110448541520471,0.2661405784266897,0.7159742957043937,0.6742532592186812,0.6747890215244385,0.6485568874922086,0.6597251947629603,0.6118935056785928,0.5269138011558085,0.2540750106218241,0.5392932092970109,-0.7168220344742919,0.031376101242435075,-0.16851430547875504,-0.20999971333871795,-0.2321179541278565,0.017848768358275337,-0.15733286193241566,-0.30144859124189854,0.08454457812102556,0.16400023682043988,0.42206062097397856,-0.7098604856781077,0.22696916857859817,-0.24867442540220785,-0.34434415151871345,-0.15498821258580603,-0.0888882734813921,-0.2609070618674657,-0.11836093094724469,0.302805503615505
0.755328922776413,0.7306676001234519,0.7715080826188241,0.7869995995818841,0.6996636574525132,0.7762015277819573,0.7330151033659663,0.7541857333382836,0.6404451989777634,0.6192857038740399,0.7682055309568643,0.8543981702358656,0.6428506314417392,0.7405134889476133,0.7271456467604577,0.5723947618005628,0.732174295741277,0.6011475737522233,0.6283057114250689,0.5707331915901381,1.0,0.5626336100103967,0.24916806966093205,0.26111250691224497,0.7094479332062091,0.7138366593175564,0.7133864315857112,0.7171891519629222,0.7034054788905678,0.7452761671290427,0.6772235874107566,0.26291634819816356,0.7556217759907523,0.7411971950405557,0.6822341166946266,0.5285659116223348,0.6882411795025671,0.7381074553256184,0.5103547286378673,0.09666590619021455,0.6657297751140935,0.6729281957582514,0.6766883535536783,0.6022420901396077,0.5813805152594258,0.5218136376488175,0.5684781816504095,0.03601528370433317,0.30861697669249544,-0.7475902701438062,0.21172333847490316,-0.2778765368033623,-0.3546260730085263,-0.3391246070264426,-0.060425420592062025,-0.17781658813986173,-0.18219569668155472,0.1882834937530694,0.2081553256731296,0.46561646932316825,-0.7425138247348954,0.3056079330503788,-0.30127226249024514,-0.36631664199895064,-0.22966522424622204,-0.1747557302224398,-0.10960412267025148,-0.12992153038100737,0.31299392034149
0.7113482534434863,0.7651565400142394,0.7516618190427902,0.7799568978434497,0.7768337212814787,0.7079547979527839,0.7884645786031522,0.7724294378673028,0.6920934394089681,0.6098138607545545,0.7601455340197354,0.6961380396022021,0.7065520194314147,0.7199132737206685,0.7469833225583891,0.7588296135194948,0.7283341453091615,0.7502691584814944,0.7497938325101531,0.5711077819451444,0.5626336100103967,1.0,0.6170039050309458,0.3191306560813177,0.7216283135819879,0.720588127345604,0.7153083748058923,0.626279841688978,0.7337830606786147,0.7396844331742413,0.7379332152870858,0.30202171563816904,0.7638156228904103,0.7714549136538362,0.7688263409369043,0.6576124100803664,0.754108908251899,0.7829323159495352,0.7568800435610509,0.4124013943748476,0.5781619295446472,0.7180772916074557,0.633605315498114,0.6083733180147428,0.5674432822407383,0.4606733389487419,0.6534529832773234,0.23511937653550938,0.48225049461274655,-0.7419828240346903,0.025223269266426818,-0.329113736906831,-0.37577653019894586,-0.2240829278500164,-0.02521248930282129,-0.14146372336058677,-0.011046901045167501,0.3009623256549622,0.1453375662836129,0.4743250834922918,-0.7743372550465184,0.17419539413281615,-0.42526008499276496,-0.45255645126951916,-0.26061818094103223,-0.21147395039713252,0.012556038793064389,-0.05883408197163684,0.3192821966498812
0.4763479061241824,0.5466046484329138,0.5254179984698277,0.4772793447399995,0.5808886435575955,0.5044602813238066,0.5404953207912588,0.5202678993733534,0.5143706774980846,0.4540393689743392,0.4807669086934553,0.43950504011155417,0.4856463536483538,0.470301433685371,0.5091988633589546,0.34792830330440516,0.4678201053709322,0.49601959266026535,0.5756803825560709,0.4101317228518811,0.24916806966093205,0.6170039050309458,1.0,0.27500076577569804,0.5629885007315868,0.49286625512478527,0.45386786208046936,0.4172360442972718,0.5218887067312558,0.49988803390378067,0.4268216545282215,0.18198466690522888,0.5492174662862063,0.5088571039600063,0.511863936711832,0.5268176732680014,0.4817831642385067,0.5288701775050992,0.7176542514900738,0.6308593972431116,0.4020237958823291,0.5031392827395514,0.49082577542878886,0.45403305415672573,0.43932490789127004,0.3128308484430309,0.5155311257556698,0.43233478653441154,0.4557199612436453,-0.5044391218414167,-0.1490210172092992,-0.21996154558637815,-0.16225893394219695,-0.029479635527933746,-0.08029635523500314,-0.05844842787951681,0.049917889788371264,0.246196533184824,-0.03393632199036589,0.2936799947114209,-0.5323491858321353,0.08583654687720223,-0.23478558685698955,-0.267559927153359,-0.1283889130531801,-0.1359086375242449,0.009138142369629816,-0.033001664737521794,0.21020771245701075
0.5178000082286399,0.5219049500418064,0.5030040135631045,0.47159039264721164,0.37279174296971457,0.3561562565493424,0.471623120421762,0.46514782118826553,0.3837409541795375,0.32825330972686323,0.3750650602539382,0.31452208745551197,0.20420476310160054,0.45114430862444,0.4995565076748653,0.1687731771178419,0.3923809539664777,0.32349275378115033,0.3153300970762289,0.41699788536148774,0.26111250691224497,0.3191306560813177,0.27500076577569804,1.0,0.39403572960870265,0.49708545497363665,0.5168973433829073,0.6180194705751592,0.5688120961252254,0.5154862171585931,0.49341173101103103,0.8838181273964141,0.49088150477826875,0.479444051974591,0.453276455885011,0.773015629887468,0.49402967426029165,0.4681590999252693,0.42267367918523996,0.5455020993585629,0.560719449251003,0.45951567567929913,0.4886235239137604,0.4495051091111392,0.6125515524354004,0.5599726957506985,0.46463221670828236,0.5809473109966082,0.34751989838206376,-0.5278878905461675,0.02809217574768696,0.19062311793919717,-0.008829826734490724,0.014778299267774091,0.1323365075018644,0.01778631272919165,-0.2028423794193602,-0.09309682010499265,0.18171368556005432,0.3873281114733834,-0.5061864724205651,0.19470043949070961,0.12496823066264186,-0.03765752810034582,0.18002721551652348,0.06274901164615304,-0.24232207309426756,-0.33613443186982594,0.2542342317464328
0.9030944165934889,0.8951655932420578,0.891581800750514,0.8813220220661745,0.8489771509787581,0.821793914796533,0.8920138178377788,0.8990967528860129,0.8214018226582656,0.6956130344791059,0.8732383011912864,0.8544642195923005,0.7352349543199951,0.8664839700169635,0.9021324838695554,0.6267157458095446,0.8649156721932233,0.8108428815574787,0.7831220551562089,0.5642872218278692,0.7094479332062091,0.7216283135819879,0.5629885007315868,0.39403572960870265,1.0,0.834197696252852,0.8807874281355966,0.8235485143443768,0.8719754911515344,0.9155915065215872,0.8089664848867799,0.35011444577073153,0.9205693142867833,0.9163899221415847,0.8574346970310718,0.742990448774291,0.8694923813296023,0.8886606394671286,0.7400799936715062,0.35555849257774635,0.6981641236560221,0.7981821976302192,0.7472482131708029,0.7073946790558235,0.6929188256451625,0.6120502704429568,0.7648553558908014,0.29906427925275847,0.5271448756302914,-0.8973505941481073,0.16348579127818408,-0.34462681115547017,-0.37211291313137834,-0.35609502388414127,-0.09043114293115895,-0.312874240453706,-0.11060942284627993,0.28680339730400134,0.24215342604984372,0.6469843914673575,-0.9058142103653424,0.29692637829981317,-0.3716115885169617,-0.37880600187254204,-0.2734818936902325,-0.17689292724766023,0.021373652388877735,-0.061489803858784796,0.3543831908881801
0.8917734604656372,0.9329793756303064,0.9296395189329629,0.9095868470259849,0.8182478223492504,0.8605378711309011,0.9476072670938975,0.9176742430032832,0.8605416195206985,0.8159370495049697,0.8494873889852503,0.8053842589928794,0.7640932364862908,0.870249177962987,0.8897344993740174,0.6944391438712163,0.8991560922664553,0.8163235554750681,0.8376314590786916,0.7280602450854161,0.7138366593175564,0.720588127345604,0.49286625512478527,0.49708545497363665,0.834197696252852,1.0,0.86621532390777,0.8716788198883088,0.9032049261910097,0.8812962550449068,0.8070951159188172,0.47680279105017437,0.9039857439894763,0.9029863269679775,0.8866182706012242,0.8257314317218761,0.864678472250666,0.9156560588216713,0.7609735340543333,0.3511679991620244,0.8642046529183717,0.9152405264557525,0.876270301008772,0.7793977624177059,0.7633644936483303,0.6988536739944812,0.7387892288969151,0.2367800731207504,0.553862113707646,-0.9069872543450751,0.17751204495093448,-0.30154401701874095,-0.41527389584635793,-0.31183480755823817,-0.07587871511900662,-0.22436603794222162,-0.13845719227158504,0.24921506350379383,0.24082308997682766,0.6406241731327131,-0.9289710522904712,0.32950640728997616,-0.39120934953415903,-0.4843283809069158,-0.24495216740794068,-0.19975721410843048,-0.07350392784419969,-0.11627872606289551,0.45029122410615163
0.8947768836968061,0.90079882871107,0.9106388241715885,0.9073191220654793,0.8011900839635901,0.8058599691437053,0.9017976218544222,0.9214871125158013,0.8035986793132458,0.6870750663713845,0.8477357391048446,0.7723932936259139,0.6697529161715934,0.9035421582851361,0.9047411192666378,0.6390798010652988,0.850550292122936,0.8118474005789207,0.7703108021499123,0.6614457244935539,0.7133864315857112,0.7153083748058923,0.45386786208046936,0.5168973433829073,0.8807874281355966,0.86621532390777,1.0,0.8578333680255339,0.8717078586577164,0.9072919406867763,0.8129024908777828,0.49372857384658037,0.9296328894330682,0.9372566942948831,0.8788093192129361,0.788419279231205,0.933795142120667,0.895083448543344,0.683967698498161,0.30854632710007285,0.7750454105758598,0.8134379899268289,0.7483638920304723,0.6807244466967161,0.7171419091999143,0.6563730341981534,0.7750893425818227,0.3470187095866494,0.5406728171812886,-0.9506034559141969,0.25138791019226203,-0.28819806187784547,-0.43674947906661477,-0.4121001495806794,-0.003961150340856761,-0.17071719803867288,-0.21329227197597694,0.24872111465351388,0.420748525793988,0.7181003926357084,-0.910326734502389,0.3619333689220689,-0.35593160657347805,-0.44323991608226015,-0.2515759537109146,-0.12070633205733827,-0.08161471840311242,-0.13223674360363408,0.3561403362965461
0.9244405671018965,0.906602677674867,0.911815766569262,0.887958033298076,0.7694619415215328,0.7870759962167637,0.8813048297419033,0.8622824395813093,0.783533397585474,0.6845609558660667,0.8112554346043371,0.7994769156107338,0.6265832357486706,0.8264628697093153,0.8786413326869766,0.5806744882361352,0.8268526188432331,0.7295131427235023,0.7115288159397959,0.6460282730774953,0.7171891519629222,0.626279841688978,0.4172360442972718,0.6180194705751592,0.8235485143443768,0.8716788198883088,0.8578333680255339,1.0,0.9236071915312396,0.9098764889112542,0.8511746779621964,0.5507134621940915,0.8853636562837869,0.8821084570717552,0.8454228543428289,0.8364355150603447,0.8356687913775643,0.8789547438275217,0.7007689868061991,0.402808365347595,0.8432796056056258,0.8193969341799782,0.7952201546202888,0.7284680574033772,0.7788776818255219,0.7225454228039431,0.702436974679988,0.32036543742001267,0.5252733989177928,-0.8956789853090364,0.2005306215893849,-0.16313570238919484,-0.29058015371892115,-0.24289611114915374,-0.02389581208017645,-0.22619638483763632,-0.21690308397807614,0.14498920370617452,0.2443837449048102,0.6228632923562467,-0.9082067041538354,0.3333179663966747,-0.2053241418195882,-0.3109463680230507,-0.13800905753182285,-0.09891053842048503,-0.14363744966524067,-0.18606344418274337,0.4438387592055914
0.9303109687713135,0.9500934061831432,0.941771302556436,0.9183438270522761,0.840071158512671,0.8527818301621509,0.9312225395394014,0.9132606699101838,0.8398669967883176,0.7459440010055679,0.8475009923904416,0.8149627366979363,0.7526712910749458,0.8651694658244339,0.914561875062636,0.6881737376769882,0.8665452085549871,0.8057427910472438,0.8340246013905553,0.6870141332045152,0.7034054788905678,0.7337830606786147,0.5218887067312558,0.5688120961252254,0.8719754911515344,0.9032049261910097,0.8717078586577164,0.9236071915312396,1.0,0.9262628137780158,0.8643867202133032,0.5184539776288067,0.9256580755039105,0.9197524470518064,0.8876942359305595,0.8583243266118095,0.8693250150106278,0.9316798511742651,0.7891659102667986,0.39224684148783145,0.840688494373784,0.8931976009542494,0.8359287474617448,0.8115898193690836,0.7879019511236688,0.7340883040907343,0.7589528159124408,0.26702159156103256,0.5829182866188777,-0.9196104593197104,0.1590527880841096,-0.2227205645647189,-0.29345895096849467,-0.2277862539203437,-0.048964423708281545,-0.240428422071905,-0.14125293142668038,0.21261746262426096,0.17672936517379942,0.60923818738442,-0.9424654820237229,0.3093549281033639,-0.2814297355199973,-0.34216696136520297,-0.17335242482762783,-0.13631278919512813,-0.07837213746229875,-0.17179667401796447,0.42104824915412975
0.9505234277801842,0.9378316873486225,0.9412681910559596,0.9386884728368122,0.8598319757650399,0.8441070988967518,0.9303175959750183,0.9204936676489966,0.8421517195464145,0.7068389522755993,0.8744172793878743,0.8613366214180668,0.7069698091889399,0.872765500528325,0.9335644714609029,0.6651405712527227,0.8713149422487378,0.8349992779785557,0.7878156437877066,0.6643945965405199,0.7452761671290427,0.7396844331742413,0.49988803390378067,0.5154862171585931,0.9155915065215872,0.8812962550449068,0.9072919406867763,0.9098764889112542,0.9262628137780158,1.0,0.8933720054457589,0.45862876364844096,0.9363759817904096,0.9448700108570988,0.8903070644628144,0.8139678429363794,0.9080754060185675,0.9295863595596098,0.7206626190519579,0.3943272639311036,0.768601665174713,0.8408883191906067,0.799731535475808,0.740383563119715,0.7737827304817986,0.6972366676472628,0.7616804953636004,0.3507804977918326,0.5731111164904256,-0.9426806725472949,0.1928695637432945,-0.24031396088835175,-0.3441205611032706,-0.30517194999913033,-0.03129079342060667,-0.2744618913887374,-0.17813063959679704,0.2434715668231966,0.2600401881048161,0.6449812178175669,-0.9533162088525147,0.31312529679390005,-0.2818361519982768,-0.35722900132696206,-0.21424363390955345,-0.1283837154721073,-0.0834289238109232,-0.12453180543107654,0.422037091462791
