0,1,2,3,4,5,6,7,8,9,10,11,12,13,14,15,16,17,18,19,20,21,22,23,24,25,26,27,28,29,30,31,32,33,34,35,36,37,38,39,40,41,42,43,44,45,46,47,48,49,50,51,52,53,54,55,56,57,58,59,60,61,62,63,64,65,66,67,68
1.0,0.7545490039631454,0.8610948952047547,0.8183571694699486,0.810594601094535,0.7463664565566426,0.5606285973314431,0.732907898203349,0.6496634962921202,0.4240495209653873,0.6748526557963344,0.472986312946121,0.1250555281419293,0.5464213037567868,0.6595124167356239,0.3421309667915904,0.34719986610463877,0.27003944816697245,0.43286420256791663,0.5044818660655479,0.40622998568700674,0.04049433821575038,0.04397149811261993,0.25753092847153913,0.5636205152643419,0.5144812783758747,0.5670724272046176,0.888957900034913,0.8560196643062724,0.6595687318411269,0.5813953721257722,-0.03312645529023864,0.7778738934300891,0.7241738803638296,0.6700211098058457,0.47460148165658245,0.6155948469476129,0.714358608266223,0.48417650467417483,0.16109619277033121,0.7522284575683064,0.5846038728855544,0.22413779933572286,0.4791671520978545,0.5908515603089934,0.3499879953984509,0.5498308114384595,-0.19680181834942292,0.6213198553196343,-0.7490599074416768,0.269535378058364,-0.3734777104366965,0.03463813332690962,-0.018074275536237708,-0.10702454573255643,-0.5311477025795605,-0.5712029485131744,0.050716087102553625,0.5138974415387604,0.6266178319886704,-0.7292427170650795,0.19962516193707164,-0.4175807165692807,-0.1313212181755165,-0.19069380158223526,-0.3426494192851695,-0.6151390873841721,-0.04543485965101963,0.45231773545100296
0.7545490039631454,1.0,0.8809235407743277,0.872997615717332,0.8653216401462596,0.8382899050194302,0.8844319848545766,0.8948344713993875,0.8372097754633536,0.7757595870411718,0.8172468333443553,0.7032809294819613,0.6049708578469983,0.6438852948270924,0.9055780304764982,0.7497308311208124,0.7216715693804961,0.710471356289672,0.6897587776163407,0.825374110213554,0.7513742728659435,0.4907344100607456,0.5153993488672222,0.6159633503646506,0.7807132747617772,0.8467249064262636,0.8309102803258775,0.788441788467963,0.9270081338501727,0.8945112070558807,0.8720432381583316,0.32016405145713406,0.9460794581649572,0.9077241405495226,0.9241131353047987,0.8410062904787109,0.7331860418111037,0.9440623414348203,0.8436804183692429,0.4502985669255288,0.8513954412747821,0.9030970382556942,0.6829671672328981,0.6429432435245477,0.808305452183453,0.6758539728743975,0.8070222177427175,0.14756615152178,0.6145702440835823,-0.9617669839270576,0.23768269955015967,-0.48007876315781606,-0.34793369485688325,-0.18374122081363484,-0.05924278934567942,-0.3565278595839115,-0.43386894148720234,-0.031463794629682386,0.3126801986379607,0.6250709295480961,-0.9542943222148492,0.20185767108680008,-0.4955374304918533,-0.47102074777525316,-0.3536403290104277,-0.27102496239145213,-0.48226544058265863,-0.13094328286464663,0.22412486883514673
0.8610948952047547,0.8809235407743277,1.0,0.9361125467541305,0.8622937019463625,0.8206632465044637,0.7968071885573013,0.8090082456216365,0.7670072388456972,0.5941318314316969,0.7134384024921278,0.5841454243604759,0.3304463286155075,0.5793213421289157,0.8039363985477724,0.5741242097584016,0.5921147050676686,0.5339975501282953,0.6303999547941831,0.6934374381174926,0.589963455677658,0.21385571512409482,0.2190051055030898,0.4180522477676574,0.6995517396307803,0.7809259006105791,0.7103449827045866,0.8379133078796679,0.937703354611961,0.805610930920055,0.7518908875403911,0.0898168747998527,0.8545435988181395,0.8466158654410721,0.8134106205004704,0.6662939097853434,0.6885062496859158,0.8530137493636315,0.6574560781728774,0.26511596063801784,0.7920655841119522,0.7602691237124236,0.4732079612232951,0.4880167214393133,0.7145259854640825,0.4904818060733797,0.6772553869170932,-0.15064928084951218,0.6340242017121012,-0.8885054208772677,0.18645734107661494,-0.43684222309895526,-0.17143233046051226,-0.10886280840924463,-0.06572592873788353,-0.45976255864302906,-0.5332136455230541,-0.010754438992848205,0.40920601402560364,0.6940094967446832,-0.8571045314616415,0.14013027353812518,-0.4677037186404085,-0.31391847816940194,-0.29857242161440267,-0.3437962134772155,-0.5804772228243913,-0.10765414058421455,0.3007754467131668
0.8183571694699486,0.872997615717332,0.9361125467541305,1.0,0.8748534951093127,0.8291925290437057,0.7734474384431052,0.8107597489104885,0.776824902164382,0.6322640619706897,0.711173057675434,0.6471970166382873,0.3886455179581414,0.5528079591160374,0.7945525547850949,0.5841333313078845,0.5766131552178484,0.5341661259294048,0.595570080559327,0.7186642920133103,0.6855191155017696,0.256997823062424,0.25977722617489873,0.4586932551422087,0.7082397403105545,0.7535556790059739,0.7068663939172624,0.8156364587692719,0.9165788754884295,0.8204941212227931,0.779777292957247,0.09380637837858122,0.8482690912683936,0.8472457101921901,0.8263409072907036,0.6909664569290377,0.6866524896289682,0.8546633327955636,0.6786225881117172,0.3342490365042466,0.7857453194454131,0.7502946012547999,0.4705301514574445,0.47158477315603553,0.7079024806326194,0.48271364690086555,0.7029654111217403,-0.10089310631540836,0.615354471467366,-0.896578097764198,0.17399482504617,-0.45894913050032815,-0.1885924048826886,-0.12015830867198198,-0.10236195227810838,-0.40354776713441665,-0.5170120759795563,0.004537712913974363,0.4051138844233849,0.6887485621425695,-0.8593734617784595,0.13590649414244144,-0.47272721943031415,-0.3123393020035691,-0.32930403455784807,-0.3589512480313174,-0.5679084380590325,-0.11621252795008423,0.2979244297271937
0.810594601094535,0.8653216401462596,0.8622937019463625,0.8748534951093127,1.0,0.8584455776175899,0.7582496329192154,0.7899447967137128,0.7331001337500939,0.6551468490513006,0.6973793414324938,0.5753999283918777,0.39659452449377797,0.5045279918591495,0.7603296824978318,0.5511096007464311,0.553848896310022,0.5126090224418147,0.6198346460316417,0.718708800637237,0.6279493490763532,0.2568932125660647,0.3066729425630323,0.46174826364316784,0.6717924246420514,0.7254718680900396,0.6614290198623033,0.8255444062015374,0.8975473391818973,0.7767235460835081,0.7345744170731351,0.10694305885441643,0.8470096065622057,0.7961403701282008,0.7973211658655903,0.6796659792753497,0.6306427086366004,0.8088898116404986,0.680116088860119,0.3554806530698972,0.8486601572238682,0.7775450764753592,0.5148327048128674,0.5661691434636074,0.7397994563509214,0.537263611844698,0.6743957716342823,-0.05405180483555384,0.5954443334752629,-0.8534437673806173,0.27972441752638527,-0.3745203708924742,-0.10137085494737853,-0.02789734135544137,-0.07613650604096313,-0.3927876111698335,-0.46242708817282047,-0.028618511982808924,0.48296616384170854,0.6293808990231033,-0.8265919926584818,0.22724348856990606,-0.38351189423297427,-0.29059462368021455,-0.21303977709771407,-0.3101258383894875,-0.5559755310118126,-0.0707165381400702,0.38039636726251985
0.7463664565566426,0.8382899050194302,0.8206632465044637,0.8291925290437057,0.8584455776175899,1.0,0.707501702944564,0.7298135150724968,0.6838937183819057,0.6040761903668358,0.5870019671151557,0.5854639609218445,0.45181917373060304,0.47824866192284937,0.7461003507023508,0.5503030359721158,0.46390227259753014,0.49865133656847804,0.7018921805031754,0.7775312689788306,0.6319124250598273,0.2608474338279877,0.34550076855219436,0.3828827458349064,0.5913833634966826,0.6633518498539132,0.6674001612349831,0.749321958227188,0.8347397679693349,0.7589720772447925,0.6553520488375588,0.01589093658603003,0.8157740026953505,0.777532470021014,0.7626222991927893,0.6187120231310548,0.6215048200054786,0.7703950560741152,0.653979824832418,0.35734000739998867,0.8384561244599819,0.775815762189056,0.4458083597368633,0.5421241099414469,0.6761976576974066,0.555288385496314,0.5881302344303837,-0.042149598547014666,0.4912465247521047,-0.8225924461959331,0.2036561898200269,-0.360497868587129,-0.1185009019379309,-0.0391457016021489,0.009447834151585678,-0.3213410280804779,-0.4833046859177395,-0.053515283358371066,0.4241060937203214,0.572887147805524,-0.7829122964472808,0.1622169882186415,-0.40545861285903473,-0.2545746978742991,-0.1842948132794988,-0.21688672859891575,-0.5465001184770116,-0.11807908191598473,0.308938150606937
0.5606285973314431,0.8844319848545766,0.7968071885573013,0.7734474384431052,0.7582496329192154,0.707501702944564,1.0,0.7776920577062575,0.8174814700269972,0.811448189916949,0.7090965288591482,0.6537709068381857,0.6521732633764312,0.5327873548304859,0.8590468492016983,0.7835005940583866,0.8899121033144294,0.7967520338577135,0.6936992512795531,0.7738597590421568,0.7165998322136425,0.541528934383496,0.5422698315952265,0.6218400789823133,0.7544171525586693,0.9364499647866565,0.7939850427540235,0.6101461902280229,0.8191292281403049,0.8190616203053279,0.8278814572163564,0.43202359692669934,0.8183931278639459,0.802356217069105,0.8527839447431143,0.8257756637156645,0.6174863846330866,0.8718672869796554,0.8264865983031564,0.3777966542227973,0.7160389779929474,0.886011321573583,0.7986387764215797,0.5270714833581033,0.7522050188709191,0.6920315227619926,0.7584363708163555,0.13648395585555143,0.533146656442204,-0.8889201985204095,0.15727923159608068,-0.4736088590003114,-0.4288857716257953,-0.24174738919062924,-0.06796796098005568,-0.274882351686569,-0.317109284512392,-0.08806551676715531,0.15046507802811762,0.5497448004901787,-0.8700033808658576,0.14418149692425758,-0.47732948761194105,-0.5323721756167866,-0.38190272840945777,-0.24801952764532803,-0.34908725623060943,-0.17772055997488007,0.053419673103079296
0.732907898203349,0.8948344713993875,0.8090082456216365,0.8107597489104885,0.7899447967137128,0.7298135150724968,0.7776920577062575,1.0,0.7569147310555184,0.7066416272782391,0.822877961072662,0.6728603827050443,0.5134085267724955,0.7493737670929042,0.816219187393876,0.6634027192568487,0.6244646386513151,0.5833908843242096,0.5211690879684436,0.7211055609978219,0.6881886065840832,0.41329354356986575,0.40899121421677403,0.5476914943472255,0.7091122659623103,0.7248871517996136,0.806004947261421,0.753627792835925,0.8398587424191035,0.8243260879936065,0.7933883829187245,0.2874762965362056,0.9218482657450047,0.936924025131229,0.8845915264349408,0.736960478930047,0.8283409239824742,0.8933239831541966,0.7454567467006028,0.35882643165843475,0.7748150347275764,0.7900644631769052,0.5601314988639118,0.6743843583334579,0.7822296997077941,0.6058588514802109,0.7655847846861261,0.132099856742572,0.5821987683373021,-0.8890163339918301,0.26151546813488563,-0.42436724463703773,-0.3243373572050194,-0.16582152499862157,-0.0517362885559756,-0.30717276132453253,-0.32158746319937587,0.1742749387255504,0.30705782162745204,0.5620274438671125,-0.8934105740760343,0.205711816130423,-0.44307476800837403,-0.44224369225923577,-0.31351262357929144,-0.22567958534320542,-0.3862458158193801,0.032144485153659294,0.20400903806380327
0.6496634962921202,0.8372097754633536,0.7670072388456972,0.776824902164382,0.7331001337500939,0.6838937183819057,0.8174814700269972,0.7569147310555184,1.0,0.8065484185097495,0.7049356951142928,0.6921963596018759,0.5978542597840995,0.5002806901282884,0.8062068103643548,0.7180275280626226,0.7288076459991211,0.6232628065071809,0.557581149657172,0.69176865660808,0.6953384448839114,0.4803301027755004,0.43685150593498373,0.561433082831468,0.7369390469523255,0.7701401250852953,0.7139341581076639,0.6624045307964844,0.7997280428532056,0.8021672396934304,0.782940178630179,0.3868722992258053,0.810214049736661,0.7524532487407665,0.8110925862450747,0.7635593542723438,0.6034339786904656,0.8199903074108562,0.7642441102485285,0.34102059238484045,0.6956803230676889,0.8058103553191335,0.6164692951593762,0.4763549379132374,0.7274272746134679,0.6347188633445425,0.742891309039144,0.10571877046102164,0.5216343053880697,-0.8480678494942477,0.19321866838755725,-0.5127506822657363,-0.3569878273717666,-0.20840998438923136,-0.06991311163204535,-0.3183848854728351,-0.3722003097479589,-0.1009068832536305,0.15510722315071768,0.5521350798452909,-0.8378495789776375,0.13387274698070398,-0.509804186217867,-0.4307324507901211,-0.3726409552920408,-0.34155996454684884,-0.42300288653478774,-0.1634102161640218,0.15231507258358717
0.4240495209653873,0.7757595870411718,0.5941318314316969,0.6322640619706897,0.6551468490513006,0.6040761903668358,0.811448189916949,0.7066416272782391,0.8065484185097495,1.0,0.660486110007361,0.6887645887246857,0.79031668811448,0.47094135613086346,0.7405944490413446,0.7191930566074936,0.7605086132964665,0.6787278819066868,0.5711638784412566,0.7321611236740689,0.7734123422119312,0.6020510203589824,0.6182897978437789,0.6589181749914866,0.7110280654685837,0.7863425161395502,0.7254710572049383,0.5284252969891489,0.670167338045346,0.755557349827177,0.7785914805504532,0.5199479520550921,0.7501036785423371,0.6738299246283634,0.7698424260055209,0.8129561611834095,0.5110405411961636,0.769949235945721,0.8200822264678828,0.4532538599577564,0.6657337099337965,0.8301275106533853,0.7681611772240022,0.6207858258425951,0.7594183790588979,0.7741632995433684,0.6994886220715969,0.2618599544744464,0.42047995709060654,-0.7772887054772749,0.15888881842142022,-0.38099993801300724,-0.4367960727652955,-0.1932281989485008,-0.07174294618826726,-0.15250578554524763,-0.19134928234184082,-0.0737988523094755,0.07873880330384211,0.4094071166250455,-0.7667350391428069,0.08751009322778265,-0.3452744156641682,-0.47323096866962466,-0.33055530958597107,-0.1749925809851777,-0.2441476556540506,-0.127813205154852,0.02916359579940761
0.6748526557963344,0.8172468333443553,0.7134384024921278,0.711173057675434,0.6973793414324938,0.5870019671151557,0.7090965288591482,0.822877961072662,0.7049356951142928,0.660486110007361,1.0,0.643715941175615,0.4866639733241196,0.6747725693365113,0.7809984070643908,0.6780524471990435,0.6382937590126972,0.5602238650772017,0.3873612110045468,0.6074482996779097,0.6734138650120355,0.506772944622353,0.47317469255823547,0.5894036039530205,0.7286298059980343,0.6440653337303638,0.7757090878476419,0.6715441999133008,0.7657412866109602,0.8076614604340707,0.8243252329728318,0.3861509727843908,0.8496863915258387,0.786636213460889,0.8419537145182338,0.7655710574469616,0.6564874040810295,0.8578466222701882,0.7646281551137624,0.4353951604506269,0.6409025550533479,0.6989007240207148,0.5563525707239586,0.5625256173924451,0.6753436819569791,0.537713063365352,0.7649440441770161,0.24289240265744336,0.5675852222756119,-0.80975463986901,0.1096041597225461,-0.4319404000725746,-0.29539972924924995,-0.18227728816970562,-0.07704137265414092,-0.32490108260383743,-0.2617119077938651,0.03947826075763889,0.19496915529153586,0.4333439344717371,-0.8558220458139979,0.11342892190439141,-0.43148068017753005,-0.393283186211986,-0.3480498366444967,-0.2347849890146023,-0.33775735832366216,-0.08726670014997673,0.201877406910003
0.472986312946121,0.7032809294819613,0.5841454243604759,0.6471970166382873,0.5753999283918777,0.5854639609218445,0.6537709068381857,0.6728603827050443,0.6921963596018759,0.6887645887246857,0.643715941175615,1.0,0.6102452478613716,0.45597178367673424,0.7553027738672369,0.660514791583129,0.6349631221487186,0.5370596350529178,0.37629823621513425,0.6459338674990666,0.8191992005156201,0.5540589411775557,0.5407536924267471,0.5259904011935624,0.6258034464324143,0.5733913400486349,0.7117650198111716,0.4937240497600704,0.6094305805263891,0.7368324720541112,0.7258534297333998,0.37475446214106206,0.7362301080562816,0.6392040124576149,0.7230083493867651,0.6821598885179904,0.4425546654041786,0.7369448561364971,0.6954668058140274,0.42848400629903194,0.5610884706569359,0.6573943464307141,0.5421053343508143,0.4772237430315276,0.6086989287711035,0.6023873703094449,0.6192273805449467,0.3242417581270827,0.3046156898840302,-0.7482047092438414,0.13002997107972755,-0.4186848664342142,-0.3963823572310407,-0.39339311440897967,-0.04315842571862632,-0.31115615301027527,-0.3226912571759882,-0.09454718406123165,-0.009125713910380763,0.4139977728788269,-0.7427216768165975,0.08387889612151216,-0.4592987575772732,-0.42028293637058795,-0.4482616667809623,-0.18395623731202027,-0.29611103128817345,-0.28527930235352716,-0.10472106220014031
0.1250555281419293,0.6049708578469983,0.3304463286155075,0.3886455179581414,0.39659452449377797,0.45181917373060304,0.6521732633764312,0.5134085267724955,0.5978542597840995,0.79031668811448,0.4866639733241196,0.6102452478613716,1.0,0.3968604032171244,0.6278614951569047,0.7240317726713931,0.6223477979989006,0.7174564986725243,0.5762346663846118,0.7065866522776156,0.7187889221455368,0.7395590619427882,0.7946795388028741,0.6383392423882779,0.5077856180912939,0.6270761499507196,0.634479269411477,0.24015553936338352,0.4260874895602101,0.6443942130494589,0.6576526980517865,0.5254227911681415,0.5655501072053206,0.503271575646763,0.6399363328928475,0.732600541388314,0.39468183571815557,0.6194856819254775,0.78393367531463,0.5614688375367621,0.46557088950037073,0.7077666860620685,0.7315707623781404,0.4850829955596841,0.5697458660112876,0.7155370202281668,0.5728014116078781,0.5100891772500996,0.19259263075069055,-0.6095388734634647,0.017561108142701003,-0.303759128058472,-0.5471185024569531,-0.30493103374819935,0.011038385333161314,0.02869275376785509,-0.1043011306762975,-0.12867207361156002,-0.17281690147196827,0.15159004386154215,-0.6225555968532388,-0.03646954281609907,-0.2849112981081736,-0.5011961985715891,-0.36583386971099024,-0.03618852576691692,-0.1317110254549283,-0.19502946892183348,-0.19690775776469258
0.5464213037567868,0.6438852948270924,0.5793213421289157,0.5528079591160374,0.5045279918591495,0.47824866192284937,0.5327873548304859,0.7493737670929042,0.5002806901282884,0.47094135613086346,0.6747725693365113,0.45597178367673424,0.3968604032171244,1.0,0.5253973018085396,0.40383875812918046,0.4118114159604159,0.41767751456583024,0.34428650532843785,0.5307579759245086,0.46593013045273773,0.28195381240484746,0.28289931873902396,0.3618870203302749,0.5571584727258256,0.4759628568815798,0.7131235699145194,0.46703997715755863,0.567956129521385,0.6371476178751503,0.5752151745410184,0.17799932271114663,0.6882817045583731,0.7721989315178163,0.6655344524612246,0.5237241801915653,0.8343944415455664,0.7006865187208587,0.5295880317770879,0.24824527317559728,0.45760002734801936,0.5175598077010691,0.3422258136477226,0.41560369468821695,0.5584815225737629,0.40845575155785097,0.5336393121874169,0.14565289980924293,0.35099479796500155,-0.6397269948322883,0.08409924210129315,-0.28375796256815133,-0.3478019062717256,-0.20857154050958,0.03906676115703452,-0.056907563984449544,-0.21248161873543048,0.1318492843290509,0.09942896058403979,0.2749984769427757,-0.6756407225280717,0.026236940836397552,-0.36627267821194637,-0.386959492836683,-0.24519156320089502,-0.12849147211975862,-0.30882688094859984,0.056419396900815565,0.031160581588647592
0.6595124167356239,0.9055780304764982,0.8039363985477724,0.7945525547850949,0.7603296824978318,0.7461003507023508,0.8590468492016983,0.816219187393876,0.8062068103643548,0.7405944490413446,0.7809984070643908,0.7553027738672369,0.6278614951569047,0.5253973018085396,1.0,0.815556778225552,0.7352137634078048,0.7475370241090565,0.6265846877596593,0.7922826946984555,0.7641785170118188,0.578043172281762,0.5715258405494372,0.6232159667521098,0.7110072033353435,0.8087274114455416,0.7974065048169536,0.6887249680555503,0.8455968566523441,0.8833451111606861,0.8583157133336199,0.3994680039328851,0.8863638396962106,0.8221356476402167,0.8795757620626675,0.8275252701287154,0.5972165140652904,0.9050797641290543,0.8299848859700073,0.49019042120959916,0.7551219480672116,0.8392794679661832,0.6583314753116951,0.5937055914214625,0.7495841133388322,0.6984189169910878,0.7889508477035894,0.2531760865017337,0.5533316793872732,-0.9230222354983921,0.14415784225052136,-0.49900709378519925,-0.40160592854801164,-0.3088609251434721,-0.048580030157645324,-0.41205112727581344,-0.45425358084131395,-0.10340714957597792,0.15840884253620816,0.5454327361907905,-0.9212971541567623,0.13575300748237853,-0.5286503662028649,-0.49687626542503227,-0.44382849622263876,-0.23196071027605691,-0.4444460707842677,-0.2614319799488334,0.10430769830362902
0.3421309667915904,0.7497308311208124,0.5741242097584016,0.5841333313078845,0.5511096007464311,0.5503030359721158,0.7835005940583866,0.6634027192568487,0.7180275280626226,0.7191930566074936,0.6780524471990435,0.660514791583129,0.7240317726713931,0.40383875812918046,0.815556778225552,1.0,0.7354181779150786,0.8001974838086465,0.5700002193262248,0.7666468797500091,0.7394917374693688,0.7685930064928589,0.7280885968786135,0.6975014066592533,0.6181702612455042,0.7479450482081833,0.7047250215687565,0.4142905239296793,0.6213934918479148,0.7995805038321308,0.8089558329560298,0.51227850684101,0.7051326978934617,0.6513414102387449,0.7983856664472353,0.8198376909031756,0.44742107426907163,0.7871598740547484,0.8410069014092091,0.5774777859934795,0.5405537333466631,0.7654122863398262,0.7419136497258746,0.49320917188935604,0.6630836812358957,0.6483471386744509,0.7349367895310402,0.42300542177250966,0.4148234954319715,-0.7588322328527921,0.03182320476531091,-0.3844157656991241,-0.5179383587206022,-0.31854847046884655,-0.009443009713333506,-0.1959472657096486,-0.18155217099588325,-0.09569270023837458,-0.05623496962218367,0.3302020378091799,-0.7905058962435856,0.033425741807388505,-0.3727800452309545,-0.5513804349638651,-0.43285014689253815,-0.12617419189777657,-0.21613635543165788,-0.1682581187848826,-0.07731841794292942
0.34719986610463877,0.7216715693804961,0.5921147050676686,0.5766131552178484,0.553848896310022,0.46390227259753014,0.8899121033144294,0.6244646386513151,0.7288076459991211,0.7605086132964665,0.6382937590126972,0.6349631221487186,0.6223477979989006,0.4118114159604159,0.7352137634078048,0.7354181779150786,1.0,0.739358438829169,0.4894107069261658,0.606271145021141,0.6642332880345186,0.5962471401516274,0.5320324512099173,0.5928757596682843,0.6885632623024076,0.8395778751155603,0.6838339363517535,0.4076858383381522,0.61736997868178,0.6703128959571651,0.7380062415887041,0.5851335945468572,0.6518483143730747,0.6223688915823804,0.7189513317199969,0.7506132086641419,0.4392860407695996,0.731120249415812,0.7401731359470067,0.27654810584582545,0.5051654452337905,0.75857220731558,0.8282938698071195,0.40724792083302364,0.5947850328266161,0.6132871966165026,0.6793523403218082,0.19753442540571872,0.4172428141623299,-0.7300218060023861,0.11652072608673474,-0.4841768236195411,-0.4885668798887073,-0.322834826100823,-0.08660511435966473,-0.19479841450377497,-0.17922807481715008,-0.1519466807198215,-0.03952899130329627,0.40990830922419436,-0.7269745053216005,0.11791435549266115,-0.46778968703416396,-0.5750203096993065,-0.4306754959550885,-0.2037027112010809,-0.170715384535739,-0.21216469281987718,-0.0973068364686864
0.27003944816697245,0.710471356289672,0.5339975501282953,0.5341661259294048,0.5126090224418147,0.49865133656847804,0.7967520338577135,0.5833908843242096,0.6232628065071809,0.6787278819066868,0.5602238650772017,0.5370596350529178,0.7174564986725243,0.41767751456583024,0.7475370241090565,0.8001974838086465,0.739358438829169,1.0,0.6408813268861903,0.762978777545432,0.6713132089518565,0.7389153582295996,0.7204731762324916,0.6486486449840634,0.6233098476979695,0.7879617463398417,0.6772809329736199,0.3645408174312371,0.5797315092539789,0.7113977406145202,0.785621556127723,0.5126968951324555,0.6425835863256337,0.6206683581115789,0.7282984668599919,0.770655265300901,0.4444110880060089,0.7122425860075386,0.7947223447083482,0.4929899401081823,0.5061592292849606,0.7435094268761561,0.7591495397372244,0.41368509183016616,0.5867496655828596,0.5772620217396081,0.6356248607043892,0.40642529051932547,0.4082078996805399,-0.7269600620867873,0.09099024775850247,-0.4144512551825456,-0.5668107883809884,-0.4210331454564352,0.06388986070487843,-0.10367770127412926,-0.2334755510901597,-0.17810278339250615,-0.10759013213300422,0.35600871831742537,-0.7439448797121794,0.1160962477287053,-0.3667345094627385,-0.6264452325782336,-0.47142593489926554,-0.11784662501848381,-0.22656443364822787,-0.2368601075617201,-0.14009582591815956
0.43286420256791663,0.6897587776163407,0.6303999547941831,0.595570080559327,0.6198346460316417,0.7018921805031754,0.6936992512795531,0.5211690879684436,0.557581149657172,0.5711638784412566,0.3873612110045468,0.37629823621513425,0.5762346663846118,0.34428650532843785,0.6265846877596593,0.5700002193262248,0.4894107069261658,0.6408813268861903,1.0,0.6850327457090573,0.4528771291707576,0.27476455445024733,0.4626035524122901,0.339457203600592,0.4884198048136807,0.7293818764540311,0.5262638262237728,0.46814754936685743,0.6552895782344061,0.6161911427763879,0.5578370023074629,0.03375075996671402,0.5834990838402108,0.575778327485325,0.6046997174216925,0.5651930083636995,0.4541037212537984,0.6186476860282407,0.6234531685400685,0.32385018745705235,0.6106559175160463,0.7648978782080549,0.6073914187357203,0.45682426156957934,0.6025492810952643,0.5466968129903366,0.48234985746284836,-0.04984477548738128,0.34414973588982545,-0.6561667982880124,0.0707815323795939,-0.26964306323374426,-0.24176600028193387,-0.039713757687813545,0.041260475658613814,-0.19900427194690493,-0.36105417087078523,-0.09656022592250889,0.2509389068845592,0.4014879902213735,-0.6162301244981313,0.019486162160295806,-0.30864652658072794,-0.3271418896396804,-0.14902971320788777,-0.1739852522600587,-0.40865685512243627,-0.17916853916499498,0.1086306076113828
0.5044818660655479,0.825374110213554,0.6934374381174926,0.7186642920133103,0.718708800637237,0.7775312689788306,0.7738597590421568,0.7211055609978219,0.69176865660808,0.7321611236740689,0.6074482996779097,0.6459338674990666,0.7065866522776156,0.5307579759245086,0.7922826946984555,0.7666468797500091,0.606271145021141,0.762978777545432,0.6850327457090573,1.0,0.7915608661191886,0.6129081569060304,0.6464487840338959,0.6489475663631994,0.6158791169833037,0.7503962053351516,0.7357955359512548,0.5626574256615201,0.719162212457837,0.8280930780893243,0.8113199510879454,0.3357157052832734,0.7930147044665866,0.7506333884752898,0.8211115368304468,0.7973987934916397,0.5590158759593908,0.8160711490968879,0.8071157891380127,0.5705584337483822,0.7120593506741297,0.8111915513396732,0.6378260930864444,0.5807894995473094,0.7527253400763039,0.6545982369990402,0.6778565913633825,0.32365242910911746,0.4457413944453049,-0.8278147013694122,0.1769266532553005,-0.3550505762432072,-0.4417140262989696,-0.2811123156372718,0.05461177662541032,-0.18621341644484699,-0.3319319265214492,-0.11340960152292644,0.09970283051274427,0.4029546973260221,-0.8347128801802326,0.1491482949548373,-0.3655373527142888,-0.4883841993332253,-0.39203416064165153,-0.15063173286841516,-0.38711990175674327,-0.20021615189216205,0.03372799676208788
0.40622998568700674,0.7513742728659435,0.589963455677658,0.6855191155017696,0.6279493490763532,0.6319124250598273,0.7165998322136425,0.6881886065840832,0.6953384448839114,0.7734123422119312,0.6734138650120355,0.8191992005156201,0.7187889221455368,0.46593013045273773,0.7641785170118188,0.7394917374693688,0.6642332880345186,0.6713132089518565,0.4528771291707576,0.7915608661191886,1.0,0.6760704909062971,0.6530828498962924,0.6836976342802661,0.6500624392195553,0.6633134585527701,0.7288844493957711,0.48701763052530667,0.632464987998875,0.7962852701707683,0.8240598604245731,0.46304509484593764,0.7552393598508638,0.678551251178478,0.7918389663624366,0.8004687312775436,0.48511411214294414,0.7752423293981741,0.7785474062233297,0.5540103942321493,0.6091772029392689,0.7348936021728707,0.662480881970859,0.5104530679056044,0.6653236877808972,0.6452955666149695,0.6726621454387645,0.416988598880875,0.4095500662049597,-0.7841203347203077,0.12995900971694183,-0.4212789415856095,-0.46950967691666773,-0.3315382041165403,-0.04264255483394098,-0.17577383724377613,-0.2437471665886174,-0.10035119156847078,0.004585775451046831,0.367047361480545,-0.7986046159969084,0.1071735762682677,-0.3871104607754158,-0.4896265948367961,-0.4470918750602381,-0.1795965178462828,-0.2678988214536492,-0.23565685458432353,-0.05562463889990478
0.04049433821575038,0.4907344100607456,0.21385571512409482,0.256997823062424,0.2568932125660647,0.2608474338279877,0.541528934383496,0.41329354356986575,0.4803301027755004,0.6020510203589824,0.506772944622353,0.5540589411775557,0.7395590619427882,0.28195381240484746,0.578043172281762,0.7685930064928589,0.5962471401516274,0.7389153582295996,0.27476455445024733,0.6129081569060304,0.6760704909062971,1.0,0.8470283260281931,0.7521196236304788,0.4524515183819874,0.4905624844922974,0.569660790360455,0.1525378033614916,0.2898322901186932,0.5782584494177805,0.6782063094632466,0.7630193671312812,0.4782165544854712,0.3869093126011203,0.5654170907975045,0.7265289391048395,0.2322536600296212,0.5474600922965338,0.7345383044516614,0.6579843445931354,0.3004686119761816,0.5391869776908831,0.6520023155624748,0.34381103704673543,0.4244045629764242,0.5421920875767602,0.5704597466369371,0.7341002034415013,0.22649530103551307,-0.5006210499497211,0.03486469613873823,-0.31475221868331205,-0.5790158722910306,-0.4197733232613231,0.023813713321077977,-0.009291921004957366,0.016354896739993022,-0.13832141999481048,-0.31029096354524,0.08152824087860637,-0.5658937761834578,0.09507836095489726,-0.25028418837866306,-0.5195973109476862,-0.418838796415534,0.023872565866338357,0.014423743902693796,-0.23435312118614285,-0.2428888428404161
0.04397149811261993,0.5153993488672222,0.2190051055030898,0.25977722617489873,0.3066729425630323,0.34550076855219436,0.5422698315952265,0.40899121421677403,0.43685150593498373,0.6182897978437789,0.47317469255823547,0.5407536924267471,0.7946795388028741,0.28289931873902396,0.5715258405494372,0.7280885968786135,0.5320324512099173,0.7204731762324916,0.4626035524122901,0.6464487840338959,0.6530828498962924,0.8470283260281931,1.0,0.6767987572902119,0.44966023931594984,0.5084720406203664,0.5505325936269209,0.1557790849130215,0.3210287675193311,0.5627821937842395,0.6217619268475016,0.5434037831384079,0.488183227378036,0.39079244006402863,0.5575206152237305,0.7146025582013832,0.2368531960655712,0.548188060772078,0.7575202410091798,0.7229402890179734,0.3747454217576623,0.5926155593750325,0.6779604588518983,0.42743864911368123,0.4735009972967421,0.5932216186083564,0.5149042027780742,0.7215266966999924,0.18106498647861058,-0.5081505182988114,0.04001430076472,-0.24384412961986118,-0.5144418635906726,-0.31201757152477416,0.021506583816781204,0.004512355140336939,-0.007177126694463728,-0.14038108213900596,-0.18171212691098423,0.07503871390546096,-0.5554584940217586,0.05647379309726651,-0.20418982478910308,-0.4926088335785583,-0.3212038922990653,0.0009436564050338607,-0.03198347725968409,-0.1979452129042056,-0.20387581883257447
0.25753092847153913,0.6159633503646506,0.4180522477676574,0.4586932551422087,0.46174826364316784,0.3828827458349064,0.6218400789823133,0.5476914943472255,0.561433082831468,0.6589181749914866,0.5894036039530205,0.5259904011935624,0.6383392423882779,0.3618870203302749,0.6232159667521098,0.6975014066592533,0.5928757596682843,0.6486486449840634,0.339457203600592,0.6489475663631994,0.6836976342802661,0.7521196236304788,0.6767987572902119,1.0,0.5725887845644428,0.604815979138185,0.6227174533063741,0.4004198518704163,0.5012205715775352,0.6848176777629875,0.7156031707185642,0.7458059863479608,0.6027749512239864,0.5196723143875187,0.6484641096819173,0.8511638879071249,0.3457941577616752,0.6459878856747752,0.7410930413487521,0.738030656128209,0.4998181992748467,0.6312820558239274,0.6553971362535413,0.5260464092881681,0.6096273280693117,0.6166768419913512,0.7107556170627504,0.577238345734978,0.4308292711214359,-0.6175004977518795,0.08744889430253755,-0.23361173767019247,-0.38996084853477014,-0.2311875514074134,-0.01702255764132324,-0.07502360690505129,-0.036225751423368334,-0.07276002369570626,-0.03269642114237745,0.21162933414038002,-0.6607534229995817,0.12547784908142623,-0.21572651445010604,-0.3934603498700922,-0.3313142863373635,-0.043241450559396544,-0.06924287544449152,-0.16456790076513161,-0.016349364986934067
0.5636205152643419,0.7807132747617772,0.6995517396307803,0.7082397403105545,0.6717924246420514,0.5913833634966826,0.7544171525586693,0.7091122659623103,0.7369390469523255,0.7110280654685837,0.7286298059980343,0.6258034464324143,0.5077856180912939,0.5571584727258256,0.7110072033353435,0.6181702612455042,0.6885632623024076,0.6233098476979695,0.4884198048136807,0.6158791169833037,0.6500624392195553,0.4524515183819874,0.44966023931594984,0.5725887845644428,1.0,0.7126688746733517,0.8171219627379546,0.5841252664247796,0.7559851248278865,0.7341420105627227,0.7925238013668777,0.35037353408419103,0.7691879191199423,0.7347768461627158,0.7998323402664819,0.7707866874442622,0.5694515627602077,0.8030418489542593,0.7496655248848992,0.35207902251987894,0.5823359661053893,0.715686832796723,0.5923429669190721,0.5319262051845295,0.6688591863161645,0.5520812260323776,0.7422026050199404,0.12993179265022664,0.5644186979261635,-0.8059500127018364,0.19274630906063525,-0.4928812286812937,-0.41010348270296626,-0.2741126794435284,-0.05400937919735214,-0.2375302259213663,-0.2439143433989052,-0.0495993725023972,0.1585799322539339,0.5726132091990467,-0.7789662791079623,0.13507567579315663,-0.4934274363894553,-0.5024888622059223,-0.42425314062858716,-0.3174900897034823,-0.297084560475961,-0.1290577852577255,0.0342255578510232
0.5144812783758747,0.8467249064262636,0.7809259006105791,0.7535556790059739,0.7254718680900396,0.6633518498539132,0.9364499647866565,0.7248871517996136,0.7701401250852953,0.7863425161395502,0.6440653337303638,0.5733913400486349,0.6270761499507196,0.4759628568815798,0.8087274114455416,0.7479450482081833,0.8395778751155603,0.7879617463398417,0.7293818764540311,0.7503962053351516,0.6633134585527701,0.4905624844922974,0.5084720406203664,0.604815979138185,0.7126688746733517,1.0,0.7227459761283894,0.5994532217765731,0.7898787893671585,0.7942681293507651,0.8036892757967704,0.391591027690456,0.7619304394756612,0.752213177460418,0.8064094129590591,0.7999512483520035,0.5665669620848356,0.8251987380720598,0.7909213437269976,0.3775684555739887,0.6987885027041576,0.8770267749122678,0.8080709082048577,0.4935969261130592,0.7210037938500206,0.6520639584315744,0.7190982210117767,0.09213432575171603,0.510542485191367,-0.844166843544103,0.12453719310073565,-0.3804485716007584,-0.4177850392087392,-0.2058665468096428,-0.03145866708785397,-0.21535808515274596,-0.31401579498699045,-0.11088109272029002,0.15702764057947902,0.534557114687606,-0.8232006875080787,0.10290839755841959,-0.38131952706909605,-0.5060076945366364,-0.3630139622881424,-0.2299978534629213,-0.32148536825264323,-0.16323564696866694,0.057855628782622306
0.5670724272046176,0.8309102803258775,0.7103449827045866,0.7068663939172624,0.6614290198623033,0.6674001612349831,0.7939850427540235,0.806004947261421,0.7139341581076639,0.7254710572049383,0.7757090878476419,0.7117650198111716,0.634479269411477,0.7131235699145194,0.7974065048169536,0.7047250215687565,0.6838339363517535,0.6772809329736199,0.5262638262237728,0.7357955359512548,0.7288844493957711,0.569660790360455,0.5505325936269209,0.6227174533063741,0.8171219627379546,0.7227459761283894,1.0,0.6044693700855722,0.744174670272203,0.8209413250093159,0.8164813638122664,0.3998414600250768,0.8512345680295793,0.8323965941562516,0.8656029675996479,0.791836727975392,0.7012756092150273,0.8737643729017075,0.8093898201560281,0.4472188767571351,0.654048170168767,0.765581555150937,0.6130544691438062,0.5705726731689457,0.7070732567884753,0.6446579937792951,0.7333874613476241,0.2790188806293197,0.485255624334736,-0.8530294826829177,0.12542211604659947,-0.4429316773254631,-0.48563699974693014,-0.31495320506745683,-0.0025379158198479915,-0.1874187237208716,-0.2383084128686375,0.04685958015857447,0.07726346457528312,0.4679221006221989,-0.8452737982112225,0.12516058648651063,-0.4583171325366496,-0.4763436772606061,-0.4069416812876533,-0.15673554929008232,-0.2636654145587394,-0.13122246462585696,-0.031588998813618485
0.888957900034913,0.788441788467963,0.8379133078796679,0.8156364587692719,0.8255444062015374,0.749321958227188,0.6101461902280229,0.753627792835925,0.6624045307964844,0.5284252969891489,0.6715441999133008,0.4937240497600704,0.24015553936338352,0.46703997715755863,0.6887249680555503,0.4142905239296793,0.4076858383381522,0.3645408174312371,0.46814754936685743,0.5626574256615201,0.48701763052530667,0.1525378033614916,0.1557790849130215,0.4004198518704163,0.5841252664247796,0.5994532217765731,0.6044693700855722,1.0,0.8602701778205357,0.686162706078309,0.6547586179364558,0.10116215935407236,0.8007496376033354,0.7250372541677017,0.7120785509272731,0.5636763487026001,0.5723156694848589,0.7260419528311844,0.561777329027755,0.26406073029113225,0.8564832058835785,0.6759302617966764,0.3642835065020217,0.5783424366593547,0.6362999618735982,0.44529546366914124,0.6068389201229059,-0.09850321005152532,0.6150463442174707,-0.7765909204257032,0.30099753877588264,-0.32224425529269146,-0.03591869843232414,-0.016659401699466177,-0.08971252538747154,-0.4418113159945147,-0.4827818939445623,0.037810862464213016,0.504974795606983,0.6367850474004252,-0.7461506323890744,0.2621525759714626,-0.31066823738122995,-0.15725700512602292,-0.19288663115608706,-0.27317159112669576,-0.4956859000533505,-0.0374969315156329,0.4436353826323499
0.8560196643062724,0.9270081338501727,0.937703354611961,0.9165788754884295,0.8975473391818973,0.8347397679693349,0.8191292281403049,0.8398587424191035,0.7997280428532056,0.670167338045346,0.7657412866109602,0.6094305805263891,0.4260874895602101,0.567956129521385,0.8455968566523441,0.6213934918479148,0.61736997868178,0.5797315092539789,0.6552895782344061,0.719162212457837,0.632464987998875,0.2898322901186932,0.3210287675193311,0.5012205715775352,0.7559851248278865,0.7898787893671585,0.744174670272203,0.8602701778205357,1.0,0.8233082463962579,0.7929958388315014,0.16083615861203732,0.8987967758942105,0.8574308468716528,0.8572064057623702,0.7433099325693433,0.6852706028775024,0.8869637808595412,0.7308119915942634,0.3283819814029979,0.8479629062410625,0.8166676047083191,0.5452555285891285,0.5970798303497713,0.7605819097772045,0.5727383768356596,0.7468268981015833,-0.04982148002344051,0.6769805993741694,-0.9209585402118973,0.23642461668164352,-0.4641435009562595,-0.18412020599527731,-0.09043844575212853,-0.08336829771566658,-0.4679794488983031,-0.5048188757130923,-0.019343329444486638,0.4372506348509524,0.7194208193858975,-0.8938328551320895,0.1894180164438317,-0.4812544844383957,-0.34409391793753563,-0.30776023075038667,-0.3433310668197524,-0.5601249390463304,-0.12004558221660044,0.3363039429409121
0.6595687318411269,0.8945112070558807,0.805610930920055,0.8204941212227931,0.7767235460835081,0.7589720772447925,0.8190616203053279,0.8243260879936065,0.8021672396934304,0.755557349827177,0.8076614604340707,0.7368324720541112,0.6443942130494589,0.6371476178751503,0.8833451111606861,0.7995805038321308,0.6703128959571651,0.7113977406145202,0.6161911427763879,0.8280930780893243,0.7962852701707683,0.5782584494177805,0.5627821937842395,0.6848176777629875,0.7341420105627227,0.7942681293507651,0.8209413250093159,0.686162706078309,0.8233082463962579,1.0,0.9072904596159008,0.36835899163512026,0.8842987538563529,0.8397252904235591,0.9068040823532054,0.8541918753843809,0.6593263173828664,0.9171091540088611,0.8528182928869991,0.6161675957222468,0.7199707725389409,0.824517080858519,0.6411305664213361,0.5560606709495355,0.7904386230715799,0.6655714414858301,0.7933655221959232,0.2626821052056201,0.5046801436092934,-0.909047501659977,0.03761874940225305,-0.3574370802159331,-0.39603388136665574,-0.25853730178173134,-0.0009161682152298762,-0.253543066209653,-0.39366508712203896,-0.07603350350339447,0.1433128628023448,0.4220428035909922,-0.9240109660006139,0.003091662588223019,-0.41173012251662944,-0.47647567083396186,-0.4100483659611165,-0.22392007266666855,-0.45389799170209266,-0.17075638289859618,0.09485755170033582
