0,1,2,3,4,5,6,7,8,9,10,11,12,13,14,15,16,17,18,19,20,21,22,23,24,25,26,27,28,29,30,31,32,33,34,35,36,37,38,39,40,41,42,43,44,45,46,47,48,49,50,51,52,53,54,55,56,57,58,59,60,61,62,63,64,65,66,67,68
1.0,0.8290225354324956,0.8161415478674566,0.8297319393705245,0.7120377361266249,0.7988282155044734,0.7383914337401606,0.8617898819375522,0.8469074453765016,0.4766174958212394,0.7700931770739246,0.6232886590926096,0.5085232939019679,0.708610806218882,0.7636263601971918,0.531279909506137,0.6760432053599479,0.7000666434097556,0.6667656400116615,0.6301062191928386,0.7249818411252054,0.6910139802100324,0.3067542081539035,0.3534023572572442,0.7901803152039609,0.6310541553087413,0.8012364462730018,0.8508371456188989,0.8278114214611532,0.7502578386273687,0.6574654894994142,0.5492224191942111,0.8893213471989241,0.881531276295213,0.735815299762406,0.5939607928278258,0.8377525173952103,0.7805643963512058,0.6146430285139781,0.25933408065823826,0.6065849527072182,0.6710913627554769,0.3421832767347886,0.5740456811284538,0.6791499384016824,0.5216048145041201,0.4587857212345363,0.2703988555406307,0.5305025726479963,-0.8294435604122156,0.4220655521151508,-0.2496125091743163,-0.2130393390747196,-0.2466703430884866,-0.014483777108666702,-0.17733373184701895,-0.526574441838396,-0.18592990156827846,0.1020958960286185,0.49960260464959555,-0.844994544306832,0.42001225349067767,-0.19850441981427433,-0.18704218128785147,-0.30284285589820514,-0.19921422860309174,-0.47475853077047314,-0.11047465782161262,0.19939205527865383
0.8290225354324956,1.0,0.9514752234055214,0.9357421606045109,0.8726309675660562,0.92402467680351,0.9562985237141669,0.9227146416172747,0.8699192302710439,0.7915237290274155,0.8025895023920576,0.839592922307136,0.8180563248811918,0.407041849174961,0.9375748846795239,0.8127797298759734,0.9078767758457016,0.9118698330043775,0.8817883202293347,0.8926677084366627,0.9057984878639714,0.8865725578853607,0.6727485361227807,0.6904700544720087,0.7302481962103661,0.918922088315745,0.9387538530448767,0.9292577536094662,0.9714076368548246,0.9467253330624827,0.9024228727928874,0.7296404080111208,0.9151267597069768,0.8800975306465919,0.9335153567265203,0.8836142902343175,0.8554772283269749,0.9254416211996158,0.8896430996417147,0.6464445807654868,0.8657388959207263,0.9193016418567955,0.6846886221323872,0.8431524020465879,0.8739464360203743,0.7499855065788662,0.7267907986061364,0.6130623844504878,0.6889376170499869,-0.961869922508633,0.38730439495305935,-0.14944902884651515,-0.4480342065869909,-0.3071555662048069,-0.14440347217138555,-0.21978099494588837,-0.31214723575466274,-0.39154333713067696,-0.18097706521335724,0.7016648536250851,-0.9726602248395065,0.39101436141736035,-0.1209176761538188,-0.4647270611334166,-0.3087264799579655,-0.3737438354562668,-0.21950776881400272,-0.2027772990690452,-0.0057635627569607795
0.8161415478674566,0.9514752234055214,1.0,0.9650916252260866,0.860853177598544,0.9069406680990851,0.9462629062189567,0.8853392189929061,0.8370672563083171,0.7509847977128453,0.7955147035487209,0.8863257745557698,0.8271767013422179,0.38780195025246816,0.9232314000120819,0.8342641534072668,0.8940231135581598,0.9099213125664206,0.8266034481909752,0.8531523785412208,0.8932007711080494,0.8603962767676043,0.6660866240375622,0.6413413735499497,0.7353139359573678,0.8940548730177179,0.9101284984714582,0.9019384597064172,0.9439786740716283,0.9490563997593944,0.9016780162142098,0.6490451907464085,0.8867252192862529,0.8620899265618301,0.9290869752849881,0.8560526381050404,0.8173820961469915,0.9240956525558252,0.8790056271427881,0.6327909749792009,0.8187499746425241,0.8594926208768839,0.6264479242779623,0.789625639389836,0.8477354810503374,0.6797871049590122,0.6922756955943135,0.5916020091292206,0.6632643423723413,-0.9535271328677211,0.3382798417202856,-0.15188717497273896,-0.44801041936849106,-0.33746671777918513,-0.16132562100850933,-0.26410007060873897,-0.31966732013408466,-0.40872193445694427,-0.22847246893447604,0.7296976854376923,-0.9487607303766112,0.35013568694636793,-0.09188066698900436,-0.4461249107022699,-0.3454826398392021,-0.3740712509522724,-0.21115822259432257,-0.251857458450799,0.021426207955758544
0.8297319393705245,0.9357421606045109,0.9650916252260866,1.0,0.8480102614274649,0.9280170459420402,0.9245779719506978,0.8721976565749224,0.8370211977417595,0.7031611832989527,0.7668333737003068,0.8475257034338772,0.7994507814486995,0.42263539490407964,0.9154702965951114,0.820515455805015,0.8528333643915245,0.9028045823228722,0.8365678902695179,0.8453355879775734,0.8949602570726733,0.8487061943053226,0.6443663711335448,0.604993674382077,0.7239553684351971,0.8610490547274801,0.9000852924276728,0.8864378932124934,0.933155739725286,0.9290986373272755,0.8867253213970337,0.5955893634288842,0.8798573491553657,0.8652455495885352,0.9085499162954603,0.8230551289018185,0.8087853508716493,0.9249312543098338,0.8604015369918241,0.5993860872796174,0.8030469563119341,0.8169293308586372,0.5611543802468231,0.7554504580309552,0.8121012691997826,0.6484842262570726,0.6281689448764255,0.5710152596454319,0.6272484265773317,-0.9538548571478958,0.3446990705148608,-0.10013874061871351,-0.38833535245778855,-0.33539156433267714,-0.11458683542804309,-0.22489119727667034,-0.38486105365697537,-0.4242196990447185,-0.22385975975038597,0.7170135925912622,-0.9348607388999213,0.3667845650613881,-0.036279785080963564,-0.3759643586678622,-0.31528603920324777,-0.353196476889265,-0.286589747080481,-0.2984944550014909,0.060894665931732865
0.7120377361266249,0.8726309675660562,0.860853177598544,0.8480102614274649,1.0,0.8762565122822888,0.8707941627217556,0.7551806560434543,0.6862041702056269,0.7602800491508682,0.6506582151699971,0.8461789412995543,0.8078225258557759,0.24194606879517805,0.8547780600874033,0.7738547186751431,0.8463317776101702,0.8333379155986981,0.7844163781765857,0.7929326262934748,0.855534815193237,0.8058611045094732,0.7280128454467775,0.673287135198921,0.67235153549466,0.8111688063197895,0.7903079916986874,0.8388693893696543,0.8772011455207124,0.8558967841888756,0.8376680737597929,0.6330916123374717,0.7790526897401289,0.687274336381017,0.8621282211857565,0.8373296352046449,0.6740716578468886,0.8437591473356533,0.8734551583494112,0.7049064751136668,0.80392885790187,0.8310879243423273,0.7008117694261615,0.7564677362494094,0.8260252607429597,0.7418144968828989,0.7558437392633603,0.6189771608900203,0.4872824514349355,-0.8555546097162792,0.19024852291653116,-0.17877345855252716,-0.3928726221974858,-0.2882567394526026,-0.21946336911643208,-0.3178321616024769,-0.17013154312389234,-0.39223020191303,-0.3965591180678883,0.6934823178770351,-0.8313882252872706,0.23445276688610217,-0.13755361864606083,-0.4009423499648253,-0.2716229612264932,-0.4543146781468793,-0.058968149402381764,-0.29667452458663934,-0.12303851634618906
0.7988282155044734,0.92402467680351,0.9069406680990851,0.9280170459420402,0.8762565122822888,1.0,0.9002305723221761,0.8513789211277152,0.8226520770210415,0.7161227371484574,0.7207888294935106,0.7742821288008994,0.7721299740701257,0.3945829456589093,0.8818459619720797,0.7674583213635948,0.8224083647777701,0.8693753053514792,0.8850836189939184,0.8655374015275972,0.8955192088110236,0.8424080118989727,0.656747215990841,0.6102703179846797,0.6524794702022247,0.8478660042821898,0.8665606842116644,0.8782999944126856,0.9143385423858641,0.8793324078197576,0.8440311432806513,0.6007524213859539,0.8594118001058888,0.8144240722039354,0.8692256020169553,0.8121705431546755,0.7985156124493296,0.8753146720931776,0.8548508028729883,0.6076520004648336,0.8456849709605464,0.8264165960008248,0.5851313537394481,0.7552550013528347,0.7962493440943711,0.6883032767303695,0.6345172717394889,0.5635099369364567,0.5883321034874377,-0.9144601447458661,0.3400087177112498,-0.08074060463734939,-0.3189416387843334,-0.22795836939574549,-0.12472540778842235,-0.16458616534387002,-0.36165687368911054,-0.41815613604296603,-0.22714207854027804,0.660708848737166,-0.9063660279200078,0.3630688705021285,-0.040616793024618965,-0.3254641896010351,-0.2236166684851492,-0.3490415564320602,-0.28451502859337974,-0.27336535783054117,-0.030212290329809398
0.7383914337401606,0.9562985237141669,0.9462629062189567,0.9245779719506978,0.8707941627217556,0.9002305723221761,1.0,0.8499633427024782,0.790295756233924,0.8403975945365788,0.7336024375752537,0.8715266110867645,0.8550944353036958,0.26955903838525164,0.9289778799435001,0.8530864564733578,0.9520856071922935,0.9291363708303715,0.8713231700991888,0.9074838440096247,0.8901313871245629,0.8859512879824659,0.7414576806155359,0.7285015569663295,0.694324694993965,0.9495232602594569,0.9029470414169787,0.8869155285439336,0.9487421573392721,0.9479479015327411,0.9223864328194458,0.7257488745722537,0.8534892841320849,0.8100755585458558,0.9243887849062441,0.9216989874558649,0.7659645125624029,0.911046916363449,0.9152297917752249,0.7288644411918592,0.8581370233806865,0.9245097829170832,0.7443389557424469,0.8478807022756958,0.8599553257284293,0.7799652009563944,0.7819072561195327,0.6641706920657173,0.6504154149041693,-0.9392126922958404,0.3100865935099511,-0.1677672687292352,-0.4825864032533805,-0.3196401617484126,-0.18209055878262462,-0.290908667420626,-0.23681674243612563,-0.4819462400905586,-0.3028448750509398,0.7265705577172401,-0.9369715430327553,0.31779393792205635,-0.12567873188707984,-0.49541273712478295,-0.3032788518922502,-0.41482069006094757,-0.12574549684543115,-0.30119961259205646,-0.0662648729682855
0.8617898819375522,0.9227146416172747,0.8853392189929061,0.8721976565749224,0.7551806560434543,0.8513789211277152,0.8499633427024782,1.0,0.9152590407787862,0.6500375528114344,0.8757545200882775,0.7337571619178851,0.6846214962372313,0.6177240883974112,0.8659095568969966,0.6894506556865037,0.777447217531799,0.8073425873831005,0.7910078059038221,0.7932689249100506,0.8340170324175252,0.790168103749816,0.4882245066007129,0.5430619894581101,0.7236054315509829,0.7993256992165293,0.9177327164577986,0.8682190470271964,0.8998406191863508,0.8601236787049448,0.7764912331221906,0.649143306421553,0.9330158231160253,0.9265138534220773,0.8736852821175211,0.746561846619202,0.9296270018312713,0.8650604652150692,0.7660767702479547,0.44390878477172946,0.7621022674064156,0.814065735606454,0.5135002889745255,0.7686078862091059,0.829470519169533,0.6353016030199731,0.5793200860579588,0.4707057181782507,0.6885874458934208,-0.9120709341494179,0.514792645620827,-0.12269860141766167,-0.4077365376871342,-0.26904237300808714,-0.07623996632307575,-0.07202172937763225,-0.3531995974554962,-0.1894834374715811,0.06845130911763399,0.583826442231531,-0.9407944276343091,0.509578560685078,-0.1135643390737768,-0.4108985478272506,-0.3319624956964457,-0.23409429107648663,-0.32304714659756134,0.006693828622359218,0.13135137526195423
0.8469074453765016,0.8699192302710439,0.8370672563083171,0.8370211977417595,0.6862041702056269,0.8226520770210415,0.790295756233924,0.9152590407787862,1.0,0.5404089174488469,0.7905214699680184,0.6413091693706583,0.5844183832713021,0.6205005098148006,0.8018260472766292,0.6433204745855546,0.7083445545551129,0.7631515120239544,0.7643628002400216,0.7330990506847123,0.7722991860589107,0.7326122264087199,0.3908483354010841,0.44312207884428695,0.6362723170571062,0.750791041466022,0.8525726519066376,0.8281829143714726,0.8484859106639427,0.7947062075935023,0.7139971856359034,0.5604154042668061,0.8752950707310758,0.9007378386509259,0.7805545267697518,0.6594467384761271,0.9065475817508793,0.8050828643483331,0.6730198150152304,0.33436038542165675,0.711192868707244,0.7376626406684846,0.39414262229246927,0.6752718802010602,0.7235246723052405,0.5566207679501287,0.4662612666585964,0.3807811556600049,0.6482646088320432,-0.8532195327560124,0.49702539693058356,-0.054193359901265545,-0.2939309413700821,-0.22664542545164465,0.009886420822143275,0.03405751837652785,-0.4455372346273071,-0.20025340919204088,0.11291181093534926,0.4838559872943632,-0.8899849096444338,0.5199435581562849,-0.05690820542418422,-0.2859824389313204,-0.27667718496488236,-0.1828750353723538,-0.44360945513946587,-0.029816875942598468,0.1536863490492261
0.4766174958212394,0.7915237290274155,0.7509847977128453,0.7031611832989527,0.7602800491508682,0.7161227371484574,0.8403975945365788,0.6500375528114344,0.5404089174488469,1.0,0.5471689171536287,0.7696666763253254,0.8559317531579059,-0.012608495203827818,0.7483727902584807,0.7551613046035042,0.8797810804191575,0.799994363548941,0.729213956450936,0.8401513065950479,0.7402887343735498,0.8041495427026695,0.7779095037774292,0.8460336957613706,0.5248135283161178,0.8492756130983219,0.728327970620151,0.7402877543966404,0.7895172730105336,0.8231931733777019,0.8298972923685192,0.7877910050409649,0.6367612140717206,0.5390146204642139,0.7920380212540172,0.9013036342903732,0.5304534083889143,0.7392097077651948,0.847993711184422,0.8182901811754089,0.7826654662851026,0.8665068575683132,0.8590504857402003,0.8383440582844549,0.7745908152991106,0.7840644249522822,0.8549649085155373,0.6997642577568545,0.5594301972540562,-0.7335398304248826,0.11616809399942152,-0.1951801249117768,-0.4758136768765638,-0.2310681787667829,-0.19758874625766176,-0.3492250794625633,0.05656145950197835,-0.53240242653092,-0.4098186820530198,0.6075519855016296,-0.75130174415232,0.1262363033266934,-0.1603684177845947,-0.5497676272027026,-0.21354961979961729,-0.4253106125730006,0.21406205938100578,-0.2860898165114563,-0.3001192610948542
0.7700931770739246,0.8025895023920576,0.7955147035487209,0.7668333737003068,0.6506582151699971,0.7207888294935106,0.7336024375752537,0.8757545200882775,0.7905214699680184,0.5471689171536287,1.0,0.6576041719719806,0.5677351894325987,0.5742571407010135,0.7220929422173488,0.6126003727497416,0.6665310014856244,0.6632988614802817,0.6671882557028928,0.6354327527531315,0.7400952608042405,0.660206576754105,0.38135591557880194,0.42454341045287414,0.665057385691669,0.6728785007821594,0.8082940731943915,0.7536456631216856,0.7792247075276033,0.7767145545676873,0.681855739546591,0.5184403075394896,0.8108809149235225,0.8051786964593254,0.7933577402449249,0.6353131208048362,0.8490337756090083,0.7547874455254981,0.6598238469084925,0.3437205143719161,0.6168249639792677,0.6982009618262466,0.4452948195856908,0.6446528828074192,0.7148199099101841,0.5162871443744002,0.5040555610654399,0.3571950027311653,0.5740406243863893,-0.8057944445331063,0.47798274584433764,-0.11856436557042314,-0.3989703186707857,-0.27563010698807916,-0.057217624150463116,-0.0663482834303524,-0.2821830384476176,-0.06515134871855315,0.10823034236225683,0.4913979195938124,-0.8278736577204631,0.4091388236765898,-0.09484550187552827,-0.3857042980838493,-0.326090568951916,-0.20920671120311274,-0.2624881890964688,0.10579505206994716,0.12360076970223116
0.6232886590926096,0.839592922307136,0.8863257745557698,0.8475257034338772,0.8461789412995543,0.7742821288008994,0.8715266110867645,0.7337571619178851,0.6413091693706583,0.7696666763253254,0.6576041719719806,1.0,0.8734731722961281,0.16664655158331926,0.8514538962898749,0.8579805199857188,0.861972444937208,0.8520571198816926,0.7304721521172847,0.7787691835736774,0.8382841379945133,0.8123438493080386,0.7654951117789754,0.6998229729419806,0.7099828397528555,0.8328898385810134,0.7905714694176046,0.7983285530894646,0.848851957634624,0.8990695839562023,0.8899194260522698,0.6197707003176838,0.7530419497105337,0.6922755395932636,0.8731726739700298,0.8501634144400536,0.6054747193794096,0.8680258863546357,0.8703168409612443,0.7505466843340535,0.7446227297033748,0.8067329859926381,0.6966597506083654,0.7492454616434953,0.8037204171597963,0.6674526110073488,0.7527039204586711,0.671436382094327,0.5701091393879433,-0.8465141062980253,0.14965364782729337,-0.18197239697194506,-0.48990017145099995,-0.3695814127431821,-0.23439043215332328,-0.37875857320005824,-0.08568462034105208,-0.43216558933375154,-0.4169475804780278,0.753806197479361,-0.8201811702462337,0.1748009732185044,-0.13670937987513704,-0.5126148557560227,-0.35087081883111604,-0.4494719252973219,0.07021144509648394,-0.32235673806115706,-0.0646189635381866
0.5085232939019679,0.8180563248811918,0.8271767013422179,0.7994507814486995,0.8078225258557759,0.7721299740701257,0.8550944353036958,0.6846214962372313,0.5844183832713021,0.8559317531579059,0.5677351894325987,0.8734731722961281,1.0,-0.009301187333629743,0.8249074292418512,0.8566054702786218,0.8518423495040313,0.8451020124955552,0.7417837328300374,0.8499229914766868,0.8275917947437413,0.8498779678824866,0.8664975442831561,0.8327111490354291,0.5580814971578728,0.8631022674085187,0.7829784935994484,0.7624829348815256,0.8261951335867594,0.8656258412849454,0.9004134825906596,0.6875448515152824,0.6666325676661005,0.607514651382161,0.8476991960289997,0.8892634522988189,0.547360008186112,0.8148385469134389,0.8858527144426748,0.852831588750293,0.8336364290237145,0.8351237579770322,0.7804946492048072,0.7984510422469946,0.8147256840194728,0.6826964769307091,0.7602720681232289,0.8179708511380666,0.6744270472398072,-0.8143813584683385,0.1487123193920993,-0.07756274252318927,-0.5279685409135852,-0.36361363178489814,-0.2563615019746862,-0.3415489353446518,-0.0408404832137871,-0.510609675838893,-0.4540778019125372,0.7777929997342926,-0.795897115455156,0.20455604134791217,-0.05241923258313737,-0.562173679769555,-0.31497129889932335,-0.44435283270175324,0.10938345982850957,-0.3169511792902757,-0.16568040125146782
0.708610806218882,0.407041849174961,0.38780195025246816,0.42263539490407964,0.24194606879517805,0.3945829456589093,0.26955903838525164,0.6177240883974112,0.6205005098148006,-0.012608495203827818,0.5742571407010135,0.16664655158331926,-0.009301187333629743,1.0,0.3365373398427905,0.03911465601143691,0.1721282493456821,0.2378219906498701,0.26943563265546644,0.1733064210784353,0.3284880546745258,0.19351537070784472,-0.24555731853045956,-0.16208379940201598,0.47376841862003266,0.14885509730478658,0.42596959996454353,0.393615731090621,0.38223399170242617,0.2811584535968607,0.13308381652943538,0.12485782248627653,0.6040243792420817,0.6549868615130349,0.3057032970894593,0.0579432514351864,0.6674721789711033,0.36654778914402664,0.12292051969199054,-0.31813904555032074,0.1590043039701328,0.2051510702890396,-0.16017886955232477,0.172235358602263,0.3023197207215169,0.13914984718734602,-0.03597901665213853,-0.2512575647380759,0.18939033335776373,-0.42299286046944357,0.4836688381678771,-0.14294286576816415,0.041506987994218716,-0.0004349018385380228,0.1433111563363811,0.1688874153587272,-0.4957531964527449,0.25785438603703115,0.525808337858049,0.06462970901769162,-0.45103265059137493,0.4630495087698933,-0.1156629668759351,0.08090411395750917,-0.14176137289020374,0.09592053540451848,-0.57808416806532,0.2292964487442664,0.3889792079813855
0.7636263601971918,0.9375748846795239,0.9232314000120819,0.9154702965951114,0.8547780600874033,0.8818459619720797,0.9289778799435001,0.8659095568969966,0.8018260472766292,0.7483727902584807,0.7220929422173488,0.8514538962898749,0.8249074292418512,0.3365373398427905,1.0,0.8125477051066081,0.8893320235399055,0.8964706173963753,0.8348118809478324,0.8492976323038441,0.8746179443246662,0.840971778183314,0.7014288432928066,0.6684948329074659,0.7679829769830849,0.8938761540682019,0.9221263129884305,0.8520761069596405,0.9383773247856704,0.9181049894230142,0.8903034422366835,0.6771368498158468,0.8949077495148108,0.8649431173010759,0.9102838935965418,0.8607252721319654,0.7710783098908768,0.9447704817052256,0.8917916055873425,0.6753666879662577,0.8172652271013844,0.872580367672296,0.66048786342052,0.8063027250787519,0.8547938252572567,0.7168332863671695,0.7108102045017763,0.6438986658424423,0.6598195580752318,-0.9447721760920343,0.36439380402014054,-0.14368668406564977,-0.4801524318060714,-0.35230451058327106,-0.17011126923869752,-0.27018065145095727,-0.32598659764593907,-0.4402685651975695,-0.2428920089879081,0.7624018270916082,-0.9335569087287263,0.39041171305801675,-0.13141239478207,-0.46071966738345965,-0.3232140938466998,-0.3638228731579964,-0.2011637458422392,-0.2944248056514479,0.05113127857014058
0.531279909506137,0.8127797298759734,0.8342641534072668,0.820515455805015,0.7738547186751431,0.7674583213635948,0.8530864564733578,0.6894506556865037,0.6433204745855546,0.7551613046035042,0.6126003727497416,0.8579805199857188,0.8566054702786218,0.03911465601143691,0.8125477051066081,1.0,0.8340023172346869,0.8600905438810984,0.778942519070034,0.8155825774611115,0.8070575023846749,0.8280740185782048,0.8008494351259594,0.732133586009519,0.5349459353766872,0.8487553271884924,0.7692552196724567,0.764656282842682,0.8155464778927316,0.8674061305273972,0.8893630089233745,0.6253637133838121,0.6576403486633908,0.6401145375179927,0.8463400087499892,0.8631313473463057,0.5877937927525226,0.8241558131791592,0.851198659914036,0.7827857504161925,0.7806481156171731,0.795784601153555,0.6717017725662155,0.7330497838257957,0.7404425087263704,0.6341622709808028,0.7024167043264666,0.7381284328953363,0.580138847445854,-0.8241557068400791,0.1865681106147739,-0.10076435058779078,-0.5049107486774337,-0.4062372803552952,-0.15230878841892811,-0.2174938643334398,-0.12695420667346252,-0.45389982462056505,-0.44205674389826577,0.7034398486623269,-0.8013249303835556,0.19947931940215616,-0.07812979599226176,-0.5478860963922256,-0.34767579794473297,-0.35539693211596773,0.021201660226757724,-0.31890356858346275,-0.1307876968594702
0.6760432053599479,0.9078767758457016,0.8940231135581598,0.8528333643915245,0.8463317776101702,0.8224083647777701,0.9520856071922935,0.777447217531799,0.7083445545551129,0.8797810804191575,0.6665310014856244,0.861972444937208,0.8518423495040313,0.1721282493456821,0.8893320235399055,0.8340023172346869,1.0,0.903276647491448,0.8074086362993353,0.8611300436248127,0.8323062143983849,0.8726826448556673,0.747634394023603,0.7592028658191324,0.694907917179043,0.9173551008188685,0.8462707827289141,0.8480897356806195,0.907879405524078,0.9167911695638848,0.9121799269938144,0.7791278132518553,0.787972545028708,0.7276459332789069,0.8820413418574972,0.9256965468351204,0.6836652359951004,0.8655010107168203,0.8882244383280434,0.7588838383854031,0.8064388094963011,0.9303324444577931,0.7962462358950216,0.8304380237745703,0.8326388036495121,0.7969709411017054,0.8444559556766007,0.6716414515569084,0.6065954081034407,-0.8761149225826577,0.22681964094556217,-0.24745586539552533,-0.4832243707978411,-0.3299568626834168,-0.19279790391910423,-0.335658707171154,-0.1282576778747208,-0.5057324032452798,-0.35995161245532237,0.6954614618168983,-0.8818072140872413,0.24306391025756224,-0.2007805756474206,-0.5314630292815954,-0.3082873515750842,-0.4327836802046267,-0.0005554979859744138,-0.3342020749003366,-0.13461123469668307
0.7000666434097556,0.9118698330043775,0.9099213125664206,0.9028045823228722,0.8333379155986981,0.8693753053514792,0.9291363708303715,0.8073425873831005,0.7631515120239544,0.799994363548941,0.6632988614802817,0.8520571198816926,0.8451020124955552,0.2378219906498701,0.8964706173963753,0.8600905438810984,0.903276647491448,1.0,0.8721654017093282,0.8964330001909084,0.8618193139024787,0.9271730208462123,0.7668464109395629,0.7171953959207233,0.6574406709642315,0.9058199751254093,0.8512947020870326,0.8532448432204716,0.9155930707413396,0.9138805665816045,0.9308421531978122,0.7126324624363808,0.8011958365316684,0.7612778252807154,0.8772005285234503,0.8984309092683255,0.7216953631355185,0.890738887938121,0.8955653072592797,0.7309345360997137,0.814318371029847,0.8561421526512863,0.6861842456890901,0.7908814077656585,0.8045405790865149,0.6949723521834358,0.7457328458404839,0.6740999958061366,0.6607455782734936,-0.8929993194232927,0.25632459082000475,-0.14450220308422246,-0.44018323909251805,-0.3124628468897018,-0.1666004029197084,-0.22701806650067682,-0.23001144446177532,-0.5207700257244601,-0.3610381093512988,0.7006550460775629,-0.8966804924720064,0.29068253263723753,-0.11143413568084486,-0.47079646187530766,-0.2926272062786954,-0.38422346689267506,-0.10627153882418923,-0.34134582913366945,-0.0983449340469305
0.6667656400116615,0.8817883202293347,0.8266034481909752,0.8365678902695179,0.7844163781765857,0.8850836189939184,0.8713231700991888,0.7910078059038221,0.7643628002400216,0.729213956450936,0.6671882557028928,0.7304721521172847,0.7417837328300374,0.26943563265546644,0.8348118809478324,0.778942519070034,0.8074086362993353,0.8721654017093282,1.0,0.8700141617514057,0.8471221311101857,0.8481177635495261,0.6886429611564632,0.6599576597908714,0.5789419516807347,0.8741989387431875,0.8213448114911308,0.8196247577609533,0.8796891002485324,0.8509081220661388,0.8446387206406101,0.6477766000101358,0.7813075030732372,0.7384044147880807,0.8199029762443562,0.8313446369943641,0.7324134616913526,0.8256842790321104,0.842206576657202,0.6613720506563331,0.8224547014362521,0.8429536802181612,0.6507227821203816,0.7692714190884858,0.7383646400672689,0.7021360240438445,0.6596284440945832,0.5894848140837442,0.5494710886837556,-0.8487564994201383,0.27822678332132067,-0.06850753830613511,-0.34199201187874356,-0.2060877270064187,-0.08717294693560325,-0.13252299249905122,-0.28601792606524495,-0.4428411656378173,-0.23489082369998343,0.5722192118636106,-0.8584750443050504,0.27400843531028146,-0.0682977778051242,-0.37958174303214026,-0.17039595342307895,-0.3015174603964842,-0.18909036767212123,-0.286464635960558,-0.15320842146041744
0.6301062191928386,0.8926677084366627,0.8531523785412208,0.8453355879775734,0.7929326262934748,0.8655374015275972,0.9074838440096247,0.7932689249100506,0.7330990506847123,0.8401513065950479,0.6354327527531315,0.7787691835736774,0.8499229914766868,0.1733064210784353,0.8492976323038441,0.8155825774611115,0.8611300436248127,0.8964330001909084,0.8700141617514057,1.0,0.849985048719903,0.8989932098125103,0.7904602071534623,0.7892339517753693,0.5652484906193087,0.9123199802084321,0.8349626100338995,0.8262052215386176,0.8876897854143401,0.8827568719580273,0.8788887389312732,0.7185071399864823,0.7737025544468574,0.7189953902550855,0.8573155043513538,0.9115269661633516,0.7053633241068394,0.8339533888738441,0.8975800871560601,0.7640169522960605,0.8708010919735972,0.8695127457613958,0.7250985371280854,0.8612586757829953,0.805524881268023,0.734719805253154,0.7253549494385008,0.7250035680854849,0.6840732906859864,-0.8545537148266876,0.26903649366310395,-0.0024622881065901724,-0.3954794855842285,-0.22160645151452718,-0.1468180021526446,-0.19736420856384418,-0.17914820021723007,-0.5091460688038045,-0.2978140196204505,0.6659778784250369,-0.8699065876415173,0.29252836395905363,0.0220336409321846,-0.4544759232426028,-0.2087468691055022,-0.3469283627930841,-0.0786085871797063,-0.2838811759393463,-0.12481060244565435
0.7249818411252054,0.9057984878639714,0.8932007711080494,0.8949602570726733,0.855534815193237,0.8955192088110236,0.8901313871245629,0.8340170324175252,0.7722991860589107,0.7402887343735498,0.7400952608042405,0.8382841379945133,0.8275917947437413,0.3284880546745258,0.8746179443246662,0.8070575023846749,0.8323062143983849,0.8618193139024787,0.8471221311101857,0.849985048719903,1.0,0.8621557668074615,0.7200890992105577,0.6835475098281639,0.6292118653858598,0.8513665634754359,0.8674601282701716,0.8650002680903651,0.9033335514242595,0.8970685822916504,0.8914501606224597,0.6352754321280163,0.8251430232701487,0.7912710732959513,0.8994941639876206,0.8418909100517107,0.7668739706689105,0.8640262165975725,0.8808105878569358,0.6686284269758255,0.8352135625438032,0.844373326686637,0.639664262326271,0.7468502946399092,0.832704900663571,0.6710508626614156,0.6604110483259366,0.6598545897790201,0.6323050150946454,-0.9162562546771487,0.29102120947118815,-0.06822746076950845,-0.4333035216899988,-0.323628636151981,-0.1343791534290894,-0.17192914708219334,-0.2778671807920905,-0.3787528851728717,-0.2683905407937484,0.7309274345529925,-0.894817575195814,0.32100563850660413,-0.0341201320053144,-0.44335307463445395,-0.28953133308757517,-0.40034329982621497,-0.18300080395594254,-0.262733697002284,-0.014457974216504655
0.6910139802100324,0.8865725578853607,0.8603962767676043,0.8487061943053226,0.8058611045094732,0.8424080118989727,0.8859512879824659,0.790168103749816,0.7326122264087199,0.8041495427026695,0.660206576754105,0.8123438493080386,0.8498779678824866,0.19351537070784472,0.840971778183314,0.8280740185782048,0.8726826448556673,0.9271730208462123,0.8481177635495261,0.8989932098125103,0.8621557668074615,1.0,0.79473514622419,0.7797988048812933,0.63857262992557,0.8628755165704933,0.8297336728877296,0.8621595588358472,0.8943394283497135,0.8860915064469905,0.9316699905900606,0.786111929864141,0.7693212964749866,0.7204161762277802,0.8593637983136461,0.9007323407995249,0.7047661376243947,0.8472771079821295,0.8807805975965768,0.7582471484454713,0.8197181287376875,0.8605254647783271,0.6978663208366275,0.7676207233182004,0.7902147052687115,0.6901663828298398,0.7728825295021272,0.7213197527954155,0.705363538933012,-0.8586800304425551,0.23417495453432718,-0.1290642413359475,-0.41960644366011784,-0.32423669729307963,-0.15862249405301176,-0.21899177027856223,-0.1877218461363,-0.4648626482956352,-0.3221587295221431,0.6819264586536613,-0.8726523631096484,0.26955875166763393,-0.10176338366958423,-0.4691312476908272,-0.28105832569167655,-0.3460691039066283,-0.06468706660567691,-0.2723286661133113,-0.13481795777061817
0.3067542081539035,0.6727485361227807,0.6660866240375622,0.6443663711335448,0.7280128454467775,0.656747215990841,0.7414576806155359,0.4882245066007129,0.3908483354010841,0.7779095037774292,0.38135591557880194,0.7654951117789754,0.8664975442831561,-0.24555731853045956,0.7014288432928066,0.8008494351259594,0.747634394023603,0.7668464109395629,0.6886429611564632,0.7904602071534623,0.7200890992105577,0.79473514622419,1.0,0.8246928298751749,0.4425101676108792,0.7716474808168815,0.6238255161553686,0.6158610309310719,0.6847648944695706,0.7343817285225096,0.8233322217933141,0.5839095363131772,0.49332379370942847,0.4062903632182098,0.7335322348269395,0.8409716976030597,0.3442257634799016,0.6908512615016489,0.8587395628927894,0.9351935890352072,0.7371205305956732,0.7259922160425776,0.7569044894693295,0.6858166620239232,0.6752564418401685,0.5861291964126968,0.7239892605065896,0.9001269811078861,0.5714171292649088,-0.6691750550845749,0.025625047441274657,0.007643534042452342,-0.4844048084430957,-0.31033466867616116,-0.2746120476383415,-0.3483029383121084,0.08303725651251137,-0.5309703044986076,-0.5823345592563839,0.7466424580307184,-0.6333803568223622,0.06358858609250947,0.018477844356330656,-0.5142367311697994,-0.21758570540262503,-0.4606173645095112,0.26212652923211693,-0.343629475331491,-0.2582644688154245
0.3534023572572442,0.6904700544720087,0.6413413735499497,0.604993674382077,0.673287135198921,0.6102703179846797,0.7285015569663295,0.5430619894581101,0.44312207884428695,0.8460336957613706,0.42454341045287414,0.6998229729419806,0.8327111490354291,-0.16208379940201598,0.6684948329074659,0.732133586009519,0.7592028658191324,0.7171953959207233,0.6599576597908714,0.7892339517753693,0.6835475098281639,0.7797988048812933,0.8246928298751749,1.0,0.42223504560049413,0.7782258088912879,0.6568878760608667,0.6497561058637402,0.6983714337524305,0.7409390693374077,0.7875082698614442,0.8040464657310886,0.5163194944319982,0.43040462596398543,0.7303052236114745,0.8741307727675296,0.4110287043025448,0.6507445363230318,0.8142362546251388,0.8768699883802413,0.7474952675690437,0.7738391137085799,0.819741482832363,0.7857782057336314,0.6880572451760654,0.6899393148226027,0.7583634661704969,0.8193870593000622,0.5565267873779122,-0.6520348852692895,0.06521217848242426,-0.011786346898015937,-0.4714095516034856,-0.3433185832528069,-0.14880002966346745,-0.3002000294351521,0.08947328738242746,-0.5040386421816615,-0.44876976834898835,0.6361564188635429,-0.6578263903088748,0.07489616054366029,-0.010425010294181324,-0.5515703237815526,-0.2677316634881858,-0.36635882069680326,0.25363959334739444,-0.28767901536036977,-0.2797361539485563
0.7901803152039609,0.7302481962103661,0.7353139359573678,0.7239553684351971,0.67235153549466,0.6524794702022247,0.694324694993965,0.7236054315509829,0.6362723170571062,0.5248135283161178,0.665057385691669,0.7099828397528555,0.5580814971578728,0.47376841862003266,0.7679829769830849,0.5349459353766872,0.694907917179043,0.6574406709642315,0.5789419516807347,0.5652484906193087,0.6292118653858598,0.63857262992557,0.4425101676108792,0.42223504560049413,1.0,0.6058198471910669,0.7484013457860546,0.6919559622350275,0.7617459854897256,0.7228987133805966,0.6586052109122762,0.5366075389150385,0.8312955713081268,0.7643974864714639,0.7146062447771128,0.615250624080086,0.6130795687700247,0.7874192595486587,0.6478927920719167,0.4122343204746165,0.4822729568304804,0.6446788767512027,0.46421613962211583,0.5729264578621086,0.6619460329949183,0.5016155556287628,0.577447810312116,0.3844138385019727,0.4897750659541209,-0.7567643933539592,0.28934886246339686,-0.3707449554687848,-0.34391226243687645,-0.351473474901784,-0.10274306647087318,-0.4369823755196008,-0.3312003408453223,-0.2669359692170501,-0.022088042615916004,0.6159965919213292,-0.7442760256869074,0.2829598812223609,-0.3134424000865523,-0.27975615683766364,-0.3624217102924414,-0.2500022314440194,-0.16722756526805163,-0.20253447322181342,0.18502891444222916
0.6310541553087413,0.918922088315745,0.8940548730177179,0.8610490547274801,0.8111688063197895,0.8478660042821898,0.9495232602594569,0.7993256992165293,0.750791041466022,0.8492756130983219,0.6728785007821594,0.8328898385810134,0.8631022674085187,0.14885509730478658,0.8938761540682019,0.8487553271884924,0.9173551008188685,0.9058199751254093,0.8741989387431875,0.9123199802084321,0.8513665634754359,0.8628755165704933,0.7716474808168815,0.7782258088912879,0.6058198471910669,1.0,0.8686995211640659,0.8432378327826946,0.9097680513678273,0.9169537726754341,0.907942261625864,0.7287602747324955,0.7920136393513878,0.7465351692584934,0.8895942966584673,0.926362056603587,0.7112889135131066,0.8648158360049585,0.9071257297588058,0.7746580554984466,0.8726904124080768,0.9170123222565392,0.7892049362410191,0.8657080902074481,0.8326956090540881,0.7658194931465334,0.7700121264202513,0.7097044888201015,0.6801505692262075,-0.889401752852896,0.2815266614858621,-0.08616608570517703,-0.4873949808697089,-0.28252560831974666,-0.16866804963893328,-0.24329565288749036,-0.17352225434870538,-0.5032219221690056,-0.3118653837594377,0.7021576198620557,-0.8976422049907434,0.29479765758702847,-0.06378335519704321,-0.5108665151983509,-0.24962939351240301,-0.39483769245752987,-0.0592665772409605,-0.28253018839872357,-0.1251016192307672
0.8012364462730018,0.9387538530448767,0.9101284984714582,0.9000852924276728,0.7903079916986874,0.8665606842116644,0.9029470414169787,0.9177327164577986,0.8525726519066376,0.728327970620151,0.8082940731943915,0.7905714694176046,0.7829784935994484,0.42596959996454353,0.9221263129884305,0.7692552196724567,0.8462707827289141,0.8512947020870326,0.8213448114911308,0.8349626100338995,0.8674601282701716,0.8297336728877296,0.6238255161553686,0.6568878760608667,0.7484013457860546,0.8686995211640659,1.0,0.8678457178402609,0.9271602817408536,0.9144062839300563,0.8591958379656046,0.6910480335803694,0.9188073617121653,0.9066756137336253,0.9188947435590714,0.8341570115589584,0.8458318893685709,0.9089155712426283,0.8423419233231592,0.5942076900280119,0.7993640693104965,0.8584687418284924,0.6165567665300143,0.7939988824074659,0.8536317218001963,0.6552279965257756,0.6597801176243167,0.619843663268327,0.7415589142712938,-0.9578486292008076,0.4933431068818779,-0.13836506724003994,-0.5372737208195266,-0.40850029381831066,-0.14317667477908466,-0.2318248718039265,-0.390224616649703,-0.35817999996001315,-0.05363000288069873,0.7267931422844206,-0.9635407255696767,0.4783032079530672,-0.12961470986836385,-0.5106386534620153,-0.40660682523956065,-0.3326616836976103,-0.2756507246698019,-0.1494134740912396,0.10879520761497957
0.8508371456188989,0.9292577536094662,0.9019384597064172,0.8864378932124934,0.8388693893696543,0.8782999944126856,0.8869155285439336,0.8682190470271964,0.8281829143714726,0.7402877543966404,0.7536456631216856,0.7983285530894646,0.7624829348815256,0.393615731090621,0.8520761069596405,0.764656282842682,0.8480897356806195,0.8532448432204716,0.8196247577609533,0.8262052215386176,0.8650002680903651,0.8621595588358472,0.6158610309310719,0.6497561058637402,0.6919559622350275,0.8432378327826946,0.8678457178402609,1.0,0.924464717647104,0.8955528725119607,0.8575136973137476,0.7203648832567391,0.8630713553638191,0.8265493210151587,0.8798622029060501,0.8267553772029784,0.7992495518844799,0.8646284138017399,0.8224009565692751,0.6049961807411431,0.833919040655483,0.8753501248698192,0.6318620109438943,0.7625698167257849,0.8305228613719992,0.6966490093642508,0.6983542062989799,0.560427631331052,0.647572286640456,-0.9053523934112508,0.3285700172453836,-0.20014666777038742,-0.3759111308863996,-0.249554624807446,-0.12888306241514272,-0.23757521236987328,-0.29929491134169683,-0.3474456506206469,-0.1833262905605524,0.6493780876881438,-0.9175293649972203,0.3309826479021321,-0.16710902461321586,-0.39643688566499663,-0.2792608326341618,-0.36975570049272166,-0.21841284737798208,-0.20606812695154092,-0.007497791091206327
0.8278114214611532,0.9714076368548246,0.9439786740716283,0.933155739725286,0.8772011455207124,0.9143385423858641,0.9487421573392721,0.8998406191863508,0.8484859106639427,0.7895172730105336,0.7792247075276033,0.848851957634624,0.8261951335867594,0.38223399170242617,0.9383773247856704,0.8155464778927316,0.907879405524078,0.9155930707413396,0.8796891002485324,0.8876897854143401,0.9033335514242595,0.8943394283497135,0.6847648944695706,0.6983714337524305,0.7617459854897256,0.9097680513678273,0.9271602817408536,0.924464717647104,1.0,0.9406584384176628,0.9117013333117602,0.740604433880192,0.9096958245621594,0.864293308533022,0.9239652211725856,0.885935925927403,0.8221429232690114,0.9282907886237812,0.8907562417900434,0.6574492003265149,0.8604458421604368,0.9107498511708086,0.6916218504344032,0.8333066383750122,0.8690814365178446,0.7509233162669443,0.7389608190369241,0.6190786518800928,0.6721246821785305,-0.952554165534833,0.3460091187239012,-0.16804937668111963,-0.42815501501995296,-0.31997116475106113,-0.13820564699969393,-0.2633394636807316,-0.3210768040285937,-0.4212881950903432,-0.20633062028871027,0.7006866080517132,-0.9591017965876494,0.3623353149478714,-0.1426401435307637,-0.4392650388187312,-0.30858764746378875,-0.3639496793371712,-0.2033961343855551,-0.24837713409174939,-0.005315871142512645
0.7502578386273687,0.9467253330624827,0.9490563997593944,0.9290986373272755,0.8558967841888756,0.8793324078197576,0.9479479015327411,0.8601236787049448,0.7947062075935023,0.8231931733777019,0.7767145545676873,0.8990695839562023,0.8656258412849454,0.2811584535968607,0.9181049894230142,0.8674061305273972,0.9167911695638848,0.9138805665816045,0.8509081220661388,0.8827568719580273,0.8970685822916504,0.8860915064469905,0.7343817285225096,0.7409390693374077,0.7228987133805966,0.9169537726754341,0.9144062839300563,0.8955528725119607,0.9406584384176628,1.0,0.9448161196731146,0.7096608522759605,0.8546167775642813,0.8217145352495948,0.9417893809349713,0.9136642556634174,0.7788975856055919,0.9169770721696878,0.9074681290486329,0.7295357861467069,0.8187586838652311,0.8918249649667012,0.7186668921465257,0.8322872860924019,0.8465245645983509,0.7134903103142964,0.7551428275678168,0.6841145963830279,0.6702206771687037,-0.9444997058428173,0.30130390987151223,-0.12436552500579783,-0.4867149888415418,-0.3640838957078937,-0.14690267404349067,-0.26590536136960913,-0.23775468678211972,-0.46854836459745014,-0.26925276894677036,0.7350778826070625,-0.9430910947982923,0.3021544129173677,-0.07798351740616086,-0.5244334329719268,-0.32898877551443506,-0.40289474165134154,-0.11483567406392761,-0.2845542322638403,-0.05041907719461316
