0,1,2,3,4,5,6,7,8,9,10,11,12,13,14,15,16,17,18,19,20,21,22,23,24,25,26,27,28,29,30,31,32,33,34,35,36,37,38,39,40,41,42,43,44,45,46,47,48,49,50,51,52,53,54,55,56,57,58,59,60,61,62,63,64,65,66,67,68
1.0,0.9270030447987536,0.9297795600282347,0.9127877143824802,0.87583093240093,0.900528660552028,0.8607101570244959,0.9050565148558534,0.8674231282011547,0.8514895516148994,0.9028681461853548,0.8978739687491811,0.8315767652701826,0.855097756303454,0.8816211100875896,0.7968557627702377,0.7978744577422726,0.8340601834705665,0.7400988997981921,0.8415983922274526,0.9065258653861131,0.754671383922391,0.7624877610539019,0.7328922891679863,0.8570563756117825,0.8076547904507287,0.8833679002494514,0.9316609526877517,0.9290628461578586,0.9070663887558793,0.863894671637464,0.6796121629934664,0.9134050756685179,0.8976359589165462,0.9015571340990335,0.8697819204863276,0.8969201514408536,0.8987284149629219,0.8717748845090583,0.7232990520963347,0.8240790379480532,0.844703566515303,0.8736795735281302,0.7930103810137638,0.8292829637471547,0.642890006187248,0.9008253808334526,0.4628713940591206,0.81763481891909,-0.912477305438709,0.5120926011339769,-0.6672338315230318,-0.37979993636702675,-0.16997972664618843,-0.2042490735933251,-0.2537037917436028,-0.42999567852914783,0.22640173853877013,0.39379623999844965,0.8262714191254762,-0.9113821531704682,0.3592092392213192,-0.6658714635759762,-0.4651650661435664,-0.2728429919103103,-0.19927134996466006,-0.3663126787723526,0.28993890753541707,0.5204663915752644
0.9270030447987536,1.0,0.9529861727252171,0.9447867439455666,0.9009213349706301,0.9165927158393381,0.9418533684350852,0.9656342915562378,0.9395919547871301,0.9337472102445483,0.9393501765897414,0.9395886225022038,0.9228026539525762,0.9048546451299885,0.9609995699871384,0.9068716574557761,0.8865023780161841,0.9219807842829351,0.8087125578466996,0.9035739422830985,0.923792485956864,0.8820402003015609,0.8805004659165252,0.8296623099651411,0.9182829295406565,0.9057279565437061,0.9548379836530119,0.9099206896309081,0.9738709600356898,0.9704683309753999,0.9439432423713477,0.8060372573250543,0.964307401455797,0.969056152511302,0.9674171724360624,0.9588629257925839,0.9673713814548848,0.9702716005341452,0.9609271099916528,0.8334530072758608,0.8592802191479553,0.9353567637933627,0.9438642348783277,0.8707212321161658,0.9070258835912856,0.7541279418985662,0.9502994069950406,0.5399719129476644,0.8622517491141336,-0.9793344083817306,0.5201943336147051,-0.6963271849909506,-0.5379321867657356,-0.26582607569119004,-0.189978855496011,-0.2530556101963845,-0.4412824303116806,0.22222341433712006,0.3701468932209054,0.8930539923939631,-0.9795157652083459,0.3418544990102779,-0.7187806526457053,-0.5982675516057697,-0.37045377840923044,-0.21497501843521355,-0.3646344147123335,0.30218247816213745,0.46806010638312023
0.9297795600282347,0.9529861727252171,1.0,0.9559332047635304,0.8895400848484827,0.9136578111960353,0.9130152047066018,0.9368905903675593,0.9023148037314945,0.891042778431245,0.923817650621228,0.9231244862402487,0.8815651229407375,0.895948223123774,0.9293642190965857,0.8500882754196951,0.854204369305282,0.8963738317899714,0.7869326599031726,0.887709116792954,0.9211695018302489,0.8201300244735957,0.8200474174766383,0.779661530535653,0.8895554891876019,0.8751251297004619,0.9290820201832738,0.9172832385372521,0.946663686210483,0.9415809221054958,0.915490387793921,0.7371103970269786,0.950751168632163,0.939312915764946,0.9344185105546382,0.909042938902859,0.9411662754441112,0.9414618503731452,0.920015746398109,0.7654388843359552,0.8422283400556346,0.8806514937072358,0.9215505837153876,0.8143433888343206,0.8580390118396081,0.6821083501900842,0.919938986825192,0.46306625991227635,0.8593613521682013,-0.9488620216586111,0.459872928072258,-0.7013427336276989,-0.49224774055607723,-0.24567602590580392,-0.2054716637369197,-0.28136484762872244,-0.44545108387512367,0.20950936093051245,0.356421594782788,0.8730996056125674,-0.9478540516753478,0.29676095986984846,-0.7092809490076835,-0.5557628821440757,-0.3612549904318267,-0.20374819895582555,-0.38578720725576104,0.2821797769683886,0.4618318777245098
0.9127877143824802,0.9447867439455666,0.9559332047635304,1.0,0.8993772761756778,0.9277572635577134,0.8860031705869209,0.9182195134368215,0.8949852075601906,0.8821460329937341,0.8890724402134752,0.9312750177683904,0.8871346462139929,0.8766722263847637,0.9236522385348571,0.8630799780523469,0.8230436120259542,0.8959698774168225,0.818878180853235,0.9294696107748109,0.9059277240068344,0.8460118847495098,0.8305383265586129,0.7937464564856406,0.8848512338254392,0.8552608173367873,0.9161731554699235,0.9109700479690803,0.9445143458936835,0.9343736195494615,0.9172553248834503,0.742292867769356,0.9319435326932815,0.9275668607972538,0.9244373387020776,0.9066880760712592,0.9252362516714397,0.9320718747529447,0.9234214464428266,0.7872844229451594,0.8512688910690746,0.8808029552843124,0.9094029275973292,0.8142245319212857,0.8559034947257259,0.6740694663297411,0.9104527173307636,0.498387211892845,0.855499451667092,-0.9428511841645237,0.43967168060048323,-0.7088080722034833,-0.4554738628549585,-0.22086785193600722,-0.19366216537832825,-0.3257159849543099,-0.4927917773425655,0.19489968879762976,0.3325333881086643,0.8557883235984995,-0.9400828037427524,0.2997790106667994,-0.7141778785121372,-0.5168666708649338,-0.31227976039310734,-0.17375073727649368,-0.4246335388480271,0.24187383216703698,0.44436838194588585
0.87583093240093,0.9009213349706301,0.8895400848484827,0.8993772761756778,1.0,0.9393620741779961,0.8406489238483849,0.8785991491185895,0.8192847782208013,0.8452821756943989,0.8159207055541116,0.8741241234444446,0.8422338105842364,0.8767003390887665,0.8525115053522503,0.7913817514976867,0.7621885685743601,0.8494220894187092,0.8124124323095767,0.8870064162051989,0.8350664321964443,0.7801883163198043,0.7602207689066488,0.761087503939265,0.8236448195331253,0.8002033665119144,0.8802220034028111,0.8422710921921307,0.9002044225116881,0.8697532662898829,0.8365484255896799,0.6990917482679592,0.8920342525360708,0.8869599785941786,0.8753518389059162,0.85462787330738,0.8944859165155501,0.8837348129161381,0.8782422067012948,0.7263857615654437,0.8484492004853315,0.8548626165772213,0.861164863631392,0.7837478490787362,0.8142264839502416,0.6692365737659578,0.8594141407098459,0.4230857149424222,0.8197267345473195,-0.8914596673871403,0.41254392873423573,-0.6756971408436275,-0.4190691695671796,-0.17071051650682684,-0.19300257801641638,-0.22222647710576673,-0.43165379499142364,0.24017543441190398,0.32616697624144847,0.7975040565588079,-0.8849701087483497,0.2654436629785754,-0.6718277761416995,-0.49615431066571414,-0.2784405098904908,-0.21311696466389662,-0.37749355472007284,0.2298631923910127,0.37488864447049525
0.900528660552028,0.9165927158393381,0.9136578111960353,0.9277572635577134,0.9393620741779961,1.0,0.8369735077069542,0.8850257484248101,0.8346544011592663,0.854544290194629,0.8370310942946223,0.9095925413446436,0.875208469256711,0.8688020459017182,0.8724466886171941,0.8090365125745819,0.7572641199518745,0.8868857798708268,0.8567727787847148,0.914053405195888,0.8726648237113043,0.7844739459881466,0.7992734143606773,0.7452107068012211,0.8384803089452415,0.8241602424400014,0.886908343028238,0.8723082255137392,0.9110643883629748,0.8950060556008443,0.8572633114286105,0.661666589422958,0.9079695683732389,0.8940798768271618,0.8853844273669862,0.8574698707526168,0.8967533865903177,0.8927946236361656,0.8824002336261605,0.7513219183289779,0.8558607179655507,0.8691835102661376,0.8895505001104747,0.7971473154493849,0.8201080248196972,0.6682359062202241,0.8797180871425576,0.466449533507346,0.8265376912585054,-0.9075841449710105,0.4380273046300723,-0.6742772827176525,-0.40054204198097637,-0.14335154608996684,-0.17990489138103094,-0.26077680055932206,-0.4811368144339649,0.18135793858208793,0.3150486200460104,0.8122592165559155,-0.9008152048055454,0.32639349978918614,-0.6736317211648689,-0.474103407016093,-0.24074293743678213,-0.19112467584939494,-0.42298045911001675,0.1935216540357516,0.39949991287043335
0.8607101570244959,0.9418533684350852,0.9130152047066018,0.8860031705869209,0.8406489238483849,0.8369735077069542,1.0,0.9324605318377418,0.9216410122378927,0.9258419512491881,0.9227964514463826,0.8775053402137549,0.8894422965763256,0.8683319236575622,0.9338325286046836,0.8623961706084183,0.965993952716406,0.902928288620155,0.7087859319131683,0.8318082470762608,0.8864856760648675,0.8525558794265543,0.8372434064090746,0.7796242551100661,0.9169692570297602,0.9140935039137406,0.9298001022837367,0.86923017624836,0.9411789225062931,0.9338196489172798,0.914166338883061,0.8285756409415014,0.9227395035723434,0.9348732196713798,0.9345081935740597,0.9228574276852544,0.9323947651593261,0.9403113239850234,0.9258899750445612,0.755524703327413,0.7707543980113599,0.9062139535572873,0.9164168782783625,0.8355089307155593,0.9253267758506077,0.7878257568293,0.9106091210608608,0.43355030998749255,0.8042680067123626,-0.9390476084648447,0.4533084559002344,-0.6299458251141774,-0.5364626114563693,-0.2901094151319157,-0.21636289356316907,-0.22659372945420858,-0.34689434027884103,0.2545047472084115,0.3645367047361955,0.8526227992762707,-0.938977627805971,0.2914824002506789,-0.642568927549676,-0.5951302598161293,-0.41343440050364594,-0.25582385679213304,-0.26358668522441275,0.3248825534926845,0.4270666567148034
0.9050565148558534,0.9656342915562378,0.9368905903675593,0.9182195134368215,0.8785991491185895,0.8850257484248101,0.9324605318377418,1.0,0.9345121298343397,0.9304654432840719,0.9559471155754402,0.9267202446407011,0.9085263719655214,0.9293027577939857,0.9490322508459351,0.9025056249599422,0.8781463025457039,0.9061919722453594,0.7687654114489338,0.865397933283594,0.9241776183364555,0.8594767391906445,0.8759170718232142,0.8197468687077523,0.9020913286750942,0.8985863273866765,0.9592595688596042,0.8840342775940687,0.9514823511222842,0.9590974415223998,0.941080258143439,0.7895461371744016,0.9628228138657507,0.9721229496740411,0.9686360453000749,0.9502042102986046,0.9696602582385576,0.97230890440202,0.953279725203012,0.8191867452755831,0.8413897811658972,0.9130187780955755,0.9317958222183212,0.8907820702033746,0.9049578393932161,0.7448961555708676,0.9360560371611515,0.52972081162335,0.8436839439294205,-0.9688906271229908,0.47970955201172344,-0.6877746208492251,-0.6032432764782281,-0.3013137509614255,-0.1499705733987327,-0.19748912320542164,-0.3584386075848718,0.30060598937769784,0.41102883205230184,0.8682957590755561,-0.9672650825530176,0.2774967945341528,-0.7163080329214626,-0.6631868140835785,-0.4112251988988726,-0.22681766067234715,-0.2841503137637231,0.36621473299489843,0.4591318787231542
0.8674231282011547,0.9395919547871301,0.9023148037314945,0.8949852075601906,0.8192847782208013,0.8346544011592663,0.9216410122378927,0.9345121298343397,1.0,0.9182243137555208,0.9185411328973246,0.8932712294518571,0.8966442116415232,0.856184613081504,0.927177596574037,0.8895173090363777,0.8826099832179742,0.8788174506727428,0.7394725551204144,0.8444012762032693,0.8869564751266733,0.8756171989713791,0.8518252554537629,0.8033346510229733,0.8819019109278006,0.8766418042728158,0.914531608214802,0.8590425147687673,0.9242856041255343,0.9311148042556756,0.9207109441986245,0.8193054442594605,0.9139100634888452,0.9285470685048995,0.9331924418546707,0.9261908769405167,0.9296327985946632,0.9370926702549647,0.9271689887514359,0.797780146051381,0.7780046179103461,0.8842492672629484,0.9006345557403896,0.8474827590721113,0.8948916670670382,0.7341300023558556,0.9043891975570675,0.5022507351942713,0.8012416905293338,-0.934393223414215,0.49157369213183666,-0.6425652479802684,-0.5374427446636034,-0.2662437067705263,-0.17036561673076142,-0.24177286336062725,-0.3512592230393545,0.2313839266863892,0.38792710001645747,0.8424341567859995,-0.9368972792588223,0.358337529348477,-0.6659782705488078,-0.6008016838548872,-0.36182240489879075,-0.20600018365858963,-0.2674944348543819,0.368179928657995,0.46369076203714354
0.8514895516148994,0.9337472102445483,0.891042778431245,0.8821460329937341,0.8452821756943989,0.854544290194629,0.9258419512491881,0.9304654432840719,0.9182243137555208,1.0,0.895348248054338,0.8869612269026296,0.9050251537543835,0.8545545237982698,0.9099003717940589,0.8683468542783518,0.8860923345193218,0.8798316381738372,0.7447167578392285,0.8557315878172449,0.8646047330979779,0.8432024209135908,0.8492107508296204,0.7994083021317041,0.8626026294054526,0.8906274985592714,0.9080285379551225,0.8578627852816798,0.9232198769476222,0.9166725137866116,0.9125882876878962,0.8109735064401745,0.9128487630303712,0.9212547195197806,0.9170228619255014,0.9143971718631682,0.9228015131172014,0.9278261154208474,0.9226258268411723,0.7873888395107838,0.8366355348080052,0.9165272413176956,0.9162416108220588,0.8797629052385313,0.9260757050593038,0.8211819251706739,0.8948479806773556,0.5045529756873318,0.7932745337535196,-0.9302479394135749,0.5117642071148952,-0.6101706566989094,-0.574098418365071,-0.27338692170098033,-0.1625793887743689,-0.21259170445815467,-0.39413582805815583,0.23897353817714112,0.35364984512612785,0.8307111003378771,-0.9296853082598382,0.33551670664379435,-0.645058856512907,-0.6193395897743309,-0.35919425778470576,-0.1959394943455853,-0.29845601312887876,0.33863386318131794,0.45366072015014214
0.9028681461853548,0.9393501765897414,0.923817650621228,0.8890724402134752,0.8159207055541116,0.8370310942946223,0.9227964514463826,0.9559471155754402,0.9185411328973246,0.895348248054338,1.0,0.8908461204548496,0.8578377094602437,0.9019895673764553,0.9252288439404909,0.8555551063513742,0.8834976990944673,0.8614258579516703,0.6898203286516298,0.8028379233428901,0.9438641484189434,0.805685868905094,0.8190820651033293,0.7611512166533019,0.9025491787458154,0.8563218893905185,0.9400093028491838,0.8956272385444332,0.9282274333988949,0.9436263176724702,0.9286134988497958,0.7600198549036716,0.9387596363600911,0.9484516397654641,0.9472976896248638,0.9191812756182431,0.9454291699973991,0.9507147067285152,0.916208142459729,0.7605835867290124,0.7695515436050996,0.8652959436929181,0.8953760294992502,0.8354788293227172,0.8781260095298036,0.6898633071237684,0.9240235257720663,0.45660774920287867,0.8012887958067352,-0.9370609964719286,0.46884502021131347,-0.6293709583723707,-0.5471872973003897,-0.2794866243515093,-0.15356568346031235,-0.1390864960576995,-0.26841713274558304,0.3063607244774638,0.44137688853287693,0.8428416129118406,-0.9393099295600994,0.3192676103403809,-0.6618963230430811,-0.6252586894246536,-0.4025674513162945,-0.21625176709391553,-0.206854817733982,0.38611691149982724,0.5066791293015259
0.8978739687491811,0.9395886225022038,0.9231244862402487,0.9312750177683904,0.8741241234444446,0.9095925413446436,0.8775053402137549,0.9267202446407011,0.8932712294518571,0.8869612269026296,0.8908461204548496,1.0,0.8796674361227874,0.8697195661451218,0.9343144205631232,0.8811244418602512,0.8150555055145692,0.8725056405244138,0.7779491110447545,0.932396247189508,0.928716573625569,0.8471302922072452,0.8606817195248438,0.8242380009529002,0.898353391044438,0.831123129536186,0.9122292905430887,0.8864617167749789,0.9259836892914245,0.9393685172707991,0.9125876101351568,0.7565528135775286,0.9488387303389022,0.9297911127804546,0.9180188830112109,0.91423474017912,0.9167002267238218,0.9311996987601806,0.9294343833887219,0.8275197813465025,0.8139552731774002,0.8579527275010473,0.8895584889343556,0.8421260052987614,0.8714847924032167,0.6855984737975449,0.9040690735245371,0.5826698291478413,0.8358134015499228,-0.9455453738249686,0.45813118247118195,-0.6841906884268224,-0.5006171542783787,-0.2730217030951993,-0.20791563470815638,-0.31842285734706904,-0.47310881085304535,0.21407897028466005,0.3446080733133586,0.8398151532751142,-0.9411342611882976,0.3097064154594169,-0.6840915329667491,-0.537937387307432,-0.34856893737066713,-0.20672484457591403,-0.38845464717117967,0.2668027650230502,0.4776405018651621
0.8315767652701826,0.9228026539525762,0.8815651229407375,0.8871346462139929,0.8422338105842364,0.875208469256711,0.8894422965763256,0.9085263719655214,0.8966442116415232,0.9050251537543835,0.8578377094602437,0.8796674361227874,1.0,0.8557885302667961,0.9061606898374301,0.8665083454979619,0.8394253894895974,0.9437988116492899,0.8719958352423037,0.8550962369219616,0.825377411056251,0.8736416287387964,0.8945863149694881,0.7583831988463063,0.8471452309808466,0.9058961383248347,0.8967436752044892,0.8059142134126208,0.9068449457043924,0.8950760234265196,0.8804937052191383,0.7316348157868442,0.8974767606224208,0.9048852963800671,0.9032012154214967,0.8985256202866141,0.909882072311455,0.9155399332802336,0.9151359359782253,0.7883098625528431,0.8398556716189175,0.9105952278492504,0.9422132511895338,0.8480774283696344,0.8642482714128528,0.7492524668069891,0.8948111734751014,0.5208022780164576,0.7966338627062215,-0.9193587690162903,0.4799718974157419,-0.6390846076152111,-0.5348234782716152,-0.20060850846805423,-0.10655876547949296,-0.2675849875183275,-0.4229835587756877,0.20599539691049998,0.3227444704745639,0.816804904260484,-0.9164233509904801,0.3165490639979045,-0.6604987125381004,-0.5645355179362005,-0.2821810853586057,-0.1621836317139563,-0.3380450817481528,0.29214892970480794,0.3964396225828117
0.855097756303454,0.9048546451299885,0.895948223123774,0.8766722263847637,0.8767003390887665,0.8688020459017182,0.8683319236575622,0.9293027577939857,0.856184613081504,0.8545545237982698,0.9019895673764553,0.8697195661451218,0.8557885302667961,1.0,0.8849071434771161,0.8125748242608253,0.800081186909719,0.8717365351592998,0.7643989168876666,0.8184553314668173,0.8789292616344515,0.7723523490229353,0.8001595939497449,0.7422705536366685,0.837958952678057,0.838202281047696,0.9333149568605461,0.8057431673085772,0.8807743964057606,0.8932281611293938,0.8651438297485989,0.6761888764453593,0.9204527570637515,0.9373823192215198,0.9100010602123133,0.8841409827982835,0.9382519096053671,0.9355156297764047,0.8924235035923586,0.7444731183034985,0.8120165274638713,0.8460752708947875,0.8799377315022666,0.8091893828802672,0.8260510930237233,0.6583766625730262,0.8907106146119992,0.427417313120932,0.8205535829189652,-0.906752319878147,0.40955519633818466,-0.653442315361476,-0.565924159005194,-0.21976888420119536,-0.08683358874452404,-0.06661155285847044,-0.2428932322623078,0.3232157685979721,0.4665423891146887,0.7949556141909098,-0.8983231308091737,0.2791256040666698,-0.692555499738802,-0.6652210470267229,-0.33305060933713315,-0.22897014354714584,-0.21440955029676692,0.3484429649085051,0.4285714845753635
0.8816211100875896,0.9609995699871384,0.9293642190965857,0.9236522385348571,0.8525115053522503,0.8724466886171941,0.9338325286046836,0.9490322508459351,0.927177596574037,0.9099003717940589,0.9252288439404909,0.9343144205631232,0.9061606898374301,0.8849071434771161,1.0,0.9181872350845136,0.8860126796661922,0.911563818193778,0.771305401342102,0.8879744765715041,0.9078470159049411,0.8898787457663205,0.8877757597760466,0.8321633847888599,0.9415931686663063,0.8825880050651411,0.956994814818748,0.8721808208912772,0.9545337203926371,0.9628983714779283,0.9438885193076221,0.8114336556605273,0.956946108433413,0.9650866515540018,0.9544021855752469,0.950738317318678,0.9473360945484111,0.965369368022444,0.9535527493583559,0.8341314936111959,0.7970262632119268,0.9012850810574118,0.9189466217951845,0.8734516384752574,0.9095161360887563,0.7626050117333686,0.9356329830244849,0.5655977542346879,0.8408686526476424,-0.9693089866067376,0.44522996461360126,-0.6981803245662002,-0.5660830173996808,-0.33607758444365954,-0.198024624773773,-0.27046844180659,-0.4283480197069003,0.19939197768019926,0.3659329095078559,0.8860548004620278,-0.9698930114722135,0.26834414883861346,-0.7147622087754376,-0.5973932266600546,-0.4278603313979319,-0.2321622462785465,-0.3407227137537939,0.2803698756462111,0.4518310270222536
0.7968557627702377,0.9068716574557761,0.8500882754196951,0.8630799780523469,0.7913817514976867,0.8090365125745819,0.8623961706084183,0.9025056249599422,0.8895173090363777,0.8683468542783518,0.8555551063513742,0.8811244418602512,0.8665083454979619,0.8125748242608253,0.9181872350845136,1.0,0.805769349510792,0.8859837369465474,0.7622561731497997,0.8600539875447623,0.8255625320782821,0.9327804328225706,0.9317134006243043,0.8334585318136413,0.8676657649359791,0.8177821772633904,0.8965137203494276,0.781151227599312,0.891018509808142,0.9113632518320532,0.8971468071643676,0.8103056804321589,0.8866414039018399,0.9087188579388685,0.918901155847005,0.9276323641010737,0.894748472503469,0.914479709633834,0.9417794660853566,0.8932830561335066,0.7474239634814287,0.8486868272737135,0.84969476916489,0.8203414664237553,0.8631058435768174,0.7128743920146625,0.883728978710758,0.6844972493602026,0.8001238537075792,-0.9253733022157299,0.4793242210250017,-0.6965185161655588,-0.6253514394724159,-0.393486973038126,-0.15853375789268534,-0.25763617082881435,-0.45334030149366755,0.15134060651752435,0.2918436572402923,0.8553721238726578,-0.9284982542457814,0.23962094280293308,-0.7189156170747997,-0.6573387204121114,-0.4580079134339045,-0.21536878429554063,-0.3792994644306057,0.2557106311657595,0.3848515381897171
0.7978744577422726,0.8865023780161841,0.854204369305282,0.8230436120259542,0.7621885685743601,0.7572641199518745,0.965993952716406,0.8781463025457039,0.8826099832179742,0.8860923345193218,0.8834976990944673,0.8150555055145692,0.8394253894895974,0.800081186909719,0.8860126796661922,0.805769349510792,1.0,0.8488517042851526,0.6201376251620507,0.7600606084155156,0.8392041057820177,0.8026287935667303,0.7881249010623209,0.7211468785948246,0.8847329964127805,0.8907500699932722,0.8752563751197786,0.8253927447961554,0.8951704045223176,0.8832873676686925,0.8692012901622013,0.8188889126109574,0.8657673196590657,0.8776078433427872,0.8792595508035576,0.8682683240444357,0.8760611396990308,0.8861238341273955,0.8716170978391288,0.6854902377213556,0.6942949472036297,0.867528679480913,0.8725672640749917,0.7950519668693299,0.9031146900826277,0.7760532309307876,0.8537025220721718,0.3649917764592637,0.743437844869742,-0.8817796759812465,0.40281577894639603,-0.5728264747941608,-0.4971950035337379,-0.278641671201283,-0.22331411586024807,-0.2293562175845881,-0.29369928129717454,0.26827549404600354,0.33754871548983434,0.7932545680743319,-0.8818700515156097,0.268657351988285,-0.5739402681311457,-0.5485584092910271,-0.4087352744948333,-0.24063397269486506,-0.2055632267851533,0.34013248677402635,0.3905525375403344
0.8340601834705665,0.9219807842829351,0.8963738317899714,0.8959698774168225,0.8494220894187092,0.8868857798708268,0.902928288620155,0.9061919722453594,0.8788174506727428,0.8798316381738372,0.8614258579516703,0.8725056405244138,0.9437988116492899,0.8717365351592998,0.911563818193778,0.8859837369465474,0.8488517042851526,1.0,0.8798542241793399,0.8587294092052457,0.8293634123113046,0.8768422598219054,0.8936223327239046,0.7335749413842524,0.8666181762717988,0.8923182122191774,0.913227557464785,0.8081580226653083,0.9113871509824787,0.9075361683899085,0.8737408449722079,0.709517264109491,0.901663255079854,0.916347843397362,0.9124574985665178,0.8956040565964425,0.9157547329705692,0.9211658902482788,0.9153652939677515,0.7834154026171547,0.8039669712136277,0.8904572330345311,0.9273797614412519,0.8109355788131346,0.8601218475079747,0.7277474728283102,0.9034267178650331,0.5025531389982836,0.8160343400243661,-0.9258213179919784,0.4462215121182229,-0.6839206394315788,-0.5415701215927148,-0.2578389964911532,-0.1401331336066728,-0.25539603002548056,-0.4274084547509081,0.1952814972214593,0.2866566694147848,0.8434357428498406,-0.9227493667286106,0.2867869449694933,-0.7018016684676749,-0.5978435435209534,-0.34662983824719545,-0.22392705133516827,-0.36017717571404007,0.2464581889044452,0.352950003072178
0.7400988997981921,0.8087125578466996,0.7869326599031726,0.818878180853235,0.8124124323095767,0.8567727787847148,0.7087859319131683,0.7687654114489338,0.7394725551204144,0.7447167578392285,0.6898203286516298,0.7779491110447545,0.8719958352423037,0.7643989168876666,0.771305401342102,0.7622561731497997,0.6201376251620507,0.8798542241793399,1.0,0.8154521046092392,0.6839881337596163,0.761524528489156,0.789166134478854,0.6347799456690152,0.6936005652937943,0.7596667345867676,0.7659434153694183,0.690823642775594,0.7889838434466353,0.766583854958557,0.7253218390037696,0.5407055047549418,0.7852239449764798,0.7798971074327303,0.7693067408754085,0.7569862736006285,0.7913914450989431,0.782580108881496,0.787581341758729,0.7067589514787419,0.8165158890255494,0.8036234974960257,0.8321620835184134,0.7171319487417839,0.6954716565602752,0.5913208957541188,0.7734758693236148,0.473222794482108,0.7160714163766416,-0.7975602666946815,0.4364133085568187,-0.6143755053881061,-0.41062569193436554,-0.09679117213594421,-0.07998432422746732,-0.29314145504469,-0.47270592330324884,0.11629592393851418,0.18888461582796925,0.7108466053210346,-0.7935056132675342,0.32334200349359676,-0.6323251623370368,-0.45142987159042547,-0.13556690433074964,-0.13308156892729156,-0.41975816172315955,0.1642985422997748,0.2803921423033763
0.8415983922274526,0.9035739422830985,0.887709116792954,0.9294696107748109,0.8870064162051989,0.914053405195888,0.8318082470762608,0.865397933283594,0.8444012762032693,0.8557315878172449,0.8028379233428901,0.932396247189508,0.8550962369219616,0.8184553314668173,0.8879744765715041,0.8600539875447623,0.7600606084155156,0.8587294092052457,0.8154521046092392,1.0,0.8515849774638197,0.8519620010269187,0.8347772137585157,0.81675140839451,0.8428683055041891,0.7914641449013369,0.8624253925137755,0.8394984508796508,0.8931632094315965,0.8987585347958242,0.871211755992927,0.7550367592446411,0.8969003189123256,0.8828377340539642,0.8728471122958174,0.87595357287837,0.871807644336081,0.8825926988279423,0.9005734816565859,0.805601973372952,0.8185871613987419,0.8368445782117402,0.8489121885027981,0.7779078476257604,0.8291656797051034,0.667383271691082,0.8575950970148658,0.569958229561932,0.8386978407239333,-0.9086386437993335,0.43990193386195847,-0.6914317460135141,-0.465794717276183,-0.24884193313896313,-0.2304260434883117,-0.3654700783615068,-0.5590677564102372,0.11854892779821537,0.26012375437503094,0.8281453876538664,-0.9038564307678649,0.2841586064191822,-0.6957111581817657,-0.48914852896621697,-0.31735026824043566,-0.19683656147611572,-0.48329020142709406,0.17059157539154995,0.3904832588561481
0.9065258653861131,0.923792485956864,0.9211695018302489,0.9059277240068344,0.8350664321964443,0.8726648237113043,0.8864856760648675,0.9241776183364555,0.8869564751266733,0.8646047330979779,0.9438641484189434,0.928716573625569,0.825377411056251,0.8789292616344515,0.9078470159049411,0.8255625320782821,0.8392041057820177,0.8293634123113046,0.6839881337596163,0.8515849774638197,1.0,0.7715723276197476,0.7887376061986427,0.7505559463017184,0.894099928720789,0.8043775025215768,0.9122785650021316,0.897371231025374,0.9130766288739844,0.9412274534081347,0.9230392641377174,0.7268959225091015,0.9319460629211074,0.9248379170693547,0.9157157653698743,0.8904581907376258,0.9147627583202762,0.9247522820812423,0.8953145691993724,0.7468622495115036,0.7508409832605274,0.8291991612073445,0.8649982008734218,0.8039461578330273,0.8564912245501423,0.6414712739865033,0.8972029181001674,0.44525159089582056,0.8151719448101137,-0.9256824857919602,0.44185972978281307,-0.6464063355006994,-0.48527263703142215,-0.2617584743014127,-0.17805093408268602,-0.21618736118362683,-0.3509138310651408,0.26344023468101374,0.4142001794794175,0.8263387687029146,-0.9225843235909424,0.3176541455420939,-0.6510162807723818,-0.5475826911427647,-0.37071466016075416,-0.22275256142616276,-0.292993603418179,0.2769255873342575,0.5022509645484519
0.754671383922391,0.8820402003015609,0.8201300244735957,0.8460118847495098,0.7801883163198043,0.7844739459881466,0.8525558794265543,0.8594767391906445,0.8756171989713791,0.8432024209135908,0.805685868905094,0.8471302922072452,0.8736416287387964,0.7723523490229353,0.8898787457663205,0.9327804328225706,0.8026287935667303,0.8768422598219054,0.761524528489156,0.8519620010269187,0.7715723276197476,1.0,0.908467136371301,0.8559758531928965,0.8430106104530172,0.8141482366650143,0.8616981348826204,0.7420749919627371,0.8657407506494228,0.876188835445,0.88356240710517,0.8500459424731222,0.8501977924114171,0.8753790975409419,0.8856712524104428,0.9130092420630618,0.8661980983429787,0.8862012305948208,0.9254032914925815,0.8774142816991276,0.7298041583007416,0.8339229891132857,0.8364150066763937,0.7852778754751819,0.8419072115513864,0.7008408872624883,0.8706551647813826,0.6604849892675003,0.7762450918294921,-0.8939860651977406,0.42875703453701597,-0.649668425621043,-0.5635199547889606,-0.34551365441526266,-0.15189225755206523,-0.2920846323833882,-0.4568101614493448,0.13391146119000064,0.24980719704417462,0.8283458156623471,-0.8981978412491847,0.22274998771168572,-0.6670588432554169,-0.5980288798149147,-0.40900064680760523,-0.1782668213326001,-0.3626889945072719,0.2611318551236857,0.3603464060514883
0.7624877610539019,0.8805004659165252,0.8200474174766383,0.8305383265586129,0.7602207689066488,0.7992734143606773,0.8372434064090746,0.8759170718232142,0.8518252554537629,0.8492107508296204,0.8190820651033293,0.8606817195248438,0.8945863149694881,0.8001595939497449,0.8877757597760466,0.9317134006243043,0.7881249010623209,0.8936223327239046,0.789166134478854,0.8347772137585157,0.7887376061986427,0.908467136371301,1.0,0.8076072275408633,0.8317135288524095,0.8383878927763835,0.862141484380436,0.7437288453317351,0.8625437690961553,0.8768663156517407,0.8582386609779465,0.7534457525064937,0.8679440092626882,0.8744520060432234,0.8800113201316778,0.8972995290888245,0.864361245597602,0.8852747242964369,0.9221403983997589,0.906988030669739,0.7733655681378011,0.8556152590036598,0.8616535501413631,0.8125963321801665,0.8304255107036842,0.7145842651106847,0.8631712680097343,0.7255343103556526,0.7695177478051124,-0.897459658979668,0.45107628052698967,-0.6759709648908451,-0.598943038417251,-0.3313202429678292,-0.10700510396677926,-0.2769705755300223,-0.4557420770150146,0.15829473135409985,0.26031203426341587,0.8086465181456541,-0.8964635663554245,0.23207135569171405,-0.6859037567100073,-0.6149898980196434,-0.4079314721324724,-0.15987076447808077,-0.3821844069183693,0.22664038401152745,0.3499540321256883
0.7328922891679863,0.8296623099651411,0.779661530535653,0.7937464564856406,0.761087503939265,0.7452107068012211,0.7796242551100661,0.8197468687077523,0.8033346510229733,0.7994083021317041,0.7611512166533019,0.8242380009529002,0.7583831988463063,0.7422705536366685,0.8321633847888599,0.8334585318136413,0.7211468785948246,0.7335749413842524,0.6347799456690152,0.81675140839451,0.7505559463017184,0.8559758531928965,0.8076072275408633,1.0,0.7898793618320694,0.745134780009129,0.8054702821370193,0.7489580941251648,0.8167130996849704,0.8291359330171256,0.8455599231175988,0.8731695271674812,0.8242329956588494,0.8284510365873099,0.8234736317730563,0.8804776001593081,0.808413305473975,0.8317029196059721,0.8623140335924907,0.8780719522619099,0.7422648265403986,0.7808073887149196,0.7686343942725541,0.7624344146283792,0.7887665781062245,0.6732834443656135,0.8042857636007863,0.720825564756267,0.7550353310217996,-0.8424270677438366,0.382986460184896,-0.6109154170564374,-0.5236012581871071,-0.3284690434571126,-0.18000873541136803,-0.2700227111710567,-0.41665711208949907,0.11858611223228059,0.2991378113080946,0.7927224166966612,-0.8452758244126292,0.1759015694084857,-0.6263925328102679,-0.5184067384093081,-0.41503407538949955,-0.1904531678187191,-0.31947090201453415,0.20095944144654637,0.412265668604251
0.8570563756117825,0.9182829295406565,0.8895554891876019,0.8848512338254392,0.8236448195331253,0.8384803089452415,0.9169692570297602,0.9020913286750942,0.8819019109278006,0.8626026294054526,0.9025491787458154,0.898353391044438,0.8471452309808466,0.837958952678057,0.9415931686663063,0.8676657649359791,0.8847329964127805,0.8666181762717988,0.6936005652937943,0.8428683055041891,0.894099928720789,0.8430106104530172,0.8317135288524095,0.7898793618320694,1.0,0.8241010657929434,0.9365400939507645,0.8750641619814764,0.9318035105745881,0.9384123522515005,0.91145688790744,0.7895019767593386,0.9261376502082498,0.9247764176270805,0.9204204235393936,0.9112198481240191,0.898440881589623,0.9280559133111969,0.9141355716015627,0.767723966059046,0.7065137865440663,0.844783281537358,0.8627561767313077,0.8241983095335162,0.8875498968646818,0.7116012639664602,0.9110170910511364,0.5045477250555547,0.800642442068353,-0.9289107352924052,0.3930456954940854,-0.671773262846476,-0.5066582552571333,-0.34995762001691993,-0.2589741617045925,-0.26759674144843354,-0.37100885084769364,0.21659798370477096,0.37468124372152095,0.8636472745140403,-0.9320819511872125,0.23443418495852128,-0.6735939923653721,-0.5382154225750242,-0.4505200048517684,-0.2775589992024106,-0.27653560981075603,0.23531268523470117,0.464713561490157
0.8076547904507287,0.9057279565437061,0.8751251297004619,0.8552608173367873,0.8002033665119144,0.8241602424400014,0.9140935039137406,0.8985863273866765,0.8766418042728158,0.8906274985592714,0.8563218893905185,0.831123129536186,0.9058961383248347,0.838202281047696,0.8825880050651411,0.8177821772633904,0.8907500699932722,0.8923182122191774,0.7596667345867676,0.7914641449013369,0.8043775025215768,0.8141482366650143,0.8383878927763835,0.745134780009129,0.8241010657929434,1.0,0.8715100096273675,0.8060996636208869,0.8949503018967666,0.877267614628301,0.8633114454814151,0.7515504466015356,0.8674951271593243,0.8857818815859899,0.8858838614987056,0.8851593979613966,0.8976128575360455,0.89444858823734,0.8819340037531316,0.755918038801607,0.842206751792941,0.9391948307389805,0.9364775510766379,0.841800945752544,0.8648458009741253,0.784801796222732,0.8608904597063023,0.4704327698718162,0.7778150572807364,-0.8967247153083532,0.47992502096724454,-0.5996769010952695,-0.5366636345518812,-0.18731573579442545,-0.11126450357406727,-0.24694589508460457,-0.37109488981431227,0.2523736985790467,0.3115271390347444,0.7893966851731371,-0.8913474100174348,0.3030792166001027,-0.618729196307701,-0.5881930337850306,-0.3047819684060373,-0.17937544593756644,-0.28018263789220504,0.3258551471963595,0.3683015189784533
0.8833679002494514,0.9548379836530119,0.9290820201832738,0.9161731554699235,0.8802220034028111,0.886908343028238,0.9298001022837367,0.9592595688596042,0.914531608214802,0.9080285379551225,0.9400093028491838,0.9122292905430887,0.8967436752044892,0.9333149568605461,0.956994814818748,0.8965137203494276,0.8752563751197786,0.913227557464785,0.7659434153694183,0.8624253925137755,0.9122785650021316,0.8616981348826204,0.862141484380436,0.8054702821370193,0.9365400939507645,0.8715100096273675,1.0,0.8679530499030128,0.947983487501096,0.9566884514235675,0.9364545301543089,0.7814825280680717,0.9613994628457733,0.9729088894666886,0.9633112470483189,0.9438862079057454,0.9613347481929482,0.9739334350513966,0.9499216118598921,0.8034897829222424,0.8015515486156308,0.8935064847987146,0.9137991379998702,0.8679802097932919,0.8979689448063306,0.728710763192709,0.9414159398535892,0.501691740855185,0.8398134490333331,-0.9633801561673155,0.4272246574100287,-0.6953803831735178,-0.5867595845821602,-0.3325617045936658,-0.18399786559926645,-0.15152389428648091,-0.3554609505943371,0.23840295198723785,0.4166131272086663,0.8715476419631146,-0.9623188092841112,0.25448518622090005,-0.7179756521450028,-0.6500506585969786,-0.4407824923770843,-0.2546829419537327,-0.2750874140918441,0.2929683186749746,0.4457119528822213
0.9316609526877517,0.9099206896309081,0.9172832385372521,0.9109700479690803,0.8422710921921307,0.8723082255137392,0.86923017624836,0.8840342775940687,0.8590425147687673,0.8578627852816798,0.8956272385444332,0.8864617167749789,0.8059142134126208,0.8057431673085772,0.8721808208912772,0.781151227599312,0.8253927447961554,0.8081580226653083,0.690823642775594,0.8394984508796508,0.897371231025374,0.7420749919627371,0.7437288453317351,0.7489580941251648,0.8750641619814764,0.8060996636208869,0.8679530499030128,1.0,0.9291759608296134,0.9079853633694682,0.870081397367561,0.7288114934818836,0.9042899767153421,0.8776046313635231,0.8826563877425587,0.8591773188217394,0.878469567534138,0.8787330811775906,0.8605719024404258,0.7054604989483915,0.8087979008198423,0.8434591612323288,0.8621760801900922,0.7825103704384954,0.8341668020952606,0.6558714247337778,0.8770260415821897,0.43215026245129334,0.7908041478064198,-0.8939503297648973,0.47731215566233104,-0.6079573787267619,-0.3474194038867512,-0.19033999470295507,-0.24871015513131833,-0.2711327000188584,-0.4119902593400452,0.23194691462537462,0.40377699246423326,0.8134471984797003,-0.8959876018355911,0.354158143724432,-0.6087527193836337,-0.4244835560272926,-0.2885647727488269,-0.18258264552851897,-0.3288349560244039,0.2750397169081567,0.5480152016235064
0.9290628461578586,0.9738709600356898,0.946663686210483,0.9445143458936835,0.9002044225116881,0.9110643883629748,0.9411789225062931,0.9514823511222842,0.9242856041255343,0.9232198769476222,0.9282274333988949,0.9259836892914245,0.9068449457043924,0.8807743964057606,0.9545337203926371,0.891018509808142,0.8951704045223176,0.9113871509824787,0.7889838434466353,0.8931632094315965,0.9130766288739844,0.8657407506494228,0.8625437690961553,0.8167130996849704,0.9318035105745881,0.8949503018967666,0.947983487501096,0.9291759608296134,1.0,0.965328642128977,0.9373007119881878,0.801853014953268,0.9568681864787213,0.9558304159757467,0.9551042025999031,0.9424318617381016,0.9505585607921095,0.9575680550530306,0.9478235584259042,0.8040520678833463,0.8468256018294628,0.9252719130659999,0.9371167747062977,0.8690944733575944,0.912215388219647,0.7578628537239633,0.9402870870133092,0.5127240715553729,0.8454165214545709,-0.9672342833398722,0.47565217304832513,-0.6894453209385043,-0.48592528295279275,-0.26079228198904386,-0.2118080574528686,-0.2789125612897102,-0.44458032696885386,0.2285913190531318,0.36384336424751723,0.883131534461829,-0.9681267070858386,0.29950207055261924,-0.698658240955102,-0.5462423506153277,-0.371817016233313,-0.21430303749014268,-0.3486568639657012,0.28422028547328004,0.46399697888323477
0.9070663887558793,0.9704683309753999,0.9415809221054958,0.9343736195494615,0.8697532662898829,0.8950060556008443,0.9338196489172798,0.9590974415223998,0.9311148042556756,0.9166725137866116,0.9436263176724702,0.9393685172707991,0.8950760234265196,0.8932281611293938,0.9628983714779283,0.9113632518320532,0.8832873676686925,0.9075361683899085,0.766583854958557,0.8987585347958242,0.9412274534081347,0.876188835445,0.8768663156517407,0.8291359330171256,0.9384123522515005,0.877267614628301,0.9566884514235675,0.9079853633694682,0.965328642128977,1.0,0.9547806790560901,0.8140957328926773,0.9600443950674243,0.9662394005023188,0.965644870509645,0.9547253769729502,0.9557896404438235,0.9664064410010962,0.9565351945099068,0.8279683253015022,0.8063073602566639,0.9055986650778102,0.9190110054795826,0.8683459799391753,0.9070333378639627,0.7452139751944576,0.9424542749670647,0.5406852720517524,0.8572937285935606,-0.9753029823705381,0.4665326163245576,-0.6996621557518927,-0.5543756787893779,-0.3258289334916324,-0.19976329230971346,-0.25669051154571787,-0.4258465086157378,0.21171063853905872,0.3772871773581041,0.8877084625233508,-0.9749691289011465,0.28878202790809987,-0.7129285690007562,-0.6074781037457601,-0.42355712455334116,-0.24273185782415665,-0.346183313916275,0.2757924979201379,0.4665771554600737
