0,1,2,3,4,5,6,7,8,9,10,11,12,13,14,15,16,17,18,19,20,21,22,23,24,25,26,27,28,29,30,31,32,33,34,35,36,37,38,39,40,41,42,43,44,45,46,47,48,49,50,51,52,53,54,55,56,57,58,59,60,61,62,63,64,65,66,67,68
1.0,0.9142250578298823,0.918427848194358,0.873691266190469,0.8238653721176161,0.8033480491588689,0.8642938901009185,0.9070807643184176,0.8075965954031046,0.7248301450224194,0.8438806932959009,0.8255152531437834,0.8026936617801774,0.845981901018311,0.8917474048909737,0.6883672793726419,0.8716301401478118,0.6670633004417951,0.6205204558030533,0.7251352751008677,0.8380972924598822,0.7650097409297055,0.616943469863208,0.7671025888897023,0.8451490428224449,0.7881285781550029,0.8821246321061371,0.8776466265566264,0.9018493417161794,0.904983859216447,0.8041237332728546,0.6041363520331516,0.9066407897276827,0.9077238458421385,0.8578654702704377,0.7377052341194026,0.8251221216971832,0.9044941795827259,0.8404166359827856,0.5756141862609244,0.7055474111898745,0.7641683148374039,0.8121819623852454,0.5212244325728235,0.7827595367785257,0.6145551999742361,0.6342837576663752,0.28651934412071095,0.39810841241658834,-0.9057461802218016,0.3497245244549937,-0.5010450982943204,-0.4808184846962762,-0.29474691323645846,-0.20588111331119052,0.10008231180134129,-0.4146309496982333,-0.21170869781849086,0.2181494962629115,0.584531691655186,-0.9033790772605689,0.29362608077880153,-0.45698359457947546,-0.5024530446298645,-0.24069965249378036,-0.11448998527073267,-0.13839188864524507,-0.05510415387460293,0.21856017723976948
0.9142250578298823,1.0,0.9404320673378959,0.9141722731890625,0.7995725692347927,0.8749941380095422,0.9410867867521854,0.922540213078452,0.8500087998543645,0.7900082982980513,0.7873052144367628,0.7276622855895127,0.7647565917800415,0.8530437884721168,0.9189037070340216,0.7697098247586212,0.9242492140697663,0.7867413779748884,0.7659272595388001,0.8409212155188571,0.8680029466218637,0.8210103194421151,0.7445905965080464,0.8124803405947836,0.7366396064040756,0.8897316038673376,0.8906023069751697,0.8663444182202985,0.9477959134468685,0.9100027578229136,0.8593556033104828,0.6873042524845009,0.8745344401715652,0.9270141275627851,0.8901897850147816,0.7878585081924392,0.8800063710115538,0.9215720029653119,0.9025784166614492,0.6192301796564955,0.8199783854133426,0.8681435383562729,0.8626327038439179,0.590921431812764,0.8219529493973408,0.6585231923152992,0.6433628771204002,0.3557344602749598,0.4441412266804625,-0.9487947009554056,0.3399862681073601,-0.4980495488616263,-0.5402742012314652,-0.26797320638529487,-0.2237193828563183,0.14865796018827995,-0.42402909746922446,-0.20949103291078497,0.22294124723054062,0.5785602395102258,-0.9372776847523946,0.25353818873877226,-0.44599165579712596,-0.5601942577392771,-0.22588677260227175,-0.09572928009797858,-0.1768685175228213,-0.03156956083564437,0.21134451001103172
0.918427848194358,0.9404320673378959,1.0,0.9271493785988631,0.8106107963367571,0.836021368015305,0.9281691283769432,0.9074868055616043,0.8324521851771121,0.7922230221478934,0.808772444023263,0.7713234452490229,0.7884964144738781,0.8177264994419238,0.9129496100331844,0.759403677831813,0.9273200456836921,0.7770710366825856,0.70210607444022,0.7939031922460458,0.868320267184403,0.8038297012841055,0.7081750854699567,0.814112052227392,0.763505708465348,0.868369626442673,0.8708848167292655,0.8744750246933658,0.9314285985051813,0.9181738325490356,0.8551288486285206,0.6467164826177758,0.8540178281038358,0.9216830432102266,0.8786539854740553,0.7973341305882126,0.8421150065659014,0.9157658008150524,0.8765607751506279,0.6553921119582908,0.7713882171449529,0.8145376135263479,0.8501455971451667,0.5574811701959291,0.8391875165073527,0.658662424967433,0.6645010026609114,0.4136636234167746,0.44804688910663715,-0.9288342670242562,0.3378525269123486,-0.5180735078837959,-0.5484260392243239,-0.2966511914400258,-0.22548458471260954,0.0725183495789826,-0.4081740606476959,-0.21810095406806984,0.16722369088225644,0.5485746980594077,-0.9558884171211712,0.24076993749386763,-0.49721251673163774,-0.5604892543128499,-0.3150521354991453,-0.1400455007380787,-0.23533487257681285,-0.11906798492148638,0.1696250669758699
0.873691266190469,0.9141722731890625,0.9271493785988631,1.0,0.6953812799563358,0.7958069370380679,0.9134116704091908,0.865574724298779,0.8115366211149958,0.7649675222959678,0.7550336941548828,0.7095239050190276,0.7605296495278296,0.7758209055376335,0.9097348220758605,0.8080535217599145,0.9048379247476526,0.8122157737257283,0.7145113723241298,0.8364547440529368,0.8349433518288749,0.8657601793539458,0.6976259215879974,0.8117612529541695,0.7027388724764992,0.8323075605710513,0.8422545343551393,0.8089789864141875,0.9155840381859844,0.8908270564555306,0.8890028872739055,0.6496276267671024,0.806609703739606,0.894780104926924,0.8794351462394898,0.7836466121976756,0.8142939508439132,0.9024362506599224,0.8459275357791189,0.6370909574013679,0.7940295173071857,0.7832713379760669,0.8107918414554927,0.5848435159613823,0.8435077693233171,0.6710813611081426,0.6865507254811155,0.4023248127298189,0.47185175822069614,-0.9138307132649921,0.27445457664367545,-0.5084385893928647,-0.5434030860465004,-0.312547454048185,-0.193908893326036,0.017748262056565742,-0.38755900945479516,-0.1961399110755954,0.15984405077278913,0.5078732067530372,-0.9204179472708657,0.17851584885354635,-0.46273209815385546,-0.5726464589098764,-0.31329315035850075,-0.14793731908108756,-0.2460583664562777,-0.12262516983257929,0.17391786846944327
0.8238653721176161,0.7995725692347927,0.8106107963367571,0.6953812799563358,1.0,0.7860388311435399,0.7499373590016458,0.8173819298682425,0.7383632700957737,0.7078844813233051,0.7578970990827413,0.6789264699929747,0.7702256652822577,0.7602823888708622,0.7110921034784335,0.5438939432419311,0.7594383331514656,0.5070262665130811,0.4991167731246726,0.5989804201005078,0.7791557652084596,0.5954684049802011,0.5344299646733398,0.6999416823713163,0.7302405597827762,0.7114954946726979,0.7478382163348053,0.7803032537131194,0.7614293345105008,0.7922879776752749,0.633502356092788,0.5645889876259362,0.7836174378120793,0.782092734775665,0.7337389198215714,0.6742797761480249,0.7618123551841889,0.7683296402142555,0.7621815267236365,0.5547035513023132,0.5744084457440846,0.6968539936417517,0.7715723560748416,0.38451408303801543,0.6558116856579531,0.5129961175995295,0.5429879554068299,0.28309061483497544,0.20583462096516666,-0.7804385226477033,0.3550528563522729,-0.3777900096942528,-0.3783813715883963,-0.17480338890850228,-0.18122698715714936,0.25412532311498265,-0.32750618904062967,-0.1463920970732897,0.2579004156019723,0.537353558409252,-0.7822691237216209,0.3086820561219406,-0.3248971623207773,-0.40824231294510394,-0.11771039217672041,-0.049535382354674966,-0.019604437279087488,0.06378121412541125,0.23039058944511182
0.8033480491588689,0.8749941380095422,0.836021368015305,0.7958069370380679,0.7860388311435399,1.0,0.8567867905009852,0.8234288652759323,0.799663272126666,0.7474833444332523,0.66049974335637,0.5785637055095897,0.6622827099015952,0.7978676031841457,0.8205222134512329,0.6844027799652229,0.8090689815529851,0.6846947957783992,0.7586594299833113,0.8429005028638088,0.800527195303138,0.697368221531526,0.7010786947561976,0.7196839945101314,0.6000541281608132,0.8696901950316861,0.8000199772368769,0.7426516056936875,0.8518949019718637,0.7751146190645819,0.7351255477049621,0.6287323958732934,0.7848605525031104,0.8231155032530851,0.7618985608297214,0.6938224520381265,0.8007097830745695,0.8217269900780015,0.8234713077779026,0.5165282569418572,0.7778803839273264,0.8154846667157105,0.7936263424940683,0.5218590992695279,0.7307125644784438,0.6282667304687224,0.48849266089482846,0.26462847405796247,0.3907891119496215,-0.8507422743870808,0.285977552609455,-0.44232175608315644,-0.42075021687948316,-0.21129641167658247,-0.17643432556185562,0.22718657570555303,-0.43464830770249513,-0.17266510224838447,0.24243254028812875,0.5157675465249298,-0.8295518957126492,0.218335749251621,-0.3216078786260921,-0.4734758704760728,-0.14592373335086073,-0.07950700758170329,-0.19246440929756656,0.012709029089980626,0.16474737772928966
0.8642938901009185,0.9410867867521854,0.9281691283769432,0.9134116704091908,0.7499373590016458,0.8567867905009852,1.0,0.8840104833924972,0.8300083567192211,0.7764569495740297,0.7555293176587438,0.6439722868319909,0.7051615689731359,0.8205688525941656,0.9046996177590934,0.7712267453262185,0.9519618938094893,0.8361628025983097,0.7899376249869102,0.8505216810537807,0.8276162670522698,0.8167782696990463,0.7557076055217969,0.8092106709551078,0.6909843442946773,0.9278909721128563,0.8671053448194319,0.8165983952083515,0.9349050144898109,0.882141484827641,0.8523182759480169,0.714197921139753,0.8357184558683689,0.9062805741453986,0.861893743673463,0.7911287189730656,0.8546748629897212,0.8983975720480296,0.8771609813878953,0.6172537250377504,0.8109251145664067,0.8797473310085483,0.8758811031985811,0.6044365918309419,0.8224984879876609,0.6875550282229403,0.6260974276262522,0.36974781705477683,0.44626976855561434,-0.9281043507889444,0.31007126843655425,-0.4886142062526602,-0.5493012091341862,-0.2660077798696623,-0.20277195766858877,0.11580974512558143,-0.41511201426295363,-0.21317974940154638,0.18679024719700305,0.5597013491552407,-0.922622165453032,0.19771397961396842,-0.44747904164837393,-0.5559951092088112,-0.2472509533890922,-0.10200207752588786,-0.2281240076333017,-0.08730149432581664,0.15643303301496805
0.9070807643184176,0.922540213078452,0.9074868055616043,0.865574724298779,0.8173819298682425,0.8234288652759323,0.8840104833924972,1.0,0.8068720832940716,0.7341244710331087,0.8735706011755567,0.7261537837915752,0.7738727232520733,0.9059689326590038,0.9106654317328249,0.716544293789103,0.8847584069485962,0.7117608965847313,0.6558763137764299,0.7537734192436043,0.8473399845574747,0.8139365154937858,0.6447034868947233,0.78979165154372,0.8136170024650468,0.8102217336335248,0.91091794370998,0.8366037080873652,0.9059917822545291,0.9203463085938491,0.8255316058903612,0.6698318519665777,0.9222778218942594,0.941038351665576,0.9050194303976994,0.7604725426099221,0.9083475393000723,0.9362060240386777,0.8803265260580421,0.5751695023879826,0.7185291865449543,0.7841807932759427,0.8366548711966328,0.6044337242295299,0.7946034877755029,0.6121369170942812,0.6454472032593475,0.25805850528898017,0.32917798254886627,-0.9470031818181962,0.2631701710417968,-0.5443126850727651,-0.5687221630953904,-0.3533990386901567,-0.2088742542932762,0.270022294141154,-0.3664334132473317,-0.1606739409945646,0.25010217429690984,0.6585429843668266,-0.8954955462803017,0.21079622730346978,-0.46768004273170843,-0.5659628136502146,-0.2331682289415998,-0.07409975797740179,-0.06693018109194335,0.030577145514472295,0.25501968276680104
0.8075965954031046,0.8500087998543645,0.8324521851771121,0.8115366211149958,0.7383632700957737,0.799663272126666,0.8300083567192211,0.8068720832940716,1.0,0.7954756492284552,0.6591155556274915,0.6628442826552435,0.7455838642578413,0.7121266352578505,0.7829215109801347,0.7063500858167422,0.8213610280295208,0.6586241349432534,0.6318885360023534,0.751338428252819,0.8014614242930803,0.7260230644906412,0.6501580790900363,0.7653632574317477,0.6278720970559164,0.7918723964110196,0.7954665159416621,0.8071393623262719,0.8323768741896677,0.8228906356819958,0.7707897450111887,0.6372246371628364,0.7582651604905648,0.7943215904998001,0.7758499052595084,0.745580797786124,0.7846238167462917,0.7938305602646532,0.8166997061842864,0.5771989385755726,0.7452049832148703,0.7768198076108582,0.7805452884289512,0.42921440861806237,0.7559222714344027,0.6350094424108625,0.5868298090744497,0.31528368897172576,0.4674990600769794,-0.8395425560389125,0.3677120451497495,-0.4317773824200716,-0.5167778982348799,-0.22397011988327892,-0.14099639811251288,0.09073982347039472,-0.4291740408531241,-0.16546619300595267,0.2668392380128822,0.4593341557580376,-0.8455857808111383,0.2975665426170874,-0.3696995727506339,-0.5349347763194774,-0.2122081410354858,-0.11019828611164349,-0.14943248008451213,0.05604391348500964,0.25868052318600615
0.7248301450224194,0.7900082982980513,0.7922230221478934,0.7649675222959678,0.7078844813233051,0.7474833444332523,0.7764569495740297,0.7341244710331087,0.7954756492284552,1.0,0.6025244135957989,0.6006707237011184,0.757014521158312,0.5889298816548036,0.7082231906378246,0.6985931243085723,0.7897530709844018,0.6168202486481962,0.6143178596445854,0.7489639642466918,0.8037371150745392,0.6591438719501491,0.679553816236666,0.6812991660371311,0.5269851436083078,0.7700429939181171,0.6752036077609997,0.7384956916356469,0.7615230964333077,0.7536687910634273,0.7078977549375297,0.572109812981103,0.6510051876885771,0.7156759497231763,0.6674377672592509,0.626079663018326,0.680463063345434,0.7146118598372102,0.7450979929845482,0.6067552762937368,0.6707731138654481,0.7659044807795281,0.8022789612283449,0.5389261303923344,0.7811794381539974,0.6489531810853754,0.478801207222571,0.3835567020737213,0.47262657601523383,-0.7530649701009721,0.31506292468070296,-0.4214110216398304,-0.47872247513110705,-0.15009515846316615,-0.14130239375510198,-0.05708972651777924,-0.36011826115427403,-0.18071416065464635,0.16062041503152194,0.38421856748351724,-0.7984697785797898,0.29135330477356636,-0.3973198635862571,-0.538420658007999,-0.2509050079715952,-0.1804704608491468,-0.260317455062487,-0.04012711072731609,0.1952199120233203
0.8438806932959009,0.7873052144367628,0.808772444023263,0.7550336941548828,0.7578970990827413,0.66049974335637,0.7555293176587438,0.8735706011755567,0.6591155556274915,0.6025244135957989,1.0,0.6683598505606286,0.7071225118963348,0.8044665036911567,0.8090371876597634,0.5934769672470431,0.7824348896202415,0.5924112496243273,0.46993327635232757,0.5474832246361366,0.7140566172755483,0.7354369681197269,0.5043927128437936,0.6883465640542983,0.883611313212946,0.6526762396919673,0.8173856844945658,0.7521863047530488,0.7821630407834862,0.8518369214153533,0.7407088288041495,0.5539200933255177,0.8605747381112614,0.8530913263846045,0.8359289498452898,0.6582283602336662,0.7867846022775375,0.8543972455365065,0.7633114119728981,0.49737565953726737,0.5416799983080698,0.632717133638127,0.7311846264510591,0.4675298523667871,0.6911573613447584,0.5099367543102657,0.6460493744247506,0.2071575478640886,0.2012036106910632,-0.8261079982502025,0.2779538766051593,-0.43901133649152546,-0.441972796143319,-0.3022839164201811,-0.160463918379139,0.22104922899000062,-0.23262891518172626,-0.07022195784249279,0.19595413896520145,0.6484146575754207,-0.7769393411381642,0.26909685000812145,-0.4131316429336311,-0.46477202675418827,-0.19902300826409441,-0.0750132885440864,0.0442263353554688,0.04833652773004509,0.21750037231475108
0.8255152531437834,0.7276622855895127,0.7713234452490229,0.7095239050190276,0.6789264699929747,0.5785637055095897,0.6439722868319909,0.7261537837915752,0.6628442826552435,0.6006707237011184,0.6683598505606286,1.0,0.742127888593879,0.6020394151296125,0.7016854691718373,0.5729893984448405,0.6789807674167033,0.5120894964057046,0.4370313805820966,0.511511998376733,0.7229213008734042,0.5697875030111745,0.49211051659834226,0.5792097703871825,0.7030608833717249,0.5604557629668832,0.6501495921487257,0.7546373154925198,0.6959124888912406,0.7463310847510378,0.6059402357737674,0.32978166949531684,0.707134258574948,0.7227637295993924,0.6707758347840455,0.504916793199653,0.6071245709679152,0.7161282960136305,0.6686034896465434,0.5037109238438272,0.49851503831327115,0.5275294307887699,0.5943346003580375,0.3961656666371923,0.6353007740066,0.43517858120470737,0.4635679014978631,0.32659526663422117,0.3670111948824832,-0.6877848574964253,0.3748299315347291,-0.3994213592350352,-0.3987902555954754,-0.2731217509028,-0.14736426443143566,-0.11360010452240739,-0.2578103148452217,-0.16459191200910997,0.060912891837387996,0.37190733275901117,-0.766506200851135,0.2611273449157218,-0.43590855004850276,-0.4438461220121901,-0.3314984453761986,-0.14788650133705827,-0.17203090064690496,-0.09263328235515818,0.11993999775384785
0.8026936617801774,0.7647565917800415,0.7884964144738781,0.7605296495278296,0.7702256652822577,0.6622827099015952,0.7051615689731359,0.7738727232520733,0.7455838642578413,0.757014521158312,0.7071225118963348,0.742127888593879,1.0,0.6703544772981964,0.7162898576163295,0.6672774893923229,0.7258083694289391,0.49411641816776875,0.4216484116804832,0.6300183719877005,0.776991892275487,0.6831083628918839,0.5225534273684282,0.6701744133934532,0.6782385310891175,0.6370388594363676,0.6924751463669135,0.7049415185672516,0.7157840012414902,0.7748482683264085,0.657231525685107,0.47900461075888123,0.7261559760824884,0.7460346176535334,0.7167000050959017,0.6177684144936317,0.7069449904073056,0.7603040715670082,0.7243922337380001,0.5939321201645612,0.5603402998076957,0.6249667637424426,0.7223915924407192,0.41358098825101114,0.6684050472777517,0.48581425690711233,0.535678961580606,0.3384738686209959,0.3514634011276433,-0.7489757388046453,0.36431124734063275,-0.4263396193260919,-0.48314472634595884,-0.21961567603917095,-0.12977641383210417,0.05150034705014899,-0.3285289336736287,-0.13153076960241492,0.14889628343840852,0.43654085992524233,-0.7917084952305977,0.31760797174676114,-0.4274137240796462,-0.5192224320590542,-0.22229968619319138,-0.1245742360344323,-0.10314559581396228,0.054531012332890635,0.20923508923196968
0.845981901018311,0.8530437884721168,0.8177264994419238,0.7758209055376335,0.7602823888708622,0.7978676031841457,0.8205688525941656,0.9059689326590038,0.7121266352578505,0.5889298816548036,0.8044665036911567,0.6020394151296125,0.6703544772981964,1.0,0.840014556250239,0.5904914959165839,0.8036180375227386,0.6457722296390226,0.6052155527261941,0.696097645148689,0.7643148867674419,0.7562149287164741,0.551990260368895,0.7014326856782817,0.7713883001863363,0.754433841767078,0.8894628510290078,0.7467261012160741,0.8444519997220661,0.8290663185875468,0.749791375988083,0.6641925275315766,0.8926321720649084,0.8927416393158414,0.828789486249626,0.7196262370618314,0.890359534130264,0.8872094897384653,0.8054385508976608,0.4492207269302972,0.6659836131414715,0.7328638647476277,0.7696704467826635,0.501691672780906,0.6876082956110123,0.5665187688332097,0.5793493645342287,0.14093472002472968,0.20726129158737636,-0.891977643230102,0.21792815065418364,-0.5242980070841672,-0.46836183936429576,-0.3329414658731499,-0.19063561366922097,0.427699998930753,-0.37876771103444984,-0.15611889627083225,0.29689376195822026,0.697675629501234,-0.7887117839695111,0.18429436772281393,-0.3985895306066172,-0.4410985990961992,-0.11161820048517701,0.03691269359987639,0.033289886914723676,0.03350415784712583,0.23406795454045937
0.8917474048909737,0.9189037070340216,0.9129496100331844,0.9097348220758605,0.7110921034784335,0.8205222134512329,0.9046996177590934,0.9106654317328249,0.7829215109801347,0.7082231906378246,0.8090371876597634,0.7016854691718373,0.7162898576163295,0.840014556250239,1.0,0.7740556752085678,0.8915619833096106,0.7924254940202259,0.7187269646461227,0.8245407216132158,0.8169980225357121,0.8325367827689243,0.6902966331134844,0.7711584323198739,0.7508237309977427,0.8304868626749503,0.8826575830930645,0.7957958315926845,0.9294281889180308,0.8818254608822018,0.8551478688888854,0.6547348720910856,0.8702924860309117,0.9318723913803109,0.8806173707295288,0.7481811867190381,0.8417950634861401,0.9357789518989778,0.856465897726933,0.574513178175109,0.7565610374083658,0.7718222026142731,0.7971013540453558,0.5984129877033317,0.7984820906328894,0.651319770361516,0.6211640654098634,0.3236863059022234,0.4305396256789741,-0.9343962968330888,0.2700312900518012,-0.5493356692605655,-0.5524892560415825,-0.3885639996174616,-0.2132549543452281,0.11122001948826761,-0.4169575967501742,-0.16104303488063956,0.18575057505538092,0.5815119562035745,-0.9075912101113085,0.17013889158829013,-0.4813967896921429,-0.5556439019826029,-0.3169566374197694,-0.1250746428550106,-0.2162610433395075,-0.07395037068625404,0.18855283432928155
0.6883672793726419,0.7697098247586212,0.759403677831813,0.8080535217599145,0.5438939432419311,0.6844027799652229,0.7712267453262185,0.716544293789103,0.7063500858167422,0.6985931243085723,0.5934769672470431,0.5729893984448405,0.6672774893923229,0.5904914959165839,0.7740556752085678,1.0,0.7548855609756914,0.7747866040842625,0.6785720756293102,0.7996914765463365,0.7036794397698143,0.801509866385598,0.7526121797416085,0.6760747299270154,0.4841496523591897,0.71469868404015,0.6888198470147928,0.6528513284347262,0.7469275994461391,0.7306923022023721,0.7504386468052807,0.5707135324677408,0.6492705737305207,0.7554367674837565,0.7333773436825699,0.6350214263255205,0.6651752246169722,0.7753217375489002,0.7554738223441382,0.6257606305999339,0.7006602575500473,0.6655409434575498,0.6694433700621516,0.4463546195907036,0.6798200443681099,0.54599186450392,0.493454526590204,0.44032775789119466,0.46127616160736123,-0.7677795227796002,0.2794610954322565,-0.386008742892439,-0.5699436244899808,-0.3014473734272397,-0.14506124221863667,0.025390560148754675,-0.37174573458326804,-0.17770757504755633,0.11285277393892643,0.35238003003810775,-0.7830518335970807,0.16496393042977447,-0.3598897686455015,-0.6110956525255097,-0.3164232943650586,-0.14115569447587367,-0.27673628480745305,-0.006923242085761817,0.16543025129437486
0.8716301401478118,0.9242492140697663,0.9273200456836921,0.9048379247476526,0.7594383331514656,0.8090689815529851,0.9519618938094893,0.8847584069485962,0.8213610280295208,0.7897530709844018,0.7824348896202415,0.6789807674167033,0.7258083694289391,0.8036180375227386,0.8915619833096106,0.7548855609756914,1.0,0.8180283837459134,0.735186571960644,0.800287567507156,0.8262392592670721,0.8212764711778903,0.7393699111505339,0.7958023061556971,0.7222269438374818,0.8964045088286277,0.8512103641112962,0.8191179476414268,0.9139216703538108,0.8878132394901496,0.8500125972534394,0.6851077140934141,0.8285903014451552,0.8993410583273661,0.8528007014924794,0.7681790849666885,0.8441879914018939,0.8952606464942031,0.8703626947070162,0.6184296017787023,0.7650244678587271,0.8523313959094914,0.8759407410765608,0.5762654288405018,0.8237941744201731,0.6704174822326334,0.6222187408036938,0.36171208170735536,0.44390666243286364,-0.9141738025617848,0.2918741257775423,-0.5052875163521142,-0.5681044509044584,-0.2847581395884285,-0.1995789869564172,0.07251329493888084,-0.39398277546131,-0.19092816352283218,0.16474901579038165,0.5566913877275815,-0.9191682567205306,0.20936390806295727,-0.4972066779756467,-0.5653566614024482,-0.2846052122860078,-0.12055444471865473,-0.21073000314919757,-0.08129569430623411,0.1600786392881698
0.6670633004417951,0.7867413779748884,0.7770710366825856,0.8122157737257283,0.5070262665130811,0.6846947957783992,0.8361628025983097,0.7117608965847313,0.6586241349432534,0.6168202486481962,0.5924112496243273,0.5120894964057046,0.49411641816776875,0.6457722296390226,0.7924254940202259,0.7747866040842625,0.8180283837459134,1.0,0.8084173773981987,0.7896555522451302,0.6872229524286527,0.787691614066425,0.7898819469613797,0.6391928230796392,0.48531207912871904,0.7811492905483219,0.6933189121803595,0.6351635799461046,0.7954852138195505,0.7204820918317546,0.7791678264475741,0.5741601365512062,0.6458033375005421,0.7618480601429899,0.7267354182786733,0.5939803979990628,0.7039874850628592,0.7706498234124958,0.7498657956883243,0.5167131938023439,0.6893189672138756,0.6949501315973996,0.6581859773444961,0.5029401153168455,0.6882976394058491,0.5199935040718455,0.45988233452253885,0.38632823175195974,0.3742891694669549,-0.7851601831733146,0.19023635390559238,-0.43463567518292046,-0.5396860601405467,-0.33798159252508597,-0.13364690339256372,0.015852109761110983,-0.36614441625583255,-0.16053183016657518,0.07648289428275594,0.46878260021721657,-0.7702213419621993,0.08769388926602764,-0.4312925467574385,-0.5130949810320797,-0.3210784004195348,-0.11165957996133559,-0.2973829043916384,-0.12121891296046625,0.07767084305981886
0.6205204558030533,0.7659272595388001,0.70210607444022,0.7145113723241298,0.4991167731246726,0.7586594299833113,0.7899376249869102,0.6558763137764299,0.6318885360023534,0.6143178596445854,0.46993327635232757,0.4370313805820966,0.4216484116804832,0.6052155527261941,0.7187269646461227,0.6785720756293102,0.735186571960644,0.8084173773981987,1.0,0.8140911620618279,0.6292116810618845,0.6333677922190047,0.8066633936666446,0.597290197761344,0.40423731179482714,0.7900196625689186,0.6583291854880383,0.5945129338344878,0.7625643892778768,0.6588060708844563,0.6932617613011759,0.5018633569359121,0.6152356350850312,0.6886296652974117,0.656174641753051,0.5518680999659101,0.6540533514185246,0.6915867827956332,0.7298317328807891,0.4842371369489773,0.6879067654905248,0.7693537434082184,0.644423207634888,0.5919830406109181,0.6384643885936395,0.5186845235171385,0.4020431603323648,0.33367641062967723,0.3762138383249336,-0.7212506762662425,0.1666169703245256,-0.3869574158325017,-0.4843873832203429,-0.24520359442012318,-0.1830859068583005,0.06124117642641834,-0.3678827389199162,-0.20806121072100822,0.10764190037791517,0.3585223096519159,-0.7227704251027084,0.09363893597838897,-0.28287718888528474,-0.48352673812214303,-0.22326760847220184,-0.10365278136048216,-0.262207802550426,-0.049831158794601475,0.10691581255777945
0.7251352751008677,0.8409212155188571,0.7939031922460458,0.8364547440529368,0.5989804201005078,0.8429005028638088,0.8505216810537807,0.7537734192436043,0.751338428252819,0.7489639642466918,0.5474832246361366,0.511511998376733,0.6300183719877005,0.696097645148689,0.8245407216132158,0.7996914765463365,0.800287567507156,0.7896555522451302,0.8140911620618279,1.0,0.7646375094216034,0.7772604674553014,0.7990116003817038,0.6871709792331856,0.47282560792329903,0.8257420591968242,0.742681352901943,0.6692776118737878,0.8338362214211055,0.7412984740983644,0.7978542186671411,0.6136822222741958,0.7006517275918472,0.7842410581823201,0.739194501216261,0.6595406221806402,0.7429765772294619,0.7958549610659327,0.808545679122598,0.5748966575422146,0.7692844823198721,0.7794785926577321,0.7371677115206391,0.5738113836498471,0.7363438677921315,0.6141650130937607,0.47444462218732003,0.3896728064784364,0.4912476038221501,-0.8251142730057154,0.1963985895732388,-0.4513290718266892,-0.5278379066260128,-0.2796141165373617,-0.20073674086399568,0.07247201567704083,-0.4681637927945982,-0.20381513867844817,0.17273426323674212,0.38559540519388186,-0.8156485427289888,0.12089470155394169,-0.34744844173952577,-0.5602418711465227,-0.23645080137953323,-0.09925177556813264,-0.3000228755876141,-0.017164323247493316,0.17458653809586314
0.8380972924598822,0.8680029466218637,0.868320267184403,0.8349433518288749,0.7791557652084596,0.800527195303138,0.8276162670522698,0.8473399845574747,0.8014614242930803,0.8037371150745392,0.7140566172755483,0.7229213008734042,0.776991892275487,0.7643148867674419,0.8169980225357121,0.7036794397698143,0.8262392592670721,0.6872229524286527,0.6292116810618845,0.7646375094216034,1.0,0.7832713240327994,0.6153661934346294,0.704206737471983,0.6337434880730208,0.767714424344102,0.7888422647206098,0.7884311926756009,0.8398169489411447,0.8463075067038046,0.8008608614753794,0.6240921855518345,0.770507697032815,0.8330016446340553,0.7868500692808446,0.6849040877591025,0.8161615760817306,0.8224151813005504,0.7963856102925867,0.5459687359288492,0.7250782402061647,0.7396926574161667,0.7848789098551165,0.4532276540889391,0.7420672776788501,0.5634502261158167,0.5477023849669056,0.2896884961129328,0.34925983923364956,-0.8714301724361311,0.31876130822156534,-0.5130487266618435,-0.46731470736316866,-0.2819363190588973,-0.1500022826853551,0.1457789938594766,-0.43713981110642064,-0.14023061362177563,0.2304531049033464,0.5627283634604645,-0.8349334968719034,0.2533402943499758,-0.41608072032894217,-0.5211311554619902,-0.22578735533922462,-0.09963011521343303,-0.18601841209845166,-0.027670286209857002,0.21265508891479884
0.7650097409297055,0.8210103194421151,0.8038297012841055,0.8657601793539458,0.5954684049802011,0.697368221531526,0.8167782696990463,0.8139365154937858,0.7260230644906412,0.6591438719501491,0.7354369681197269,0.5697875030111745,0.6831083628918839,0.7562149287164741,0.8325367827689243,0.801509866385598,0.8212764711778903,0.787691614066425,0.6333677922190047,0.7772604674553014,0.7832713240327994,1.0,0.6790905803786579,0.7437480902392262,0.6313843895703407,0.7191121425246404,0.785039013465611,0.6944182791278872,0.8105667521475864,0.8313546663610888,0.9025025467495192,0.6983616177191602,0.7347110537346053,0.8305346033154593,0.8588821196628321,0.7288983009885742,0.8089366867373231,0.8497553537738427,0.8076735694824387,0.5834516754008839,0.7279537186846454,0.6872229031919593,0.7297235160281775,0.4416532396310044,0.7361059178801369,0.5571387642851577,0.6362637388032796,0.32229948602302927,0.3325872093131357,-0.8648492045663587,0.15454668552071074,-0.442153393234348,-0.5398474494319895,-0.3349349454985938,-0.13539480404795376,0.19057575159631956,-0.35520750620922253,-0.10349113372678177,0.20237861506393182,0.5330794906159456,-0.7916299270180427,0.1100695006651326,-0.3815785059036734,-0.5437043315329948,-0.19912926719749008,-0.07014903105537497,-0.08572763035692357,0.03638816343868411,0.22645778786966544
0.616943469863208,0.7445905965080464,0.7081750854699567,0.6976259215879974,0.5344299646733398,0.7010786947561976,0.7557076055217969,0.6447034868947233,0.6501580790900363,0.679553816236666,0.5043927128437936,0.49211051659834226,0.5225534273684282,0.551990260368895,0.6902966331134844,0.7526121797416085,0.7393699111505339,0.7898819469613797,0.8066633936666446,0.7990116003817038,0.6153661934346294,0.6790905803786579,1.0,0.5827780425837589,0.4034394548823838,0.7648209180401206,0.6215485783934454,0.6262498513300997,0.7092123809512713,0.6628130353058109,0.6978517723745374,0.48059137752023134,0.5752644568533472,0.684945920349535,0.6447622161984691,0.5446856222725013,0.6255058583620099,0.6898122767561496,0.7851435076794531,0.6227077287413008,0.6463282304702316,0.7176901521387707,0.6614667646878677,0.47778760486950794,0.6309409748361682,0.4780297007393342,0.3646082607375296,0.5396177982662611,0.47684380090548617,-0.6954489630665164,0.1891792519199571,-0.3262684040526297,-0.5055713567576761,-0.20629635092994994,-0.15561152624931732,0.015078943628130986,-0.3322429929965342,-0.1828866506002808,0.06256243140416771,0.2909628633714823,-0.7510922342711108,0.12465307783025464,-0.32170933913427163,-0.5353996877812919,-0.2438297134351612,-0.11656325012871428,-0.2734085664248463,-0.02083173325791698,0.11121508091696679
0.7671025888897023,0.8124803405947836,0.814112052227392,0.8117612529541695,0.6999416823713163,0.7196839945101314,0.8092106709551078,0.78979165154372,0.7653632574317477,0.6812991660371311,0.6883465640542983,0.5792097703871825,0.6701744133934532,0.7014326856782817,0.7711584323198739,0.6760747299270154,0.7958023061556971,0.6391928230796392,0.597290197761344,0.6871709792331856,0.704206737471983,0.7437480902392262,0.5827780425837589,1.0,0.6378420709402419,0.7489034196484771,0.7777319920130655,0.797059096622469,0.8105183521615168,0.8168000918768502,0.7900672487442739,0.7640210171348154,0.730090792058438,0.7953679647085422,0.7960261409051087,0.867907738138055,0.742548007053421,0.7865412984165657,0.7710567705782297,0.6907308105749376,0.7458232985235241,0.7467083334393456,0.7662411247913171,0.5054747512635903,0.7626574706133374,0.6214773785373168,0.7463210932681726,0.4010503631450648,0.4105720050910113,-0.8125448426404906,0.19053709821288586,-0.3600144999730707,-0.427812564397286,-0.20319993782621507,-0.17692158068329902,0.14176736044514218,-0.33999480659383363,-0.2330367379999308,0.20421105035438578,0.4349202833324824,-0.8191612930757748,0.10272885735565555,-0.36219907580816296,-0.43769551175894955,-0.21117705089824454,-0.10009545143664225,-0.14057361900354032,-0.07767104302499504,0.22018572761112631
0.8451490428224449,0.7366396064040756,0.763505708465348,0.7027388724764992,0.7302405597827762,0.6000541281608132,0.6909843442946773,0.8136170024650468,0.6278720970559164,0.5269851436083078,0.883611313212946,0.7030608833717249,0.6782385310891175,0.7713883001863363,0.7508237309977427,0.4841496523591897,0.7222269438374818,0.48531207912871904,0.40423731179482714,0.47282560792329903,0.6337434880730208,0.6313843895703407,0.4034394548823838,0.6378420709402419,1.0,0.5941157375701333,0.8053811665129681,0.7332983041500971,0.7416140740072868,0.8194219189617798,0.6603885920780365,0.46817870655916505,0.8673275709865779,0.7970436781033404,0.7925755070868313,0.6247937761179754,0.7141897801067204,0.7938314534937624,0.7028244154539046,0.42827893059679245,0.45852145281910156,0.5831286526673551,0.6970404100960789,0.46746321315413286,0.6541686766807658,0.491297922516296,0.6342520467454336,0.16709861049539895,0.1817973934756516,-0.7649128628590387,0.26021785502789296,-0.4174566701650846,-0.41678532840345023,-0.3106251758140907,-0.16001316236976434,0.13314492312079093,-0.22439474306295415,-0.0901741085446394,0.17880320060869404,0.5976848272460905,-0.74759911931948,0.2641982689915341,-0.4328477433059923,-0.4149736608239401,-0.21152103540539485,-0.07503886764743119,0.06196383179942947,0.014578708563200742,0.21211495322108112
0.7881285781550029,0.8897316038673376,0.868369626442673,0.8323075605710513,0.7114954946726979,0.8696901950316861,0.9278909721128563,0.8102217336335248,0.7918723964110196,0.7700429939181171,0.6526762396919673,0.5604557629668832,0.6370388594363676,0.754433841767078,0.8304868626749503,0.71469868404015,0.8964045088286277,0.7811492905483219,0.7900196625689186,0.8257420591968242,0.767714424344102,0.7191121425246404,0.7648209180401206,0.7489034196484771,0.5941157375701333,1.0,0.8005246649808162,0.7661388616740467,0.8713892476927788,0.7919605381850005,0.7645843089662056,0.6631742302100346,0.7638887143952767,0.8230747718572902,0.7688458201544431,0.7230720649415882,0.7899637717058805,0.8110493582416749,0.8345041117048345,0.5497085995666999,0.8136365562745755,0.8832082863268237,0.8515080615095477,0.5900147192666605,0.7772780181901782,0.675715706936695,0.52498705892587,0.3363215816470689,0.44565611620035944,-0.859504829347696,0.3001375072273795,-0.41750854872671606,-0.5050636682967609,-0.2246502285959117,-0.18784040531458845,0.1210161792116791,-0.43680283269597997,-0.23456053021659606,0.1743520424529996,0.5199884231136165,-0.8659437592122952,0.2099683518586392,-0.39949739593191097,-0.5314310130942546,-0.20876219972704343,-0.08633201626341912,-0.2600590733818211,-0.10374846204291968,0.13277601309301446
0.8821246321061371,0.8906023069751697,0.8708848167292655,0.8422545343551393,0.7478382163348053,0.8000199772368769,0.8671053448194319,0.91091794370998,0.7954665159416621,0.6752036077609997,0.8173856844945658,0.6501495921487257,0.6924751463669135,0.8894628510290078,0.8826575830930645,0.6888198470147928,0.8512103641112962,0.6933189121803595,0.6583291854880383,0.742681352901943,0.7888422647206098,0.785039013465611,0.6215485783934454,0.7777319920130655,0.8053811665129681,0.8005246649808162,1.0,0.8211952575410203,0.9019143546237446,0.8874777062844226,0.8156487243041134,0.6954747263436334,0.9239406699292172,0.9062994484978025,0.8782919160216515,0.7924988776914199,0.859804544387821,0.9012524452336907,0.8453574198247974,0.531962059139069,0.7208645371994578,0.8038791304092677,0.7979354409783344,0.5561012353877123,0.7756075438317529,0.6536786382865817,0.6759607897539958,0.22381561475360573,0.3422730797085038,-0.9285846905915889,0.2585214106902424,-0.5635004280682848,-0.5454177003285217,-0.35656397995438804,-0.20892799212759208,0.2593535809059049,-0.4622606488481804,-0.23692650125364934,0.27545531112950195,0.6142732177119987,-0.8578413188772464,0.24954907714932065,-0.4294791264548853,-0.5438732072311532,-0.2198456857096183,-0.04150906184252139,-0.10421396367809911,-0.027598406060549488,0.2710939647613598
0.8776466265566264,0.8663444182202985,0.8744750246933658,0.8089789864141875,0.7803032537131194,0.7426516056936875,0.8165983952083515,0.8366037080873652,0.8071393623262719,0.7384956916356469,0.7521863047530488,0.7546373154925198,0.7049415185672516,0.7467261012160741,0.7957958315926845,0.6528513284347262,0.8191179476414268,0.6351635799461046,0.5945129338344878,0.6692776118737878,0.7884311926756009,0.6944182791278872,0.6262498513300997,0.797059096622469,0.7332983041500971,0.7661388616740467,0.8211952575410203,1.0,0.8524560435279812,0.8828397033043864,0.7956822072100895,0.6110948868815329,0.805150854109529,0.828818216212279,0.8108343141391288,0.7810145394042723,0.756160836708571,0.8097652039344372,0.8127049671291351,0.6307421069351002,0.7375445620406442,0.7640438587327341,0.7871447358290926,0.47736577736592817,0.7772789994035431,0.6016839908347347,0.6712234560594144,0.3801798634254379,0.4338051339367727,-0.8462070966419961,0.36090830060660556,-0.4058964046969221,-0.4358605361561469,-0.20756313251570477,-0.2134702082043378,0.10332902060882893,-0.3732830547040079,-0.28428620973070606,0.2683738273966191,0.48471586012609,-0.8707668201808446,0.3103979520218593,-0.3691637357744048,-0.455305231796052,-0.2156861832094451,-0.10869370233233817,-0.12976810049938478,-0.11707744342986516,0.2926782363110629
0.9018493417161794,0.9477959134468685,0.9314285985051813,0.9155840381859844,0.7614293345105008,0.8518949019718637,0.9349050144898109,0.9059917822545291,0.8323768741896677,0.7615230964333077,0.7821630407834862,0.6959124888912406,0.7157840012414902,0.8444519997220661,0.9294281889180308,0.7469275994461391,0.9139216703538108,0.7954852138195505,0.7625643892778768,0.8338362214211055,0.8398169489411447,0.8105667521475864,0.7092123809512713,0.8105183521615168,0.7416140740072868,0.8713892476927788,0.9019143546237446,0.8524560435279812,1.0,0.9048347188196545,0.8673561584851985,0.6924801361875637,0.8744030274992461,0.9237983475572842,0.8879851449026853,0.7977809850240868,0.8559473109192814,0.9196230525937863,0.8685680329978557,0.5884170478876856,0.8002084874988914,0.8493130170636154,0.8449015539941437,0.6052439964916181,0.8365570155522002,0.6912866151181006,0.6740372740267874,0.3363080971474143,0.43041633282626124,-0.9404335216704838,0.3064843255188728,-0.4995463853107619,-0.5232419647396146,-0.32046300932167926,-0.203672626819941,0.13080909040344368,-0.4228352137036025,-0.22124199918333606,0.21255654970307236,0.5694141000322264,-0.9213306447453469,0.23630352612663233,-0.4270330867991428,-0.5485898140053921,-0.2641335854684035,-0.10541548654953212,-0.18554274887373448,-0.08246532283386249,0.18600830100690935
0.904983859216447,0.9100027578229136,0.9181738325490356,0.8908270564555306,0.7922879776752749,0.7751146190645819,0.882141484827641,0.9203463085938491,0.8228906356819958,0.7536687910634273,0.8518369214153533,0.7463310847510378,0.7748482683264085,0.8290663185875468,0.8818254608822018,0.7306923022023721,0.8878132394901496,0.7204820918317546,0.6588060708844563,0.7412984740983644,0.8463075067038046,0.8313546663610888,0.6628130353058109,0.8168000918768502,0.8194219189617798,0.7919605381850005,0.8874777062844226,0.8828397033043864,0.9048347188196545,1.0,0.8867146942319506,0.6606857339644778,0.8705503454906168,0.9177062740397098,0.9178748424647627,0.8133416205423092,0.8621382739686775,0.9078481387956986,0.8610956215143009,0.6461502838036376,0.7171545373591075,0.7845083858378088,0.8388751003103353,0.5543411043077503,0.8165172288848402,0.6264210973991934,0.7311457581084234,0.3643154746760399,0.38263438928353793,-0.9244252635781036,0.2778523430981971,-0.5061470309338681,-0.5489139197850025,-0.31832579513619014,-0.2143195604765323,0.16975300187171738,-0.3319949033335143,-0.18066765274304297,0.20998564481901505,0.5602165447485311,-0.9153076994383825,0.2337339958470635,-0.44191417655587756,-0.5616153635867895,-0.25337525935380234,-0.11335510916026299,-0.07410172270881514,-0.018922215483076817,0.26626996807862396
