0,1,2,3,4,5,6,7,8,9,10,11,12,13,14,15,16,17,18,19,20,21,22,23,24,25,26,27,28,29,30,31,32,33,34,35,36,37,38,39,40,41,42,43,44,45,46,47,48,49,50,51,52,53,54,55,56,57,58,59,60,61,62,63,64,65,66,67,68
1.0,0.94070491810531,0.9500675910957658,0.9444754290922296,0.9137565388602764,0.9314279704809681,0.9215395993887876,0.9221815164591326,0.9301355377612786,0.9177678018425917,0.8798440142680467,0.9251004421995118,0.9068095412219033,0.9054814980560567,0.925661250204607,0.8638592347085621,0.8846777204400378,0.9093947382947164,0.791836807631983,0.9121412671443815,0.9003874594619661,0.8766268434622676,0.8737124306733037,0.8414916649038022,0.9288679181827012,0.9102380561762669,0.9401928556882951,0.9383488750865606,0.9418707377241762,0.9435239517325185,0.9219253549856082,0.7373750421665245,0.9350997291553783,0.9329748312564405,0.9296673834869151,0.9063975567341077,0.9176615376102073,0.8905141184393389,0.9244334899625483,0.8613082092318147,0.878269427826559,0.9217266797644749,0.8714356412283852,0.8738148986183549,0.915666974423342,0.8213000693794852,0.9159714153884609,0.8090259179409693,0.8384861666636291,-0.9338062391571005,-0.017786925048129475,-0.6047374621786017,-0.6197291024531516,-0.4747124216126977,-0.26872996426317264,-0.2442266887178022,-0.6418098113231309,0.18224023271830037,0.5187186473582864,0.8200169748492181,-0.9503309504734802,-0.24652865997170847,-0.5468898397592944,-0.6766028184794604,-0.46908705182232874,-0.35460379399840064,-0.4550829813223935,-0.2660584048047203,0.5345927867854309
0.94070491810531,1.0,0.9492166451341569,0.9717837379140105,0.9538473527607539,0.9569072870378015,0.9688057461477015,0.9772234430534161,0.9659618972928641,0.9489083742860581,0.9331911319861129,0.9443004721807883,0.9577106372122922,0.9548792440514284,0.9740149794863934,0.9387736905094216,0.928829873397804,0.9612217105932038,0.8640605574365148,0.9619271596115685,0.9365726201074995,0.948556754657177,0.9549834211720368,0.9039526875429379,0.9373756816618161,0.9652283760864797,0.9725096273791406,0.9207016921530038,0.9814867895691874,0.9765542015694212,0.9691496330468974,0.8355745235579494,0.9788993602925383,0.9790691398578235,0.9744174129445933,0.9729052976995772,0.973130406833624,0.9587700146832427,0.9761197009859268,0.9323456762521064,0.9354645830429765,0.9732585899782373,0.9496443734400751,0.9333018343431678,0.9491788610295043,0.8479814320446742,0.9547249062356855,0.8703820789193067,0.813222001145187,-0.9837020011908232,-0.05813038863551562,-0.6332355393961565,-0.6941513153373868,-0.4858030771285975,-0.2535540533217037,-0.14873932705845974,-0.5814062511069568,0.27601723149249574,0.497507444882006,0.876391364073647,-0.9805923345323713,-0.2994624505719924,-0.5610912154774877,-0.7485751853847924,-0.4760526812158885,-0.3521889062640795,-0.40514557847171806,-0.29933326427825835,0.5083515812567174
0.9500675910957658,0.9492166451341569,1.0,0.9651904513442313,0.9132235192244839,0.9502366266362514,0.9434939890293392,0.9264166336968116,0.940652436545122,0.9425758195660402,0.8664953266558186,0.9489255876431639,0.9308414946727723,0.8955069672476405,0.933964192251618,0.8874813367531142,0.9080093566505992,0.9320446954248499,0.8344017513650036,0.941016019689568,0.909741185810885,0.9079809040346677,0.8895573080686469,0.8407266441683352,0.9221825681849211,0.9395786119523885,0.9360749813617294,0.9276128343803958,0.957668528410311,0.9458972501526898,0.9382131622773852,0.759038496965436,0.9362824356663688,0.936442598673076,0.9436559552131282,0.917638572809066,0.9165568895019421,0.8963334355478865,0.9382990115981603,0.8794863805798044,0.8928781312052434,0.9428628279861264,0.8967076279724383,0.8734135614245432,0.9435610058537928,0.8645453461159965,0.911807457258351,0.7881145562261455,0.8185349019167575,-0.9459202181352044,0.02179785325180321,-0.6287073523306766,-0.6252325293449024,-0.5234892475572526,-0.3295147967231233,-0.3029423818521525,-0.6867605408343722,0.14102073535703843,0.45752249376470316,0.80772441183622,-0.9637181044292809,-0.22366844251616297,-0.5682418519756103,-0.691906842591856,-0.486740979860732,-0.3782127893031083,-0.5106342668052021,-0.2949355341636013,0.47042875269071294
0.9444754290922296,0.9717837379140105,0.9651904513442313,1.0,0.9427819436918522,0.9570056902629372,0.9583508213175896,0.9572590516323101,0.9600765861615419,0.9497017791092374,0.9109899126079922,0.9494495642555948,0.96020010272751,0.9280845785409599,0.9558767864065427,0.9224958021847008,0.9187822596401997,0.9514853148434701,0.8500272749719162,0.9620715054078856,0.939986122834779,0.9465689708813703,0.9325598502632468,0.8890540793350665,0.9279790234522074,0.9546422542616465,0.9564161645757211,0.9239061833974369,0.971270185860741,0.9687341091966821,0.9656281801174169,0.8214368879902514,0.9604770888683257,0.9626465179895255,0.9675771655123336,0.9554448918865607,0.9532641559588638,0.9364950922114426,0.9651723376694218,0.9199385924947762,0.9154322310560397,0.9575215036407667,0.9288933919624341,0.9006446800626999,0.9448312306237957,0.8488471797802758,0.9361349239465581,0.8389628319835707,0.7926891626520625,-0.9721802119263885,-0.0483299701197093,-0.6313659641911025,-0.6607716892282105,-0.5008883090145584,-0.28798751011826057,-0.18553132464709282,-0.6262287921206953,0.22882803995678025,0.47223780964093964,0.8550565305718766,-0.9735951837862525,-0.28033321862536154,-0.5578479568674729,-0.7202815785530807,-0.4709544250286399,-0.371358307010539,-0.4483996649134084,-0.30559884294156037,0.47756035390318335
0.9137565388602764,0.9538473527607539,0.9132235192244839,0.9427819436918522,1.0,0.9215805182048571,0.933931042168768,0.9519972085046968,0.9391197551553938,0.9250992589069379,0.9200419156167862,0.9127841745724826,0.9281655667248802,0.9218498103084888,0.9309874760656689,0.9009947040892146,0.8949758693786297,0.9133869357288091,0.7997292555052921,0.9368031609772272,0.9378206163484247,0.9150817256429765,0.9164285931174262,0.8819389034090999,0.8969782849275605,0.9239840489842062,0.9373663063505803,0.8897223434840973,0.9453460616961973,0.9412628603785703,0.9339198184109486,0.823469678009723,0.9542045878714627,0.9454246056781076,0.9350263886178103,0.9457350728915439,0.9462328382290384,0.9329577967256545,0.9454372637041053,0.9048840703874007,0.9055060638069773,0.9318900147723873,0.9241444408228258,0.9122840883824664,0.9196753040117542,0.8055883948881761,0.9186068522640497,0.8330508458845025,0.7443664710410333,-0.9503981898888862,-0.060085588669881604,-0.5693721329133288,-0.6123406231669879,-0.4192919024957915,-0.21817304330110093,-0.09417891174088683,-0.5192854403122255,0.32324011787222373,0.5246662062547933,0.8714553879160195,-0.939669878489146,-0.2964998478229991,-0.49443581184836155,-0.6784281913032568,-0.40408819881205055,-0.35712279032656224,-0.32269119684116854,-0.29941927335000645,0.5301418671723139
0.9314279704809681,0.9569072870378015,0.9502366266362514,0.9570056902629372,0.9215805182048571,1.0,0.9388453317317671,0.9315049172492039,0.9441286824187551,0.9338796715251625,0.861623128502855,0.9339766830659151,0.9509653979329145,0.9052607453141452,0.9368877404174305,0.8941634652928673,0.8864588405920086,0.9398008722665719,0.9022596046289193,0.9562269116493555,0.8978237337992796,0.9117790189615231,0.9172628834730568,0.8600733498985628,0.8990058094343205,0.9430523832421456,0.9291275010991311,0.9187906271460073,0.958620580262567,0.9459621809771385,0.935128003664341,0.771764333962641,0.9420331396587407,0.9400375491455303,0.93790800629822,0.9251152196083752,0.929757709067403,0.9059863300058125,0.9423951698851543,0.8813536257571867,0.9265643433248633,0.9540950925613202,0.9156325548678387,0.8979172288996041,0.931207415247013,0.8572483743990769,0.914150373705826,0.8107925841169134,0.8131941334858469,-0.9487380078931454,-0.022217859032814015,-0.585676966124184,-0.6085704026396783,-0.4624356919383858,-0.2939099908577618,-0.2462037094940931,-0.6468234387451762,0.21724382281208784,0.4768612003905124,0.7975372692877233,-0.9569729584832173,-0.2514916308353034,-0.5173609833184689,-0.6712010561698136,-0.43945216742414495,-0.33807474107376145,-0.4732022670693256,-0.2652300571342619,0.4639835554372424
0.9215395993887876,0.9688057461477015,0.9434939890293392,0.9583508213175896,0.933931042168768,0.9388453317317671,1.0,0.9618737829806001,0.9545766432928536,0.9532240034212847,0.9240053705243643,0.9193943937235485,0.9428054037783328,0.9328801236406673,0.9560619003095667,0.9250076615844622,0.9635968635109426,0.9697393621748235,0.8512042396662176,0.9552779198543565,0.9091815708426655,0.9472654500044135,0.9425643507993456,0.8750231605840435,0.908317069703528,0.9746938590343049,0.9540830340060654,0.8825874724625694,0.9675875886854627,0.9490857975797524,0.9598261321035334,0.8283534666129876,0.9527482764845239,0.96407678888513,0.9648959436829396,0.9589485101961815,0.953077518653902,0.9420604027923906,0.9635572162157181,0.9028057940140092,0.9180343443844722,0.9653657596430659,0.9492024546915914,0.9168261757743199,0.9399078367293012,0.8519800017729805,0.9313457855931634,0.8256845571486664,0.8053871230514867,-0.9674904611522723,-0.03956220041609422,-0.6763846271693372,-0.709278141899577,-0.4953545804873062,-0.28145974391159473,-0.16524235242283242,-0.5532990395713663,0.2748580773593737,0.4562614072382361,0.8740091690842201,-0.9650727612272255,-0.298847514969224,-0.6070973267503041,-0.7674994525734076,-0.46664693476475255,-0.38802131259583283,-0.3650221167885272,-0.3238761243769296,0.4819849447705737
0.9221815164591326,0.9772234430534161,0.9264166336968116,0.9572590516323101,0.9519972085046968,0.9315049172492039,0.9618737829806001,1.0,0.9563075240131159,0.9397232151700312,0.9552091394612995,0.9280090532090489,0.9408085560187694,0.9622780970414828,0.97085960092546,0.9392532625199312,0.9245007142909722,0.9477014765662923,0.8299926635085945,0.9460887084279554,0.9404816408722432,0.9444639465142474,0.9544759654838787,0.9011565163693627,0.9261811638199469,0.9561868411944275,0.9746503079196177,0.8890847301036133,0.9668641315980854,0.9661078470698927,0.9617884841985975,0.8452368754520573,0.9774956860244555,0.9807642763076355,0.9710780496068689,0.9741562335737992,0.9730847791859534,0.9695476214950619,0.972197188614579,0.9327333858948192,0.9129559756802134,0.9572490965163022,0.9434657955793415,0.933602018471661,0.9353878827541197,0.8152138949687084,0.948825707069476,0.8684445401984946,0.7968590667322423,-0.9799554473828561,-0.09497697628473908,-0.6602535694076055,-0.725126695969122,-0.4996204515179997,-0.22941920167631974,-0.08078084225780587,-0.5184593493274642,0.3260088948878734,0.5056429739027507,0.9043232029653078,-0.9687498275033131,-0.3297522254136014,-0.5843431222678109,-0.7716272451842587,-0.4856775294935334,-0.36309565882765293,-0.330522237635835,-0.3012012337723281,0.5214944367212159
0.9301355377612786,0.9659618972928641,0.940652436545122,0.9600765861615419,0.9391197551553938,0.9441286824187551,0.9545766432928536,0.9563075240131159,1.0,0.9506006399343944,0.9122590855016597,0.9386807338317359,0.9453763958886143,0.9245955333005291,0.9477840011808367,0.912948430774798,0.9230255623209046,0.9452386414298238,0.8309310469253187,0.9504223108963209,0.9267001324452475,0.928252839799737,0.925150675822574,0.8749012121571865,0.9224324784215621,0.9493976768477658,0.9529682487433419,0.9090116902211982,0.9614771391179769,0.9550121978174112,0.9571955657560499,0.8175126833612363,0.9583999244195001,0.9558619495894335,0.9606347334298363,0.9488323670526927,0.9500136833980921,0.9350028957642297,0.9584238961023037,0.9042821011108942,0.9126917642561406,0.9567510249432898,0.9264738465845644,0.9054693893002818,0.9432211553345448,0.8637621310623727,0.928505490612,0.8254001020066313,0.7861707983923075,-0.9638004854248197,-0.02812669270720801,-0.6472062555414185,-0.6854230762358282,-0.49869904275496885,-0.27043650988770823,-0.18372964430616054,-0.5821809539926147,0.2449730421292177,0.49104098309571276,0.8466960484945546,-0.9633802075730703,-0.2618192217079367,-0.5858677494489323,-0.7378108518644162,-0.47772162865857226,-0.38364756948141204,-0.39057160611545455,-0.33001221097920147,0.4741458785967618
0.9177678018425917,0.9489083742860581,0.9425758195660402,0.9497017791092374,0.9250992589069379,0.9338796715251625,0.9532240034212847,0.9397232151700312,0.9506006399343944,1.0,0.9048534600000729,0.9117969249763317,0.9444068808884106,0.894457477804397,0.9170088164153898,0.9051581946781987,0.9330344274827164,0.9352226035999802,0.8256641458986103,0.9503068965921203,0.9178952801732448,0.9272918772091276,0.9099477194575155,0.8623968218728363,0.8912590991516888,0.9489923426545547,0.9331909249806919,0.8996526282602493,0.9485947584382658,0.9342200376981141,0.9481947034272663,0.816330285630568,0.9323843382221522,0.9346727004993656,0.9474349795329651,0.9360436836278084,0.9228717263261664,0.9085078079861428,0.9488013717850307,0.8856454238989399,0.9097640548841223,0.9519653419509457,0.9305687569649373,0.9081966062767588,0.9391111584155033,0.8660391397280606,0.913406741823228,0.7931723430664069,0.7777992978467368,-0.9447672268749508,-0.0060508230136841635,-0.641398414069985,-0.6802465407245617,-0.5016887357696002,-0.28730073757646807,-0.21384967946411426,-0.5967292788405508,0.24495696724053867,0.4822289375737271,0.8147100305780731,-0.9506848421717342,-0.24533113007056048,-0.5668264287005931,-0.7326298087938011,-0.45711215100929076,-0.38755161482067607,-0.3843443201558261,-0.29656844618444933,0.45974106166686196
0.8798440142680467,0.9331911319861129,0.8664953266558186,0.9109899126079922,0.9200419156167862,0.861623128502855,0.9240053705243643,0.9552091394612995,0.9122590855016597,0.9048534600000729,1.0,0.8661976366431432,0.8879560421453756,0.9262644968210801,0.9227975010557845,0.9177451444529146,0.9037937891299502,0.9054184624463174,0.7519114222797404,0.8905213492391008,0.9277153385624946,0.918557587503221,0.9228776735424273,0.868690332509551,0.8919386259564495,0.9145022155173236,0.9439088402896908,0.8414286058208024,0.9188193031252269,0.9275558018039499,0.9314105530090193,0.8311814734415137,0.9376917471154156,0.9445527281259597,0.9364591220780315,0.9444371207352792,0.9404281607629628,0.9363252077477798,0.9359075892702493,0.9065034005775247,0.8540838231838307,0.9084110344594315,0.9110417727267633,0.8848966453253605,0.8875792060010131,0.7491197159788008,0.9156464532850904,0.846300371240842,0.7286411388038861,-0.9390504255354334,-0.11138342424439651,-0.6417695313560741,-0.7153407066841316,-0.4769541793954664,-0.17112048522274076,0.013146118311137543,-0.4212194756486245,0.3751115336382576,0.49467110041551743,0.9081772917612881,-0.9207664817073089,-0.3373705371710252,-0.5732179260607833,-0.7617613510640739,-0.4692629704617856,-0.3541948751541684,-0.21961339655286582,-0.3233731182333856,0.506462725874969
0.9251004421995118,0.9443004721807883,0.9489255876431639,0.9494495642555948,0.9127841745724826,0.9339766830659151,0.9193943937235485,0.9280090532090489,0.9386807338317359,0.9117969249763317,0.8661976366431432,1.0,0.9320205341127319,0.9061787692550025,0.9391510680993191,0.8902941297227815,0.8876125600318515,0.9160711711343531,0.8051374908440317,0.9271007587398408,0.9260625131810165,0.8969110678501355,0.8966737388654314,0.8365518285960836,0.940351895642698,0.9111410254834681,0.9321312333713726,0.8975031458760188,0.9410043947480384,0.9461755400865545,0.9264803481580244,0.753194694597564,0.9463798761230406,0.9346194716610803,0.9397932542783833,0.9122118439769912,0.9241850063648127,0.9037245207383032,0.9326059565729471,0.8810532063258525,0.8711316935627436,0.9232327752010038,0.8776646233138353,0.8603774211181829,0.9253619012692788,0.8399081249581029,0.9100988138901432,0.8052294921405284,0.791384587793387,-0.9422584711651739,-0.00471546836957533,-0.6283323489008583,-0.612731666238525,-0.5087718882700256,-0.31810293157934993,-0.2745834328070554,-0.6286845809551238,0.16832133766566676,0.45742890834940864,0.8091658303206334,-0.955988330296054,-0.21379124771665653,-0.5772589502743424,-0.686051452881029,-0.4901441490364975,-0.3787954525850588,-0.47910069539583466,-0.28314354262715136,0.4612557260198255
0.9068095412219033,0.9577106372122922,0.9308414946727723,0.96020010272751,0.9281655667248802,0.9509653979329145,0.9428054037783328,0.9408085560187694,0.9453763958886143,0.9444068808884106,0.8879560421453756,0.9320205341127319,1.0,0.9060238081249096,0.937360375654789,0.9236002602166905,0.9034856251760225,0.9418864156730518,0.8766982577023807,0.955431100264178,0.9196560298599845,0.9385910783664273,0.9319648550752496,0.8830949384319705,0.9030638530453995,0.9472630485638971,0.9304462026661122,0.8937772195899488,0.9537976120764482,0.9463624233635316,0.9544334314206853,0.821372725538657,0.9421946020157826,0.9426237637444643,0.9491246378547714,0.942926811809127,0.9405025637729901,0.9221572465557083,0.9507532677067794,0.9035445439931586,0.9245325056640897,0.9563403994387198,0.9378158137236094,0.9038057293682912,0.9229601692573605,0.8491465328148657,0.91580273661171,0.8337813119979779,0.7592964684926984,-0.9540355203730674,-0.044241321404188114,-0.5972558843524574,-0.652797071688052,-0.4659073230113041,-0.27673614379960737,-0.16697392142774561,-0.6000500195041221,0.2694532664615716,0.4563279822050238,0.8191190812862822,-0.953562529672403,-0.25329333876252247,-0.5306346827885453,-0.7101876834242193,-0.4404315239531471,-0.34319753245008766,-0.4354822071723721,-0.26828077388235483,0.4361904092012616
0.9054814980560567,0.9548792440514284,0.8955069672476405,0.9280845785409599,0.9218498103084888,0.9052607453141452,0.9328801236406673,0.9622780970414828,0.9245955333005291,0.894457477804397,0.9262644968210801,0.9061787692550025,0.9060238081249096,1.0,0.9620342804516601,0.9018718340909265,0.8850045323485246,0.9259063841863385,0.8048431518817111,0.9134111780360058,0.9070993576620409,0.9045533130333193,0.9383895913607634,0.8753718720986807,0.9125965329888627,0.925772487206485,0.9661708379856085,0.8594860415993493,0.9404177410980474,0.9456940019381065,0.9261106082688116,0.8015385932251817,0.9613909988111,0.9678524611359944,0.9433647318289691,0.9528266191026955,0.9597845280866334,0.9585284290992215,0.9443717812828815,0.9090163622645592,0.886780058873234,0.9282341161658335,0.904015886152547,0.9046917837940659,0.9052947779178645,0.7948244696391233,0.9401986475736243,0.8810381082626382,0.8148480976982098,-0.9590733850249669,-0.07075891925174564,-0.6459923176257975,-0.7250081941553478,-0.4866308047288589,-0.1730357628147837,-0.049410407075924055,-0.48431224521076394,0.309533161935654,0.48209394150479185,0.9057700885935129,-0.9479862065235931,-0.3237783683674103,-0.562604294073226,-0.7590585298765481,-0.49101148016487023,-0.36151400310477527,-0.3257870453224464,-0.31994932170443396,0.5241908298866849
0.925661250204607,0.9740149794863934,0.933964192251618,0.9558767864065427,0.9309874760656689,0.9368877404174305,0.9560619003095667,0.97085960092546,0.9477840011808367,0.9170088164153898,0.9227975010557845,0.9391510680993191,0.937360375654789,0.9620342804516601,1.0,0.9355389641636146,0.9125849247207533,0.951059729212205,0.8371062432759216,0.938226575997278,0.9132574987353048,0.9315137045465643,0.94615626630579,0.8827994975872725,0.9388250853902023,0.9519075943733223,0.9726413968687893,0.8888187295141606,0.9686830421682262,0.9662666301868568,0.9556016385299961,0.8140127624577225,0.971679723551425,0.9786666691273578,0.9643975343596679,0.9639852468515883,0.9675068837530448,0.9638708210911986,0.9596745417822545,0.9211128729092912,0.9018047020361625,0.9525781791982815,0.924196598810456,0.9132423707581573,0.9333117612418103,0.8353904135186233,0.9449903144632369,0.8682119713816575,0.8230991660095757,-0.9778737311953096,-0.05735878710290021,-0.6692637377861114,-0.7146768499730134,-0.5169941400917561,-0.2502415612474228,-0.15066495317434006,-0.56143241709451,0.26280392419865345,0.47229990179286613,0.8919613766266808,-0.9723078078007263,-0.3024613792930353,-0.6075721085692847,-0.7670783178033365,-0.5114342338427654,-0.3653648578807805,-0.4079232089487159,-0.29296112979192834,0.5137648203041103
0.8638592347085621,0.9387736905094216,0.8874813367531142,0.9224958021847008,0.9009947040892146,0.8941634652928673,0.9250076615844622,0.9392532625199312,0.912948430774798,0.9051581946781987,0.9177451444529146,0.8902941297227815,0.9236002602166905,0.9018718340909265,0.9355389641636146,1.0,0.8901567962151923,0.9325802836827793,0.8110867419644401,0.9167193665612916,0.8960836705211865,0.9384104411605563,0.9331143019039776,0.87541447086678,0.876833149561354,0.9318963468176956,0.9320427447665784,0.8565391506869037,0.9300038586866666,0.931181065000797,0.9415128028753375,0.8371903916820463,0.9288455258115313,0.9411129737428423,0.9422834542308844,0.9441094396384399,0.9409563247271189,0.9231239174596506,0.9353750049889995,0.9267844949441361,0.8843784184106879,0.9272416854130645,0.9180771648766991,0.8833260951465474,0.8963396998567459,0.7927510325811186,0.914644653386209,0.8543212079485555,0.751418828066432,-0.944841904763564,-0.06762730062214964,-0.6306112157986496,-0.7130652188595931,-0.5216646626115881,-0.21976431415866207,-0.102836340299658,-0.5508265346399859,0.27677514068491127,0.4233405310387064,0.8433762759030433,-0.9350357900914479,-0.30101302713172423,-0.5891877700764833,-0.7761770105485537,-0.526597099474235,-0.31680828542688205,-0.3835561076984952,-0.32071513775457977,0.44913843594855074
0.8846777204400378,0.928829873397804,0.9080093566505992,0.9187822596401997,0.8949758693786297,0.8864588405920086,0.9635968635109426,0.9245007142909722,0.9230255623209046,0.9330344274827164,0.9037937891299502,0.8876125600318515,0.9034856251760225,0.8850045323485246,0.9125849247207533,0.8901567962151923,1.0,0.9399813836829013,0.7770607237225716,0.9136287239406039,0.882802350788791,0.9206086558118471,0.9017495548196848,0.8271891186336169,0.8768205696507664,0.9379919878446501,0.9169143541007438,0.8264407118285677,0.9222770213534227,0.9071838476191869,0.9294417130515981,0.7976235308256852,0.9087882636154743,0.925755436363946,0.9337310668083326,0.9195741346880166,0.9133142260017633,0.8959355995848194,0.9280760616314399,0.8525223175810229,0.855264429355194,0.9290901041822955,0.9195497355767208,0.8699392442299063,0.9111024377510539,0.8268054711794863,0.8946683163434807,0.7739077156108466,0.7743195217387003,-0.9257188362678211,-0.01175920372298515,-0.7010027768451264,-0.718842398144378,-0.5144622723953971,-0.29864946325923375,-0.19254325843490772,-0.5064798427610052,0.25779017619050065,0.429337739043568,0.8336803711672386,-0.9294538762097467,-0.2785566633951422,-0.6362001838558969,-0.7773147503136768,-0.49012070387220535,-0.3960003099550366,-0.3150155304500552,-0.3211232740498604,0.4377677811381869
0.9093947382947164,0.9612217105932038,0.9320446954248499,0.9514853148434701,0.9133869357288091,0.9398008722665719,0.9697393621748235,0.9477014765662923,0.9452386414298238,0.9352226035999802,0.9054184624463174,0.9160711711343531,0.9418864156730518,0.9259063841863385,0.951059729212205,0.9325802836827793,0.9399813836829013,1.0,0.8716799618943669,0.9499385002279523,0.8965475427301994,0.9485314778301835,0.9489198832236738,0.8725703358969357,0.8991346887518112,0.963351799170997,0.947498891394153,0.8736886012221099,0.9575180679845308,0.9473585854785644,0.9582673939392378,0.8137687213455013,0.9444429101436629,0.9577104354582172,0.9562022265963277,0.949302637748164,0.9484294573386852,0.9280224710958657,0.9560674919873301,0.9012548767983363,0.9141971158908765,0.9574031702272766,0.934270226659637,0.8961153770071719,0.9324763748169317,0.8432623738537355,0.9272950357134226,0.8416473258192073,0.8102241623510399,-0.9598877600014483,-0.034651481540255116,-0.6755882302340486,-0.7093888047555151,-0.5133132315111015,-0.28095000533654296,-0.18353407654730802,-0.5799498801424,0.24043963063724444,0.42167828547125125,0.8514179121221187,-0.9620865140147331,-0.28392753042146274,-0.6071552601076313,-0.7679225517477097,-0.5002971549641183,-0.3801234130806059,-0.4009832321561816,-0.326135783016168,0.45735964208748736
0.791836807631983,0.8640605574365148,0.8344017513650036,0.8500272749719162,0.7997292555052921,0.9022596046289193,0.8512042396662176,0.8299926635085945,0.8309310469253187,0.8256641458986103,0.7519114222797404,0.8051374908440317,0.8766982577023807,0.8048431518817111,0.8371062432759216,0.8110867419644401,0.7770607237225716,0.8716799618943669,1.0,0.8663836187435501,0.7809525842035152,0.8466778301915979,0.8667064457402021,0.8003653866575093,0.7785578812498632,0.8725280782940906,0.8132088404965478,0.8157137874729243,0.87165592057215,0.8449523344718521,0.8437271577385195,0.717707755353395,0.8374459597740027,0.8356376559467533,0.8332897601414113,0.8346457658525368,0.8294091254751629,0.810561183771202,0.8490770750243442,0.8140258545151844,0.8918781316639194,0.8901441455619067,0.8694850856075405,0.8187451693785077,0.8310222334049043,0.7653636902783675,0.8172650051015043,0.7561825447093857,0.6960105721189087,-0.8503888303973818,-0.05450338333674234,-0.4698499046038534,-0.5532571099867126,-0.3731273162926487,-0.27167469013990425,-0.16898622060967083,-0.5999355353854112,0.2397428262660934,0.365028246242752,0.6897877551802889,-0.8487860487634881,-0.2519831355659889,-0.38412562853201004,-0.601095366545268,-0.3447422607493389,-0.2556650819000847,-0.4477500600926128,-0.21575030382192628,0.3763937659125112
0.9121412671443815,0.9619271596115685,0.941016019689568,0.9620715054078856,0.9368031609772272,0.9562269116493555,0.9552779198543565,0.9460887084279554,0.9504223108963209,0.9503068965921203,0.8905213492391008,0.9271007587398408,0.955431100264178,0.9134111780360058,0.938226575997278,0.9167193665612916,0.9136287239406039,0.9499385002279523,0.8663836187435501,1.0,0.9185261604685602,0.9433795314476466,0.9360084162218202,0.8970348573159684,0.8863560428718564,0.9501539546748016,0.9336673037325904,0.8950219343817586,0.9608331206981058,0.9499341845983804,0.9494150846361078,0.8362062188259698,0.9471556167178288,0.9481280996211998,0.9500559127765157,0.949752453443993,0.9416534207644255,0.9225771433975213,0.9576108280866669,0.911521676639034,0.9304955549720151,0.9528348202605899,0.9349452774394293,0.9130655751251427,0.9441506131391957,0.8592892823955258,0.9210057499086993,0.835593452180581,0.787056971438194,-0.9587949927898021,-0.04639254704035219,-0.6048862401372043,-0.6578737514259919,-0.47571189292684507,-0.2677369825611438,-0.1720593868030413,-0.5897455012976636,0.2585575206699831,0.472517952075448,0.8331309753347254,-0.9557812294104822,-0.2748604633915821,-0.5285286272581559,-0.7149998394490521,-0.4454327889594661,-0.3576690526601197,-0.4036223077142754,-0.2902364599538101,0.4643294562181194
0.9003874594619661,0.9365726201074995,0.909741185810885,0.939986122834779,0.9378206163484247,0.8978237337992796,0.9091815708426655,0.9404816408722432,0.9267001324452475,0.9178952801732448,0.9277153385624946,0.9260625131810165,0.9196560298599845,0.9070993576620409,0.9132574987353048,0.8960836705211865,0.882802350788791,0.8965475427301994,0.7809525842035152,0.9185261604685602,1.0,0.9154135300498341,0.9057134644894951,0.865828730824131,0.8976401068331571,0.8999434436833122,0.9299795728250924,0.8831915917842187,0.9242616438490013,0.9408231236161833,0.9338682371707362,0.8093427569938398,0.9416461355452987,0.9327502550862312,0.9334907789951128,0.9275826238979359,0.9291942183658719,0.9129534392383984,0.933133077960744,0.8994730106113692,0.8708260784283407,0.91532159885364,0.898866107472195,0.8729108243351332,0.9116733084059792,0.7882820187536332,0.9062650204496138,0.8251559807559743,0.73055203470755,-0.9384034690807807,-0.06628290573161201,-0.5950090770477273,-0.6486806816238282,-0.4815681783320842,-0.24013820007757258,-0.10262348640812106,-0.5448923297886078,0.29292008680110204,0.5038225479254226,0.8477541159447071,-0.9316013475702707,-0.2680619057431842,-0.5064682452211197,-0.7040747347198313,-0.45427273799835494,-0.3543774636177851,-0.3309683715602084,-0.29980212865480144,0.4848524523854249
0.8766268434622676,0.948556754657177,0.9079809040346677,0.9465689708813703,0.9150817256429765,0.9117790189615231,0.9472654500044135,0.9444639465142474,0.928252839799737,0.9272918772091276,0.918557587503221,0.8969110678501355,0.9385910783664273,0.9045533130333193,0.9315137045465643,0.9384104411605563,0.9206086558118471,0.9485314778301835,0.8466778301915979,0.9433795314476466,0.9154135300498341,1.0,0.9500771115313882,0.903506075687409,0.8902376361437644,0.942674914194017,0.931882554793421,0.8614740614623322,0.9445502236156168,0.9423196073869562,0.9682383482444271,0.884657243246301,0.9311691626751539,0.9419078939035099,0.9466606544940834,0.9576225165277183,0.9359202629331106,0.9266746432046996,0.957970943373409,0.9296767446725503,0.8887649939026213,0.9376292969173029,0.9366319395365632,0.8844243721745179,0.9121816078829347,0.7959449527820053,0.9194132329028945,0.8540874054669103,0.7462914767836408,-0.9499784649991456,-0.11918504196193663,-0.6324963920673097,-0.6959559287113211,-0.48134580784750924,-0.24478772745000224,-0.11684383719563965,-0.5478216629729731,0.28958669658115116,0.4387081651632049,0.8636685231940074,-0.9414393400451834,-0.35249560504501515,-0.5596814378420825,-0.7572176054875925,-0.4613528174477828,-0.348857571586399,-0.35665460677405736,-0.31534377202656544,0.4646125278999358
0.8737124306733037,0.9549834211720368,0.8895573080686469,0.9325598502632468,0.9164285931174262,0.9172628834730568,0.9425643507993456,0.9544759654838787,0.925150675822574,0.9099477194575155,0.9228776735424273,0.8966737388654314,0.9319648550752496,0.9383895913607634,0.94615626630579,0.9331143019039776,0.9017495548196848,0.9489198832236738,0.8667064457402021,0.9360084162218202,0.9057134644894951,0.9500771115313882,1.0,0.8913995825643596,0.8874256411108631,0.9411024542821165,0.9417328189471608,0.8531790371024071,0.9449794162172908,0.9428362552772928,0.9418733416762235,0.8319091996717606,0.9481888057819526,0.9551310804139707,0.9463761639620956,0.9598036729315965,0.9530021542762066,0.9431862101316382,0.958991129694537,0.9321441513941361,0.9083943976233272,0.9426641069006944,0.9394315470212021,0.8989057281341171,0.9107464426571585,0.7975938418038383,0.9330186333404504,0.8916673537072963,0.7641722219759518,-0.9579060860517172,-0.1103336674514379,-0.6174448553002174,-0.7027621717649316,-0.45388947084346964,-0.21818984524664883,-0.049747074013116246,-0.5047369248994238,0.3394493903619321,0.4335037953214094,0.8777270805399071,-0.9429305772760526,-0.3424162334842911,-0.5391037095840028,-0.7501720780888446,-0.4564384759684031,-0.3552523614156701,-0.3327975953823669,-0.315789286492335,0.45738352097618434
0.8414916649038022,0.9039526875429379,0.8407266441683352,0.8890540793350665,0.8819389034090999,0.8600733498985628,0.8750231605840435,0.9011565163693627,0.8749012121571865,0.8623968218728363,0.868690332509551,0.8365518285960836,0.8830949384319705,0.8753718720986807,0.8827994975872725,0.87541447086678,0.8271891186336169,0.8725703358969357,0.8003653866575093,0.8970348573159684,0.865828730824131,0.903506075687409,0.8913995825643596,1.0,0.8441818493221046,0.8724255731231951,0.8881762923224984,0.8500152509694188,0.8958463365206456,0.9098945858596158,0.9004438374267981,0.907862577872044,0.8989449023960729,0.8989300943895727,0.8908508501435181,0.9264375454266366,0.8972107368941687,0.8820500511972313,0.9063103151977837,0.934245469080696,0.8727296261496447,0.886959360499727,0.8838006132792956,0.8767427580910945,0.8802687472666392,0.7605679961157078,0.9211803170895451,0.9164101788605286,0.7238540138336422,-0.901184104090632,-0.14367952348445834,-0.48952304419019693,-0.636220621175311,-0.42325987622587896,-0.1415773087931247,0.007196447899798574,-0.516804607777663,0.3074360514501234,0.5023443226003146,0.8076522996782731,-0.8895409264916039,-0.33488931390363097,-0.3935691143549056,-0.6696212503153885,-0.42493968750256483,-0.25460322836762844,-0.3291287573421582,-0.28490638848734295,0.5084949866758873
0.9288679181827012,0.9373756816618161,0.9221825681849211,0.9279790234522074,0.8969782849275605,0.8990058094343205,0.908317069703528,0.9261811638199469,0.9224324784215621,0.8912590991516888,0.8919386259564495,0.940351895642698,0.9030638530453995,0.9125965329888627,0.9388250853902023,0.876833149561354,0.8768205696507664,0.8991346887518112,0.7785578812498632,0.8863560428718564,0.8976401068331571,0.8902376361437644,0.8874256411108631,0.8441818493221046,1.0,0.9020290103940948,0.9440354649848203,0.9005680335318281,0.9360262674539271,0.9466275923599934,0.9263851278611087,0.7639650388670036,0.9469735928519919,0.9317123162098111,0.9325103793975441,0.9146455394882972,0.9184606500180987,0.9108967817367803,0.9247150459629653,0.8829851541197602,0.8407557944560589,0.9122197710834928,0.8760251446703792,0.8695065108991228,0.9097711927144907,0.8245991517409739,0.9167620248999886,0.8210205613400479,0.7731366286464787,-0.9332944313603907,-0.05233634745801941,-0.607571183166979,-0.628190982613512,-0.4797776984501161,-0.23696631703510093,-0.20672488175297254,-0.579139017823012,0.21039751180372235,0.46805425147844043,0.8431694907401397,-0.9423755061487472,-0.2622793177520725,-0.5626915364820892,-0.692212525646788,-0.47100018868613636,-0.3453821141644629,-0.43487455418820226,-0.2587163284866533,0.5084658332878507
0.9102380561762669,0.9652283760864797,0.9395786119523885,0.9546422542616465,0.9239840489842062,0.9430523832421456,0.9746938590343049,0.9561868411944275,0.9493976768477658,0.9489923426545547,0.9145022155173236,0.9111410254834681,0.9472630485638971,0.925772487206485,0.9519075943733223,0.9318963468176956,0.9379919878446501,0.963351799170997,0.8725280782940906,0.9501539546748016,0.8999434436833122,0.942674914194017,0.9411024542821165,0.8724255731231951,0.9020290103940948,1.0,0.9467057679056754,0.8906581378500915,0.9669052446681314,0.9452701840987687,0.9571225859184801,0.8252220128101149,0.9476561301951235,0.9582054496657515,0.9604931740703038,0.955767766253855,0.9509423968636969,0.938130595493404,0.9611520597202876,0.9076201899996302,0.9293834529806254,0.9692456856359691,0.9571678512703224,0.9163997868746757,0.9326102423281456,0.8478267606110633,0.9267332017773114,0.8233832200575735,0.7948819060478793,-0.9639560455763658,-0.05474603407885998,-0.6506629560065726,-0.6943811622086373,-0.4786740042191098,-0.27323822830408484,-0.15948277328075386,-0.580277830796576,0.26874783930010554,0.4378677409717941,0.8597438091144858,-0.9619090708074084,-0.29652366588290857,-0.5825777855997006,-0.7562904698969212,-0.45350163823822087,-0.36155688967162175,-0.39233985093372586,-0.3272917343741896,0.46107537192952686
0.9401928556882951,0.9725096273791406,0.9360749813617294,0.9564161645757211,0.9373663063505803,0.9291275010991311,0.9540830340060654,0.9746503079196177,0.9529682487433419,0.9331909249806919,0.9439088402896908,0.9321312333713726,0.9304462026661122,0.9661708379856085,0.9726413968687893,0.9320427447665784,0.9169143541007438,0.947498891394153,0.8132088404965478,0.9336673037325904,0.9299795728250924,0.931882554793421,0.9417328189471608,0.8881762923224984,0.9440354649848203,0.9467057679056754,1.0,0.9014563546232935,0.9633706297699156,0.9680755490727564,0.9580170554295573,0.8176274564094606,0.9751143371645324,0.9803061097684633,0.9696788039100736,0.9656149802089242,0.9650437258982658,0.9597524322492398,0.9650520958226028,0.9259666612030852,0.8968688619922909,0.9514282919618309,0.9201149387947611,0.9151053938882164,0.935223785572389,0.8311089276618118,0.9560533395123921,0.8734268483644153,0.8265548320848244,-0.9766557816018178,-0.04610482683868339,-0.6729923798349424,-0.7335064780010484,-0.540750836934257,-0.22662936409701867,-0.1302799508198686,-0.5569008197869574,0.25782450194777917,0.48975190434931076,0.8972111955888247,-0.9739685650277605,-0.2938379269159104,-0.6045151564450966,-0.7823555286486685,-0.5347434756098645,-0.3777955989199912,-0.38497133907221165,-0.3096244079761171,0.5296973038592456
0.9383488750865606,0.9207016921530038,0.9276128343803958,0.9239061833974369,0.8897223434840973,0.9187906271460073,0.8825874724625694,0.8890847301036133,0.9090116902211982,0.8996526282602493,0.8414286058208024,0.8975031458760188,0.8937772195899488,0.8594860415993493,0.8888187295141606,0.8565391506869037,0.8264407118285677,0.8736886012221099,0.8157137874729243,0.8950219343817586,0.8831915917842187,0.8614740614623322,0.8531790371024071,0.8500152509694188,0.9005680335318281,0.8906581378500915,0.9014563546232935,1.0,0.9311729453032784,0.9256571200679495,0.9049145540370723,0.7601626129380578,0.908606917753868,0.8941903971181828,0.9047056210583239,0.8894548478451391,0.8856338826013739,0.8589683542572287,0.9044505722248359,0.8749685473314549,0.9052050176997908,0.9088669694044363,0.8681706520300004,0.8622306564600414,0.905906877310794,0.8187409771117149,0.8992947374519535,0.7999397282624697,0.7730221680316053,-0.9107990729476707,-0.03702661047818583,-0.4911158452232509,-0.547274305535872,-0.425130023175421,-0.2485156061043807,-0.24619691504344554,-0.6975605170563388,0.14570909038970586,0.5229624581002671,0.7551592601779558,-0.9217464160010174,-0.23312132745832834,-0.4260966433473342,-0.6085322165397662,-0.406193801187307,-0.28191684577037657,-0.4949454186385585,-0.29010281988332737,0.4969608725005664
0.9418707377241762,0.9814867895691874,0.957668528410311,0.971270185860741,0.9453460616961973,0.958620580262567,0.9675875886854627,0.9668641315980854,0.9614771391179769,0.9485947584382658,0.9188193031252269,0.9410043947480384,0.9537976120764482,0.9404177410980474,0.9686830421682262,0.9300038586866666,0.9222770213534227,0.9575180679845308,0.87165592057215,0.9608331206981058,0.9242616438490013,0.9445502236156168,0.9449794162172908,0.8958463365206456,0.9360262674539271,0.9669052446681314,0.9633706297699156,0.9311729453032784,1.0,0.9711490018920852,0.9670703476208081,0.8329596300617481,0.9687499299172487,0.9694029320945785,0.9694973721224992,0.9659807068037368,0.9604637235263067,0.9490964496447358,0.9716085021306571,0.926993838413432,0.934225464996408,0.9693872526610028,0.9493171984619343,0.9276780112198273,0.9513504544726168,0.8581643585362135,0.9441995675077932,0.8502259674726509,0.8064693671450167,-0.9786292344169817,-0.06727040658351886,-0.6244729649640883,-0.6702802470938067,-0.4834339362712115,-0.26276565669274876,-0.17983087267855694,-0.6149429567151224,0.24278960678022904,0.483612796287463,0.8677855776948841,-0.9767248934368756,-0.3063309635330015,-0.5560680306898336,-0.73179142812101,-0.46265902208897186,-0.34814536035314264,-0.439011924417223,-0.31286141472737206,0.49847082434409934
0.9435239517325185,0.9765542015694212,0.9458972501526898,0.9687341091966821,0.9412628603785703,0.9459621809771385,0.9490857975797524,0.9661078470698927,0.9550121978174112,0.9342200376981141,0.9275558018039499,0.9461755400865545,0.9463624233635316,0.9456940019381065,0.9662666301868568,0.931181065000797,0.9071838476191869,0.9473585854785644,0.8449523344718521,0.9499341845983804,0.9408231236161833,0.9423196073869562,0.9428362552772928,0.9098945858596158,0.9466275923599934,0.9452701840987687,0.9680755490727564,0.9256571200679495,0.9711490018920852,1.0,0.9666432619356403,0.8329659437978315,0.9718036428223481,0.9721701461832974,0.9652270551281538,0.9640130141804112,0.9658692750836623,0.9443591641289215,0.9665436858495268,0.9362631379728173,0.9093252441056874,0.9561173721027116,0.929241404842988,0.9124510904636213,0.9464499117200471,0.8341895668486489,0.9525036597124309,0.8853393774334827,0.8157407079061133,-0.9744425050015616,-0.0774684255635107,-0.6061414704055785,-0.6772804686062849,-0.4970307709515267,-0.2460562174049327,-0.14382627335537213,-0.6019165694453853,0.2481374182715631,0.5037411503255125,0.8616849051474516,-0.9755197378956538,-0.30334919932340426,-0.5340346852810699,-0.7276191319740984,-0.4863220074708817,-0.3494498733897581,-0.422139363868041,-0.27601875885464805,0.5209693117857875
