0,1,2,3,4,5,6,7,8,9,10,11,12,13,14,15,16,17,18,19,20,21,22,23,24,25,26,27,28,29,30,31,32,33,34,35,36,37,38,39,40,41,42,43,44,45,46,47,48,49,50,51,52,53,54,55,56,57,58,59,60,61,62,63,64,65,66,67,68
1.0,0.9534550574483108,0.9554935028427547,0.9551114734723455,0.9248749098573297,0.9039841267456652,0.9459344682032651,0.9430095371543619,0.9136683117171619,0.9269067298225456,0.9494643225357006,0.9176590358843587,0.931530133673431,0.9336815948593921,0.9486826083662507,0.8880990295138751,0.9328763367718491,0.8750560609108514,0.8628922784819394,0.9268197588482923,0.9430151595944822,0.9153523284360802,0.8566478170944395,0.805025716030303,0.8895884587531032,0.9323173816523845,0.9435936662069343,0.9376827097612039,0.9509213654561024,0.9605468123815594,0.9184296946613285,0.8795904092775981,0.9576152692020008,0.9497017992607771,0.946267269166181,0.9214125349160985,0.9115952604416754,0.9489667887651086,0.9217226345692395,0.8297217338511583,0.8581226627550381,0.9044678340381139,0.900915936081295,0.776057022744851,0.9033934066781075,0.810537676854404,0.8782932409446245,0.7298351153669069,0.7252126529525328,-0.9461831609861696,0.193717996912744,-0.7300440048778196,-0.661026191902671,-0.5543229894025336,-0.12210986683030517,-0.2836670249394173,-0.5887225997392724,-0.046986087040902416,0.024159545298686462,0.5781689479009706,-0.9480232052216992,0.22093927480655345,-0.7822876398949955,-0.6841595481991665,-0.5952556823763628,-0.24678432118405066,-0.608667760458015,-0.040071976484802166,0.2468503098656062
0.9534550574483108,1.0,0.9666729913807819,0.9549057438498736,0.9326267303514985,0.907532190362618,0.9727212072419674,0.9674068940304287,0.9393260331345054,0.9461628372201931,0.9574523102554497,0.9058092205148306,0.9436479712081781,0.9469877510480966,0.9734320690808038,0.9192946123751053,0.9661045435079324,0.9171652012442238,0.9046667239575142,0.948998314327419,0.9152504550841873,0.9341193209528991,0.9131901348817963,0.8350511627411359,0.8754844706568435,0.963312784916089,0.9637623887392874,0.918383302768243,0.9714838719593695,0.9581566752949384,0.9217816692882137,0.9065468590658607,0.9704108395693815,0.970916137758754,0.9596150732473889,0.9513937141903532,0.9404216986530767,0.9704621737339336,0.9599246864665715,0.8640413217436355,0.8977219310598079,0.9519870584221517,0.9427918667591291,0.8161746694556113,0.9162188357485881,0.8315175514291868,0.8970015123120597,0.7843916099561171,0.7759002927212654,-0.9701961099652934,0.22936153979181406,-0.7419553286453964,-0.7166812449241953,-0.5771605806457694,-0.13797249510983375,-0.30513488342363465,-0.5955575429512628,0.006804200415369233,-0.02305016421794617,0.5758984524333707,-0.9736496287298956,0.23924849964740175,-0.8025856862976717,-0.7415824676356305,-0.6224725675867953,-0.25284225181593634,-0.6290941751588309,-0.03113001626699713,0.23828641102245157
0.9554935028427547,0.9666729913807819,1.0,0.9714909454081525,0.9137923408234554,0.9003469433549783,0.9719016163102505,0.946964709526897,0.930470704912939,0.9395757136882795,0.9503056661348492,0.9256594367358082,0.9402854889626759,0.9227550664580391,0.964257283812783,0.9311901587364205,0.9637308893953878,0.9343405224143047,0.9019849856452548,0.9501169895929453,0.9184952609513495,0.9423134793317621,0.9062701017092378,0.7967738081656849,0.8526677969135498,0.9608883434353818,0.9441917970495116,0.932701344845264,0.9682776948798727,0.9552171218607342,0.929486893155276,0.8738801645815528,0.9557058515389909,0.9595680703711613,0.9481952263742319,0.9365508073283985,0.9146055776198426,0.9582290044455675,0.949807619001926,0.8567297580098037,0.8761721029513321,0.9178691183958928,0.9227344780238527,0.7919876029617532,0.9072327473303125,0.815927321223125,0.8647499051945152,0.7569882991972937,0.724315161669483,-0.9703236980157457,0.20368184532777078,-0.7430688262844813,-0.6964357635289139,-0.5934567997612312,-0.13244794806838947,-0.3499964593542375,-0.6314330195483182,-0.05763677609808653,-0.06149426496053776,0.6301475465481801,-0.9590657709863143,0.21117589062087821,-0.7925644932650422,-0.7322232987364948,-0.6242080733262293,-0.2586820958510878,-0.6540524754816279,-0.09591835081673719,0.17858860422291298
0.9551114734723455,0.9549057438498736,0.9714909454081525,1.0,0.9055224002582589,0.8946683079929612,0.9608527430272148,0.9320293907134876,0.9243947098181797,0.9271604942997574,0.9434335791330031,0.9303487529805203,0.9430722297717608,0.9147043029318631,0.9544666318452424,0.9287811783663948,0.951458956047667,0.9260260736544882,0.8828796127502581,0.9500813336148195,0.9229148067050571,0.9462870062735751,0.8880901085953546,0.7912894465675164,0.8543756276142722,0.9445516892696622,0.9354512859665948,0.9211756317692014,0.9582336621638289,0.9538100379528517,0.9330352257048437,0.8690142492493205,0.945147548991782,0.9523183238425035,0.9447143151563323,0.92708528893376,0.9024825709093259,0.9519837479622101,0.9358276723957972,0.8465566792966757,0.8445471104543449,0.8910477082132271,0.8956657341835763,0.7726127222368186,0.9016694007810856,0.805530520759836,0.8528483589001749,0.7481044189712432,0.7129786386808057,-0.9619766139198721,0.17706437073807713,-0.7359552074262101,-0.6895206354133288,-0.5982222206846072,-0.12580244835232762,-0.34673229943075173,-0.6333105342555234,-0.08021363002986945,-0.043316765840736744,0.6363033328887635,-0.9480500937776086,0.1935207066692065,-0.7879340287270833,-0.7231091430859526,-0.6302047225880181,-0.24551581300355743,-0.6494493267406878,-0.10253018228464018,0.1801267916000486
0.9248749098573297,0.9326267303514985,0.9137923408234554,0.9055224002582589,1.0,0.9208957017337598,0.9150872266851905,0.9268130121462607,0.8731490814663281,0.907084880686139,0.9160228338222117,0.8367919163977471,0.9087684942627688,0.9310289603091952,0.9223359574267932,0.8323283596614349,0.8975348537308109,0.8134880019832516,0.8505073784821221,0.9035420775710263,0.9123838117461128,0.864879041077329,0.8175595957394521,0.7994772589482352,0.8827739036984857,0.9053445027588808,0.9268202221275834,0.8684031904089025,0.908772374702057,0.9191302716776546,0.8493594571304568,0.8646756779310448,0.9418414419755479,0.9179327494475542,0.9281400955301264,0.9001824448436944,0.9344287823866132,0.9178345360799558,0.9041544667530538,0.7961780977443252,0.8417276572186064,0.9110819551081022,0.8882737165537978,0.7332508667757177,0.8723667297357132,0.7933431716211009,0.8773689500293976,0.6972110665345378,0.7690378108278234,-0.8999422456111575,0.28173427924860517,-0.6496269678462332,-0.6225774004868668,-0.48010524035321267,-0.11751815000571646,-0.14405953904039595,-0.5225488224127279,0.055863076441745214,0.002308148640684978,0.4244732869121267,-0.9356928115671709,0.2543259819082727,-0.744955143840299,-0.6521923291174787,-0.5579926603621337,-0.23844749475487034,-0.6143701614388043,0.006109147989769145,0.29289080715939864
0.9039841267456652,0.907532190362618,0.9003469433549783,0.8946683079929612,0.9208957017337598,1.0,0.9055571332009736,0.89235362681061,0.8887888589462223,0.9141480021703374,0.8782213962688629,0.8268075629545798,0.8878908881377515,0.8873542704345654,0.8913291166892756,0.8184239093963371,0.8785688946676488,0.8236786589069572,0.8687633409118563,0.9208744325037977,0.8845237782847784,0.8593648237165524,0.8217786335262157,0.7602588747164921,0.8092766302535648,0.8984705963776809,0.8814686583807342,0.8772297684503103,0.9000515959173674,0.8985587196139737,0.8438480044430424,0.839960805521585,0.9112853287971933,0.893703151287616,0.8902411999020236,0.8634399961860652,0.8775738873075658,0.8839728646976814,0.8710376510576371,0.7727947989857761,0.8739253717257845,0.8970053397356218,0.8945914386026933,0.7313841676838542,0.8785373235518406,0.8246418658684929,0.8127487359874651,0.6867512868832484,0.6852530494579135,-0.8826626505728523,0.15896819910673154,-0.630851309960559,-0.5482241418946637,-0.43041616552935025,-0.0857055701911583,-0.18761704907861296,-0.565554820155466,-0.002894153160051604,-0.03885096826180258,0.43895236840880747,-0.895164386163279,0.22066513389770173,-0.6993991166268049,-0.5919585378633813,-0.47512355755884284,-0.22898243438812255,-0.628840386858277,-0.01413310177509578,0.245331424953525
0.9459344682032651,0.9727212072419674,0.9719016163102505,0.9608527430272148,0.9150872266851905,0.9055571332009736,1.0,0.9515448744354776,0.9436449970207441,0.9433403586770847,0.950861213751788,0.9014233243623049,0.9359921296403633,0.9294793757367793,0.9696789516860508,0.926127161390627,0.9759445880399674,0.9377197846234557,0.9081459411116841,0.9552970951013886,0.9032850764169114,0.9420742487664816,0.9142899159600886,0.8149974000886696,0.8630071608025299,0.9729127255993378,0.9506336985035638,0.9144747674582462,0.9718101994949306,0.9539381338364856,0.9255731164850398,0.8958529652212563,0.9583141256503647,0.9650219688426649,0.9540665551764569,0.9472269302764583,0.9256024907078055,0.961274736760063,0.9529524126622412,0.8646718871693455,0.8851535630045223,0.9392198768261961,0.9409262705051109,0.7895543711344948,0.9080409936690798,0.8309313026373921,0.8725633052865708,0.7752381625513262,0.7523242853655592,-0.9703621496880248,0.20867671707039057,-0.7400583389670141,-0.7028538849855651,-0.569385139679252,-0.1306596937086882,-0.3148747557227598,-0.6216866095790481,-0.018298578697717758,-0.05839869976351109,0.6124670807540883,-0.9646840808902043,0.21480506253694684,-0.7982003815413667,-0.7360059364576644,-0.6037961261303176,-0.23645545645357155,-0.6523433966091836,-0.06272419537435973,0.19618960345419098
0.9430095371543619,0.9674068940304287,0.946964709526897,0.9320293907134876,0.9268130121462607,0.89235362681061,0.9515448744354776,1.0,0.9169367910577765,0.9456956699732386,0.9545764586542406,0.8987428620456287,0.9387105171747481,0.9530061283513294,0.9692135186374029,0.9008148659713568,0.9417613967044685,0.8718400982990445,0.8580715599778466,0.9271761603664112,0.9171847229406654,0.911191713418129,0.8876443937205613,0.8518230047714664,0.9016505730928259,0.9394739168329248,0.9730458410819206,0.8962975698412092,0.9475400738479935,0.9441183048374389,0.9013003799013897,0.9117905290005792,0.9728567942991565,0.9675902215413156,0.9562700914893646,0.949297064357308,0.9511152341097904,0.9686253392286032,0.9559777139502018,0.8715737086735689,0.880073167312029,0.9405113593148863,0.9298535883641107,0.8488877187381547,0.9265170777354425,0.8175801734187732,0.9199489261905939,0.7949381457773593,0.807872878219776,-0.9575638956683038,0.2322078305879277,-0.7599339380157839,-0.7475676753449274,-0.5730621532696724,-0.1570388636736045,-0.2787527354486895,-0.5385947843750761,0.090261911764268,0.02121764158353114,0.5445448025789498,-0.9733137216882852,0.22492220743519148,-0.8171875477096381,-0.7598386530160971,-0.6370506879874325,-0.2780047447399561,-0.5631605107251124,0.043482383806439776,0.29862790205359385
0.9136683117171619,0.9393260331345054,0.930470704912939,0.9243947098181797,0.8731490814663281,0.8887888589462223,0.9436449970207441,0.9169367910577765,1.0,0.928583303705237,0.9120315815399627,0.881694675164377,0.9072888632474705,0.8905332043694402,0.9286856257489284,0.8921561800508615,0.9364634097537938,0.8946413274796368,0.8681556890145224,0.9335056033930722,0.8797272249607622,0.9029445740493603,0.8798938399616304,0.7958839997664127,0.8246780302739055,0.9376053050260768,0.9153207826868548,0.8858624038448079,0.9368889459297193,0.9232960760496028,0.8964601960348059,0.8797389712519513,0.9205913215199766,0.9270126901041666,0.916676119077856,0.9113302332479417,0.8913477323656608,0.9244293034504282,0.9120311554776916,0.8311040574642147,0.8750491794342681,0.9145316241663126,0.9105075868493976,0.7546599726827654,0.8852614706686275,0.8250325516850295,0.8389403988881261,0.7651001376642007,0.7143488583284642,-0.9360713219274894,0.17784041293532923,-0.7234616158239999,-0.6768577894717046,-0.5500930505794692,-0.12476866819910634,-0.3234254871368753,-0.5981771990967413,0.0017919040324353974,-0.06288935635864733,0.5975241931326614,-0.9263124312644725,0.23288902897068814,-0.7694169324192415,-0.7081202120456058,-0.5730734619120965,-0.23988029887289042,-0.6029182499782482,-0.03752209884277834,0.20193125895861627
0.9269067298225456,0.9461628372201931,0.9395757136882795,0.9271604942997574,0.907084880686139,0.9141480021703374,0.9433403586770847,0.9456956699732386,0.928583303705237,1.0,0.9311260451441422,0.8929422178389032,0.9252565690459376,0.9100561947104014,0.936523771228647,0.8889974644445574,0.9336943729948786,0.863934731450136,0.8396061403409942,0.9380946396673991,0.9164024728168012,0.8947420258531315,0.8604835194399594,0.8269388718136851,0.8531596260315595,0.9368481858682065,0.9331557968564617,0.9070073338987287,0.9375249738318359,0.9337026199665288,0.8920986471746586,0.9002097336567848,0.9424733907085833,0.9368076348059716,0.9265915474181117,0.9273280791313793,0.9099906574084049,0.9327890148199098,0.9215873122289676,0.8542020634952735,0.8782802725541387,0.9307474007819323,0.9252093757080254,0.8207480923444315,0.9172925489865832,0.8304597493865792,0.8686841680794811,0.7620031423211194,0.7369597825522192,-0.9388082462100753,0.20884522901136274,-0.7202074934365763,-0.6731652395428572,-0.5331803320506427,-0.12212048083050278,-0.29627530043988126,-0.5609034719751063,0.04018652831214284,-0.03852546612261444,0.561769618127854,-0.9435093223590096,0.2406986836286831,-0.7715037151477572,-0.7024549408941454,-0.5724004838905283,-0.2785458792404609,-0.5775364654607019,0.0006547498673665233,0.2389400943284124
0.9494643225357006,0.9574523102554497,0.9503056661348492,0.9434335791330031,0.9160228338222117,0.8782213962688629,0.950861213751788,0.9545764586542406,0.9120315815399627,0.9311260451441422,1.0,0.9046949540264967,0.9433864117782786,0.9264808848380264,0.9585751208974858,0.9081424878040282,0.9459612064574261,0.8880107371716668,0.8562211882501889,0.9166147041777851,0.9203558291986281,0.9341190518430427,0.8767951187342156,0.8400359974731004,0.9080909361941532,0.9340281754604933,0.9538816605382491,0.9086210333797834,0.9502267689394116,0.9602837937386076,0.9347234147056566,0.8998604708303682,0.9596062789426035,0.9578908477563025,0.9574950382609736,0.9464075396371944,0.9299354778702131,0.9590838216117427,0.946190061292627,0.8686943361226566,0.8368681268401247,0.9165475533408471,0.9084459333317645,0.7949681307767471,0.9078743813869373,0.801006377708514,0.9051498437209687,0.7911787889928795,0.764109267706911,-0.9523300830099984,0.23759921221397245,-0.7209509082025253,-0.7117595077264157,-0.5580036775696773,-0.14283658587997794,-0.29866160124509394,-0.5469832068924895,0.03186193865098348,0.00017008545297969813,0.5798323537510598,-0.9583483294143124,0.216378300848206,-0.7864654621551157,-0.7290537163917954,-0.6158774167789369,-0.27949050491410593,-0.5782159343018325,-0.0062187912841148545,0.254224253169373
0.9176590358843587,0.9058092205148306,0.9256594367358082,0.9303487529805203,0.8367919163977471,0.8268075629545798,0.9014233243623049,0.8987428620456287,0.881694675164377,0.8929422178389032,0.9046949540264967,1.0,0.9055793969316167,0.8614626776388072,0.9094078408225262,0.9076473770509886,0.8912295931101026,0.8761005349928457,0.8059439947840789,0.8965647977944581,0.905381150288501,0.8948936586445749,0.8705887052309248,0.7484788320288983,0.7910598210179242,0.8840287937033298,0.8951002262896905,0.8889704329169918,0.9088491454408955,0.9091188081371697,0.8895674437422796,0.8095203723064853,0.9036701442763275,0.918247334971206,0.8805281351269224,0.8649592377229349,0.8219475667732786,0.9157114806592755,0.8867285962503317,0.8198017652977305,0.8115762182093874,0.8369376547828292,0.8565081853420976,0.7956655352805929,0.8671116775737645,0.72990889461572,0.8135627941627843,0.7665783587701641,0.6172602083433698,-0.9306120990899983,0.11505037209213735,-0.758902013117653,-0.7072703600507425,-0.6420238887098668,-0.14170646569670928,-0.48069385583972407,-0.6273651754995331,-0.08161826815145916,-0.03830122060918228,0.6841365757947457,-0.8970429139269978,0.16258400628140499,-0.7831999670530289,-0.71390509142444,-0.6529984911218716,-0.26237997695800847,-0.5877126195306441,-0.07995325233860383,0.15890824053218006
0.931530133673431,0.9436479712081781,0.9402854889626759,0.9430722297717608,0.9087684942627688,0.8878908881377515,0.9359921296403633,0.9387105171747481,0.9072888632474705,0.9252565690459376,0.9433864117782786,0.9055793969316167,1.0,0.9156345110129208,0.9398382425689837,0.9146286894572057,0.9270060374803073,0.879855950649492,0.8614962422660501,0.9290868522863349,0.9140254384768298,0.9342126577930691,0.8760254038486471,0.8433682623926699,0.8682109558927231,0.9123961762205959,0.9293561473066017,0.8877749495087575,0.9332091032880909,0.9388616498830221,0.9143673111097764,0.8780427531612445,0.9409720403001776,0.9453355462964154,0.9342475191498164,0.9243226634753273,0.9103205555030315,0.9479667935038906,0.9358135062682499,0.8746116943520995,0.8365993400031086,0.897590485243891,0.8956782941345224,0.7962445740283057,0.9083321665622257,0.7894989982691666,0.8807389325043344,0.7983021259268178,0.7251520686664538,-0.9397537638642459,0.17538032287481153,-0.7076117343307371,-0.7011495023098011,-0.55073353654995,-0.11691239564082331,-0.29286920786713266,-0.5605340955673083,0.03734672401648059,-0.027268098494940097,0.5729333800957431,-0.9388590070402055,0.17548698591759987,-0.7640948043552928,-0.721601333898752,-0.6083109911080383,-0.2536212245520914,-0.5936816340948723,-0.004580536121620406,0.24015939675810166
0.9336815948593921,0.9469877510480966,0.9227550664580391,0.9147043029318631,0.9310289603091952,0.8873542704345654,0.9294793757367793,0.9530061283513294,0.8905332043694402,0.9100561947104014,0.9264808848380264,0.8614626776388072,0.9156345110129208,1.0,0.9447649966035254,0.851324613828967,0.9194203208639441,0.8306644763237567,0.8386796213598643,0.9062656984635771,0.9124414504544537,0.8753299952575623,0.8473266222745764,0.8187461674986908,0.9021534152664297,0.9201523215997405,0.9555291974920386,0.8535471181103957,0.9216422274147118,0.9266392876409878,0.8635551216680829,0.8875369683406681,0.9553556901611061,0.9501776190998683,0.9373664317474982,0.9259929886925916,0.944736668884531,0.9514493191434389,0.923245356556676,0.82444358169288,0.8411091895692557,0.9154850902968124,0.8980948156242301,0.772830694668335,0.8890835890646187,0.8036798154910455,0.8943361952159796,0.7378333311777067,0.8149932993294084,-0.9236904785221505,0.2357268910654425,-0.714040396004775,-0.7090852574595217,-0.5234222926049584,-0.12615410203079214,-0.18867323581260384,-0.5168569525572746,0.051670431917538714,0.047202717105168136,0.4766096613617664,-0.9573232412438009,0.20983535586471996,-0.7912802306455095,-0.720618196986499,-0.6034941215171746,-0.25589236990809944,-0.5798229045892788,0.06033448096409256,0.3097643778547519
0.9486826083662507,0.9734320690808038,0.964257283812783,0.9544666318452424,0.9223359574267932,0.8913291166892756,0.9696789516860508,0.9692135186374029,0.9286856257489284,0.936523771228647,0.9585751208974858,0.9094078408225262,0.9398382425689837,0.9447649966035254,1.0,0.9285174475015276,0.9614487779309605,0.9136463831683302,0.8839741618496376,0.9405281520557487,0.9117002620309799,0.9363603565138994,0.910988388941237,0.8306492931134991,0.8873231757555504,0.9596308200205643,0.9704743217708038,0.901878446908145,0.9628587186379031,0.9550850261380164,0.9226036612519369,0.9023623802130176,0.9689350134534643,0.9768438324600298,0.9630698778135637,0.9532515862258658,0.9389367318069399,0.9732880147883145,0.9599849739415902,0.8729480402991843,0.8770144945440101,0.9362890392786767,0.9305507527173352,0.8175782658861876,0.9176820641131705,0.8187345583449576,0.9058179889636853,0.8003419995726256,0.7870798988190707,-0.9740902732210022,0.2136701789173178,-0.7712875570087898,-0.7498842820812484,-0.6046363851572382,-0.14412712473754494,-0.32673376609595073,-0.6076679123350001,0.0036254513166032354,-0.01272327888993985,0.594540654900977,-0.9768704278696261,0.205121338506535,-0.8289979305443619,-0.771483845141314,-0.6573267720721031,-0.26707282921743614,-0.637963359789909,-0.03832488400624275,0.24060253995481065
0.8880990295138751,0.9192946123751053,0.9311901587364205,0.9287811783663948,0.8323283596614349,0.8184239093963371,0.926127161390627,0.9008148659713568,0.8921561800508615,0.8889974644445574,0.9081424878040282,0.9076473770509886,0.9146286894572057,0.851324613828967,0.9285174475015276,1.0,0.9234434425012373,0.9231934101250486,0.8494648468360484,0.8998735487942653,0.8479796268677935,0.9345072324963424,0.9116912257017298,0.7873833573061789,0.7887312993037718,0.9095969822519199,0.8984162853590713,0.8702867528297281,0.9238497313159204,0.9118950195238308,0.9163067303410398,0.840965366010494,0.8986384803301615,0.9239803015428564,0.8994996125350262,0.907497134690284,0.8523557181495451,0.9229896334663592,0.9204360464606784,0.8752546219708759,0.8142535312073446,0.8634370089430041,0.8767371924629158,0.7745271959492243,0.8664233305896077,0.7507679852114776,0.8284436851709268,0.8120023942349017,0.6743388727402735,-0.9447316386018744,0.16461962714751924,-0.7686659325485812,-0.7589883096214525,-0.6567853615164646,-0.12143229710679766,-0.44001027498159206,-0.6508530401387421,-0.07524542411121855,-0.0931254114870506,0.6735744081926456,-0.9156203580340877,0.17052870256952976,-0.793188616721625,-0.784661917433899,-0.6839279053721682,-0.24218240473706007,-0.642956101974794,-0.15056651406374344,0.11785441681260726
0.9328763367718491,0.9661045435079324,0.9637308893953878,0.951458956047667,0.8975348537308109,0.8785688946676488,0.9759445880399674,0.9417613967044685,0.9364634097537938,0.9336943729948786,0.9459612064574261,0.8912295931101026,0.9270060374803073,0.9194203208639441,0.9614487779309605,0.9234434425012373,1.0,0.9390050343921894,0.9012011918421534,0.9394492849581524,0.8943015917088452,0.9394840108383756,0.9139713569772698,0.8208414445560713,0.8559038931638654,0.9694213474173369,0.9405501616244322,0.9037480435554309,0.9658976209144496,0.9483659889032346,0.92444995633914,0.8973683971342634,0.9459677373052304,0.955983012131948,0.9458496519449221,0.9496292013756857,0.9163052006896255,0.9541095498707121,0.9485200269773278,0.8685719541944427,0.8676895606588167,0.9377799370325166,0.9383179818403385,0.7796482408751966,0.8925085998466067,0.8226554684685227,0.8662134730755287,0.7805893261726379,0.752262696990491,-0.9623387276201617,0.22180767007487104,-0.7273052834634699,-0.7041890202012836,-0.580049358599825,-0.12251143587643172,-0.3185465444396999,-0.6043060713931457,-0.02186495138110668,-0.06343573880715139,0.6156067001040736,-0.9571490818474359,0.22311281736239963,-0.7889623021328225,-0.7404490156273024,-0.6128447000564367,-0.2306333656991385,-0.6362951225480477,-0.06765735116513236,0.19069549434031863
0.8750560609108514,0.9171652012442238,0.9343405224143047,0.9260260736544882,0.8134880019832516,0.8236786589069572,0.9377197846234557,0.8718400982990445,0.8946413274796368,0.863934731450136,0.8880107371716668,0.8761005349928457,0.879855950649492,0.8306644763237567,0.9136463831683302,0.9231934101250486,0.9390050343921894,1.0,0.9219545900436729,0.9072741421139618,0.813447158227245,0.9365570483979553,0.9335589032979811,0.7235657626721461,0.7403019277665958,0.9283327903016608,0.867573845837946,0.875655908782742,0.9317606801899861,0.8927888209613384,0.9100340344362612,0.8035035698452956,0.88066347940803,0.9058796519709578,0.8835992664865423,0.8783320660857348,0.8251191297209831,0.9026969157961456,0.9090890893686959,0.8220779261980692,0.8401168576217457,0.8698896631571831,0.8883597025223571,0.7474189834623965,0.8415025293357298,0.7719429410504322,0.7802833454628288,0.7579639130902956,0.626087583294843,-0.9345070546007271,0.12518190383744304,-0.7098426483629012,-0.680881542297276,-0.6206566637791163,-0.11717738374250132,-0.43155881865857715,-0.669831115494195,-0.1105668310911555,-0.14993333962876287,0.6853564399666224,-0.8897965267732011,0.15283006887944395,-0.7370825500058366,-0.7208134027376812,-0.6170817144000001,-0.1977191992203484,-0.6690118537086888,-0.15864345315658357,0.07543456263391961
0.8628922784819394,0.9046667239575142,0.9019849856452548,0.8828796127502581,0.8505073784821221,0.8687633409118563,0.9081459411116841,0.8580715599778466,0.8681556890145224,0.8396061403409942,0.8562211882501889,0.8059439947840789,0.8614962422660501,0.8386796213598643,0.8839741618496376,0.8494648468360484,0.9012011918421534,0.9219545900436729,1.0,0.8884679481306333,0.8048841594679661,0.8927429998185331,0.9060099953280523,0.7095550040288888,0.7325505302346436,0.9018597967128524,0.8458681191751678,0.8554245822732215,0.9000772712491991,0.8662134684239536,0.8565096503794098,0.777938411638065,0.8711942174639787,0.8767807332438429,0.8607296190563043,0.8422563703002484,0.837084828459468,0.872942401699155,0.8855217803637999,0.7695261937828122,0.8684061274505253,0.8881837581735399,0.8910138468012558,0.7101562301393889,0.816427473454881,0.7720600882848002,0.7761474000153885,0.6991115592015411,0.6257880195052171,-0.8870319721438397,0.1420425524774248,-0.6162241734397347,-0.5968878725959846,-0.5266451982390422,-0.10569662417821005,-0.3010557553716546,-0.6060536092272846,-0.06325940776640727,-0.12841548646294687,0.501023272747249,-0.8695287873663883,0.15049230194269245,-0.680449449871815,-0.6496462548073864,-0.5441571530095312,-0.16409187300121203,-0.6590101923667788,-0.08239826520225227,0.14973186530561733
0.9268197588482923,0.948998314327419,0.9501169895929453,0.9500813336148195,0.9035420775710263,0.9208744325037977,0.9552970951013886,0.9271761603664112,0.9335056033930722,0.9380946396673991,0.9166147041777851,0.8965647977944581,0.9290868522863349,0.9062656984635771,0.9405281520557487,0.8998735487942653,0.9394492849581524,0.9072741421139618,0.8884679481306333,1.0,0.906680945190625,0.9281593041552817,0.8867681606887652,0.7816495346214108,0.8281709881340654,0.9434431141830785,0.9211048687939059,0.9062147687862098,0.9500911516327778,0.9326419305565463,0.9074321304302392,0.8789938553848751,0.9351817236319636,0.9415248848386851,0.9323547166649798,0.9139134327870446,0.9000567846869931,0.9334333857408935,0.9218827649768583,0.8356647581805758,0.8883536414225134,0.9114947257700866,0.9136197103250102,0.7748289218162447,0.8989956696292187,0.8057555633340052,0.8366034679033078,0.7495467363193168,0.7294537486546038,-0.9443468162698134,0.15207940226301195,-0.7053234430096165,-0.6548888566366862,-0.5399875615540957,-0.11244521162997485,-0.2916341763485233,-0.6089850870094934,-0.009958017700054785,-0.08531354158991439,0.5853406303296248,-0.9372540860213304,0.2050038188950354,-0.761225377681906,-0.6885375998869598,-0.5718655212243102,-0.2251225052611475,-0.6486266565527197,-0.06480166298165305,0.19589845485578047
0.9430151595944822,0.9152504550841873,0.9184952609513495,0.9229148067050571,0.9123838117461128,0.8845237782847784,0.9032850764169114,0.9171847229406654,0.8797272249607622,0.9164024728168012,0.9203558291986281,0.905381150288501,0.9140254384768298,0.9124414504544537,0.9117002620309799,0.8479796268677935,0.8943015917088452,0.813447158227245,0.8048841594679661,0.906680945190625,1.0,0.8794294708609259,0.8025368741004066,0.7774118838111777,0.8870968286314442,0.887025702766885,0.9167817478981203,0.8874387725374612,0.9054434420895248,0.9350171358902406,0.8781174800024393,0.8592545639235833,0.9283600667015809,0.9157557536874081,0.9169815672291343,0.8904591652246621,0.9006088546882394,0.9125958698065191,0.8835030272630301,0.7930215231695801,0.8085733675146447,0.8746668502526268,0.8661630189708148,0.7326072977952708,0.868014272592257,0.7541136776498522,0.8502857549421081,0.7016999096606328,0.7262641933386612,-0.9034172551955192,0.20487313057696055,-0.675474715394996,-0.6421536273056069,-0.5350911194313526,-0.07681559305385588,-0.20916989133062255,-0.5117206795655863,0.0034758254604123438,-0.004282430766164065,0.5140851362879866,-0.9227677579289724,0.2104714900214284,-0.7445094541761632,-0.6716256375392954,-0.6022548885594285,-0.25036386536126176,-0.5605287511328862,-0.0050295300028641516,0.2746967644357205
0.9153523284360802,0.9341193209528991,0.9423134793317621,0.9462870062735751,0.864879041077329,0.8593648237165524,0.9420742487664816,0.911191713418129,0.9029445740493603,0.8947420258531315,0.9341190518430427,0.8948936586445749,0.9342126577930691,0.8753299952575623,0.9363603565138994,0.9345072324963424,0.9394840108383756,0.9365570483979553,0.8927429998185331,0.9281593041552817,0.8794294708609259,1.0,0.9149995828679203,0.8045049042280348,0.8378955589120848,0.9215056296428793,0.9074503357109197,0.9004557856012088,0.9409021432241061,0.9406749330546419,0.9621900890738848,0.8760635651618683,0.9161040962262051,0.9335874750396842,0.9327855876779321,0.9236915333050378,0.8781574510926446,0.9350099484905847,0.9404932156301415,0.8785824967451089,0.8375943659234029,0.8785819766738061,0.8841244232131755,0.7632314567382911,0.8934129848023034,0.7789658611563206,0.8554452674370026,0.813983147267342,0.6874409262459142,-0.9418435670258897,0.13382542174977904,-0.6980697981564605,-0.6928035933299491,-0.598884335659395,-0.11166209439581565,-0.3495438592056688,-0.5934384744479871,-0.03141793612987492,-0.09045369294182368,0.6123576028326552,-0.9244691664272718,0.1623956165426091,-0.7491124426294705,-0.7373867609346173,-0.6387502986963682,-0.2171368266428222,-0.628366042465783,-0.1001386722335486,0.15869726240085377
0.8566478170944395,0.9131901348817963,0.9062701017092378,0.8880901085953546,0.8175595957394521,0.8217786335262157,0.9142899159600886,0.8876443937205613,0.8798938399616304,0.8604835194399594,0.8767951187342156,0.8705887052309248,0.8760254038486471,0.8473266222745764,0.910988388941237,0.9116912257017298,0.9139713569772698,0.9335589032979811,0.9060099953280523,0.8867681606887652,0.8025368741004066,0.9149995828679203,1.0,0.7545668583148483,0.7300605192927432,0.9064401559705738,0.8760439041997984,0.8461977936279632,0.9074368977738836,0.8761527479537595,0.8797710693622434,0.7989693575171835,0.8802967652878178,0.9075446263838444,0.8712113822448447,0.873718016916624,0.8327755345549045,0.9054287216711484,0.9236616812565864,0.8514864064591906,0.8544412482419455,0.8826639661562417,0.8955738891139562,0.7788286248160947,0.8479817204618814,0.7652512222999542,0.8130911633621657,0.8391989952150023,0.6426292788073038,-0.924456007854911,0.08458506498394329,-0.718879247479557,-0.7193461299818289,-0.6465642712297766,-0.1429255001254787,-0.4432263173424759,-0.6318664057290535,-0.057244569766509865,-0.11805566543824104,0.6007262038882708,-0.8913630482163623,0.12176821628878848,-0.74839448647125,-0.744937627394133,-0.6499764476549532,-0.1964880673522777,-0.628825531803306,-0.08554826051849948,0.09959323341512454
0.805025716030303,0.8350511627411359,0.7967738081656849,0.7912894465675164,0.7994772589482352,0.7602588747164921,0.8149974000886696,0.8518230047714664,0.7958839997664127,0.8269388718136851,0.8400359974731004,0.7484788320288983,0.8433682623926699,0.8187461674986908,0.8306492931134991,0.7873833573061789,0.8208414445560713,0.7235657626721461,0.7095550040288888,0.7816495346214108,0.7774118838111777,0.8045049042280348,0.7545668583148483,1.0,0.798724758577126,0.7965510314300787,0.8346400468658803,0.7836822153176562,0.8149679053622979,0.8346159316753746,0.8125223233451222,0.897108953610701,0.8295391784007815,0.833611946927124,0.8357047160354318,0.8931064530130496,0.8230783668693464,0.8421288982241489,0.845477028374999,0.8921091677475814,0.7504535798073709,0.8165920306896693,0.7969129193251431,0.7644501974704818,0.8260178855961999,0.730826054363555,0.8621555829491631,0.835991450509584,0.7079320651512441,-0.8116177618806373,0.16387241284073242,-0.5912464848890513,-0.6283577019161887,-0.4506648413299513,-0.10433797236038826,-0.20475554545434405,-0.3780246589745236,0.14810410277276578,0.009502601900326771,0.3846921160185493,-0.8409368325412994,0.19471375963514573,-0.6452031917703996,-0.6550559119635465,-0.5336055032464028,-0.26017558710266975,-0.40695460719481247,0.08837689181580574,0.25789682607765113
0.8895884587531032,0.8754844706568435,0.8526677969135498,0.8543756276142722,0.8827739036984857,0.8092766302535648,0.8630071608025299,0.9016505730928259,0.8246780302739055,0.8531596260315595,0.9080909361941532,0.7910598210179242,0.8682109558927231,0.9021534152664297,0.8873231757555504,0.7887312993037718,0.8559038931638654,0.7403019277665958,0.7325505302346436,0.8281709881340654,0.8870968286314442,0.8378955589120848,0.7300605192927432,0.798724758577126,1.0,0.8445159269617898,0.9133301769960068,0.8040297473153898,0.8570259369261706,0.8963148849292653,0.836214008902764,0.8629451071839429,0.9114641184898602,0.8834230520667637,0.9128914340489744,0.8850467748620724,0.918102653588525,0.8880892537448254,0.8633465088786402,0.7746185554989968,0.7333672516484494,0.8468591182489298,0.8206715886260223,0.7070584210289054,0.852839993412492,0.7326076673520603,0.8814643269590259,0.6864161454214213,0.8249808824896463,-0.8509597198600923,0.3107156095520768,-0.6346529386159315,-0.6431828638906382,-0.41859305225169174,-0.10429037816169094,-0.08215062643628139,-0.39542154180416356,0.15531822076937965,0.12287945862761006,0.42591808036543005,-0.9040194410934058,0.25702144134741883,-0.7362319181647381,-0.6594629631383009,-0.5478651197253368,-0.22885031459719007,-0.47528669362431597,0.11500877905737912,0.42391617941543114
0.9323173816523845,0.963312784916089,0.9608883434353818,0.9445516892696622,0.9053445027588808,0.8984705963776809,0.9729127255993378,0.9394739168329248,0.9376053050260768,0.9368481858682065,0.9340281754604933,0.8840287937033298,0.9123961762205959,0.9201523215997405,0.9596308200205643,0.9095969822519199,0.9694213474173369,0.9283327903016608,0.9018597967128524,0.9434431141830785,0.887025702766885,0.9215056296428793,0.9064401559705738,0.7965510314300787,0.8445159269617898,1.0,0.9402096965647553,0.9049540659159068,0.9622896740302538,0.9385309308431613,0.9087436491554839,0.8874222747426711,0.9476055572051341,0.9527215598018914,0.9412718292673701,0.9377472171621833,0.913554599383223,0.9479778974135874,0.9398265514344764,0.8493491855384984,0.8917441590735616,0.9440842788319533,0.9461070968585562,0.7810402257653334,0.8941732657892804,0.8272676486433918,0.8593031418093187,0.7522654171851262,0.7463421998320918,-0.9587044133613583,0.21505006198573612,-0.7278668898197636,-0.6804922237002213,-0.5526090698560828,-0.1337570787600708,-0.3029643466462477,-0.6328008063476247,-0.036215414039770605,-0.05889802275053291,0.5956212651238689,-0.9553472895527879,0.2344541526919426,-0.7942235574373624,-0.7195555199482461,-0.5824652080282238,-0.23570309083521598,-0.6683792282357685,-0.078100994494789,0.18509293438526137
0.9435936662069343,0.9637623887392874,0.9441917970495116,0.9354512859665948,0.9268202221275834,0.8814686583807342,0.9506336985035638,0.9730458410819206,0.9153207826868548,0.9331557968564617,0.9538816605382491,0.8951002262896905,0.9293561473066017,0.9555291974920386,0.9704743217708038,0.8984162853590713,0.9405501616244322,0.867573845837946,0.8458681191751678,0.9211048687939059,0.9167817478981203,0.9074503357109197,0.8760439041997984,0.8346400468658803,0.9133301769960068,0.9402096965647553,1.0,0.8810137755865158,0.945962257802744,0.9449043998353809,0.8987251966949016,0.9045241754518272,0.9708146539533082,0.9673389606147275,0.9590738885895578,0.9457118745665,0.9517207242543109,0.9675356621556518,0.9468220118099663,0.8549256979515486,0.8608169097006231,0.9291425406634195,0.9195935575779525,0.8157648936754315,0.9170174845497033,0.8079110497570261,0.9166263031774875,0.7796528021548431,0.8168909759467516,-0.957766233335496,0.2468990153368568,-0.7733015433296215,-0.7587106865819875,-0.5838324272122406,-0.160018323654385,-0.2784032040865833,-0.5604317811060724,0.06093790924856155,0.047089579372475966,0.5548517359061179,-0.9753631620743609,0.2235667838483396,-0.832221981710617,-0.7687651876727357,-0.65423287818092,-0.25773035903653974,-0.5916369281893741,0.00875491270550734,0.2960604395847596
0.9376827097612039,0.918383302768243,0.932701344845264,0.9211756317692014,0.8684031904089025,0.8772297684503103,0.9144747674582462,0.8962975698412092,0.8858624038448079,0.9070073338987287,0.9086210333797834,0.8889704329169918,0.8877749495087575,0.8535471181103957,0.901878446908145,0.8702867528297281,0.9037480435554309,0.875655908782742,0.8554245822732215,0.9062147687862098,0.8874387725374612,0.9004557856012088,0.8461977936279632,0.7836822153176562,0.8040297473153898,0.9049540659159068,0.8810137755865158,1.0,0.9342740848945895,0.9313602342567951,0.9124612792189067,0.84853892114536,0.9083669425134976,0.9006945254061527,0.8978603128552672,0.8876056628703621,0.8410133338196213,0.9030109858964579,0.8903794523768235,0.8136023704610572,0.8822449365963573,0.8771804579465554,0.8801887204046641,0.7823081024517632,0.8769292679624733,0.7922305636421317,0.8164651283768094,0.7179892100962457,0.6474713970356301,-0.9134631502909168,0.18605582267856632,-0.6616034440061612,-0.5668225040741686,-0.5234609655900251,-0.12680570042869851,-0.3581083079030876,-0.5883011699236093,-0.08335853819323,-0.054729835919912824,0.5842206615321814,-0.8966526140634767,0.2622474108251623,-0.7007881461791063,-0.6211003068748455,-0.5322988692823342,-0.23233261160548382,-0.5822462900073354,-0.11125532940833857,0.16806753168125577
0.9509213654561024,0.9714838719593695,0.9682776948798727,0.9582336621638289,0.908772374702057,0.9000515959173674,0.9718101994949306,0.9475400738479935,0.9368889459297193,0.9375249738318359,0.9502267689394116,0.9088491454408955,0.9332091032880909,0.9216422274147118,0.9628587186379031,0.9238497313159204,0.9658976209144496,0.9317606801899861,0.9000772712491991,0.9500911516327778,0.9054434420895248,0.9409021432241061,0.9074368977738836,0.8149679053622979,0.8570259369261706,0.9622896740302538,0.945962257802744,0.9342740848945895,1.0,0.9577172460796376,0.9351270100643898,0.8963553740137526,0.9554874106245902,0.9600503270383891,0.9513306380897969,0.9433842515440254,0.9129532970134713,0.9598790457879524,0.9490626321497754,0.858079480329024,0.8929410777823044,0.9340063302106102,0.934548345372947,0.8049867119704572,0.9092848800538685,0.8347020765687747,0.8702535247582294,0.7722011045714542,0.7383354036909856,-0.9680738010362365,0.21362490093532013,-0.7337728230748163,-0.6866157337430294,-0.5751622816972987,-0.1290676724599571,-0.34085761865870623,-0.6176515779325006,-0.04400417059401071,-0.051278342596190074,0.6249109208469696,-0.9574682065999062,0.2457540651782785,-0.7862013431413415,-0.7190095378084163,-0.6035470503453578,-0.23952484163912022,-0.6355926363856311,-0.08373784306102351,0.18968959562890783
0.9605468123815594,0.9581566752949384,0.9552171218607342,0.9538100379528517,0.9191302716776546,0.8985587196139737,0.9539381338364856,0.9441183048374389,0.9232960760496028,0.9337026199665288,0.9602837937386076,0.9091188081371697,0.9388616498830221,0.9266392876409878,0.9550850261380164,0.9118950195238308,0.9483659889032346,0.8927888209613384,0.8662134684239536,0.9326419305565463,0.9350171358902406,0.9406749330546419,0.8761527479537595,0.8346159316753746,0.8963148849292653,0.9385309308431613,0.9449043998353809,0.9313602342567951,0.9577172460796376,1.0,0.9466518800726847,0.9052063042986266,0.9537689351788649,0.9547002866696026,0.9561129392049731,0.9454562328367879,0.9221314331355918,0.9535251232580031,0.9357796262919762,0.858518088294082,0.8516685322798202,0.9161438047851193,0.9117518333330114,0.7692062952191259,0.9040388091676098,0.8123879904107216,0.8871373447242985,0.7854238468832329,0.7473321607825208,-0.9518495867875967,0.21104331797094406,-0.7065087408222167,-0.6737859847579805,-0.5560594693265117,-0.09869289486818257,-0.2820128877806793,-0.5813988226056991,-0.032770741664886985,-0.027522800276819328,0.5728478334832255,-0.9572242102044121,0.2240695510775938,-0.7715947760190066,-0.708868837379276,-0.6067078952782615,-0.24429444863934033,-0.6260365627457577,-0.07471519379089608,0.22302631042713517
