0,1,2,3,4,5,6,7,8,9,10,11,12,13,14,15,16,17,18,19,20,21,22,23,24,25,26,27,28,29,30,31,32,33,34,35,36,37,38,39,40,41,42,43,44,45,46,47,48,49,50,51,52,53,54,55,56,57,58,59,60,61,62,63,64,65,66,67,68
1.0,0.4951138738111123,0.583655822383798,0.6346678638822536,0.038327691840217226,0.5002752586211622,0.20950333151967984,0.3098791418886674,0.18804741464617977,0.3761725926765204,0.18186818123888346,0.5166678111135533,0.4154136890695103,0.02519529170792517,0.4681427211654511,0.3298105860084369,0.22353669399611806,0.08461463771454192,0.41232042384536816,0.2559361390014073,0.4038162390786319,0.3087089228558271,0.24351040593834009,0.1408411397031466,0.4857286126450885,0.282543659573974,0.5815258464815137,0.681265733012539,0.6166298593812143,0.406201417523729,0.22459938827273102,0.3402069574454314,0.4986882038652712,0.5349709426250694,0.4708752271982937,0.26125808659037514,0.3842487302949813,0.5359653872443563,0.23975946304600557,0.14846099402734952,0.5358370717829553,0.3991543615443082,0.44691166684259315,0.20757375329304228,0.15931552559406495,0.2561725157045754,0.1605364613224032,0.27702758844903697,0.2624440202508064,-0.5782829219796826,-0.3331235513183539,-0.17984226305395382,-0.11533485130205914,-0.30071473680484095,-0.0436635595982379,-0.08857512195001828,-0.2378072986265059,-0.00014486679780377693,-0.07657883381481653,0.1441032646904053,-0.5854857627398303,-0.3511632210107554,-0.08463439377972104,0.0721559144753601,-0.07201782930069993,0.0673509405561405,-0.25309202558406096,0.20516275981863938,-0.013198473947615376
0.4951138738111123,1.0,0.580802025980693,0.4874913258058906,0.14572932104410344,0.5126785086529043,0.5648915989150474,0.6802237933412435,0.6379338850637944,0.3944506555835747,0.3985350671895707,0.645907316456179,0.7309826685198636,0.23568214837294887,0.5457342062370574,0.62667075315244,0.547555016251947,0.3313218160859591,0.34625534200861285,0.48922416926506723,0.26781606490391474,0.414400497568032,0.6260608077846594,0.3902655582117026,0.4737604683136317,0.6120909862581221,0.7909821682693544,0.2744073983918745,0.7241455502200148,0.6396826869587937,0.4017336478813963,0.5040772719583321,0.7735009333776856,0.7315274260054676,0.6606902005912507,0.3549164058869831,0.5004394803596794,0.7614093741396982,0.6625287470534834,0.2674579629758175,0.5959693235872212,0.6805865809248026,0.5956881581971822,0.7329930748363827,0.5725942511241816,0.6988338984526459,0.5212230939583514,0.21769140757347766,0.08175480749848447,-0.8061122309427202,-0.13275639050080265,-0.3162221962561906,-0.15113254051125374,0.02722475695921959,0.1340206145392849,0.005304640848437867,-0.2139150485965167,0.4079981767329139,0.08371690226161924,0.3972958957312209,-0.7675667764266313,-0.36441920050507826,-0.19534893318997193,-0.09128488500680934,0.3323376605917981,-0.05943304714067725,-0.2214033099893631,0.5570613457643453,-0.006183579453273652
0.583655822383798,0.580802025980693,1.0,0.6963278364233857,0.1823449381914373,0.49350993527572157,0.3642896544745536,0.5623114011874523,0.3749751258355081,0.2745789214299315,0.5050243907992938,0.5940192782289888,0.6449648904493702,0.08512423666055234,0.5527627005807545,0.6075380326618218,0.4173329231754196,0.23829586861838278,0.4178883556724582,0.39511714175935325,0.4243207143792905,0.4998479056895361,0.44988472767085425,0.3268292115721372,0.5103652011571886,0.3764592111642064,0.6201149291427956,0.49273491006483977,0.6768987723574599,0.5652694418353267,0.41089513163580776,0.49655235684151194,0.6138131982193706,0.5943072280443181,0.5928524773496464,0.3359512690127457,0.28379789723312154,0.6314780227916934,0.535422265168693,0.42996334850523626,0.5244965794869858,0.4258459647218449,0.5252064323879144,0.37903610815565997,0.306478469342344,0.4453094524496838,0.3288263681637765,0.3138886553718913,0.1682240559244225,-0.7168389737310987,-0.3024943524115269,-0.12926001609750737,-0.11640309293174936,-0.148793784211587,0.06398115119504201,0.05235742031981035,-0.18617646675383245,0.28780374664805647,0.033643600819065915,0.4024933682998185,-0.6559306681222624,-0.5152740886345271,-0.04807202437808888,0.09737047464604606,0.04469962905123509,-0.018125615895487463,-0.17778486342534983,0.4669794840920509,-0.03646103213761094
0.6346678638822536,0.4874913258058906,0.6963278364233857,1.0,0.34953606530429926,0.5856128199185018,0.07033117149148443,0.45988527692718917,0.29304045022730535,0.04328417165166661,0.347136149050862,0.5836076036562274,0.46643473008794795,-0.010632476371856516,0.47989169324292896,0.5694738594156694,0.1016880142458632,0.253460037167328,0.293180819184201,0.6486246254747695,0.6275078860136354,0.5650792712220254,0.37929857491213265,0.44567740053079424,0.2914958260926721,0.17502041689283385,0.446563359149862,0.3724361104226711,0.5501490507550233,0.30518864332404244,0.48970886682451614,0.3446780893597061,0.6527782715452933,0.4416690553426726,0.50199916611842,0.45914425141529286,0.28172643885029225,0.6010927707732643,0.35357935276782526,0.4894595780149477,0.519404383060616,0.17198781735660926,0.4869221793515646,0.1161506733468452,-0.010857293529158825,0.20513616748759755,0.03239609830735893,0.5219188371001006,-0.0333528651385505,-0.6573288947737973,-0.22126490257427067,0.043530593059598076,-0.07079926127498953,-0.18284370048847323,0.24880344213364156,0.18645127452343074,-0.1812938697602209,0.17768065452400766,0.019448870453372853,0.4382334218395635,-0.6709144682283599,-0.5135443784484599,0.0848011560021913,0.13801261295979828,-0.20198200096758404,0.04976578297499597,-0.22522576978849565,0.2976913174801208,0.013432501911276403
0.038327691840217226,0.14572932104410344,0.1823449381914373,0.34953606530429926,1.0,0.43559387490429746,-0.05108405405734676,0.24975516460128416,0.32655814278169215,-0.05194546720119593,0.2845901304084194,0.14655046533309507,0.13929635421092787,-0.002911207505101937,-0.0125119866441494,0.28055021950098047,-0.07631537862385282,0.12056372658650198,0.06103312044268485,0.25440846788942495,0.22262320409914316,0.22487531586523685,0.17334989321412256,0.15415863687318934,-0.10144425826796809,-0.19296525902206482,0.041150645086537506,0.029368851559749425,0.005103442637175466,-0.06627643471866158,0.13732580284048815,0.09430989978044377,0.23401495725514637,-0.027609927167599562,0.06454317119675801,0.0625296166568161,0.060839384257751816,0.06699814070694747,0.21970796920394742,0.2666301265032749,0.025417615381067644,-0.06572887494710156,-0.004895259258471987,0.05440635243383803,-0.08694875934479869,0.01639792285625648,0.047722073098541144,0.011488641356465332,0.02394359529335931,-0.07291050923553281,0.011351614454614972,-0.0439816437050272,0.21274851964014413,0.0770893593486842,0.05910425534591679,0.06136137460705632,-0.2854829575623011,0.10742044135345383,0.21874947922525892,0.2822720506553086,-0.1528232000120219,-0.10714138891176153,-0.10064868330880276,-0.06908640883667247,-0.05689641556509303,-0.23874260013611376,-0.17563155986520562,0.09139886022927586,0.16806163803107413
0.5002752586211622,0.5126785086529043,0.49350993527572157,0.5856128199185018,0.43559387490429746,1.0,0.013448105969836527,0.5014713698342625,0.31317391350246754,0.22208167398017062,0.4063089302755741,0.45202460750184437,0.5145339770765479,0.08355746397098487,0.28684972439458867,0.44521214918026114,0.023402329305594088,0.04551438929338563,0.37708657221110353,0.3724825152242088,0.3723644824532644,0.22230633871992334,0.28455926197889225,0.19132794643662882,0.15576905351798134,0.05725511639995601,0.47099143656134607,0.47584357217417933,0.434148013416385,0.22863175049051207,0.12631073265329992,0.2141743888438337,0.5679487434913042,0.3384076495412559,0.2946887175929705,0.17968088484399705,0.31645795175501096,0.4141520250986908,0.36408766930683345,0.31619405248693183,0.5820736983311108,0.28918002237190943,0.5109049365225522,0.2108370048806608,0.07905659013553708,0.24795788539507396,0.2293915444140577,0.14511829906933926,0.052181406215263355,-0.5043900114849226,-0.0406146903029827,-0.19139675884230253,0.08054251951447423,0.060421369093011774,0.2502619394820485,-0.05211989763932829,-0.42559193043484594,0.22420309147220374,0.2624237808953474,0.404941168226109,-0.4495870870720282,-0.28371853104722555,-0.1740949791918095,0.00948966208387985,0.10973463435519636,0.07564378277109376,-0.3533776064135299,0.3620647514176689,0.18928219577318464
0.20950333151967984,0.5648915989150474,0.3642896544745536,0.07033117149148443,-0.05108405405734676,0.013448105969836527,1.0,0.4594913105554484,0.5906936353779879,0.4728493285480641,0.2408903205572604,0.44680715650737174,0.5235976586837227,0.28401829525703104,0.5210622387662448,0.4284696569163975,0.9208965615011157,0.5236279422697042,0.2843073944972902,0.24191355622921276,-0.022407423785018896,0.35107605820970256,0.5147762486603007,0.05324003007688422,0.4042054501485576,0.8421272992067749,0.5594200516294033,0.011314557497902299,0.33663890259560786,0.7241688340933845,0.28159097822036216,0.27590635594417073,0.3293953260318952,0.6432563354337538,0.6345463634861273,0.03571572001655183,0.39979061533978066,0.6176411584573149,0.5796956593445991,0.026055954399390242,0.21386384141971468,0.7571011044837175,0.27740182223408555,0.741841996693401,0.8018356405594288,0.7671405108201639,0.4250682883357573,0.13698077115265084,0.2653598601807888,-0.5378275836255305,-0.34886635944301253,-0.4206585855655539,-0.46056671964335794,-0.2329335161410946,-0.23266020539992882,-0.17658453765908197,-0.05799029897805101,0.056073771709031474,-0.2939353973218316,0.01812802904800615,-0.5959259739022189,-0.25237897009794263,-0.33962506196647924,-0.2933434855206226,0.1559404694641924,-0.24028210108812617,0.0015342558226681044,0.28906671262387845,-0.37445578521137945
0.3098791418886674,0.6802237933412435,0.5623114011874523,0.45988527692718917,0.24975516460128416,0.5014713698342625,0.4594913105554484,1.0,0.7121533324274216,-0.04018459386383659,0.5310450937802517,0.41277419567413226,0.7234489121733444,0.5629048324983918,0.5645420461072866,0.7919623392851206,0.4898658431717062,0.5287793567456763,0.10958740208471654,0.4829624556231562,0.34078520021884445,0.6212275984720016,0.7636417852474874,0.4883052601437508,0.5721119752218218,0.47282655288735387,0.6095147889998899,0.1991185139784831,0.6309894502581616,0.6105228035336228,0.6011199039358035,0.3750470990766384,0.7306735307698483,0.5827998420693979,0.5618634593786147,0.3676320191225447,0.38975775267253904,0.698472904437132,0.7273929853409424,0.5302731265503423,0.4334664652297517,0.388288715321506,0.4159556206196948,0.6536093571404379,0.5192106635406905,0.6273169357595231,0.3414429869095037,0.3708160959118736,0.06836899540450148,-0.6365899986368456,-0.2915272863781504,-0.31494181065339133,-0.22601188221720944,0.031688357173619265,0.2540219746934634,0.1464155683098924,-0.14566145111959689,0.4928199941116517,0.014045963713527653,0.6755578084431886,-0.6228247064547346,-0.5416332308202321,-0.23296055397857784,-0.15829298569323394,0.19503127006978652,-0.1415195615968927,-0.10885622566087415,0.567171971741919,-0.16890595552598214
0.18804741464617977,0.6379338850637944,0.3749751258355081,0.29304045022730535,0.32655814278169215,0.31317391350246754,0.5906936353779879,0.7121533324274216,1.0,0.12921064857637957,0.3854956946388256,0.42721312930687927,0.5997927959452379,0.39650508889618175,0.44714501049631133,0.64231972748895,0.5680611336346351,0.5069409211565447,0.023463296075299424,0.37354794648913786,0.16067642998469192,0.49625502276762856,0.6862922184739095,0.36441991169882365,0.4556721577839472,0.5011587614854548,0.5047806965211757,-0.022081354015983438,0.4331665666385812,0.5557658973949867,0.4653109739214022,0.3193204803452393,0.5632351102134829,0.4876114383788512,0.5562626024483945,0.2321967768521208,0.29686626285554324,0.6026059687760263,0.6539715837457816,0.29482211687085613,0.21039587954977454,0.4549754683281043,0.23174924948529854,0.7148149700287935,0.5655181803937209,0.6297690821943672,0.3925277650700584,0.22082068413123285,0.06450730803304659,-0.5180335875530749,-0.21684479836623444,-0.30712931998325665,-0.16950157786698453,0.052229584553688736,0.07732140425046725,0.07718308773945465,-0.18757327759732428,0.36148405897904573,-0.03381494981442438,0.4197729588313087,-0.5868067125851787,-0.3534352316088762,-0.24348490254024946,-0.16291383231649184,0.21857280476375307,-0.26282471400468194,0.0036676175392444527,0.46622057444342907,-0.18295236952748278
0.3761725926765204,0.3944506555835747,0.2745789214299315,0.04328417165166661,-0.05194546720119593,0.22208167398017062,0.4728493285480641,-0.04018459386383659,0.12921064857637957,1.0,0.08959709103268294,0.530449237726803,0.3125763111889461,-0.34218004533886837,0.2592882340577343,-0.021606667166800944,0.45570069558913,-0.12605071496516734,0.5416937949864699,-0.05390209071203843,-0.05741427690461288,-0.1402226161759683,0.006472089973300119,-0.2663526287085752,0.08482459255179024,0.35880210153201086,0.4792470870725381,0.309399483512972,0.2276036022226448,0.3989085161118006,-0.24211033755853817,0.3255141180695774,0.10899197222818006,0.4655218337064241,0.3564316328283588,-0.1331788577371216,0.20424629869232086,0.30260927777359503,0.1871223243855048,-0.24275064547699834,0.29287141662462557,0.6251275252702181,0.3511759776182254,0.3325855623470354,0.328559317017543,0.42138941254949125,0.43875784804061024,-0.2028228943777414,0.3076468067955486,-0.41677142742536255,-0.038357897673728304,-0.24926050527756818,-0.11115254550150083,-0.27104087350810474,-0.35421041686313054,-0.3740289126472911,-0.17686520239680312,-0.1495829927933052,-0.0970524487943163,-0.39629453325788444,-0.3510271195973663,0.10364098381116782,-0.21655227891559656,-0.0350307841527082,0.09797467847793499,0.02696576353718306,-0.1831700288989806,0.11707638259695431,0.032942048272214704
0.18186818123888346,0.3985350671895707,0.5050243907992938,0.347136149050862,0.2845901304084194,0.4063089302755741,0.2408903205572604,0.5310450937802517,0.3854956946388256,0.08959709103268294,1.0,0.4779018454466315,0.42678872238774573,0.12175467127223837,0.3781951861762627,0.43315775255534134,0.2817866898205037,0.0814406101037644,0.20396738831578437,0.2664153940484331,0.26910466328694055,0.2568388491497986,0.3731795122935405,0.26518547474390647,0.3606273320696587,0.22837069411306554,0.3433185466200484,0.25682743421360077,0.4255462008408117,0.47877881102306974,0.2441311916471147,0.22861445960415402,0.34729535708560777,0.3731729259475754,0.4662694850831733,0.2617032112756851,0.07759667484105573,0.467717946888428,0.3629469406556267,0.34300346360240036,0.15518854534572407,0.2621407565263252,0.40251430981407,0.23905434995366548,0.23481477874065912,0.29293320119257454,0.22188176720627717,0.2601567937659108,-0.20915945621655746,-0.5069989731084145,0.03134363029109853,0.06588147024987133,-0.004591450649827924,0.006384166209724832,0.19726345215375127,0.16251815067928138,-0.017090508900038007,0.3284123127353804,0.06947318561476248,0.36804922251096134,-0.44624673000468223,-0.2894210125765194,0.09248014622510661,0.085695015039975,0.09302234865171916,0.03386260407013441,-0.04375517043603527,0.381240993524694,-0.023021907713410665
0.5166678111135533,0.645907316456179,0.5940192782289888,0.5836076036562274,0.14655046533309507,0.45202460750184437,0.44680715650737174,0.41277419567413226,0.42721312930687927,0.530449237726803,0.4779018454466315,1.0,0.5874512869644704,-0.13996970359136388,0.632220200152955,0.46339434960615644,0.45761740516814486,0.1191232089677704,0.3894021914875971,0.4935043513364289,0.4296196289679488,0.2722442605470308,0.3565298313316015,0.22021044163655032,0.3625936385336417,0.4981969531548575,0.625950207441986,0.3293223039199874,0.6277870614272619,0.6051776403549389,0.24941481270306123,0.47513633343031225,0.5838793076855417,0.6197523728069947,0.6770708818712025,0.29168296488245854,0.16534301170514734,0.7018481470679108,0.417591626924944,0.18494743807453282,0.4457601206899483,0.5349077100346492,0.5812306719940659,0.4319348013217915,0.344754022559172,0.544506385269242,0.36673889481861893,0.26255050924312995,-0.028094451124029605,-0.742238735395128,-0.12591745505461246,-0.040230007643583685,-0.1556987129081314,-0.20580577417191556,0.07576459409435991,0.05188180668760581,-0.07679223725511734,0.2126541885185946,-0.07061588444897722,0.13607978456762462,-0.7537226215858562,-0.3628665924344239,-0.0034627389086778725,0.06736134418383607,-0.06608123588019651,0.06492112865657848,-0.18574986982659972,0.376963164850027,-0.08233779435421704
0.4154136890695103,0.7309826685198636,0.6449648904493702,0.46643473008794795,0.13929635421092787,0.5145339770765479,0.5235976586837227,0.7234489121733444,0.5997927959452379,0.3125763111889461,0.42678872238774573,0.5874512869644704,1.0,0.37602559130046675,0.5640116018178382,0.7283171377851092,0.549431647938441,0.39603571287527706,0.34034071715230313,0.4827816386538791,0.29904873360314727,0.5462311152438267,0.6825978426998296,0.30077255350188575,0.5199010082929683,0.5319634468838318,0.7485451228071655,0.2576830141285995,0.6195653617244397,0.7156050350709923,0.4977315039374159,0.39086304524160714,0.6779125660061704,0.7181595581652128,0.6630622135427162,0.22225307747169565,0.5280000645335048,0.723052086844591,0.7680333755130327,0.3619792354271153,0.6525144133168002,0.5502327542409505,0.554662713210239,0.6374051460594227,0.5509704940810574,0.7021596054891104,0.48215627962960844,0.21517881239999256,0.2686974528384112,-0.7061086196297696,-0.2885366303204703,-0.37268034374259473,-0.2681178479338965,-0.005523229113821564,0.14357224929259396,0.02154227365001982,-0.27949092298927897,0.4018597115127628,0.02335354910187915,0.447938657227553,-0.7091914221555573,-0.43972371242796443,-0.2850173734923039,-0.18960004874248332,0.17912020012216925,-0.08868100239962398,-0.1870187135932653,0.5782757450207189,-0.10692097421335443
0.02519529170792517,0.23568214837294887,0.08512423666055234,-0.010632476371856516,-0.002911207505101937,0.08355746397098487,0.28401829525703104,0.5629048324983918,0.39650508889618175,-0.34218004533886837,0.12175467127223837,-0.13996970359136388,0.37602559130046675,1.0,0.25425987554039314,0.3826050940707455,0.2813637587526823,0.4616144493187842,-0.14980068338514757,0.18132587664722907,0.174806948159752,0.39633027321233444,0.4891306546929399,0.2647729637405819,0.3993785160425047,0.2859274388466471,0.2733085947851912,-0.054559106518869645,0.1415683118830531,0.3600519243125948,0.3915588717938294,-0.1583926663345252,0.27475226839831335,0.29742233816231034,0.20174295416456026,0.15874038403470872,0.4715337341517519,0.25804668031212585,0.42639495582824777,0.24165499855332834,0.17482681440552864,0.12681791131331815,-0.01902224052034518,0.3802573171654481,0.38088450469448326,0.25888769385106036,0.14881722176536233,0.18485694069618155,0.21637494170396815,-0.0928356882024156,-0.27236104836869224,-0.2554846147993658,-0.2077077090083932,0.2635798588362717,0.24036488032526276,0.1373299048925682,-0.05632072555121037,0.344238817247919,0.036585820175557476,0.42554002437715205,-0.21383160601341608,-0.17803111674645683,-0.2036145958354965,-0.3283390444481904,0.2255824482732594,-0.09519639507111015,0.030367769905348733,0.23120093410854758,-0.14730126656441947
0.4681427211654511,0.5457342062370574,0.5527627005807545,0.47989169324292896,-0.0125119866441494,0.28684972439458867,0.5210622387662448,0.5645420461072866,0.44714501049631133,0.2592882340577343,0.3781951861762627,0.632220200152955,0.5640116018178382,0.25425987554039314,1.0,0.5839381138528468,0.5506430080700695,0.36826858032126775,0.31662268614681216,0.4222829278871844,0.5153475432978075,0.46183435929473204,0.4884191935849453,0.2174136125117291,0.6010385828488514,0.5749302715807828,0.6565455206998639,0.2652329689430133,0.5994229043764598,0.7327855437581472,0.45291093692188183,0.3271811928017501,0.5781688194604532,0.7199513165282143,0.6975939226682314,0.24711727323066496,0.30160539443403517,0.7465517025617595,0.5225840809140069,0.2726252925467114,0.3554247271554924,0.5175643873888586,0.45033709931244603,0.484087866842799,0.49927182826761496,0.5426714737322965,0.2882486266370241,0.350476033916281,0.09581222881769104,-0.6811455509116309,-0.3602058157957114,-0.16676772402974774,-0.3319070563992571,-0.2550337084254173,0.11079897070564339,0.11492057923828061,0.04133665205525619,0.21150892144093397,-0.20735979161880366,0.23642419794292918,-0.7278486933525485,-0.4513352989769422,-0.1309512800406927,-0.05413167584808987,-0.0880608033461428,0.054734514065658234,-0.18568611453435974,0.3266217937132767,-0.2620797406517898
0.3298105860084369,0.62667075315244,0.6075380326618218,0.5694738594156694,0.28055021950098047,0.44521214918026114,0.4284696569163975,0.7919623392851206,0.64231972748895,-0.021606667166800944,0.43315775255534134,0.46339434960615644,0.7283171377851092,0.3826050940707455,0.5839381138528468,1.0,0.46968979865880933,0.6577427414245066,0.2705966563464268,0.6502806850521213,0.27450550387870065,0.7483808883729886,0.7235080721870601,0.4106918758179104,0.4557985952498558,0.4546882937238059,0.5816559667680781,0.05884573012123817,0.5768257419709969,0.5278750558154021,0.7429407581871827,0.3616891592312093,0.6510742504031977,0.6139839503536487,0.6054117268847978,0.31810639675120683,0.39924539040788454,0.7424015048044716,0.7497691320173004,0.5051135821527049,0.4100061842810146,0.37491892903767426,0.5309273841774327,0.5862815821967245,0.49012994260025206,0.6533470754748605,0.1631314252723903,0.38357547727740915,-0.0001270559565285011,-0.6559028156903058,-0.387623824181429,-0.3171672774869174,-0.3427782399235499,-0.10607660653969092,0.19667361278656328,0.19398097548872853,-0.1181209430030097,0.4096372595877369,-0.06447117129506089,0.6517392918543152,-0.657546680272716,-0.6424472598707025,-0.23099747806624774,-0.23958857952784857,0.058127257515588816,-0.1887453904318183,-0.1366327798246249,0.5600099279441233,-0.25416031090562907
0.22353669399611806,0.547555016251947,0.4173329231754196,0.1016880142458632,-0.07631537862385282,0.023402329305594088,0.9208965615011157,0.4898658431717062,0.5680611336346351,0.45570069558913,0.2817866898205037,0.45761740516814486,0.549431647938441,0.2813637587526823,0.5506430080700695,0.46968979865880933,1.0,0.5693264289851411,0.3394900788007702,0.27746852616556467,-0.0025964545412029785,0.4088161378523427,0.5443070568292402,0.0556160370037726,0.4448568061121644,0.8008492637933327,0.5626050721878967,0.04362823830187281,0.3543510302066531,0.7483502074212253,0.3435123219102043,0.28550604090462756,0.33797557880110496,0.6588905294577377,0.6444141184151452,0.02058382102049866,0.36660633692198075,0.6288232546628938,0.6032049570075738,0.09128745401476618,0.22510552194048128,0.7176923808294529,0.3691763873590052,0.7011287681820447,0.7869016821021511,0.7674411155599344,0.3921134462343896,0.1856771282322354,0.260956694769868,-0.5589193961648341,-0.39599812533536144,-0.41699972327120155,-0.5005959249703201,-0.26833947692507987,-0.23228430027504207,-0.16123189858471265,-0.03629935092102217,0.06676111723989571,-0.3219589252069489,0.058622177946017526,-0.5998918835737261,-0.29081471088524447,-0.3254350967936681,-0.3181556168974611,0.10914337708787696,-0.21906036056000672,-0.014381875213498874,0.3033625144180827,-0.41582950165632176
0.08461463771454192,0.3313218160859591,0.23829586861838278,0.253460037167328,0.12056372658650198,0.04551438929338563,0.5236279422697042,0.5287793567456763,0.5069409211565447,-0.12605071496516734,0.0814406101037644,0.1191232089677704,0.39603571287527706,0.4616144493187842,0.36826858032126775,0.6577427414245066,0.5693264289851411,1.0,0.1948962073248551,0.5580167989120489,0.058277795211010064,0.7250416539203669,0.6187372179755662,0.22888640643170519,0.274052153687885,0.47919137170358606,0.29823813763141716,-0.2625456526204664,0.16848337477327036,0.3375482737031728,0.7030142342517908,0.052117477103499246,0.3176784108673753,0.4248207670537752,0.43662070555897414,0.11003979284079626,0.4024519394834164,0.48930999252977286,0.591145263541088,0.3560335109750828,0.1567955555875788,0.2546406384411296,0.26666798485940135,0.44581797508523036,0.518353462735614,0.5360161362693245,-0.06493446887103084,0.3745613004974116,0.10753721119902333,-0.34390500825863046,-0.46644164255526466,-0.3367537222840461,-0.5320813868560444,-0.22188866864377402,-0.004334664500958988,0.09556188736396241,-0.01773421715367835,0.11813085765671426,-0.2915098290231067,0.4036990726006207,-0.4374978255574591,-0.4521693546944757,-0.28398073328227663,-0.43041503408985793,-0.07693762258184023,-0.3444643724493418,0.0016216748078616806,0.21498451752366068,-0.43513905216335463
0.41232042384536816,0.34625534200861285,0.4178883556724582,0.293180819184201,0.06103312044268485,0.37708657221110353,0.2843073944972902,0.10958740208471654,0.023463296075299424,0.5416937949864699,0.20396738831578437,0.3894021914875971,0.34034071715230313,-0.14980068338514757,0.31662268614681216,0.2705966563464268,0.3394900788007702,0.1948962073248551,1.0,0.3419553327923338,0.1546272606234058,0.1761556421046223,0.07995920984338689,-0.18865852397184324,0.06372545140369544,0.24382747598512589,0.40479401257479486,0.27907464222360645,0.18126419362811916,0.3669374846509176,0.03474994450131518,0.10094194386786004,0.18267921246175114,0.482987677288441,0.40325029483259595,-0.06260872114516378,0.32172739464912237,0.3643607815451214,0.2956226670773654,0.028650517173606234,0.37754571488212796,0.475504947571032,0.6643403366287697,0.143324332632447,0.24957962059955832,0.3398792337229806,0.15480071003323023,0.05606538225312572,0.1808938899531066,-0.47133790764092415,-0.13372073729446907,-0.20569948714551403,-0.2935490633661992,-0.30295868286768196,-0.1366908435107107,-0.16843264658229218,-0.09637593932157275,-0.09583815029359645,-0.1456175086379096,-0.0730810843071744,-0.38144253949254625,-0.10773565890811375,-0.1727838274283755,-0.2095785958618438,0.014329732035194059,0.03090374439334132,-0.21756311911697246,0.18216545211415822,-0.08266104958168413
0.2559361390014073,0.48922416926506723,0.39511714175935325,0.6486246254747695,0.25440846788942495,0.3724825152242088,0.24191355622921276,0.4829624556231562,0.37354794648913786,-0.05390209071203843,0.2664153940484331,0.4935043513364289,0.4827816386538791,0.18132587664722907,0.4222829278871844,0.6502806850521213,0.27746852616556467,0.5580167989120489,0.3419553327923338,1.0,0.437208110295561,0.6539452797911117,0.4567888021295086,0.42474035463661125,0.14808013056754019,0.35812788667519646,0.34449739920971095,-0.15226358523470448,0.34725695399867057,0.31607671884839156,0.6464950498052244,0.16838178141861976,0.531660273440867,0.45012875679897213,0.507770588357474,0.3862619992586885,0.339236377468861,0.5955608054033183,0.4602607263604043,0.4187236077181383,0.4419122711658748,0.19760651191783732,0.5783404318831598,0.246132281059957,0.18566544693187947,0.4072992944127683,-0.008863428988753877,0.4808805471666126,-0.1765890321576237,-0.5607350831894038,-0.21001675856511956,0.001232600780997708,-0.30750487365727264,-0.07858386507749612,0.31855816578975943,0.23891956365068567,0.05896978084933109,0.24135625480219863,-0.08105100993832512,0.43432793236588063,-0.6089112187252268,-0.46062881569585423,0.038053342510689744,-0.1534642851589995,-0.12069001228598586,-0.011615353138401223,-0.11020950995426838,0.27804946609434117,-0.14078608408323523
0.4038162390786319,0.26781606490391474,0.4243207143792905,0.6275078860136354,0.22262320409914316,0.3723644824532644,-0.022407423785018896,0.34078520021884445,0.16067642998469192,-0.05741427690461288,0.26910466328694055,0.4296196289679488,0.29904873360314727,0.174806948159752,0.5153475432978075,0.27450550387870065,-0.0025964545412029785,0.058277795211010064,0.1546272606234058,0.437208110295561,1.0,0.31408265694317866,0.18839798222154897,0.307658733939749,0.3027289865750253,0.07042106488870495,0.28338833348263176,0.32014307257860974,0.3395598808204118,0.3300019255447592,0.27151654114772944,0.09520507616867521,0.47591269280987186,0.3066660864175267,0.3378599411271267,0.3234171430396501,0.11810452164292343,0.32871542049541524,0.17273556196974582,0.32502205578282506,0.3343284794516772,0.06970204395700931,0.20976012369407784,0.001570853318557363,-0.041087797939609275,0.027525613213553405,0.11279668750524338,0.35811902446194865,0.08677167797300635,-0.37373959016069863,-0.10803827000134632,0.19744812594822073,-0.02055628152276121,0.003544477110647775,0.29226931554766117,0.3024345102263554,-0.014236311006710507,0.17969267466296282,0.06918892243918245,0.266626572620394,-0.4335445563607635,-0.27355880658371245,0.17563120693282122,0.17412679353898075,-0.1397191292465681,0.16240397810210275,-0.05906011028546572,0.1816832222802713,0.13239528403460601
0.3087089228558271,0.414400497568032,0.4998479056895361,0.5650792712220254,0.22487531586523685,0.22230633871992334,0.35107605820970256,0.6212275984720016,0.49625502276762856,-0.1402226161759683,0.2568388491497986,0.2722442605470308,0.5462311152438267,0.39633027321233444,0.46183435929473204,0.7483808883729886,0.4088161378523427,0.7250416539203669,0.1761556421046223,0.6539452797911117,0.31408265694317866,1.0,0.6634700507129347,0.4883866984554034,0.4321968009886051,0.3599337393666088,0.4113778169612539,-0.027210049539013455,0.38751593888664565,0.4090670930137165,0.8349034119266167,0.3280407189401527,0.5184098944121528,0.4710274007681134,0.5108945584845406,0.40168531386575396,0.3848063330155093,0.5949493343394298,0.6551544100888299,0.6163521926626891,0.3583582432917822,0.18874724271410864,0.35540678874809006,0.33666220585920803,0.32398099967186006,0.4459338636978637,0.02842513212684729,0.5166967099952086,0.16450437262498344,-0.5077853405119479,-0.539361271200751,-0.2043660675566047,-0.38310516598790295,-0.1986312877574605,0.10797292118137004,0.19234330124029858,0.001458757440345165,0.25674707084682463,-0.18392233588791157,0.557663063539486,-0.5652600911414193,-0.6114721081979437,-0.09657812422183162,-0.23046649553518497,-0.1286738386011294,-0.18272222538164923,-0.10635700862226272,0.3097498837782687,-0.27842285149122237
0.24351040593834009,0.6260608077846594,0.44988472767085425,0.37929857491213265,0.17334989321412256,0.28455926197889225,0.5147762486603007,0.7636417852474874,0.6862922184739095,0.006472089973300119,0.3731795122935405,0.3565298313316015,0.6825978426998296,0.4891306546929399,0.4884191935849453,0.7235080721870601,0.5443070568292402,0.6187372179755662,0.07995920984338689,0.4567888021295086,0.18839798222154897,0.6634700507129347,1.0,0.4440310332995959,0.5467635037664165,0.5022667317670513,0.5942861712743457,0.049247242756738696,0.48679427070444065,0.5762039132019688,0.6076975112210943,0.3107886057964332,0.6494858651095327,0.5551665715788848,0.5622618879053103,0.26214759316077335,0.43704691171420335,0.6520489013771219,0.7751511138333055,0.4920107018651203,0.3622091655604438,0.3710014066392949,0.34420684638864696,0.6158636731466421,0.5241170983298781,0.6168145404419292,0.34443763727594157,0.3705040685735885,0.13085774725730034,-0.5699889592360562,-0.32210427249679063,-0.3731258127120445,-0.2775485841856392,-0.004058653899006132,0.127864480912098,0.04557396258427063,-0.11322579154919721,0.40903281232361743,-0.06732779074903059,0.5688521923182617,-0.6106755642893241,-0.4667601915389064,-0.2629022329249852,-0.19054388644731637,0.11132906820617311,-0.21970782517804774,-0.10818763168914387,0.47224498625631706,-0.20896426872571744
0.1408411397031466,0.3902655582117026,0.3268292115721372,0.44567740053079424,0.15415863687318934,0.19132794643662882,0.05324003007688422,0.4883052601437508,0.36441991169882365,-0.2663526287085752,0.26518547474390647,0.22021044163655032,0.30077255350188575,0.2647729637405819,0.2174136125117291,0.4106918758179104,0.0556160370037726,0.22888640643170519,-0.18865852397184324,0.42474035463661125,0.307658733939749,0.4883866984554034,0.4440310332995959,1.0,0.34622744769806646,0.16599358321492624,0.24760790939543512,-0.030418325892716647,0.3997314113741182,0.16078678373445623,0.5120173670295232,0.36928751058731835,0.5284445579623142,0.21098910458316975,0.18438773026443114,0.8441259771711791,0.15634328712789694,0.3895106304055075,0.2296978448241862,0.6101280784600307,0.24730315701159486,0.019656199445302856,0.15479160783373203,0.1946226931530428,0.018569253798015738,0.11774736530678215,0.2149493574833654,0.596371029217851,-0.09578624675196837,-0.3742108034626226,-0.06885715509375155,0.14066459036928092,0.03272128644592442,0.12518831968250427,0.32717913997680365,0.3441734602690527,0.11016084819568586,0.39470319870039694,0.09513012229555086,0.4961258175684396,-0.39798755067819824,-0.2998053923253284,0.225396968502397,0.16315025270195666,0.04957234485021781,-0.005834226496543763,0.07820858701605886,0.33210785162938433,0.0205100413413102
0.4857286126450885,0.4737604683136317,0.5103652011571886,0.2914958260926721,-0.10144425826796809,0.15576905351798134,0.4042054501485576,0.5721119752218218,0.4556721577839472,0.08482459255179024,0.3606273320696587,0.3625936385336417,0.5199010082929683,0.3993785160425047,0.6010385828488514,0.4557985952498558,0.4448568061121644,0.274052153687885,0.06372545140369544,0.14808013056754019,0.3027289865750253,0.4321968009886051,0.5467635037664165,0.34622744769806646,1.0,0.4598490312607736,0.6409315463414148,0.4008162797785075,0.6425243440113997,0.6902734718489826,0.42595256992010816,0.2560006883347013,0.5682305741056195,0.5763257277462335,0.5914353381344538,0.33482665218915525,0.3316062406928823,0.589546369590495,0.43592956433708807,0.3257425905595821,0.37580490567107877,0.36890763038093194,0.2697657726436126,0.46347396704294486,0.4591314434328702,0.40223321603188755,0.3663543602101155,0.3794786119624977,0.2065656749365945,-0.5275645161700029,-0.3664512804429712,-0.1894243834233935,-0.21982882498276798,-0.13029551620735347,0.06191718800887362,0.11823848932219795,0.006093125632830978,0.34146851503088466,-0.11997627535044289,0.33050213577366366,-0.5579513958202602,-0.3888965447264611,-0.06805482446577599,-0.03261291227760921,0.05428242153851045,-0.022642183390379225,-0.06296215433034343,0.39247339973342427,-0.1895656028527306
0.282543659573974,0.6120909862581221,0.3764592111642064,0.17502041689283385,-0.19296525902206482,0.05725511639995601,0.8421272992067749,0.47282655288735387,0.5011587614854548,0.35880210153201086,0.22837069411306554,0.4981969531548575,0.5319634468838318,0.2859274388466471,0.5749302715807828,0.4546882937238059,0.8008492637933327,0.47919137170358606,0.24382747598512589,0.35812788667519646,0.07042106488870495,0.3599337393666088,0.5022667317670513,0.16599358321492624,0.4598490312607736,1.0,0.5761214559445998,0.012917247515030808,0.4635225170977702,0.7098949537304413,0.36364510112615184,0.2398386068855228,0.4171810851521492,0.6471570554788552,0.6652286042335002,0.1665519911389067,0.4169060224540611,0.6891649944973035,0.5044288982619926,0.029837267733260665,0.31517378520702,0.7086382703520061,0.3684042154047237,0.6880642071570627,0.7578582439971069,0.7137918463347144,0.3658228516887814,0.25045882523290336,0.08594224059063638,-0.6065223194078941,-0.325562127369759,-0.319225619765649,-0.4850798628983149,-0.2138867914211593,-0.0733541830481331,-0.08018845359156021,0.0686274900984339,0.12614037208612625,-0.31376339584538054,0.06671958010593079,-0.6581117074312688,-0.3346736144530409,-0.21651928298209122,-0.20409108861908193,0.12843957258898814,-0.09502222133732778,-0.0213848037411329,0.30092800210774606,-0.39140312456570187
0.5815258464815137,0.7909821682693544,0.6201149291427956,0.446563359149862,0.041150645086537506,0.47099143656134607,0.5594200516294033,0.6095147889998899,0.5047806965211757,0.4792470870725381,0.3433185466200484,0.625950207441986,0.7485451228071655,0.2733085947851912,0.6565455206998639,0.5816559667680781,0.5626050721878967,0.29823813763141716,0.40479401257479486,0.34449739920971095,0.28338833348263176,0.4113778169612539,0.5942861712743457,0.24760790939543512,0.6409315463414148,0.5761214559445998,1.0,0.40109416866557,0.6737748827359779,0.7191912151188989,0.3578135203799302,0.4186151814763882,0.713763535902116,0.8096578089330795,0.6964926956725899,0.26208493048830506,0.6016794038017591,0.7523643829007867,0.6557550122576516,0.2578168255897862,0.6325397220953443,0.6724561785165645,0.5673441181017237,0.658466558095966,0.5287586907256148,0.6242810514120117,0.5037538007571688,0.21691125007206807,0.2377001954076312,-0.7809864451975185,-0.25379716554705783,-0.377251275022873,-0.2176598010756531,-0.08799927355409386,0.07648997960907086,-0.07843850129097786,-0.24362112771256852,0.3718924236598261,0.048014988800593364,0.3055802586318876,-0.7457010584033574,-0.3535452944150658,-0.2571179820245139,-0.11270247891184258,0.1683832041556277,-0.0333710186528627,-0.2269020977754839,0.546790124007209,-0.04690689515858022
0.681265733012539,0.2744073983918745,0.49273491006483977,0.3724361104226711,0.029368851559749425,0.47584357217417933,0.011314557497902299,0.1991185139784831,-0.022081354015983438,0.309399483512972,0.25682743421360077,0.3293223039199874,0.2576830141285995,-0.054559106518869645,0.2652329689430133,0.05884573012123817,0.04362823830187281,-0.2625456526204664,0.27907464222360645,-0.15226358523470448,0.32014307257860974,-0.027210049539013455,0.049247242756738696,-0.030418325892716647,0.4008162797785075,0.012917247515030808,0.40109416866557,1.0,0.464086515239334,0.3079669388770417,-0.1570521270978458,0.25077728921263215,0.33655108256220784,0.28077812883238545,0.24397435243280904,0.06691940767671652,0.10898199263124045,0.2394895478352582,0.07427221757608196,0.12741494363378644,0.42076223744957564,0.2551656646599462,0.25933393658049453,0.03968535589121167,0.02678524708413845,0.05795252469402206,0.18299229471046594,0.0976545522331857,0.3020057924472004,-0.3654109487501889,-0.14257150902033214,-0.17242812999671753,0.0917854049564484,-0.21727877052106784,-0.11840620469919941,-0.2114866953409445,-0.32443696064814725,-0.043838773745447396,0.040233137557381914,0.08872515658948157,-0.29569750949772716,-0.17008201126051764,-0.13540787146317435,0.09538112943386756,-0.03890972413977834,0.0818363200056282,-0.291902473390792,0.1479170072044416,0.0902615415768789
0.6166298593812143,0.7241455502200148,0.6768987723574599,0.5501490507550233,0.005103442637175466,0.434148013416385,0.33663890259560786,0.6309894502581616,0.4331665666385812,0.2276036022226448,0.4255462008408117,0.6277870614272619,0.6195653617244397,0.1415683118830531,0.5994229043764598,0.5768257419709969,0.3543510302066531,0.16848337477327036,0.18126419362811916,0.34725695399867057,0.3395598808204118,0.38751593888664565,0.48679427070444065,0.3997314113741182,0.6425243440113997,0.4635225170977702,0.6737748827359779,0.464086515239334,1.0,0.5775306622436795,0.4507505640081183,0.5980137998869229,0.6874184469103769,0.6094593118542158,0.5974017156252636,0.4245124711505886,0.23171776053059043,0.7123665263234757,0.49492239270607896,0.3263963299533418,0.4817132887564394,0.45286963873607106,0.4876441653871516,0.5273776545243084,0.3886233928431152,0.5295865925970886,0.3534395857502235,0.2757624282163553,-0.016133779080437324,-0.7330749499152532,-0.2334866445513541,-0.1339770733778337,-0.12168815437577336,-0.16503611251607672,0.13785256611933072,0.0941035402031328,-0.07196102940156572,0.35016051716859425,0.0054988767361896845,0.45018954705357994,-0.667830197558479,-0.5449971680470214,-0.014987230483692719,0.1168868003098998,0.12048632436540874,0.0283707407821912,-0.22311870884177779,0.4551319967890995,-0.06458229127271314
