0,1,2,3,4,5,6,7,8,9,10,11,12,13,14,15,16,17,18,19,20,21,22,23,24,25,26,27,28,29,30,31,32,33,34,35,36,37,38,39,40,41,42,43,44,45,46,47,48,49,50,51,52,53,54,55,56,57,58,59,60,61,62,63,64,65,66,67,68
1.0,0.8963130682207738,0.8739992692228065,0.7718458663664342,0.829613611914264,0.85032733412655,0.77697562447107,0.9255399589764516,0.8480782713847467,0.6574709478847997,0.7405328990910287,0.6027413998274599,0.6050626512044327,0.9013384278510468,0.8413572975563086,0.38881782583344815,0.6414847658146027,0.11608957611934498,0.5412837345809685,0.5066691326295943,0.7880205929198667,0.5976733006387048,0.16765208999087108,0.5843385561280696,0.8112720900784558,0.8161588323775796,0.8355765612181144,0.9063860786607166,0.8651942839477745,0.8126857708457667,0.5816141915825419,0.7098167247189204,0.8985488023634868,0.8919910195222637,0.8105793271054313,0.7384708933783578,0.9030931101187808,0.876320879757562,0.7332103187790694,0.3754557195009414,0.8134415947480517,0.7913311811539011,0.8148946230753098,0.6512843423413247,0.7473026772437191,0.6558850766831242,0.6191990287086111,-0.08731229438760252,0.24254181149881246,-0.8969303113090239,0.39128361919571925,-0.40333387357623357,-0.28130892543276764,-0.24137010110803012,-0.08378513322568326,0.24535099819661332,-0.1954974945542184,0.07465080972880012,0.27630996166293026,0.6317494161917909,-0.8217913041703578,0.36813578140439657,-0.411502014724542,-0.2166430492084875,-0.05112339876640581,0.038674910563361184,-0.14677352922378104,0.2721465280399651,0.2917076611516023
0.8963130682207738,1.0,0.9470846852124356,0.9102562243906982,0.6989453837233536,0.8311775079608272,0.9277494968788274,0.9219577345065473,0.8761748215335127,0.8092140050261215,0.762590081320966,0.7138066154216731,0.7265487217124637,0.8474290104309271,0.9388515488369514,0.6096657355203888,0.8436743383207329,0.4383772525566227,0.7347786204471578,0.7376411400334202,0.8544116613350129,0.7920800845299805,0.4452433429682068,0.7211191005243968,0.7641340941078631,0.9186665652536571,0.9201804797345394,0.8967916834450105,0.9549139614582713,0.8967546197082865,0.7751630368835714,0.7166642076562822,0.9114982199561419,0.924983200116518,0.89830394538928,0.767090332820565,0.8685447012861651,0.9394616752597827,0.873513987149854,0.5306668584386383,0.8421854156422256,0.8417489153397286,0.874395868841865,0.7104267836310857,0.8556176114374701,0.6657571019899537,0.6502062223866439,0.1747530991723096,0.5071068684478317,-0.9664417632882286,0.47759386132730053,-0.48706678643412493,-0.45783648568358754,-0.29476853318181284,-0.15271043326790054,0.0020180799457314835,-0.2817331204899573,-0.008955031385806294,0.2169343343982365,0.6532199196872065,-0.9390223006454437,0.3746020982682677,-0.49643681011613966,-0.4141608299208235,-0.2305395017911738,-0.04334597877802576,-0.2807811645756049,0.11938698038972922,0.2541593787349831
0.8739992692228065,0.9470846852124356,1.0,0.9280810838595217,0.6836405968895933,0.8117470372219393,0.9220263733565808,0.9106760552258852,0.8501224362236195,0.8379824189763952,0.8122609370102394,0.7654197909194814,0.7930506882204426,0.8080211644090921,0.9384452512273579,0.6456528066652854,0.8536115959618781,0.47740651462414546,0.6787977139313357,0.7261143815249288,0.8684885279133584,0.8108831777591653,0.48625378492044163,0.7443728254272041,0.7779651588475286,0.9061585550748487,0.9232494989952089,0.886541954773757,0.9301788371026524,0.9190532018078656,0.799648593137501,0.6645895066786083,0.9071204755274784,0.9112140486601545,0.9102634571694418,0.7763114623269086,0.8272512127888357,0.9318715997923914,0.8909987847063531,0.5899765561917245,0.7813423735051511,0.7841206088955163,0.8448619093767307,0.6450997817064423,0.8551530257282207,0.6249814036220038,0.6529398171014699,0.2748369826288488,0.5119911487626968,-0.9568680342332272,0.5007752014459754,-0.5104381709557667,-0.496084997446135,-0.3274388844734011,-0.16260676232254115,-0.06743588767827476,-0.2976915301466015,-0.04368461728949223,0.19988059590714183,0.6549495779546703,-0.9594981869045602,0.3966983087622359,-0.5506942494414278,-0.45450400080628944,-0.31344110188360563,-0.07201111199551771,-0.3309479826383572,0.055799821627308274,0.2383391883305464
0.7718458663664342,0.9102562243906982,0.9280810838595217,1.0,0.49052415295091195,0.6998883079226648,0.924808742720997,0.8089557339125947,0.8091414251247407,0.8318853599413447,0.714259723580556,0.7657472494237133,0.7789360388999347,0.7004056890020612,0.9247693383211312,0.7736969015519033,0.8977591017302342,0.630100807094141,0.7337977621845868,0.809655477725001,0.824531551163497,0.8733683035858347,0.5939097411695902,0.7490474602532481,0.6768026985977578,0.8859333545911704,0.9012744280137363,0.8075192539468934,0.9089813986569387,0.8927333737287216,0.86473081991663,0.6104362227730585,0.8322991130857562,0.8526721729250533,0.8876712288763392,0.7338198089027986,0.7162164857825285,0.8951257541371533,0.8724881784594953,0.6273032259184301,0.7559770806402626,0.7365513739405603,0.7813289319570793,0.6205668218330008,0.8524083904108739,0.5919586912197431,0.6383041214289803,0.3959959671136952,0.6360209296507003,-0.9290434501829619,0.49451790923425193,-0.5664183485512927,-0.5736275817156802,-0.39640398384061004,-0.1812891739931131,-0.2554136296429993,-0.3227096697125046,-0.1105911820603993,0.19644451731349438,0.6298431877966161,-0.9340140244842531,0.3586622527945523,-0.575651581003575,-0.552046176630742,-0.39873050156672946,-0.13716372661692613,-0.3922420739141758,-0.08397155533175711,0.2318271936303353
0.829613611914264,0.6989453837233536,0.6836405968895933,0.49052415295091195,1.0,0.8317105182649215,0.5724970772588878,0.7969875352324002,0.6983595153429946,0.5154149356520488,0.6542484190998392,0.36281621357365473,0.46783838902911246,0.7811354933361794,0.6124927639122605,0.10268454220453666,0.391642187380974,-0.13657653099678452,0.33307452710045343,0.27235199997512716,0.621186151426519,0.3282688827640645,-0.04874861347669095,0.41656171376490503,0.7154875553163008,0.6287135982003355,0.6277568333983526,0.7466250765423942,0.6598635746773305,0.6085572374961216,0.28849854112926127,0.5997701139824744,0.7381872237912837,0.7108593872748651,0.6111784823516906,0.5903755291769369,0.8130125439509471,0.6576002295032537,0.5568330905691652,0.2368754918407038,0.639118064095355,0.6786789417383787,0.7015852655537542,0.5247542689501878,0.5602905461897318,0.5639432437813263,0.4711887008542119,-0.24301789673833354,-0.05054271647035432,-0.6805407278784111,0.27777419992908875,-0.14830804308981904,-0.03491077885533493,-0.02339403617772181,-0.05387251421207341,0.44596555728909276,-0.056594377360961165,0.2046720635536521,0.23881643250991832,0.4893487738727616,-0.6160599719192982,0.35436962146390516,-0.21313648802137583,0.008168882331193917,0.1716249471945992,0.13586616575581284,0.014605343958290067,0.45603778278930823,0.24152063782925276
0.85032733412655,0.8311775079608272,0.8117470372219393,0.6998883079226648,0.8317105182649215,1.0,0.7498466976151519,0.8437856404825936,0.786564536322118,0.6928749188582781,0.6575078336289949,0.4878744045538452,0.589229477266647,0.8112753028889702,0.7759967091516701,0.3864794187797665,0.5839904598152127,0.14725221459228482,0.6041328905752149,0.5982716396078378,0.7629635774040814,0.5347746578810301,0.2443609994381569,0.49574855347682323,0.6652219248639523,0.7999207161641277,0.758219170923152,0.7804235184525374,0.8060586172723267,0.7062136358342519,0.5162174254531211,0.6352011858507309,0.8114556948636167,0.7974511841224096,0.7491318622806902,0.604788377527974,0.8256303037985587,0.78283917579104,0.7293809830131918,0.3319581943581126,0.7822713134299232,0.7725834498353499,0.792994846247968,0.6547175797825492,0.7078102286709683,0.6321568493195328,0.4739936737091009,-0.048660364188384715,0.20340042551565563,-0.8197017486546773,0.3703110285309398,-0.34175173573315776,-0.2221214317122194,-0.1252905852994729,-0.0910619678063426,0.2200114143900752,-0.21298403354213458,0.07811563509890179,0.20146773631856082,0.5315118534161005,-0.7569667986486979,0.36018901477691173,-0.309504403594357,-0.2128330941653595,0.006841762971067806,0.032810480561971354,-0.20725861033955703,0.27306959684308246,0.2305927107004167
0.77697562447107,0.9277494968788274,0.9220263733565808,0.924808742720997,0.5724970772588878,0.7498466976151519,1.0,0.834611172872604,0.8139590257976594,0.8385619980239034,0.7359595384917753,0.7116001147098537,0.7405650772042891,0.7303296223175945,0.9199349005909044,0.7214604846519284,0.9319161581001023,0.6033307830691857,0.7826154628358869,0.7996206311571001,0.8018239907938999,0.8368722865636907,0.5723653040530196,0.764666848169902,0.6763180182171153,0.932324138414075,0.901659282906005,0.8099274958399753,0.9305759329451134,0.8731803436510684,0.8220855324269214,0.6919294400420666,0.8462699169734339,0.8663272731092352,0.875955237839975,0.7538751981034346,0.7494246851387512,0.8982595327437025,0.8779255074255341,0.6065987320181128,0.7664786528839811,0.838330964792315,0.8517824702408711,0.6758174010913911,0.8719735300727027,0.6518641191209741,0.6142915565027381,0.34012912441137877,0.5874344789788627,-0.9325073048356305,0.4788671276079552,-0.4962648348036767,-0.52641433264283,-0.3366844548224673,-0.18927482121074288,-0.17630053258905842,-0.3251430633367481,-0.1062107117807962,0.20198879547456977,0.6356878175603472,-0.9342717301691489,0.3706425779101592,-0.5234399123519727,-0.5091718778580365,-0.34437533522258806,-0.09810143091307041,-0.3839233754567624,-0.012429111783081264,0.18891319135895562
0.9255399589764516,0.9219577345065473,0.9106760552258852,0.8089557339125947,0.7969875352324002,0.8437856404825936,0.834611172872604,1.0,0.8632113842688717,0.7302078946219621,0.8387681179639499,0.669369596737615,0.6877918787697079,0.9151172307947752,0.8804671464059963,0.4593533435672846,0.7238331653673757,0.23737135306189677,0.5768259964619861,0.5790392287813187,0.8105452661760537,0.6974675255855032,0.2751314578976696,0.6815023210970189,0.8394919393821583,0.8570888814039851,0.8918224886879889,0.8942462499013804,0.8936110091383429,0.861263171106528,0.6475872997421666,0.7219774125470203,0.9411829387706283,0.944257491009086,0.8737406407630258,0.7638376434802807,0.9245824222977969,0.9274235043801081,0.8219383134869274,0.44937391987015574,0.7578059285537561,0.787863768871784,0.8545640566648932,0.6814648962808,0.8033232652951889,0.6661450767818126,0.6581513719410914,0.040149193674889755,0.36599270370004844,-0.9226017822215187,0.45858594512371376,-0.4359962449468727,-0.3816971804285398,-0.26112222725294304,-0.1222652141996417,0.20106216870027332,-0.16724702380904186,0.0833694817185478,0.19458747587070704,0.6443090052698519,-0.8904007458930132,0.39575826556531024,-0.48713498551635903,-0.3089208634584405,-0.16512794482765739,0.02472021938474344,-0.14636805386476304,0.27787107409318396,0.24140839234910177
0.8480782713847467,0.8761748215335127,0.8501224362236195,0.8091414251247407,0.6983595153429946,0.786564536322118,0.8139590257976594,0.8632113842688717,1.0,0.7298856961995561,0.6848002482916582,0.6148449493536731,0.6351490614118495,0.7930450054505327,0.8105120990954957,0.5170014296196668,0.7276536230033902,0.30839969777665927,0.605651013105354,0.6085607407392737,0.7762570527596626,0.7111592314930183,0.32179983360267106,0.670389011128097,0.7355586351463277,0.8301302259757034,0.8410792826489977,0.8518837593744968,0.8562459974972327,0.8409849108664672,0.6997002115580411,0.6715899238348476,0.8455466283692012,0.8498366588477911,0.8602661638434785,0.7399210641816509,0.8285279360886761,0.8364242200917665,0.7811176713146853,0.4619911950874476,0.7569693253276152,0.7733689924622149,0.8101894682748844,0.5693518723069536,0.7723504788946798,0.623579781934695,0.6415437815007391,0.09317697924903354,0.4184183682018626,-0.8831201818094528,0.36255956230311887,-0.43014374440752823,-0.3982096999416387,-0.26403803360497813,-0.15815690266848276,0.08815280709321603,-0.1939590279764941,0.055405181227550726,0.24799635343192747,0.6232980458488662,-0.8444277216000077,0.31256410089649334,-0.4512101918803916,-0.3266947550432598,-0.17722372059390268,0.01638894184561253,-0.17035596424761743,0.19281643573505267,0.2674416577934576
0.6574709478847997,0.8092140050261215,0.8379824189763952,0.8318853599413447,0.5154149356520488,0.6928749188582781,0.8385619980239034,0.7302078946219621,0.7298856961995561,1.0,0.6713961970854767,0.7106512008869696,0.7964609347501214,0.5625814156409348,0.795855549785941,0.6936813583098036,0.8188822634488878,0.5765605646666588,0.6713230592455157,0.7826938817989615,0.8280847260429576,0.7963194123598182,0.6457835398875669,0.6956776103145165,0.5864463665312195,0.8075329425856903,0.7891574968698567,0.7472901511154202,0.7918424433914234,0.8462785565289712,0.8333570917846814,0.5670449282226135,0.7357151832756929,0.7295374363332069,0.7979084369326147,0.6551407359604656,0.6253657637291687,0.7620735157925834,0.8249676241639091,0.6516148064100752,0.6574450465911532,0.7157496782253471,0.7749677353853213,0.6142064924072036,0.8092879535121519,0.5551112103767148,0.5232100470316287,0.4349813561512905,0.5674264381376435,-0.8155856468626369,0.43103919076291464,-0.4380254566629622,-0.5747207481391178,-0.29590141628376876,-0.1694647959658196,-0.24066660217511926,-0.30341997542763893,-0.04880062568978698,0.13285799389574485,0.504474840427275,-0.8593220838341121,0.32043904582391153,-0.48905152040098515,-0.529212495243626,-0.3711710519852324,-0.11068358672585189,-0.3800677389555992,-0.03367287631732361,0.17409119462816874
0.7405328990910287,0.762590081320966,0.8122609370102394,0.714259723580556,0.6542484190998392,0.6575078336289949,0.7359595384917753,0.8387681179639499,0.6848002482916582,0.6713961970854767,1.0,0.6518420139610369,0.7058019339729369,0.7435779745454442,0.7654405939524933,0.4012492604225431,0.6990130126237364,0.3268176680307578,0.43181007573351804,0.4685407490678313,0.6719301379862914,0.6743357715309949,0.31710046198105846,0.6755939014808555,0.8539063173049111,0.728002983649874,0.8083638348232655,0.7651983437800008,0.7529399467621057,0.8055625708737881,0.6287246116861571,0.5690088284518299,0.8444397212124712,0.8308081388093795,0.7823271776951931,0.7067825371911736,0.739099633327934,0.81932176999865,0.7474913153837229,0.4944171615503415,0.5129828343464069,0.586130424688221,0.7121604743344323,0.47673586246502786,0.7033426952599592,0.5126995856817234,0.6455528462493878,0.2267890481244007,0.38812625793093586,-0.7698820719719133,0.493944295082356,-0.351434899739392,-0.35034758341310246,-0.21496114192350094,-0.10564608400073552,0.055075952597992264,-0.0475305321881242,0.015617917810901025,0.1404207350960648,0.5699873295787972,-0.8156826905439306,0.4113337622428388,-0.4949605713654867,-0.293689253175209,-0.2526662355115566,0.009050245615252014,-0.1056703007759225,0.18229710306198868,0.18959611123320888
0.6027413998274599,0.7138066154216731,0.7654197909194814,0.7657472494237133,0.36281621357365473,0.4878744045538452,0.7116001147098537,0.669369596737615,0.6148449493536731,0.7106512008869696,0.6518420139610369,1.0,0.7751951310050608,0.5111350772716522,0.763123994412177,0.6348965740607709,0.7411924262248275,0.5830925671937595,0.5414304431031502,0.6634037071827831,0.8006352020580677,0.7653837753046253,0.5900171582717096,0.6108837702786992,0.5928059969605962,0.6425136197554228,0.7454946631914526,0.6214999073098856,0.6810561797293206,0.7660851358834654,0.7465799798747396,0.4296458148566087,0.703597270202845,0.7044715189625851,0.7076949543364988,0.5054963377591164,0.5192108311975652,0.7453330633897428,0.7798913929933619,0.5621566147806891,0.4886645739553424,0.47251980369220203,0.5785003580721417,0.40689245088867204,0.6337685550205532,0.36460735495460733,0.42293493531385395,0.41486976586783747,0.5874785535138208,-0.7280230060248459,0.4700943675103525,-0.5073301222286415,-0.5800459075216515,-0.41521004381025367,-0.18650263306384254,-0.32397872819050116,-0.24149888686723936,-0.1425591675917794,0.0977572990335904,0.4340873425376083,-0.7895496095819989,0.3269660995496238,-0.526170230291796,-0.5531643435061737,-0.5092027553193601,-0.2329349403646382,-0.3745456942462382,-0.10648041304798271,0.10828096587837482
0.6050626512044327,0.7265487217124637,0.7930506882204426,0.7789360388999347,0.46783838902911246,0.589229477266647,0.7405650772042891,0.6877918787697079,0.6351490614118495,0.7964609347501214,0.7058019339729369,0.7751951310050608,1.0,0.529982408749146,0.7386301231221536,0.6440808533451884,0.7452287142672812,0.5130169520959039,0.4863545127519351,0.6817377280530388,0.7825175877055823,0.7860957647586932,0.5446915897659764,0.6615692707413058,0.5873386250550772,0.7008912111980268,0.7219870449331491,0.6271581991189682,0.6978416448397564,0.7699985368435981,0.7063123648061012,0.49276124246140174,0.6813111000119701,0.6977353387858839,0.7387039850330441,0.5866364156192652,0.5847377115993222,0.71942812431041,0.7550809258437383,0.5905910108047109,0.5278545555467423,0.5274523648058628,0.6626773005020271,0.44019316949666776,0.6521014838651145,0.3842680354286171,0.4887645087003977,0.41069236039587004,0.5566805897278648,-0.7327853612859252,0.5200138588847044,-0.43396963735957705,-0.5855211473265538,-0.2672246465279278,-0.16997525717063872,-0.22096079064719124,-0.20963410988552145,-0.029799888594115174,0.07330636700927072,0.4943750291278871,-0.8127364801501255,0.36355930184125873,-0.502508944295356,-0.5446375668476892,-0.41599216104356895,-0.13034391601149256,-0.32363571733720636,-0.007183707074559887,0.1275156374461036
0.9013384278510468,0.8474290104309271,0.8080211644090921,0.7004056890020612,0.7811354933361794,0.8112753028889702,0.7303296223175945,0.9151172307947752,0.7930450054505327,0.5625814156409348,0.7435779745454442,0.5111350772716522,0.529982408749146,1.0,0.7914683224231075,0.3017808631107725,0.5908532289097664,0.07730580829320964,0.5127908386823977,0.46902130321624963,0.7018643883917786,0.5563887377157986,0.10755301370631842,0.5364585811207884,0.7821698154374612,0.7703264568624183,0.8082221487261018,0.8222636180375357,0.8279964184296335,0.7344823666329157,0.49875617212851425,0.6970652375324307,0.8763913191796887,0.8913724349785883,0.7566900253563634,0.6847766290763555,0.902610993381942,0.8632746744813042,0.6898495675311288,0.27751085319813756,0.7380687080635889,0.7382343603106234,0.7749921776014951,0.644331145550318,0.7045643512707637,0.6637003958929708,0.5975368253802524,-0.11781653989029425,0.24033908215341443,-0.8423421229303675,0.40800052755894556,-0.38125522510914367,-0.24461685838325922,-0.20485739958013632,-0.11908721185129041,0.3302999365441037,-0.15679726977239158,0.10054348006418544,0.1871631737694529,0.5864775768871344,-0.7693255579694452,0.3730658963149066,-0.38668705261210307,-0.1795670027529107,-0.022728008787967012,0.0986992412963408,-0.0739076496885721,0.35426182010913343,0.23475920369302436
0.8413572975563086,0.9388515488369514,0.9384452512273579,0.9247693383211312,0.6124927639122605,0.7759967091516701,0.9199349005909044,0.8804671464059963,0.8105120990954957,0.795855549785941,0.7654405939524933,0.763123994412177,0.7386301231221536,0.7914683224231075,1.0,0.6867048633011655,0.8547440167546728,0.5263891988195177,0.7205746416266875,0.7661166276945085,0.8431368640392304,0.8014789979309817,0.5061498229798295,0.7177747342452432,0.7527890581916445,0.8929456219670842,0.9325284575464329,0.8371725881220329,0.9254075527989963,0.881063026458356,0.793922504007598,0.6561341832564759,0.9058881424785351,0.9137597585549462,0.8843420580468963,0.7260758669021747,0.7878441710106,0.9349307632195015,0.8916784997751611,0.5661236454568028,0.7735647776517575,0.7740152012358487,0.8163010463068944,0.674870200724711,0.8518848587679339,0.6356629490556394,0.6154485613513719,0.28336439049178247,0.5372782717872353,-0.9503317914432289,0.5194443183713364,-0.5554037345755479,-0.5173378368080918,-0.3783678311896736,-0.17137004873666895,-0.1221378160801521,-0.3179476183753149,-0.08013057423408909,0.2148634257549716,0.6290546753958863,-0.9374961302011018,0.41907295090211333,-0.5584265122572661,-0.4979480867475622,-0.3288391349463839,-0.12033077834439897,-0.37007688026846147,0.01413808253014854,0.21824618168322807
0.38881782583344815,0.6096657355203888,0.6456528066652854,0.7736969015519033,0.10268454220453666,0.3864794187797665,0.7214604846519284,0.4593533435672846,0.5170014296196668,0.6936813583098036,0.4012492604225431,0.6348965740607709,0.6440808533451884,0.3017808631107725,0.6867048633011655,1.0,0.7536616018674873,0.7490207493734119,0.6679734729423029,0.7790643511802288,0.5981934085152062,0.7868093068402183,0.7589334146772222,0.5830127655901458,0.30353638851081144,0.6498827354487563,0.6277242703355754,0.44232448801108654,0.6122494579495713,0.6265926388175016,0.7429828433574279,0.37396550887828944,0.49765200307542834,0.5406268831987779,0.6568279462107928,0.4823009708158525,0.3620401674642631,0.6159005033075693,0.6914805049866212,0.6284140716078667,0.4899143529141394,0.5107662112899716,0.5108251885839485,0.4145012636380771,0.6145166317336442,0.3594920622848654,0.3735568171592085,0.5901220463145959,0.6635561591249963,-0.6520659866225345,0.40200649519539483,-0.5288386688095206,-0.6431569806841787,-0.432186019755351,-0.17008331779067962,-0.4586900460788487,-0.3691335875453703,-0.15770230886358752,0.11508060698038446,0.3807884637786591,-0.6919547573551723,0.220689242526488,-0.4830923937820003,-0.642243184943561,-0.505637972224713,-0.20919742746452005,-0.49143483780682506,-0.23894200799139564,0.07662790253465368
0.6414847658146027,0.8436743383207329,0.8536115959618781,0.8977591017302342,0.391642187380974,0.5839904598152127,0.9319161581001023,0.7238331653673757,0.7276536230033902,0.8188822634488878,0.6990130126237364,0.7411924262248275,0.7452287142672812,0.5908532289097664,0.8547440167546728,0.7536616018674873,1.0,0.7136679736899227,0.7307144457048258,0.7898863482261604,0.7386101203874029,0.877498124058641,0.6466361135068757,0.7983810377408213,0.6200991543398672,0.8619372758770297,0.8556919834313812,0.7297237887517669,0.8554028753735339,0.8519471204705663,0.870071681370091,0.6149184507397625,0.7533075553087464,0.7821805144639866,0.8329433092907275,0.7166007711820492,0.6081109627850836,0.8238056292265672,0.830882830402848,0.6678988323387758,0.653214471195804,0.7366705093572756,0.7754381290924097,0.5795415572554714,0.8218702359591656,0.5525873623003512,0.6033898678294864,0.4912488539876112,0.7007406144415342,-0.8499560988455136,0.4850959098182491,-0.4906419627304202,-0.5964619851600277,-0.37201074317295996,-0.19266746626163392,-0.3329005977107992,-0.30248611504105466,-0.1808721002941845,0.14370813390459727,0.569179380586811,-0.8966158163065662,0.3384249094500883,-0.5501244048070146,-0.5703858283503602,-0.4724501620763173,-0.12788963102332668,-0.3968853214292952,-0.13350172083076114,0.15074550291042468
0.11608957611934498,0.4383772525566227,0.47740651462414546,0.630100807094141,-0.13657653099678452,0.14725221459228482,0.6033307830691857,0.23737135306189677,0.30839969777665927,0.5765605646666588,0.3268176680307578,0.5830925671937595,0.5130169520959039,0.07730580829320964,0.5263891988195177,0.7490207493734119,0.7136679736899227,1.0,0.6489189941244783,0.7312470063232241,0.4292454701775567,0.6891700826819891,0.8435321637566316,0.48283808628867797,0.1766012646910642,0.46895731853539374,0.4808605658777319,0.25300128558099727,0.4572078492660076,0.4835349828747632,0.7181050864552699,0.10924395861918763,0.32858746495339636,0.3319289435194065,0.4670939483101824,0.23937180722903792,0.0964378988998581,0.4313890671436467,0.6018438930362149,0.5319946163370768,0.24664687693116172,0.24403438833671584,0.29724639724115515,0.23167616022291077,0.46675432539880973,0.12736455059507798,0.18118898456388446,0.7240743093537312,0.7309257714928318,-0.4542472942850623,0.3442382675209144,-0.427940177693811,-0.5901141513677338,-0.32337432655978543,-0.19647128206890313,-0.7296622869121283,-0.35819658179532116,-0.2768445100323144,0.001154329992213667,0.32652995937553314,-0.5562455563493037,0.1565254982362158,-0.4602812335234353,-0.6473196380656309,-0.5893449108876638,-0.3082778089517805,-0.4862721906093409,-0.460526363791746,0.008253601347656887
0.5412837345809685,0.7347786204471578,0.6787977139313357,0.7337977621845868,0.33307452710045343,0.6041328905752149,0.7826154628358869,0.5768259964619861,0.605651013105354,0.6713230592455157,0.43181007573351804,0.5414304431031502,0.4863545127519351,0.5127908386823977,0.7205746416266875,0.6679734729423029,0.7307144457048258,0.6489189941244783,1.0,0.8000756663604139,0.6429359205392686,0.6862937981376317,0.6763253020867527,0.4624021442535649,0.38872935321861435,0.7286489164921781,0.6702157547882892,0.5480895696859911,0.7233563671098254,0.6261683691876389,0.7050855046627682,0.4213576708449066,0.6041643948640332,0.6116135717846937,0.6680550377489742,0.42621588396695953,0.5492187601817566,0.6804449753731425,0.7244003549631303,0.3793234251346485,0.6315788916919288,0.6833286637634096,0.6413978939440373,0.6165584465766358,0.6563570657838992,0.48051939201821575,0.3324080043684387,0.27573631485974526,0.5234791370713285,-0.7245482188056525,0.3361213458694233,-0.463218562351832,-0.419671804999414,-0.2748967310610853,-0.13362187616381363,-0.23334628996840287,-0.3806806334709178,-0.07927094098451709,0.12971534781828595,0.4161002101451715,-0.6995566159695963,0.24469985034511743,-0.3923895849339438,-0.46840474004723903,-0.26003996312682665,-0.137353364237078,-0.39432257680222693,-0.03708487662429249,0.10532387749086594
0.5066691326295943,0.7376411400334202,0.7261143815249288,0.809655477725001,0.27235199997512716,0.5982716396078378,0.7996206311571001,0.5790392287813187,0.6085607407392737,0.7826938817989615,0.4685407490678313,0.6634037071827831,0.6817377280530388,0.46902130321624963,0.7661166276945085,0.7790643511802288,0.7898863482261604,0.7312470063232241,0.8000756663604139,1.0,0.7336848932088134,0.7873517913629784,0.7687623316178963,0.5437492644258042,0.37721222733472093,0.7286686950719401,0.7157002697829993,0.5413934773948316,0.7370561408248664,0.6728976734915556,0.7920965822499468,0.4468128771533274,0.6228189056944613,0.6263465186214408,0.6999864555055878,0.4358940164179348,0.4903631601671967,0.6966070911360476,0.8037967070125955,0.5063241849333731,0.6228133790553031,0.5908192374575779,0.6145469279611244,0.5599876638646953,0.6848456548421776,0.4302851163929778,0.3139996011327349,0.4569311577444722,0.6643606687534955,-0.7402820856736121,0.4164834334232522,-0.5429674841004252,-0.6075648832466984,-0.3743395538428246,-0.16943294800156825,-0.39275962449216906,-0.4092938923974455,-0.10714412729259817,0.09143708749714397,0.424951507207458,-0.7557567329791021,0.2611539655065378,-0.47671649873935407,-0.6472333235096359,-0.42988020863742255,-0.1811369745960243,-0.47247267617129524,-0.1174189574865507,0.07566913871450962
0.7880205929198667,0.8544116613350129,0.8684885279133584,0.824531551163497,0.621186151426519,0.7629635774040814,0.8018239907938999,0.8105452661760537,0.7762570527596626,0.8280847260429576,0.6719301379862914,0.8006352020580677,0.7825175877055823,0.7018643883917786,0.8431368640392304,0.5981934085152062,0.7386101203874029,0.4292454701775567,0.6429359205392686,0.7336848932088134,1.0,0.7777787508871149,0.4877062476725156,0.5898779673209752,0.6241080956840169,0.7759382311302184,0.8222041469657148,0.7757080244324165,0.8066667216631119,0.8357593543650726,0.7636295561008093,0.5912123682550441,0.8113610649109282,0.8042223353020346,0.8081421423478694,0.5882144103709204,0.7413372013083346,0.81658718854881,0.8364637578258717,0.485146105165187,0.7270054976953544,0.6784148224035593,0.7596949676267553,0.5723393385460851,0.7434762028302527,0.5092028196221846,0.47425330530967214,0.20262673783474067,0.4684328883952817,-0.8638407691431711,0.4479278295915395,-0.49581140626713543,-0.5108850950532527,-0.3315968148318194,-0.1728060596845453,-0.07123214008091017,-0.3465082117329456,-0.04100915161856209,0.1619905213319621,0.5154780289850367,-0.8562946243133719,0.3448291070581656,-0.49047899213806495,-0.5033858335026736,-0.3035327611415565,-0.11580618800514265,-0.3694028129189742,0.06541693561394486,0.19435540094670553
0.5976733006387048,0.7920800845299805,0.8108831777591653,0.8733683035858347,0.3282688827640645,0.5347746578810301,0.8368722865636907,0.6974675255855032,0.7111592314930183,0.7963194123598182,0.6743357715309949,0.7653837753046253,0.7860957647586932,0.5563887377157986,0.8014789979309817,0.7868093068402183,0.877498124058641,0.6891700826819891,0.6862937981376317,0.7873517913629784,0.7777787508871149,1.0,0.6589468361437443,0.7485757467201049,0.5772075623774643,0.7753301548068454,0.8075450522591553,0.6652933928963218,0.7748119598635363,0.8357240958902029,0.896051896677063,0.5901597595314487,0.7111827062035614,0.7485200203382039,0.8220312748629832,0.6621244800119261,0.6086824357364868,0.788471238403337,0.8247989085404148,0.6456449810083,0.5858367305799085,0.6140812423805979,0.7088552439751598,0.4843698318326423,0.7397102435832648,0.45595871597204846,0.5908202220946361,0.5014431023082465,0.7177791882240163,-0.8045486953118399,0.4564557492374803,-0.5075947376516344,-0.6419288508538085,-0.3670972064373269,-0.16322789806794946,-0.2905199654735899,-0.27873311290117764,-0.1273139539344936,0.06237523626519217,0.5051387131608229,-0.8582884103398046,0.28850761627866495,-0.5428054346872149,-0.6071152101227821,-0.46532068443425206,-0.10474186370066445,-0.3468463083911737,-0.09423378966848389,0.12923211063115173
0.16765208999087108,0.4452433429682068,0.48625378492044163,0.5939097411695902,-0.04874861347669095,0.2443609994381569,0.5723653040530196,0.2751314578976696,0.32179983360267106,0.6457835398875669,0.31710046198105846,0.5900171582717096,0.5446915897659764,0.10755301370631842,0.5061498229798295,0.7589334146772222,0.6466361135068757,0.8435321637566316,0.6763253020867527,0.7687623316178963,0.4877062476725156,0.6589468361437443,1.0,0.423740973021021,0.16436188383482922,0.4706277358468764,0.46572567595486475,0.26823985106596904,0.43493248311291965,0.4748522162734465,0.6939589914381632,0.1048435397982325,0.3315804412847429,0.3495591000011262,0.47227021561198834,0.22217472052418571,0.152142943293431,0.44429418725073566,0.6538765123573128,0.5748070358009039,0.2827244065669323,0.29835885083831953,0.3238953746422961,0.26998472972475634,0.44680559143931164,0.1630081702682064,0.11407190994417232,0.7100071402890009,0.7040624973008096,-0.45574752613786024,0.36613421142298996,-0.408582317534137,-0.5608073049639035,-0.2942517980391509,-0.1616639883413608,-0.6112424140299424,-0.31757375316906566,-0.1559987519157644,-0.013897303618729649,0.24699549672193402,-0.5548390030573556,0.15730414210519905,-0.37699455181225566,-0.6058848953004742,-0.5209307187313188,-0.26735534380718234,-0.43630076050285066,-0.2777614231413687,-0.050412020025975744
0.5843385561280696,0.7211191005243968,0.7443728254272041,0.7490474602532481,0.41656171376490503,0.49574855347682323,0.764666848169902,0.6815023210970189,0.670389011128097,0.6956776103145165,0.6755939014808555,0.6108837702786992,0.6615692707413058,0.5364585811207884,0.7177747342452432,0.5830127655901458,0.7983810377408213,0.48283808628867797,0.4624021442535649,0.5437492644258042,0.5898779673209752,0.7485757467201049,0.423740973021021,1.0,0.6401830450707283,0.7325757452205683,0.7553954997317792,0.6971602355354357,0.7257375878475788,0.7913594166958365,0.7149162176175576,0.6754276873680178,0.7051450585403051,0.7012374624229821,0.7374758734684075,0.8448164051860229,0.562079196913918,0.7091961740493671,0.6941204656925863,0.7704818795243109,0.4875945900009705,0.6294039620007311,0.705664501060628,0.45626207092829263,0.7394462944565084,0.5240183613504479,0.7324051025734344,0.5103629193115442,0.5956698343846205,-0.7150272828616138,0.35674756768723653,-0.28922003673502855,-0.4033177018089309,-0.2036720371588466,-0.13019687184252465,-0.15781576373499173,-0.15045432491611987,-0.18925487743178485,0.1040063784279467,0.46536181344478894,-0.7998708782861311,0.3066659154117209,-0.4102218233157163,-0.331268990256282,-0.3636868367293663,-0.029150536649264872,-0.2284521692571473,-0.05739173788000405,0.18977234735558832
0.8112720900784558,0.7641340941078631,0.7779651588475286,0.6768026985977578,0.7154875553163008,0.6652219248639523,0.6763180182171153,0.8394919393821583,0.7355586351463277,0.5864463665312195,0.8539063173049111,0.5928059969605962,0.5873386250550772,0.7821698154374612,0.7527890581916445,0.30353638851081144,0.6200991543398672,0.1766012646910642,0.38872935321861435,0.37721222733472093,0.6241080956840169,0.5772075623774643,0.16436188383482922,0.6401830450707283,1.0,0.6944217360121958,0.8271165008963585,0.8207481507241479,0.7534169035782039,0.8100680494406539,0.5696109305813245,0.5632326436114176,0.8705766032051654,0.8202643187266991,0.7725435193316049,0.7428734143672625,0.7598092103937946,0.8008785365508662,0.6630644391267208,0.40626990828033294,0.5676238407780169,0.597412528507063,0.6991175825732586,0.5308167724423457,0.6781418533925521,0.5718316851919563,0.6937999874096367,0.09281486278734469,0.2815190715780023,-0.7663029275912958,0.41386287634518587,-0.31264425207253643,-0.2747295573069831,-0.2664800820085681,-0.09197564350989712,0.151548034744242,0.010258967259567384,0.03215071018281176,0.24793857720996967,0.5553303569002654,-0.7798361539047886,0.41186771913624504,-0.422126576931987,-0.2159244841298,-0.1820361896718983,0.030321231536803234,-0.007274424503077093,0.24240285113470306,0.23159481584636166
0.8161588323775796,0.9186665652536571,0.9061585550748487,0.8859333545911704,0.6287135982003355,0.7999207161641277,0.932324138414075,0.8570888814039851,0.8301302259757034,0.8075329425856903,0.728002983649874,0.6425136197554228,0.7008912111980268,0.7703264568624183,0.8929456219670842,0.6498827354487563,0.8619372758770297,0.46895731853539374,0.7286489164921781,0.7286686950719401,0.7759382311302184,0.7753301548068454,0.4706277358468764,0.7325757452205683,0.6944217360121958,1.0,0.8790513703337121,0.8335491666465681,0.9134610875513153,0.8485955378190756,0.7595920572639968,0.7191983080943029,0.8521285439903994,0.8684914367326526,0.8604743425643252,0.767857767986595,0.787077196655081,0.885185028903752,0.8407877996323112,0.575224628184745,0.8071536932852947,0.8670226865959754,0.8754413927920524,0.6989472383136789,0.8478113466468279,0.6838351910181232,0.6307629751691296,0.2284203086138053,0.5078189089024472,-0.9192665750495232,0.4480198950051013,-0.4593113069988083,-0.45016045309508335,-0.26088100273371573,-0.15093577725721763,-0.040757546466309746,-0.2921618372385866,-0.07017525443864794,0.2193858612744093,0.6192445247595884,-0.9040143466404947,0.3674586790951444,-0.4699466867210527,-0.40182498983365883,-0.23036734290547176,-0.034547026281835085,-0.32050321878784654,0.050214744185942316,0.22566824783599918
0.8355765612181144,0.9201804797345394,0.9232494989952089,0.9012744280137363,0.6277568333983526,0.758219170923152,0.901659282906005,0.8918224886879889,0.8410792826489977,0.7891574968698567,0.8083638348232655,0.7454946631914526,0.7219870449331491,0.8082221487261018,0.9325284575464329,0.6277242703355754,0.8556919834313812,0.4808605658777319,0.6702157547882892,0.7157002697829993,0.8222041469657148,0.8075450522591553,0.46572567595486475,0.7553954997317792,0.8271165008963585,0.8790513703337121,1.0,0.8610312803098186,0.9167956994957613,0.9152868069583022,0.7974167684224098,0.6664558479362518,0.9323626549964977,0.915125741732872,0.9074617921813151,0.772895969767011,0.7868429924750964,0.925822908457087,0.876596907319611,0.5672065949251035,0.7303370298001519,0.7601771810597925,0.8277042117619474,0.6341905042168781,0.8503469063976641,0.6457542071810101,0.6841900911152633,0.28279828971722376,0.5489852238200987,-0.9395256521284711,0.4903024218932022,-0.5198700952373349,-0.49988335578025994,-0.3913241676687517,-0.19160707916295353,-0.08840938071448326,-0.27782608115983015,-0.09284673137754688,0.23338096739657607,0.6044620240575014,-0.9401832411354449,0.40913838347158266,-0.5550814397244337,-0.4575312828877152,-0.35044490906291204,-0.07295788000727615,-0.2984187165725226,0.06535254001112423,0.23929397764719962
0.9063860786607166,0.8967916834450105,0.886541954773757,0.8075192539468934,0.7466250765423942,0.7804235184525374,0.8099274958399753,0.8942462499013804,0.8518837593744968,0.7472901511154202,0.7651983437800008,0.6214999073098856,0.6271581991189682,0.8222636180375357,0.8371725881220329,0.44232448801108654,0.7297237887517669,0.25300128558099727,0.5480895696859911,0.5413934773948316,0.7757080244324165,0.6652933928963218,0.26823985106596904,0.6971602355354357,0.8207481507241479,0.8335491666465681,0.8610312803098186,1.0,0.8795703439782038,0.8872781361685019,0.6997739790028726,0.6981346198397437,0.883181788914947,0.8682769096569594,0.8551232074807807,0.8049086797138726,0.8452277198125232,0.8504827560953467,0.7547035750451123,0.4907559543866124,0.8064354338573458,0.78353147954727,0.8257786253479747,0.6279645831499541,0.7920983490399777,0.6463943890921428,0.710421457836679,0.08169934169363458,0.3674742810240751,-0.8941337095301708,0.41389911553334174,-0.37931300960686093,-0.3403688952287247,-0.2236873064613807,-0.11574096886725906,0.12973825029121633,-0.1658989719998454,0.005129614893771947,0.31913813765638954,0.6219933292245835,-0.8635059280933916,0.37636555938463984,-0.45243081927022755,-0.25520985833985244,-0.13537146900384894,0.031861799924679746,-0.15198845078612513,0.16312259724782896,0.35259573734712
0.8651942839477745,0.9549139614582713,0.9301788371026524,0.9089813986569387,0.6598635746773305,0.8060586172723267,0.9305759329451134,0.8936110091383429,0.8562459974972327,0.7918424433914234,0.7529399467621057,0.6810561797293206,0.6978416448397564,0.8279964184296335,0.9254075527989963,0.6122494579495713,0.8554028753735339,0.4572078492660076,0.7233563671098254,0.7370561408248664,0.8066667216631119,0.7748119598635363,0.43493248311291965,0.7257375878475788,0.7534169035782039,0.9134610875513153,0.9167956994957613,0.8795703439782038,1.0,0.8853052499676912,0.7819858323488534,0.7169198396461621,0.8941973091323092,0.9040061548715418,0.889227558969699,0.7710495060358532,0.8273973979061375,0.9218398454450002,0.8466015992710653,0.5149344413891763,0.8268450785621017,0.8393440085109758,0.8590380266033832,0.7127621473196865,0.8679983129225911,0.6935828298540001,0.6616737854931588,0.19584984741933617,0.5153987106365971,-0.9504544931910476,0.4637099192140831,-0.4859860491914692,-0.4339409319600283,-0.30528598071159646,-0.1509459144779121,-0.03594060263797434,-0.2651628710364974,-0.02672725134976408,0.23443417994043897,0.635941760182242,-0.921984512970122,0.3723705117165168,-0.49705646151037974,-0.4143094312288318,-0.23503545822604033,-0.035390792473919186,-0.2776012468682024,0.08139109214043236,0.24790261698969895
0.8126857708457667,0.8967546197082865,0.9190532018078656,0.8927333737287216,0.6085572374961216,0.7062136358342519,0.8731803436510684,0.861263171106528,0.8409849108664672,0.8462785565289712,0.8055625708737881,0.7660851358834654,0.7699985368435981,0.7344823666329157,0.881063026458356,0.6265926388175016,0.8519471204705663,0.4835349828747632,0.6261683691876389,0.6728976734915556,0.8357593543650726,0.8357240958902029,0.4748522162734465,0.7913594166958365,0.8100680494406539,0.8485955378190756,0.9152868069583022,0.8872781361685019,0.8853052499676912,1.0,0.8590374998856838,0.6577787021520816,0.8757577397494647,0.8667876101249616,0.9147388676784649,0.8143187110746344,0.7655916692658374,0.8811994531078755,0.8429230156324317,0.6285078718782248,0.6980920965173525,0.7364834445130397,0.8190237169957257,0.5955777653433802,0.8472285934562676,0.5951937346009474,0.753467483474621,0.3385590501798991,0.5720791369564806,-0.9094824121769639,0.4497804825644393,-0.4857993037357826,-0.5265849923557847,-0.3619635833651884,-0.1571184760002262,-0.11104204712763976,-0.20943669923868416,-0.07402607930303498,0.21189298787060853,0.5904326134198393,-0.9386880223425302,0.35498397482513566,-0.5636278097398721,-0.47343571826701264,-0.3804372031087533,-0.04852158812610951,-0.2688625192031433,0.007244393983658564,0.2688402019321296
