0,1,2,3,4,5,6,7,8,9,10,11,12,13,14,15,16,17,18,19,20,21,22,23,24,25,26,27,28,29,30,31,32,33,34,35,36,37,38,39,40,41,42,43,44,45,46,47,48,49,50,51,52,53,54,55,56,57,58,59,60,61,62,63,64,65,66,67,68
1.0,0.87357565951593,0.8696183872487216,0.8981935400642661,0.8255066564348937,0.8429508411971516,0.7846832011239366,0.8193587913823552,0.7847152955815896,0.6169782400038529,0.8031544193530741,0.8743430643293642,0.7585519790633228,0.8056262927732382,0.853938734049309,0.7079614309723179,0.6087272653738591,0.7153502094938043,0.7830576863608297,0.7780107041723913,0.7972750192789945,0.697269995570086,0.6273026839426178,0.396390715447424,0.855863057459676,0.7387276702717588,0.8767565657452493,0.8818867996975415,0.8639353191304852,0.8485250795946045,0.7796827578172726,0.48307757204970575,0.8944505018723596,0.8771532370435666,0.8173229083337405,0.673153278606334,0.8340883791198657,0.8264168569907048,0.7689850461000629,0.6334665929568363,0.8257798073659511,0.8077826450269748,0.6416011987055968,0.7690536265195378,0.7861088871600801,0.47298460666546854,0.7541038538296023,0.21738139431933595,0.6962816239294387,-0.8660025985680031,0.5136565648476684,-0.17156682013578095,-0.13901145020892416,-0.012378865304453228,-0.35721674709653484,-0.44317394240380764,-0.6233583566778579,-0.022297534785444172,0.2733138501358464,0.6678929952735485,-0.8695186695733284,0.5246752996270777,-0.17977287623162436,-0.1028303973912413,-0.040815116312325914,-0.1591496889919162,-0.6111700173880046,0.021242889641270083,0.2738055580300154
0.87357565951593,1.0,0.9437404720819407,0.9358624928562075,0.9288570218893629,0.9170224194560136,0.9406911416213247,0.9598045819852089,0.898535541465747,0.7865840319096746,0.9272110043350719,0.8792791631135568,0.876639817911942,0.9131410072696258,0.9012921487112652,0.8398352554937675,0.8259067556783168,0.8452124679179578,0.8641386289979506,0.8868658400950001,0.8599554455506038,0.867867228396113,0.7798742613494642,0.5447134250316471,0.8206347982195473,0.9164666992726892,0.9416805669212526,0.9478927771880088,0.9485555534896317,0.9597128889982502,0.9106786276221344,0.5856697359988344,0.9536283621739132,0.94442010697626,0.9590733743697302,0.8529575693590759,0.963557153174531,0.9393303203125987,0.9135894871544127,0.7989239805642062,0.896388028138729,0.9526639256779807,0.8484898510055061,0.853415699468761,0.882377753803884,0.5718192738306916,0.8475280773654986,0.4431814294267151,0.7975806948626015,-0.9691009036982665,0.5633247734914199,-0.19840177185125094,-0.3512876634758922,0.008179281711100236,-0.48421364784890397,-0.25408858796597267,-0.5293636346498972,0.15678983009984732,0.12669936098578813,0.80218660484235,-0.970683660846367,0.6056866867041301,-0.24023650403674965,-0.2957819543466055,-0.029385341174817496,-0.2350383454933428,-0.5314580247926391,0.23618583179074218,0.15477872404201803
0.8696183872487216,0.9437404720819407,1.0,0.9596857647206064,0.9002979451320735,0.912417320084668,0.9221544287392047,0.9195967482684917,0.8744780672595216,0.7536256956292819,0.9283132189666263,0.8719271422516214,0.8659453974317386,0.8954571116840839,0.8866566092911455,0.8173306981565628,0.7869132204031823,0.8266695847591904,0.8438944119992703,0.8332699883827518,0.8525729145423087,0.8467067237312296,0.7553163422433721,0.47469298458134634,0.7884845853934408,0.8883248059957394,0.9253952852202992,0.9168708204122019,0.8980968446427258,0.9346484737963988,0.8881386830808052,0.5293018309861338,0.9292176512691418,0.9224799755708138,0.929642326405438,0.807896596078484,0.9317988373398817,0.9283736497755176,0.8968994670854636,0.7718727141684739,0.8501249224383173,0.8971035690035257,0.7800478687805888,0.7821368947698296,0.8510345774128654,0.47122319571154664,0.8516198040857184,0.38319966419007095,0.7945049157174634,-0.9514031601360986,0.6121373313543983,-0.28953906857120265,-0.36058559879895746,-0.055408162267484636,-0.4837460399804263,-0.33048093652142924,-0.5650854833205119,0.10160546537505763,0.11618694142182696,0.8008326946641301,-0.9517118470253477,0.6201075237714836,-0.332080845634746,-0.30196349962117447,-0.0769151309429077,-0.2645476774753892,-0.5634772607355886,0.14798378298840353,0.1640301756029
0.8981935400642661,0.9358624928562075,0.9596857647206064,1.0,0.8803494953716822,0.9165563361343376,0.8882581599228007,0.9037557125213046,0.8699462520380169,0.7217656382399711,0.8985439939943296,0.8949129410050946,0.8506395713467702,0.8724489445374538,0.8765096412897546,0.79540499975481,0.7366690436098221,0.8278238070810748,0.8393474198597075,0.8460963462595218,0.8729740126556483,0.8241293102693399,0.7360238761679265,0.45647615558583016,0.7937321331478508,0.8566481268461211,0.9244692805653513,0.91341013710979,0.8972862237707938,0.9297694241126737,0.8894753500597862,0.5178292632604595,0.93199349857047,0.9199624277190783,0.9168404097689387,0.769735171137147,0.9186679970731574,0.9028452057261677,0.8723673626582514,0.7333756223415681,0.8640034597304842,0.8806432897124864,0.7433213258977338,0.8013529377029418,0.8447200309866693,0.4651391088006896,0.8248947502455807,0.34037289352752736,0.7799550172664278,-0.9453957663699141,0.5976179213356124,-0.24501921599364884,-0.3063902175269578,-0.048458475730974684,-0.4821178388357761,-0.3428023829353674,-0.6031177846687038,0.07107283665960618,0.14777375051196398,0.7600472282393298,-0.9433022088069669,0.6145197021689024,-0.26895384884376233,-0.25002079720976234,-0.07116848214536851,-0.237611873545454,-0.593861702632954,0.11283096995268879,0.17986896553200835
0.8255066564348937,0.9288570218893629,0.9002979451320735,0.8803494953716822,1.0,0.9054717408575377,0.9005203250948772,0.9005770419535793,0.8746531264359374,0.79844534892998,0.8723902433670143,0.8162074702376969,0.8654637643452494,0.8563339583819445,0.8183339394244991,0.7793783921596795,0.7673031379635014,0.77596920400871,0.8090915096553465,0.8459275317395338,0.8400668398092971,0.8511313070077076,0.740773000976852,0.5061019740493543,0.7359827511640379,0.8557230620301871,0.8575349641617052,0.8922850624339957,0.8736828115116966,0.8861093323582575,0.850813664582949,0.5618865313176675,0.8935854909894991,0.8617340946956452,0.8943542707256256,0.8034094824887364,0.9024262820203324,0.8743528461057932,0.8666487138198937,0.7700257455522035,0.8782512312005334,0.8942550387968264,0.8201281807322248,0.7484506601952602,0.7944239720374913,0.46780841781972027,0.7930491347953084,0.39841620249913073,0.7331004849275714,-0.8986710492423978,0.522377547641548,-0.20566246398270413,-0.25157985872692246,0.07980976420915906,-0.5147247914392556,-0.2462024683240571,-0.4265970928352084,0.23263971262042385,0.049255405388711905,0.7301798120711622,-0.8990945227592751,0.5565478235264976,-0.24173178099907663,-0.19381165996680055,0.032547969102292726,-0.27645623946402315,-0.47647043384099236,0.31781649599975126,0.07575218260839536
0.8429508411971516,0.9170224194560136,0.912417320084668,0.9165563361343376,0.9054717408575377,1.0,0.8738391183100988,0.8851432610461486,0.8504298916663788,0.7144435094967087,0.8795047484032232,0.8502075803696456,0.8458141356282043,0.8481296923529377,0.8551173785236129,0.8312282738134605,0.6993724004616388,0.8112450946354298,0.8508490544310356,0.8259712019597119,0.8126198623939047,0.818369776924583,0.7529621224582462,0.39765839750428267,0.7759787972911075,0.8145672672698812,0.8835489029360154,0.8782974151022068,0.8520544158997692,0.8855970213581517,0.8219167061027661,0.45943930663193666,0.9096935459735437,0.8904052586775536,0.8931309700084564,0.7300168430982324,0.8968762805224422,0.892255181636188,0.8499379666466739,0.7125935328825197,0.8427536361345127,0.8628184869087702,0.7263282793703993,0.7603840722505536,0.7972721363419143,0.39745157414602506,0.8210229023932147,0.3442123500696497,0.7744599458173351,-0.9106207267163585,0.6151438420270504,-0.2932731728472587,-0.2864387021189594,-0.0031762826668331246,-0.5181546653733442,-0.3214344491077104,-0.49677683705823,0.15271998508359055,0.17269274023098813,0.749426461204852,-0.9056751592949512,0.6404876052375087,-0.3126866752704862,-0.22492515639864535,-0.02993321878207622,-0.28371311245146835,-0.4899436860528816,0.17736056151960436,0.17817071088039774
0.7846832011239366,0.9406911416213247,0.9221544287392047,0.8882581599228007,0.9005203250948772,0.8738391183100988,1.0,0.9172396344455789,0.8674543763867368,0.7619343727993644,0.8990575043322833,0.7955607591884595,0.842039286901068,0.882977780550106,0.8427969148934138,0.825324693721534,0.8821564153118302,0.8467598679318226,0.8335752149819983,0.8519603332498576,0.7866172504202674,0.8759174572495889,0.7493804370203427,0.5518177493023507,0.7470192889553603,0.9421581891568307,0.9005417468311052,0.8825374038263732,0.900375931312809,0.9128669164366703,0.8658494275244818,0.5708083154058244,0.9024866409780113,0.8923898319000488,0.923152567613684,0.8417295474878199,0.9201599365504461,0.9078077655268829,0.8825172734608044,0.7617769108657051,0.8293351834131185,0.9122738832538302,0.8464512041500838,0.7590531209830647,0.8287743455218617,0.5258946153015908,0.8410092387409475,0.4363770435241106,0.783868498021028,-0.9246267244365072,0.5494008297500265,-0.27087388218218644,-0.38903123974496184,0.012133360931285772,-0.49334754521526325,-0.2339369956856707,-0.4555496399240856,0.1968094664404607,0.0472500764501927,0.8100776715614504,-0.9297844145329555,0.5465573635002599,-0.30024405379062497,-0.32021682314776007,-0.037914469526133,-0.2745891309143672,-0.4798455002093067,0.25781795559428367,0.09886982755865267
0.8193587913823552,0.9598045819852089,0.9195967482684917,0.9037557125213046,0.9005770419535793,0.8851432610461486,0.9172396344455789,1.0,0.9002623863441109,0.7989226994391972,0.9410721249418824,0.8761184723108165,0.8811899692937032,0.9200754012684834,0.8908761410650481,0.8457298508444743,0.8072056712865371,0.8149619350928751,0.8130285037167557,0.8669035481306414,0.8526694007959484,0.8604693745771177,0.8044163969335805,0.5539315747713576,0.8049177758563397,0.8989058226874816,0.9363478197453745,0.9105275343622383,0.9291662283506683,0.9533447620422516,0.913441148441277,0.550391487411996,0.93763952764705,0.9326591213098674,0.9651331128995521,0.8571182465420181,0.9645543290237993,0.9415332142108354,0.9279896508561811,0.8342133863586884,0.8389610529183623,0.9238423341298759,0.834069157788766,0.8660229583972703,0.8934084462862171,0.5836986325015731,0.841585253778403,0.49863370515148664,0.794542465388561,-0.9579595423955765,0.5346570475852521,-0.19339232763720918,-0.41524639955251796,-0.042582489750043716,-0.4784006429388287,-0.1408721428758789,-0.4779295386487802,0.17738537786350647,0.12674576045931332,0.7909610579975203,-0.9574197187089094,0.5865255584809165,-0.2512010361068243,-0.3356167582051134,-0.06030190797385284,-0.2293041221901586,-0.4755673119471226,0.2916662631700937,0.15769446115007568
0.7847152955815896,0.898535541465747,0.8744780672595216,0.8699462520380169,0.8746531264359374,0.8504298916663788,0.8674543763867368,0.9002623863441109,1.0,0.8631216592968991,0.8655032936908946,0.8336991434073752,0.9057401285088089,0.8312741472551988,0.7617395900401449,0.7729557741913486,0.7587026014820367,0.7207074043321814,0.748574867369413,0.8398599974333134,0.8419590877857758,0.8288367285485845,0.7935445630892602,0.5355971408141496,0.7297295904865763,0.8372230257560583,0.8760578867400793,0.8681027681523156,0.8753738182796057,0.8852760633500196,0.8674798612276158,0.511640086119778,0.8824308782942513,0.835220776208504,0.893907910268861,0.7867647991727363,0.8784022579180544,0.8367880305916491,0.8981576353276242,0.7978965689919943,0.8014699397887327,0.8850137135810454,0.7856292496945613,0.7767427339623868,0.8005682792064795,0.49930007540497257,0.7981897943833843,0.45792507425548357,0.759216162679507,-0.8912995643847995,0.4792870683094655,-0.199496955401039,-0.3511285359464266,0.014118751062100521,-0.5109353930938557,-0.22929137590381563,-0.39758214528115393,0.22352892405321248,0.10504095330168212,0.7349000402869974,-0.8894557289736105,0.5180466594961939,-0.23744243432710632,-0.2612063929915915,-0.01869162244732478,-0.26511207431747885,-0.4478638815810056,0.335957874183913,0.15021965471529927
0.6169782400038529,0.7865840319096746,0.7536256956292819,0.7217656382399711,0.79844534892998,0.7144435094967087,0.7619343727993644,0.7989226994391972,0.8631216592968991,1.0,0.7545567131457454,0.6706724959407274,0.8766611474608892,0.7245657686344522,0.6085394549986654,0.6172258736981006,0.7130740790035672,0.5796338381071625,0.6026636728645344,0.7591803985273141,0.7864535638938466,0.7511355546760848,0.6964803185218432,0.5249052298236514,0.5662968107599281,0.7391715787727912,0.7237148843864768,0.7640351189056639,0.7474027022929912,0.7664289588841108,0.7693187502179177,0.5152596332532321,0.7411677593466292,0.6718348763527632,0.7809500249269737,0.7368560918968041,0.7673017925215181,0.7119264856284867,0.8050168048261218,0.729907892922283,0.7149954984099091,0.815989585909036,0.7867484060780238,0.6806684852050157,0.7340186461086262,0.5488903355336053,0.7073072956304816,0.4238256445342349,0.6147719575896542,-0.756695535403179,0.3830805239834769,-0.08535626172912725,-0.29777782577609907,0.10671834315829434,-0.49736058387553256,-0.07357538870903912,-0.23957289350197686,0.26561709965723534,-0.00582613628582244,0.6183046104689832,-0.7569221835702321,0.41692051381237355,-0.12914187098984584,-0.22369049384903614,0.07945231791300597,-0.2927835628400442,-0.3231106303197737,0.40651807276907864,0.05573101679684821
0.8031544193530741,0.9272110043350719,0.9283132189666263,0.8985439939943296,0.8723902433670143,0.8795047484032232,0.8990575043322833,0.9410721249418824,0.8655032936908946,0.7545567131457454,1.0,0.8379816454586981,0.8568093157157513,0.8874135062486116,0.8901192060860317,0.8244097142620177,0.7856260378690214,0.7902601508273845,0.8073561677436919,0.7955515696836619,0.8143161375226007,0.8433806982723302,0.7588772922031833,0.5199879122267695,0.8094921086646882,0.8664828053963299,0.9122683911604039,0.8882040105869147,0.8850697650440859,0.9338495239743175,0.8938949296264093,0.5289961691105616,0.9132327767556508,0.918786941032598,0.9382137008507918,0.8377538132406541,0.9251144690890718,0.9376315522304396,0.899906857942896,0.7978389947738523,0.7918113003167425,0.887689204765742,0.7881646605189341,0.8083323656617688,0.8563697530683411,0.5154526769542432,0.8569877091269219,0.4308947101598147,0.7947480198945329,-0.9359251293824467,0.5880872218855724,-0.2886418763311379,-0.41516258895039737,-0.09754487546188602,-0.46830354746371156,-0.21586358404867179,-0.482841393088806,0.15821300614742279,0.15703859137627355,0.8070412985220119,-0.9361660894343901,0.5907712204370356,-0.3367761105591587,-0.3408350595844494,-0.0942100503574802,-0.26045270388292063,-0.4472216580638456,0.2003691547606078,0.17218613087900958
0.8743430643293642,0.8792791631135568,0.8719271422516214,0.8949129410050946,0.8162074702376969,0.8502075803696456,0.7955607591884595,0.8761184723108165,0.8336991434073752,0.6706724959407274,0.8379816454586981,1.0,0.8406286039495906,0.8279255267066017,0.871752012225856,0.7763116422800416,0.6460485893742683,0.7155630444735224,0.7571829757162037,0.7755664342738905,0.8607285617220907,0.7051882629169609,0.6798812444741068,0.3940860406903621,0.8289307457710178,0.7723074456180101,0.9066661690749087,0.8516598410572622,0.8634641352090446,0.8890870505716452,0.8266246543253741,0.44530928004712494,0.9137534926189136,0.900267411829287,0.8700738272113044,0.7035953478135357,0.867893548145465,0.8608635161620121,0.8124671729327891,0.7042906499331332,0.7838808724387021,0.8142715923806498,0.6711443458212041,0.8107341948421755,0.8013558417298858,0.4746724702312619,0.7388630711184706,0.32675041827279,0.7546983969585396,-0.9051810679940612,0.5724785475268008,-0.24145489893633343,-0.3326602259395795,-0.12286579701450931,-0.4538216433745806,-0.35406769200126337,-0.6105103909672057,-0.01739257268463188,0.2556962128333156,0.7086744813790441,-0.9010234008683531,0.6320426568504597,-0.3027955153315273,-0.2789159104171424,-0.14447555624550745,-0.22015354948064086,-0.5870682874823685,0.06161014053522868,0.28912265143786137
0.7585519790633228,0.876639817911942,0.8659453974317386,0.8506395713467702,0.8654637643452494,0.8458141356282043,0.842039286901068,0.8811899692937032,0.9057401285088089,0.8766611474608892,0.8568093157157513,0.8406286039495906,1.0,0.834008459732194,0.7722641965725501,0.7746585078904625,0.7423959905103092,0.6904690942355396,0.7252142113216011,0.7944774052770711,0.8547030084292363,0.8069272403443905,0.7679020622377192,0.48516824279558474,0.7197383555353503,0.8043328653506027,0.8596970836213556,0.8320857766393425,0.8330079545435214,0.8670291500494989,0.8313715947847922,0.4917289076653757,0.8644913332035502,0.8223799793339408,0.8752215306960676,0.770866781489223,0.8666535498881486,0.8391335983590967,0.8755018343114493,0.772450143234159,0.7531101884734955,0.8540437804618192,0.7715886884470772,0.746689302487534,0.7835790793789142,0.49810054037092405,0.7984664198739796,0.38448522759467424,0.733025933781093,-0.8743291226475072,0.5076656723990417,-0.24416729614808258,-0.3415161812596106,-0.011919256577760398,-0.5167487407178285,-0.2200264728398423,-0.38992916886746226,0.1918166116948545,0.11837223341835097,0.7238945492272327,-0.8737068016710652,0.5446942412276657,-0.2959659314807354,-0.27194623192185796,-0.048697257526197864,-0.26691096479381704,-0.45157612700373756,0.2766067437440847,0.1821042991102727
0.8056262927732382,0.9131410072696258,0.8954571116840839,0.8724489445374538,0.8563339583819445,0.8481296923529377,0.882977780550106,0.9200754012684834,0.8312741472551988,0.7245657686344522,0.8874135062486116,0.8279255267066017,0.834008459732194,1.0,0.8661588638526022,0.7758119606115244,0.7396503667975903,0.7738108988172947,0.7955993951231276,0.8137810616184067,0.8206110704813109,0.8000802414014558,0.7393122219302167,0.4828820762059075,0.7467465427992861,0.8282434968094814,0.9080002051297642,0.8547411699889588,0.8699862328092604,0.8904251556569998,0.8421685217653787,0.4974603874771395,0.899501674192753,0.9002126290477197,0.9029290567548787,0.7809630920827197,0.9435228982462078,0.9187110059679783,0.8777218134281697,0.7460023763718994,0.7931961553695692,0.8646858339093437,0.7441368968464168,0.7939172157493453,0.8477963078115426,0.5417968813127376,0.8083852900329374,0.4148783008887325,0.8045379577427683,-0.9089389840076874,0.5720414859160746,-0.19956185928469508,-0.34568506916516567,0.011935033671105414,-0.4550195685414036,-0.17116927117381567,-0.4680284900170463,0.11813208133339317,0.16353319263451815,0.7626567083307764,-0.9056566406185209,0.5839370250963563,-0.22987760144024016,-0.2594500834705061,0.0069145000761486695,-0.19155701993554342,-0.48276375429244056,0.16696930971909424,0.2344264467017699
0.853938734049309,0.9012921487112652,0.8866566092911455,0.8765096412897546,0.8183339394244991,0.8551173785236129,0.8427969148934138,0.8908761410650481,0.7617395900401449,0.6085394549986654,0.8901192060860317,0.871752012225856,0.7722641965725501,0.8661588638526022,1.0,0.825457368102908,0.695886875185411,0.7703303970415364,0.7992422671365323,0.7837053097104618,0.7831654842019716,0.7413704603537882,0.6987340376849207,0.40976945403719206,0.8629867289816645,0.8160245276100485,0.9221126444179711,0.8512436310265563,0.8814375963148907,0.9045160559156163,0.8247168129014627,0.4688888920117504,0.9111343540265094,0.9557362959148383,0.8963976741162621,0.762722312986983,0.8918460884672572,0.9443805578202507,0.8151629515963923,0.7284640821980979,0.760518016266234,0.8329151764968715,0.7033447876335078,0.8155342207904829,0.8449779018121547,0.5523718551438853,0.7963246988198542,0.36633725995905997,0.7641953683188528,-0.9282226926594983,0.6162475792371891,-0.2617190771054891,-0.37112351798437654,-0.1751032826455924,-0.40150919108618,-0.3313045534829517,-0.6415895889787449,-0.04812243511754095,0.2640644850977245,0.7674015139416335,-0.9250838196945904,0.6557628221947597,-0.31902378653795854,-0.3229713870284376,-0.18195351210909916,-0.17707964214494304,-0.5777335233408281,-0.017661550616758975,0.26951545750652695
0.7079614309723179,0.8398352554937675,0.8173306981565628,0.79540499975481,0.7793783921596795,0.8312282738134605,0.825324693721534,0.8457298508444743,0.7729557741913486,0.6172258736981006,0.8244097142620177,0.7763116422800416,0.7746585078904625,0.7758119606115244,0.825457368102908,1.0,0.7357205640330022,0.7908901755218702,0.7568860257746267,0.7450592186822971,0.6708399043232407,0.8173495100572686,0.8376714572919138,0.45325153506712806,0.7022033372782716,0.7840110901165293,0.8306651899434837,0.7716549094913738,0.820635475973119,0.8422071453864304,0.7754412907616183,0.46831275743854084,0.8138431386322837,0.8473269881659894,0.8561818000960397,0.7638102626692788,0.8360793443098875,0.8789711460345165,0.8372837029514593,0.7889881265004797,0.684908292361079,0.7784561953570739,0.6923968717702136,0.6970599393469521,0.7447867865146788,0.4401020562080337,0.7500041062612459,0.5199488797095455,0.7105176804723061,-0.85445364832496,0.5097371364643976,-0.33777417517262837,-0.419901533028356,-0.12486504680696316,-0.43011991038685626,-0.20929942164071227,-0.4472412259104212,0.11524287461499699,0.10399570928707065,0.748709016765924,-0.8572189406475206,0.5723259830378099,-0.37099765115077166,-0.3682072422747416,-0.16609961543603838,-0.21232265174138348,-0.43340699538258676,0.17413377535592178,0.12146467699793713
0.6087272653738591,0.8259067556783168,0.7869132204031823,0.7366690436098221,0.7673031379635014,0.6993724004616388,0.8821564153118302,0.8072056712865371,0.7587026014820367,0.7130740790035672,0.7856260378690214,0.6460485893742683,0.7423959905103092,0.7396503667975903,0.695886875185411,0.7357205640330022,1.0,0.7899772185337707,0.725916949631624,0.7020723576464253,0.632624590083071,0.8187033922629613,0.6682627988857465,0.6251694593986127,0.6016411216273475,0.8714524600467527,0.7697174296333744,0.7579623287953935,0.7979514984617904,0.8180630921616316,0.7877003103888134,0.6317234480557358,0.7561004612283319,0.7614479097498817,0.8231573342953865,0.8623325560622012,0.7969920912984381,0.7698328025136422,0.7818411420812529,0.7245972602729839,0.6972435141481107,0.8393810375842105,0.8334056600949974,0.6389387572510761,0.7020943161418758,0.49434564472971304,0.7053051383415033,0.5316572878580021,0.6690876337808723,-0.807816135460679,0.41145147336903,-0.2897350069737265,-0.4640842639269069,-0.05193419646187104,-0.4289482853660178,-0.15490468774037644,-0.38613537507093343,0.2206047809432539,-0.09517825757135381,0.7614517742749005,-0.82354427470899,0.4591956835167342,-0.3244626114538212,-0.419154969877303,-0.12694564855696283,-0.24657564661633732,-0.4129363652685894,0.31885333287244805,-0.037117445259729764
0.7153502094938043,0.8452124679179578,0.8266695847591904,0.8278238070810748,0.77596920400871,0.8112450946354298,0.8467598679318226,0.8149619350928751,0.7207074043321814,0.5796338381071625,0.7902601508273845,0.7155630444735224,0.6904690942355396,0.7738108988172947,0.7703303970415364,0.7908901755218702,0.7899772185337707,1.0,0.8728615677923287,0.7693350010544391,0.6423373235855538,0.8530335524810363,0.7175177008332952,0.520440694982309,0.6559558941016873,0.8320637793808131,0.8021144617127957,0.7717515724067163,0.7875339075885954,0.8260823298846521,0.7828376550071325,0.5740244861950089,0.8071431841240941,0.822917328723929,0.826666929516937,0.7819714061423262,0.8330417672836876,0.8206177312310085,0.7717133515387585,0.6751597894401463,0.7661450987922717,0.7965900626544457,0.7154412412541107,0.6666793504718085,0.7286394367609355,0.37126159199827424,0.7380862613671837,0.4405468297554505,0.6572917943172034,-0.8366255249928213,0.5289472065679948,-0.2888006434853047,-0.37619653034866407,-0.04097189717211241,-0.4080837918360242,-0.20300725501923092,-0.5067096999646518,0.16905127007873438,0.0027604288590242993,0.7083927639587184,-0.8458946047138467,0.5456343576029686,-0.2864386358035047,-0.3526534931973356,-0.1051166977210026,-0.2040746040409922,-0.4785748547476105,0.17496084420688143,0.017167265583185858
0.7830576863608297,0.8641386289979506,0.8438944119992703,0.8393474198597075,0.8090915096553465,0.8508490544310356,0.8335752149819983,0.8130285037167557,0.748574867369413,0.6026636728645344,0.8073561677436919,0.7571829757162037,0.7252142113216011,0.7955993951231276,0.7992422671365323,0.7568860257746267,0.725916949631624,0.8728615677923287,1.0,0.8049605191969971,0.6986247972479793,0.7825932767527407,0.6790198118893153,0.45056957925978636,0.7135193963182318,0.8271468247576371,0.8228859635725388,0.8088051799512512,0.8136591301624619,0.8293417610954562,0.7685208297344153,0.5365119668130501,0.8367526292922559,0.8363432971797452,0.8208205618801805,0.735051943381553,0.8319680163770719,0.8255383939150607,0.7614641479234889,0.637083016041156,0.7889923204648776,0.8528203281453202,0.7035257804396002,0.7090401602323124,0.7252904921335254,0.40643208437838246,0.7529012967756066,0.2790513755138628,0.6881699446817774,-0.8453506939856684,0.5624927854064597,-0.2036227269517232,-0.22994881691194197,0.056244945645308825,-0.4456969163753308,-0.3031336392289822,-0.5187756925745819,0.12244564979900154,0.1551292484564316,0.7203789789061315,-0.8522514012777022,0.5651754377050447,-0.23051111732759458,-0.1904419857471905,0.014557814040453325,-0.2258186927331606,-0.5170622209565932,0.15391725734649805,0.15944982103342223
0.7780107041723913,0.8868658400950001,0.8332699883827518,0.8460963462595218,0.8459275317395338,0.8259712019597119,0.8519603332498576,0.8669035481306414,0.8398599974333134,0.7591803985273141,0.7955515696836619,0.7755664342738905,0.7944774052770711,0.8137810616184067,0.7837053097104618,0.7450592186822971,0.7020723576464253,0.7693350010544391,0.8049605191969971,1.0,0.8363230245854236,0.8081356845371171,0.7520667024312265,0.5023156877830922,0.6959254258047678,0.8498368141784731,0.8467099018008256,0.8508237037555544,0.8983083967068225,0.8643610933489823,0.8391783240630567,0.49580167315104023,0.8517218948869353,0.8285516006077139,0.8664781304237157,0.7454266207308125,0.864496878799756,0.8209461376494982,0.8342684051733773,0.7352492704448966,0.8295472067239565,0.8830475929001721,0.8064180278076654,0.8202977339989025,0.8139340026919786,0.6027501498237153,0.7568540321561582,0.4282997680028156,0.6465409246666826,-0.8705320167393622,0.4354005949193924,-0.00437195261862077,-0.27387520547650224,0.0684553072732977,-0.43446866716443494,-0.1620645588105955,-0.4854415074438944,0.09502623371009733,0.12092399728642075,0.6749695898659214,-0.8711762499476032,0.48088216952047386,-0.03927437804989369,-0.2048710899975668,0.03043122863092985,-0.14874803402243725,-0.5311903382748113,0.2300679887349861,0.11733008182682901
0.7972750192789945,0.8599554455506038,0.8525729145423087,0.8729740126556483,0.8400668398092971,0.8126198623939047,0.7866172504202674,0.8526694007959484,0.8419590877857758,0.7864535638938466,0.8143161375226007,0.8607285617220907,0.8547030084292363,0.8206110704813109,0.7831654842019716,0.6708399043232407,0.632624590083071,0.6423373235855538,0.6986247972479793,0.8363230245854236,1.0,0.7480545048560913,0.6822310268712087,0.47461916254666714,0.6802918901482857,0.7639238939897953,0.8457144934512209,0.85369145609323,0.8433698443833504,0.8741408242035114,0.8853145308272945,0.5153252756015021,0.8454027318467349,0.8263038851805822,0.8550262396984709,0.7170165181342871,0.852249991364488,0.8117698169517005,0.835808873954447,0.7287890137925042,0.8158759183661376,0.8375989444542942,0.7482511798307757,0.7864734959327548,0.8015185214040619,0.5387438786925072,0.7167435317440616,0.32215186519199385,0.6812277897235294,-0.8668577690895842,0.48964104613911086,-0.05271655290314372,-0.26818742282908287,0.011630466842726669,-0.4685197075823177,-0.1880793222839815,-0.516889013216877,0.07251081957421246,0.15780384786294846,0.631386283217995,-0.8603203916532673,0.5642220431725147,-0.10869859162660753,-0.21461069786958667,-0.01708239841673188,-0.19145763788940143,-0.5579261521894434,0.16593911093611785,0.16998243821287304
0.697269995570086,0.867867228396113,0.8467067237312296,0.8241293102693399,0.8511313070077076,0.818369776924583,0.8759174572495889,0.8604693745771177,0.8288367285485845,0.7511355546760848,0.8433806982723302,0.7051882629169609,0.8069272403443905,0.8000802414014558,0.7413704603537882,0.8173495100572686,0.8187033922629613,0.8530335524810363,0.7825932767527407,0.8081356845371171,0.7480545048560913,1.0,0.8117966134163155,0.6338916747086208,0.6116870209036026,0.8453817022313299,0.8095054750756304,0.8037499750850958,0.8211308083961651,0.8617858827874699,0.8821295797359584,0.6562723617089637,0.80782463024224,0.809721797776182,0.878226040430234,0.8677226668168687,0.8635078956098776,0.8365793365609467,0.8898613711628621,0.8402340548716802,0.7754948138402001,0.8443282420871773,0.82434095955635,0.6689424028002559,0.7460663795269052,0.43711244341406896,0.776198030181418,0.5204284973188348,0.7001795209015876,-0.8516188325998759,0.4457940507867343,-0.24183092665074557,-0.3631665583213304,0.05014803824033747,-0.45599603980545506,-0.09747913479279166,-0.3787536323119725,0.2746194428517872,-0.05281782594017153,0.7189453038514381,-0.85714297609132,0.4929968334537344,-0.24385823909571805,-0.31572790895438435,-0.0039023588637689785,-0.23180581040142223,-0.397692122571113,0.3360195718352161,-0.02665288274387606
0.6273026839426178,0.7798742613494642,0.7553163422433721,0.7360238761679265,0.740773000976852,0.7529621224582462,0.7493804370203427,0.8044163969335805,0.7935445630892602,0.6964803185218432,0.7588772922031833,0.6798812444741068,0.7679020622377192,0.7393122219302167,0.6987340376849207,0.8376714572919138,0.6682627988857465,0.7175177008332952,0.6790198118893153,0.7520667024312265,0.6822310268712087,0.8117966134163155,1.0,0.5204318433414671,0.5956444903213164,0.7299704843566329,0.7617537527240816,0.7151813174152664,0.77399731204911,0.7831137695213346,0.7652569274410187,0.4723553936616619,0.7421757850503546,0.7448588878661182,0.7949726553846892,0.7599034879643597,0.7894832352748553,0.7900833404314292,0.8654643858267976,0.8536421845524177,0.6395785443810281,0.7516114423248877,0.697056389319647,0.6579456674260463,0.6900960742219407,0.42409292774095,0.735742032705299,0.630736575624534,0.6273200890095967,-0.791665117135557,0.37220623515354556,-0.2510407877914923,-0.41523383198798447,-0.0750788077868482,-0.4588580480579861,-0.13672893317973087,-0.3716152034507026,0.16136324093262974,0.0028972666901886835,0.6558041657977166,-0.7906367172009581,0.4657384976275921,-0.2714080494077297,-0.36883460399244367,-0.10663538495715362,-0.16435698771462087,-0.42570879275222795,0.28060410776065486,0.02492894160439179
0.396390715447424,0.5447134250316471,0.47469298458134634,0.45647615558583016,0.5061019740493543,0.39765839750428267,0.5518177493023507,0.5539315747713576,0.5355971408141496,0.5249052298236514,0.5199879122267695,0.3940860406903621,0.48516824279558474,0.4828820762059075,0.40976945403719206,0.45325153506712806,0.6251694593986127,0.520440694982309,0.45056957925978636,0.5023156877830922,0.47461916254666714,0.6338916747086208,0.5204318433414671,1.0,0.36343143453464616,0.5709103430395914,0.48058810898840054,0.5125963087265214,0.55826263981131,0.5709918045108273,0.6134703541233028,0.7931289562464671,0.46926372125221205,0.48395754365224186,0.5460777277862656,0.7683349170444594,0.541536950976581,0.46157318557966553,0.5761622258975221,0.6251629867488258,0.47995859930048623,0.5501601567992667,0.6195304755994285,0.424531374107421,0.4508049357964632,0.4317832537788601,0.43128436795477676,0.572159738726197,0.395146572104278,-0.5164705240524111,0.08323898922425922,-0.0014133826476411618,-0.25872549519983407,-0.004568238055084911,-0.21492426829379713,0.03090227343782824,-0.17824143851783072,0.21773911365644877,-0.07038846889107528,0.3811028442391837,-0.5276668048054651,0.14772795810011066,5.32568618928777e-05,-0.24727645958769584,-0.04352908429541303,-0.05743484710528382,-0.20907948564362047,0.333414032630323,-0.08512080610289914
0.855863057459676,0.8206347982195473,0.7884845853934408,0.7937321331478508,0.7359827511640379,0.7759787972911075,0.7470192889553603,0.8049177758563397,0.7297295904865763,0.5662968107599281,0.8094921086646882,0.8289307457710178,0.7197383555353503,0.7467465427992861,0.8629867289816645,0.7022033372782716,0.6016411216273475,0.6559558941016873,0.7135193963182318,0.6959254258047678,0.6802918901482857,0.6116870209036026,0.5956444903213164,0.36343143453464616,1.0,0.7195746868017651,0.8436094591700524,0.7873328275497141,0.8176318156800639,0.8196993262862522,0.7134749181997184,0.3599664414244148,0.8751488388743818,0.8611670496337952,0.7998702709543167,0.6551797117164102,0.7803789688257133,0.8192236648766874,0.7154157344523747,0.6167260296450549,0.695479165135499,0.7554464488128959,0.6054949959054436,0.7817316824905435,0.7667704539169478,0.5010711523972066,0.7795749032431939,0.25054249219581065,0.68861121553508,-0.8290537339328471,0.5090185498453805,-0.22386651231901727,-0.24983198960847877,-0.13109552932001084,-0.35438385273474743,-0.3905542708467308,-0.5415368214922266,-0.031564326595708285,0.30841178424384674,0.6731538748131902,-0.8321228888593716,0.5323425809947883,-0.25551041226396665,-0.2037119364047977,-0.12472464178192623,-0.13910704476892655,-0.472591460586144,0.02930292678411659,0.2865639008647903
0.7387276702717588,0.9164666992726892,0.8883248059957394,0.8566481268461211,0.8557230620301871,0.8145672672698812,0.9421581891568307,0.8989058226874816,0.8372230257560583,0.7391715787727912,0.8664828053963299,0.7723074456180101,0.8043328653506027,0.8282434968094814,0.8160245276100485,0.7840110901165293,0.8714524600467527,0.8320637793808131,0.8271468247576371,0.8498368141784731,0.7639238939897953,0.8453817022313299,0.7299704843566329,0.5709103430395914,0.7195746868017651,1.0,0.867331716443818,0.8664558542004746,0.8943117688227479,0.8989943044484544,0.8659821836648309,0.5734190285553601,0.8632642415423754,0.8638143885567643,0.9040258287226048,0.846999636530519,0.8933899337853712,0.8692771073661731,0.8512054567206621,0.764836351248492,0.8114950331363792,0.9164068975482306,0.8749263978034321,0.7639862607756086,0.8031465874957779,0.5568764291987094,0.7970893535185278,0.476149436023621,0.7378107392644208,-0.904705701405436,0.46902242254132703,-0.1908478142822404,-0.39857403486624315,-0.005173415353561422,-0.45954862631365456,-0.2015961932475027,-0.47614646853540915,0.17355215583446845,0.006721002451771748,0.7792669569719957,-0.91164094205947,0.49711285930398424,-0.24398202554653858,-0.3461869768346597,-0.0568513739929636,-0.23234386253015138,-0.5102963791924571,0.29074596706397665,0.059350109662735025
0.8767565657452493,0.9416805669212526,0.9253952852202992,0.9244692805653513,0.8575349641617052,0.8835489029360154,0.9005417468311052,0.9363478197453745,0.8760578867400793,0.7237148843864768,0.9122683911604039,0.9066661690749087,0.8596970836213556,0.9080002051297642,0.9221126444179711,0.8306651899434837,0.7697174296333744,0.8021144617127957,0.8228859635725388,0.8467099018008256,0.8457144934512209,0.8095054750756304,0.7617537527240816,0.48058810898840054,0.8436094591700524,0.867331716443818,1.0,0.8973348953025075,0.9325252784949276,0.9470014211054619,0.8939435919973587,0.5156450991235453,0.9608357179386676,0.9582316581837492,0.9417173003346115,0.8165323936035975,0.9311151663665913,0.9323344636809289,0.8945083309351539,0.7861263515144935,0.8047348524733376,0.8923442686119593,0.7694896447286939,0.8553954271930811,0.8800373087131297,0.574836201148419,0.8403743958746706,0.41342356334621916,0.808295322438874,-0.9663752285335213,0.583508591311225,-0.2746592496903852,-0.4011221014228548,-0.13084497979001808,-0.45794750397064854,-0.3244320428596824,-0.6175543225881115,0.02072883317203006,0.2544283807365718,0.8040565054558128,-0.965274783083941,0.6396902848575152,-0.31816498701207413,-0.31936884621382816,-0.14643424277106826,-0.23009554062658838,-0.6066521176176793,0.08962686422414218,0.2907073966953151
0.8818867996975415,0.9478927771880088,0.9168708204122019,0.91341013710979,0.8922850624339957,0.8782974151022068,0.8825374038263732,0.9105275343622383,0.8681027681523156,0.7640351189056639,0.8882040105869147,0.8516598410572622,0.8320857766393425,0.8547411699889588,0.8512436310265563,0.7716549094913738,0.7579623287953935,0.7717515724067163,0.8088051799512512,0.8508237037555544,0.85369145609323,0.8037499750850958,0.7151813174152664,0.5125963087265214,0.7873328275497141,0.8664558542004746,0.8973348953025075,1.0,0.918162942116299,0.9252658886019386,0.8847300617637012,0.5775099513289702,0.9156615776781349,0.8931036732517555,0.9145167650284447,0.7971065457360296,0.9135449489893057,0.8836673674115808,0.8746151785475046,0.7487552032831828,0.9164423147697878,0.9239627114469271,0.8169411917807129,0.8328082702761901,0.8627050077887745,0.5535298561353534,0.8004185201788475,0.3890117609191751,0.7752299583264706,-0.9294924866865176,0.5258761485191751,-0.13536332861591938,-0.2863054692546147,0.02891359830254766,-0.4311823223036822,-0.2827594802533615,-0.5430466959959905,0.11933547772733791,0.15943233463219952,0.7674861211371725,-0.9307519815185471,0.5552455867173042,-0.1756484876780314,-0.24113628019277283,0.002064607886710076,-0.24212360866777444,-0.536495259361549,0.20424157951544275,0.1890388619057035
0.8639353191304852,0.9485555534896317,0.8980968446427258,0.8972862237707938,0.8736828115116966,0.8520544158997692,0.900375931312809,0.9291662283506683,0.8753738182796057,0.7474027022929912,0.8850697650440859,0.8634641352090446,0.8330079545435214,0.8699862328092604,0.8814375963148907,0.820635475973119,0.7979514984617904,0.7875339075885954,0.8136591301624619,0.8983083967068225,0.8433698443833504,0.8211308083961651,0.77399731204911,0.55826263981131,0.8176318156800639,0.8943117688227479,0.9325252784949276,0.918162942116299,1.0,0.9482546639848215,0.9038023029048405,0.5785717340939962,0.923320428557368,0.925798724211622,0.9334916095550407,0.8456557837909608,0.9258380422293937,0.8960189360632042,0.888545389590611,0.8021006623374602,0.8317943787446336,0.9211469862937597,0.8388768533598795,0.864972090465969,0.8757922566638677,0.6496283771105771,0.7981109668166413,0.49274565058314984,0.7277461805319243,-0.9459263420966801,0.4603938250073355,-0.12087281863269353,-0.35866122899776853,-0.051752872584769447,-0.43217412591362864,-0.2568869199159957,-0.5654938549714276,0.06280658478667484,0.16001174586721992,0.7548093814899641,-0.9509335795761471,0.5332489583809824,-0.164705888733274,-0.2900592159696646,-0.09339208072834138,-0.18023431837966689,-0.5862487054318235,0.20153420615826872,0.17076655768683996
0.8485250795946045,0.9597128889982502,0.9346484737963988,0.9297694241126737,0.8861093323582575,0.8855970213581517,0.9128669164366703,0.9533447620422516,0.8852760633500196,0.7664289588841108,0.9338495239743175,0.8890870505716452,0.8670291500494989,0.8904251556569998,0.9045160559156163,0.8422071453864304,0.8180630921616316,0.8260823298846521,0.8293417610954562,0.8643610933489823,0.8741408242035114,0.8617858827874699,0.7831137695213346,0.5709918045108273,0.8196993262862522,0.8989943044484544,0.9470014211054619,0.9252658886019386,0.9482546639848215,1.0,0.9490814752568651,0.5942487903199491,0.9367693246424613,0.9464058728974568,0.9610423044278109,0.8745147380205688,0.9499906108776045,0.9327225405360788,0.9137255024415644,0.8336607762102151,0.8395286588101953,0.9241799649603482,0.837973502451383,0.8522801509827481,0.8795630962717211,0.5861591328004251,0.8308069403042516,0.48828454606861627,0.7787027211286799,-0.9725307164758414,0.5468240305509918,-0.21345732232717443,-0.42718440607654756,-0.10262840566781611,-0.46843660159578526,-0.2499071431286386,-0.5833692228317455,0.08081170078985489,0.16094771751975667,0.7915827575075536,-0.9743297642900747,0.6181738724794492,-0.2667353987876267,-0.36619627816552425,-0.13160101201961547,-0.20908010297244406,-0.5748591102263292,0.17575712327914247,0.16987357185867846
