0,1,2,3,4,5,6,7,8,9,10,11,12,13,14,15,16,17,18,19,20,21,22,23,24,25,26,27,28,29,30,31,32,33,34,35,36,37,38,39,40,41,42,43,44,45,46,47,48,49,50,51,52,53,54,55,56,57,58,59,60,61,62,63,64,65,66,67,68
1.0,0.9016649782943382,0.9327746889258562,0.927771850960882,0.9046876126783955,0.7396345374702755,0.8824595138599027,0.9102044052216346,0.8408780740895175,0.7975163325547283,0.8938723963468003,0.8800022672865442,0.7973361890307707,0.8718483903573685,0.9155859467420484,0.8779697572940396,0.8528368207054656,0.6934126390654944,0.6717283488374343,0.6654732651501268,0.7612743503107123,0.7709184590142344,0.6137174334916639,0.6226734933110123,0.884755747436652,0.8458028812929995,0.8980924283351259,0.9378422147232333,0.9209828346985514,0.9041279490518236,0.8272696331350151,0.6799414249906363,0.9073254839203367,0.9071084660492783,0.8902029522856155,0.8190769213528586,0.8707949123653228,0.9055102763293993,0.858863142592405,0.6664956967335232,0.7771286967270636,0.8264994618832314,0.7949791529006581,0.5968020975505535,0.760633384339582,0.6191112679140054,0.7734504711479224,0.39482301752924875,0.5611073658129795,-0.9255257770554521,0.40785038599205664,-0.4676311394203052,-0.47093824152534464,-0.29658632895335807,-0.12261782488888998,-0.22871513735764076,-0.309248893831033,0.2601736397434758,0.15974583012257493,0.686875913285487,-0.883355183070734,0.4633621050925201,-0.4536088701652529,-0.4855125404787817,-0.2740866364945308,-0.23158375144970458,-0.2499136879496008,0.1219971687114739,0.2369065595408279
0.9016649782943382,1.0,0.9048425439237442,0.930370834001452,0.8766014999401086,0.8460564268560805,0.9516814529027238,0.922585034559356,0.9146705952236112,0.8972830104761528,0.8746659720926885,0.9096565544297123,0.8626127260317209,0.8454535969744046,0.9369011457576472,0.9400338532502163,0.9309094909472433,0.7893365046544933,0.7909246112641145,0.8341125680915321,0.7910010107487963,0.8490787634155955,0.7901040688279113,0.771992725214928,0.8893503898451655,0.9142061846221917,0.9423935411435518,0.9210068802892244,0.9635081867158767,0.9506487773205013,0.890338262416702,0.7686262314930585,0.9623028559209145,0.9369960963710848,0.9408247341600482,0.9246708822905174,0.8769442120823396,0.9476060935273951,0.9375054719435633,0.7906912864720839,0.8654542168418043,0.9344933570869531,0.9072926227436657,0.7403261319353739,0.8523197748596355,0.7538496606326595,0.8570744852368235,0.5819282246227448,0.6691540749729519,-0.9529844797270535,0.5005920041965276,-0.40343944585610814,-0.5432581899192713,-0.22400582176175446,-0.09393786007652676,-0.19170641244347567,-0.2916778663961328,0.2265854470048692,0.11326860383573999,0.539706552502551,-0.9608150036657586,0.47112329133891834,-0.3719604584794039,-0.5870170112704919,-0.2943228302327094,-0.22628487450943816,-0.3600117446229194,0.10016543692249585,0.14947106843545943
0.9327746889258562,0.9048425439237442,1.0,0.9104913355605783,0.8701224144032725,0.7680477804616568,0.90273746550301,0.866705653843991,0.8609138001294635,0.781371849244807,0.8477568996897369,0.8644687825400545,0.7690895779286161,0.829343042827565,0.8910963613807567,0.8551283149000788,0.8793649331111837,0.7493238914790786,0.7040943369783558,0.670064317384474,0.7353298317319732,0.7255233838275427,0.5806473742595324,0.604199900261199,0.8494176343517501,0.8665528877860673,0.8794190598555066,0.9230415316544716,0.9206499740888519,0.8923175253199308,0.8252735661588024,0.6291936476349941,0.9012234045754711,0.874683398035562,0.8657030048923378,0.8022415767513624,0.8182688271498264,0.8739522995033895,0.8296909436093738,0.6164911680335742,0.797108803960641,0.839550851521599,0.7897608263124838,0.5755243091053424,0.7606659517191744,0.6371140465569483,0.7556306890482348,0.3485482383324348,0.6421566457786702,-0.8905835009129858,0.47504649850036107,-0.4046198657865,-0.4411078879389032,-0.24557060727362248,-0.07462557223053942,-0.23330807665782796,-0.2951063495629373,0.24094552953912787,0.14154856470634972,0.6227834418292837,-0.8916815353732616,0.4420172328122118,-0.3875324382788959,-0.49892023017001086,-0.28631213628021274,-0.17296000479451484,-0.32213402408484776,0.12284309578411003,0.19291473441097395
0.927771850960882,0.930370834001452,0.9104913355605783,1.0,0.8520266174435064,0.7837460473823488,0.9180181429367855,0.9055689082719897,0.8866706569196603,0.8416684568991366,0.8738960552644481,0.9065375537293354,0.8244811083178966,0.8177959047703924,0.9292619673894836,0.9237269631387076,0.883148821246053,0.7571264069999428,0.7460712037275956,0.7596100028409065,0.7936770249912928,0.83155487752207,0.6927288810389411,0.7177711109411372,0.8786439888023599,0.8606455714758138,0.917045495111119,0.9292409257528078,0.9370218510409023,0.927920361434425,0.8679031912349582,0.71447520194259,0.9385267063065688,0.9189551409151258,0.929529657376671,0.8654799140548579,0.8478592926303296,0.9192744796048293,0.904342428732051,0.7480346287724337,0.7892723271528448,0.8471087680145305,0.8193913096217343,0.6952279902202565,0.8334475879578144,0.6732755566598745,0.804657630042642,0.48964970248990114,0.6617052932233302,-0.9402316042209853,0.47595751576993367,-0.47122024146215397,-0.5513419297261591,-0.2996391711279328,-0.1407177449088236,-0.2889308653597807,-0.3241061673705052,0.19462796568007318,0.11172371943136736,0.6330012498901243,-0.9290263838100847,0.49429764985846536,-0.4470616271138732,-0.5590519252407175,-0.3359137056089424,-0.23376506475359377,-0.3492722489942804,0.14014829559150158,0.16807044603866006
0.9046876126783955,0.8766014999401086,0.8701224144032725,0.8520266174435064,1.0,0.7808451515898557,0.8655621867988428,0.9098762905084565,0.8100232030717127,0.8203440481449641,0.9077424734534554,0.8386901877853801,0.8379989051449341,0.8820819028775984,0.870575195728233,0.8610925608724592,0.8418950034910596,0.6186729404007005,0.6135774845559535,0.6787869604691259,0.7534475565436337,0.7941188391596435,0.6534955228207183,0.6562786852189284,0.8494828727655176,0.8445957264050798,0.8773821356339827,0.8674096290641888,0.8834635829911901,0.8766703312789852,0.8179362286896854,0.7505939329250897,0.8761936576180476,0.8871601056360322,0.8736268255723529,0.829198408386101,0.8700408397612578,0.8933133457299771,0.8629387628801485,0.6815944078040678,0.7647641009055324,0.8398689633874422,0.8237114942297027,0.611310223971375,0.7347153627704357,0.6475051820001256,0.8029120958351285,0.44624593661024714,0.4840710601660136,-0.8896694772911775,0.3993054053325847,-0.35671889964142367,-0.4643908932065019,-0.24042614498477494,-0.0846599891673918,-0.10218977744027401,-0.2356368784291316,0.29891550572772313,0.13096586819014994,0.5692397219671055,-0.8538400916226832,0.3974479073536899,-0.31483132996829577,-0.5291519735396564,-0.23434839878344338,-0.20610220557865536,-0.21422245099554668,0.1188561952937694,0.19619676366023459
0.7396345374702755,0.8460564268560805,0.7680477804616568,0.7837460473823488,0.7808451515898557,1.0,0.8673128862824571,0.7779923494620069,0.8018157102811356,0.8289256518902706,0.7139168436526935,0.7649164123179591,0.760004206122724,0.6990650421397505,0.7786660097453681,0.8004635498052511,0.8147669137341207,0.7286090347931781,0.779111529455104,0.8468471249014408,0.7556291434900608,0.7273412797598385,0.7011271983623246,0.6857013783481566,0.687995070651201,0.8442957130693158,0.7811597717511112,0.7509876633878233,0.8278985547193133,0.7766837462443843,0.7130926801322663,0.664981562441164,0.8179073253017997,0.7744159816890959,0.7814607331587574,0.7935147685697261,0.7231740190907016,0.7879869363156992,0.8053830425200937,0.6913827724713789,0.8091690417215368,0.8472634560691805,0.8351386699971992,0.7093516851761767,0.7428361063352584,0.757385625633909,0.6971363685429928,0.5069540492788628,0.5470223773461892,-0.7969866066847644,0.42537481242813385,-0.1933581174819577,-0.4067858743648249,-0.09945583204073875,-0.016629223525854928,-0.1825679349472104,-0.3084275550697104,0.22715704996607744,0.002309206812844374,0.33031638384006007,-0.8237043076015772,0.3719660451336965,-0.16476443240937924,-0.520060720509804,-0.2056056934581778,-0.13185803617344663,-0.3874044673733115,0.031260969581817545,0.07376189136319262
0.8824595138599027,0.9516814529027238,0.90273746550301,0.9180181429367855,0.8655621867988428,0.8673128862824571,1.0,0.8868486445481509,0.9090077069396604,0.8844694657414487,0.8403029524650031,0.8759932002195098,0.8319146319831444,0.8017093112889335,0.908235513632963,0.9162375496531571,0.9496597239540473,0.8148977498022084,0.7961711893982405,0.8440721387066079,0.7671783123094019,0.8318175845356446,0.747361363614979,0.7871407357489103,0.8472610213300686,0.9351887159735676,0.9084716837560942,0.9060056409468429,0.9465629409766171,0.9160469158258542,0.856886869505498,0.7679172341514824,0.9292096657342033,0.8980063694018651,0.9073576690759366,0.8973770820501921,0.8336075171790687,0.9130168784104549,0.9111863007635809,0.7600158869701458,0.8808558638110641,0.9249765454718012,0.8933256106633473,0.729137358031924,0.8371601940294209,0.7584095033206936,0.837461333513837,0.5574660412450239,0.6719105763847302,-0.9194959946623928,0.5260868206357002,-0.3539035037365258,-0.5045895342275118,-0.17767728407549147,-0.08850350413279633,-0.21025931345440813,-0.27449515831801385,0.2299131531584332,0.09898288331780528,0.514779866257205,-0.9368026327774369,0.46359086963230994,-0.3112336563481653,-0.5588708669935774,-0.25904733981378353,-0.20172272308535097,-0.38186025996666667,0.0847045361826457,0.13738470807393943
0.9102044052216346,0.922585034559356,0.866705653843991,0.9055689082719897,0.9098762905084565,0.7779923494620069,0.8868486445481509,1.0,0.8508709074873837,0.8567360933950144,0.9469867373631036,0.8795213809476587,0.8613973274538608,0.9197044630914247,0.9162340328453397,0.9111936057166659,0.8560849745172378,0.6446165368111314,0.6633825065124848,0.7321287774509257,0.7836965718060772,0.8235871920800036,0.7197894371523531,0.7123662197220845,0.857112706234739,0.8626865752071062,0.9119568674615238,0.8992752691555822,0.9166138066420607,0.9230952452270399,0.8555529811314248,0.7759437217378727,0.9323274668055089,0.9592048140245583,0.9307037729550719,0.8710245164583946,0.9377462231309744,0.9444436704593993,0.9170450413410007,0.7564392969336728,0.8044080571625615,0.863440413200697,0.851438313229472,0.7283335123373186,0.8161380553723574,0.7129787236452407,0.8219185163813041,0.5007579710227328,0.5241617437635917,-0.9372074717160249,0.38683196297966177,-0.40160906374952426,-0.5278360923925445,-0.2370642981233073,-0.07385912657852532,-0.10543352484169609,-0.20540480774897626,0.329928384783951,0.18934227399025935,0.5923859854274554,-0.8968072652180282,0.398996131239993,-0.3807236241197474,-0.5705715478757851,-0.23460382899615395,-0.21223383900763326,-0.18667175057326466,0.21353894956998185,0.23913011065094486
0.8408780740895175,0.9146705952236112,0.8609138001294635,0.8866706569196603,0.8100232030717127,0.8018157102811356,0.9090077069396604,0.8508709074873837,1.0,0.8922706827345183,0.8027594951946779,0.8398341999836577,0.8405197082211552,0.7631728958781749,0.8700166901687165,0.8704194452310348,0.8751047486571852,0.7717472762032408,0.7280827426013684,0.7746313207821797,0.7240802097029042,0.8015534623492248,0.7345145990631504,0.7409353109254405,0.8374093871432925,0.8602529176714968,0.8724479767446102,0.88381532356491,0.9034874573361296,0.8818183336042059,0.8366326781088305,0.7152185502008171,0.8919189189764817,0.8599657054526657,0.8735685078719908,0.8738700667783595,0.8134054462852401,0.8768839799320085,0.8785962646772241,0.7411277948813862,0.8163689225660901,0.8599117566295361,0.8135369094509062,0.6960959067797519,0.8588006167589394,0.7713817374123171,0.8245306123470577,0.5633802274597921,0.661542885276651,-0.8867716109247511,0.5244201866137073,-0.3420984575846285,-0.5060916240560176,-0.1959957595956312,-0.09042094663986026,-0.15856474313295543,-0.2603968602154168,0.22252475753052192,0.13163066891435693,0.5101738837782789,-0.8962277335720098,0.45571959846934856,-0.2983188466162147,-0.5576185787919973,-0.2624207565483687,-0.2398014166608184,-0.3146823241822064,0.05858622635094939,0.1748105156983318
0.7975163325547283,0.8972830104761528,0.781371849244807,0.8416684568991366,0.8203440481449641,0.8289256518902706,0.8844694657414487,0.8567360933950144,0.8922706827345183,1.0,0.8094343981650785,0.8251333482431288,0.8939219752996606,0.7752485233712335,0.84696445584272,0.8735910145269581,0.8546434871297396,0.6876082370786021,0.6823588758495437,0.8239594267402481,0.7518235350143831,0.8358779491286212,0.7755312103150346,0.8056997840778164,0.8107037681497535,0.8520431578171496,0.8674201513178424,0.8438399030278486,0.8791184666806671,0.872282887014417,0.8385414278175217,0.8172309916578779,0.8748675270050226,0.8555374661529538,0.8746012931718815,0.8996843742902229,0.8107732854561868,0.8763224171327881,0.888393354343727,0.7963832884716008,0.8248588057926308,0.8636830995878966,0.8546162246798508,0.7795930647901828,0.8816234269005432,0.8318076491304476,0.8410540105192552,0.6515557453774221,0.5725577283428299,-0.8787454353060279,0.43986496561385746,-0.27914574793137364,-0.5386155832870563,-0.1992055133897237,-0.08437656019823497,-0.09992544473794135,-0.26099916311904797,0.19582711301783073,0.1061336606691109,0.44127883370046744,-0.8786409192843846,0.41315191661437906,-0.2467835631889608,-0.6061111073861594,-0.25178632536923107,-0.2156471131077534,-0.29676095701980426,0.015756799016843116,0.14689907279204364
0.8938723963468003,0.8746659720926885,0.8477568996897369,0.8738960552644481,0.9077424734534554,0.7139168436526935,0.8403029524650031,0.9469867373631036,0.8027594951946779,0.8094343981650785,1.0,0.847560771735857,0.8431330705635462,0.9092163436917379,0.8803836401939216,0.8713904207556404,0.8147148896731956,0.5802302105478088,0.5944042214115154,0.6468028082527899,0.7496789789833371,0.7941561464987419,0.6635017868804826,0.6544631273984912,0.8520175180548484,0.8210564613999104,0.8763946082996705,0.8765794769331909,0.8782440747959807,0.8965504364876448,0.8489414361113202,0.7519381583126201,0.893849232173708,0.9278805114796657,0.9063226333105362,0.8207382333469467,0.9111536402430128,0.9155601171786742,0.879344181640297,0.7042185107452572,0.7423004918640287,0.8131609117563794,0.8001273416860197,0.6551677553925168,0.7566564483723749,0.6557189870094056,0.7949911535003252,0.43523469690801975,0.47618263473997435,-0.8977797346190098,0.36959049385132803,-0.3893626966557841,-0.5179832872196674,-0.24370655354269222,-0.0965748782404864,-0.09431501398766431,-0.15958877522033132,0.3361909446960587,0.1932635229156024,0.5902254035360944,-0.8548540277923714,0.3810468866086227,-0.366589101035899,-0.5506982165376617,-0.22888447162240788,-0.1992559206660674,-0.13969743396133896,0.19537702189964898,0.23100287551012866
0.8800022672865442,0.9096565544297123,0.8644687825400545,0.9065375537293354,0.8386901877853801,0.7649164123179591,0.8759932002195098,0.8795213809476587,0.8398341999836577,0.8251333482431288,0.847560771735857,1.0,0.8658721381781521,0.8351045007366642,0.9025442944937068,0.9073772955378873,0.8776361661037615,0.7146626863386629,0.7333188092044207,0.7110661680895646,0.8585556933432352,0.8243564120583515,0.710249499524995,0.6999667954154926,0.9030940447817565,0.8200837118304014,0.907168216411692,0.8801751410275256,0.9072823068983703,0.9305048293390028,0.8905706839299243,0.6999053490111784,0.9233806704032577,0.892879788237947,0.9125909527178399,0.861273205870714,0.8080597887390845,0.8971509576351019,0.8855195743511922,0.7352170579302476,0.723177450783846,0.8413374120410385,0.8210543515503707,0.6738310227841056,0.7960670249232761,0.6534036071050551,0.7952150665696996,0.5384162248988479,0.6685822773607497,-0.9062624283144325,0.5080602116084844,-0.4474281703160891,-0.5536204136262729,-0.3214541503723853,-0.16795135216340698,-0.27288818034502077,-0.2875837769515879,0.13619841661152432,0.053725158664453224,0.5432664876831521,-0.931120108459252,0.5170421259820926,-0.43763155358014805,-0.5677841282644303,-0.3734459918149083,-0.2409466647463446,-0.3468900329333695,0.09028647713633096,0.11026717277429092
0.7973361890307707,0.8626127260317209,0.7690895779286161,0.8244811083178966,0.8379989051449341,0.760004206122724,0.8319146319831444,0.8613973274538608,0.8405197082211552,0.8939219752996606,0.8431330705635462,0.8658721381781521,1.0,0.8305546881089412,0.8384249819978763,0.8459259339313872,0.8159993904118781,0.6094397823689459,0.5926426459961378,0.7166830304593227,0.7936031912919951,0.8254167930580493,0.7380368070065101,0.7439601308367528,0.8364658576025698,0.7942473554841882,0.8610460310619632,0.8113833485548808,0.8430873215564963,0.8625243996836895,0.8619481922598844,0.7932039345680939,0.8655867272390086,0.8606654969467555,0.8659936446936526,0.8647537132568782,0.8280473410293051,0.8686443873005772,0.8615532213866445,0.7469421402425089,0.7301099641410866,0.8080769352968389,0.8168765706346031,0.681197964975029,0.8092078941869522,0.7285222207542144,0.8053539924005075,0.5953874017645063,0.5490509082052696,-0.8601851042766945,0.4640739782130938,-0.33026407448957223,-0.5358887458886015,-0.228036970795468,-0.1394506281629799,-0.06974739671775149,-0.1873378864533724,0.2176664409541969,0.10700096942919674,0.48481660034348134,-0.8572699977953346,0.47078336765297885,-0.29187147347052583,-0.6034127716995596,-0.26096955896751717,-0.254957135162694,-0.21066842524828394,0.07000260341453987,0.14177349225473518
0.8718483903573685,0.8454535969744046,0.829343042827565,0.8177959047703924,0.8820819028775984,0.6990650421397505,0.8017093112889335,0.9197044630914247,0.7631728958781749,0.7752485233712335,0.9092163436917379,0.8351045007366642,0.8305546881089412,1.0,0.8425381693297868,0.8212976676509129,0.7756807846777115,0.5204768822814707,0.5306049218458142,0.6142789775980765,0.7624922095312469,0.7321735743272064,0.6276279326287265,0.6160259782393377,0.7960501084142393,0.7904787337655304,0.8414662352040779,0.842061519557256,0.8360917370182047,0.8517101948821417,0.7879790296812895,0.7054854255717117,0.8621974581485643,0.9094692859379221,0.843615392513551,0.7890020049164431,0.9119884270086813,0.8843530325227866,0.8274920046872241,0.6594985325038402,0.74640125404322,0.7813155119078259,0.7789040986475321,0.6063999914320237,0.724381002364654,0.6414062347019414,0.7535293716460901,0.41125874886726876,0.41175929794834554,-0.8570384957807877,0.35460189674446213,-0.32114025764515597,-0.41635039374922744,-0.17468857468739912,-0.028906230480628552,0.004078073455611859,-0.09350282845640671,0.3826597115423291,0.2164415127852588,0.5375585993816511,-0.8090004095242448,0.3861544419486862,-0.3139541389576691,-0.4905877115238137,-0.14656583350608166,-0.15988726752749244,-0.03438998189142769,0.22258765534059782,0.27027821158855403
0.9155859467420484,0.9369011457576472,0.8910963613807567,0.9292619673894836,0.870575195728233,0.7786660097453681,0.908235513632963,0.9162340328453397,0.8700166901687165,0.84696445584272,0.8803836401939216,0.9025442944937068,0.8384249819978763,0.8425381693297868,1.0,0.9095248156357342,0.8846754460286989,0.7236290461046537,0.7230330717131631,0.7635035265756736,0.7646337003901525,0.8153304340261165,0.7238979957039212,0.6879587862690808,0.8916110346604522,0.8583403141356368,0.9455702841894711,0.9017653026327472,0.9435595983979758,0.9298864794759618,0.8550869851889814,0.739450624214134,0.9424080622762189,0.9424945155266308,0.92265105359279,0.8830973616180456,0.8706139912709665,0.9512864330186431,0.9092000290002501,0.7610739783291456,0.7988060848790667,0.8679665209965234,0.8422142019228643,0.6858064208522036,0.814346445678069,0.6994424435669007,0.8021030273969139,0.5181276457951857,0.6396752992988537,-0.9544390882712558,0.492371582629335,-0.49498001316566853,-0.5298704842855099,-0.31195099609796695,-0.13133513053388488,-0.24114175117476616,-0.3111685795647839,0.243733084928617,0.11699051269228239,0.6001475059783726,-0.9391468403175107,0.4870832261243555,-0.4758280645743589,-0.5543830117550322,-0.33130217537208323,-0.24412215508303262,-0.33061097870753603,0.11522508364914037,0.17414743249661285
0.8779697572940396,0.9400338532502163,0.8551283149000788,0.9237269631387076,0.8610925608724592,0.8004635498052511,0.9162375496531571,0.9111936057166659,0.8704194452310348,0.8735910145269581,0.8713904207556404,0.9073772955378873,0.8459259339313872,0.8212976676509129,0.9095248156357342,1.0,0.9002990805621167,0.7478311712865662,0.7724863126221693,0.8122003782774602,0.8089983222513806,0.8957522585686247,0.7818040380179471,0.7854021297987638,0.8741876538344485,0.8684791436985113,0.9254920487109092,0.8971867716135208,0.9305490153405818,0.9414248441633118,0.8857138932446456,0.7957753685193043,0.9349113549684872,0.9202512550953996,0.9439210732845572,0.9173685133175952,0.8536869923349664,0.9283478582267466,0.9395570823035208,0.8078973723442071,0.8081347966096596,0.8949598055590762,0.8749676319763867,0.725488247849702,0.8267414954880755,0.7004990616557142,0.8635198435932552,0.6024592652531744,0.6622811306746027,-0.9384649895619235,0.49194524438647846,-0.4081834371185895,-0.5937116329810359,-0.2827148790366462,-0.14644649007094757,-0.21190457931857354,-0.29662030973730535,0.1693901175075026,0.06624240091659363,0.5433435746506668,-0.9411825544503412,0.46468460580294557,-0.388280112135219,-0.611916019859648,-0.33643460753280174,-0.24874692182684682,-0.36363662034829897,0.11177355487447038,0.11709867648786479
0.8528368207054656,0.9309094909472433,0.8793649331111837,0.883148821246053,0.8418950034910596,0.8147669137341207,0.9496597239540473,0.8560849745172378,0.8751047486571852,0.8546434871297396,0.8147148896731956,0.8776361661037615,0.8159993904118781,0.7756807846777115,0.8846754460286989,0.9002990805621167,1.0,0.8050477971113967,0.7878782423746404,0.8118951601362498,0.7646745426462526,0.8280803011404618,0.7462063952101303,0.7758783701405825,0.862896320658228,0.9147992389445762,0.8901882921785859,0.877669322344506,0.926945160543312,0.916217213611869,0.8822475244698758,0.7555632659949555,0.9083387484515371,0.8677963448964842,0.8988108401666498,0.8851187494413059,0.7836356778982121,0.8890349377493274,0.8897789450027829,0.7416806863145822,0.8304340512673019,0.9241849841890818,0.8927218587677449,0.7084157991995517,0.80185287194921,0.7198789212422902,0.8405234413889762,0.5671990316593295,0.6911074071997132,-0.8940590926326114,0.5447988506572135,-0.34821458268711025,-0.5070171635103479,-0.21536858632964473,-0.07998123653106265,-0.22713190756209137,-0.2758875195755583,0.16663217638006583,0.06353579039224654,0.4826514292393744,-0.931900965704182,0.4675905249884237,-0.3180109831552405,-0.5817220667866613,-0.31100668290915506,-0.21052188417656706,-0.4139408370288147,0.06405565672837644,0.08347838918716537
0.6934126390654944,0.7893365046544933,0.7493238914790786,0.7571264069999428,0.6186729404007005,0.7286090347931781,0.8148977498022084,0.6446165368111314,0.7717472762032408,0.6876082370786021,0.5802302105478088,0.7146626863386629,0.6094397823689459,0.5204768822814707,0.7236290461046537,0.7478311712865662,0.8050477971113967,1.0,0.8800619050385031,0.7776346705782138,0.5712035919013247,0.7192954385708213,0.7229366204087833,0.6355471409067751,0.6848162625909581,0.7668630133656515,0.7309181958148785,0.7096557009520701,0.7885113439723966,0.7319939679537286,0.7115508756477791,0.5078969766321708,0.7520818845148148,0.6766977106177102,0.7268936009395236,0.730207841999739,0.5865877842486332,0.7011872480883756,0.7595888816557337,0.6435466947954506,0.7001785218338622,0.7803956834124112,0.7438470328831193,0.5595622849685146,0.6454614783117917,0.5637123449412557,0.6361045812065167,0.5384406472557817,0.7138322118631207,-0.7519961780524778,0.5161129668231207,-0.3754167085022458,-0.4760435015126635,-0.21770334876240133,-0.10512626948565633,-0.3598088631065015,-0.39357659108320014,0.021264771903168906,-0.026850690651185893,0.47789840216709495,-0.795740911336883,0.4465536021094028,-0.3301411818155024,-0.5061529066798055,-0.3536780135148281,-0.20710921113884945,-0.5238810380757555,-0.036092683107994794,-0.08105427103335
0.6717283488374343,0.7909246112641145,0.7040943369783558,0.7460712037275956,0.6135774845559535,0.779111529455104,0.7961711893982405,0.6633825065124848,0.7280827426013684,0.6823588758495437,0.5944042214115154,0.7333188092044207,0.5926426459961378,0.5306049218458142,0.7230330717131631,0.7724863126221693,0.7878782423746404,0.8800619050385031,1.0,0.8040953088315949,0.6485033592516218,0.7259714520837696,0.7425286675705512,0.6297806176026197,0.680733664222026,0.7319278395663034,0.7240053437283235,0.6872869380605966,0.7742385034726058,0.7494964710841855,0.7091949841239322,0.513423010979551,0.7551829295131275,0.6803729651003733,0.7416726811692919,0.7225231754687937,0.5784981065333774,0.7076937073798522,0.7652522615094692,0.6550636147154931,0.6774489742053451,0.8066266185164901,0.7567582470529484,0.6172974511003242,0.6208534119160369,0.605500009717797,0.6435689063385984,0.5445764813516855,0.6680024538298712,-0.7411123011655001,0.46449720976640785,-0.3195247214302002,-0.48269167879272296,-0.20200116548435182,-0.12536144949077788,-0.3965668867674583,-0.3864818011162513,0.006368649519396636,-0.08730298938372945,0.3740948358224647,-0.8016391913566807,0.3991854578545089,-0.3154735967676533,-0.47892492553731686,-0.3619832915817073,-0.19281469875192597,-0.5262577044671256,-0.035682247922564914,-0.09766358982165606
0.6654732651501268,0.8341125680915321,0.670064317384474,0.7596100028409065,0.6787869604691259,0.8468471249014408,0.8440721387066079,0.7321287774509257,0.7746313207821797,0.8239594267402481,0.6468028082527899,0.7110661680895646,0.7166830304593227,0.6142789775980765,0.7635035265756736,0.8122003782774602,0.8118951601362498,0.7776346705782138,0.8040953088315949,1.0,0.6652167069959648,0.8105799900868865,0.8330305521626802,0.7939498702199996,0.6525262181617141,0.7995414779170626,0.7768289831105639,0.7169607231632471,0.8068060154521196,0.7686002410615573,0.7384778452824448,0.7421371529695279,0.7919002171811722,0.7574777608903834,0.7785143308561422,0.8406036282349953,0.6970891597705244,0.7857254057224686,0.8333927027937171,0.8005362427452465,0.8183341303785849,0.8453435930225625,0.8602825467763616,0.7501507724541931,0.7526655637433134,0.729032501432503,0.7373540391634114,0.6950270715057417,0.5942864442412066,-0.7919758913595684,0.4594873985179008,-0.23734435642107676,-0.46669813761814666,-0.12308808106683154,-0.04597608731980924,-0.13910404833322315,-0.3050934394608863,0.11914435431383241,0.0009746240183534957,0.2901715222610725,-0.816562062736272,0.40132155705827294,-0.1685199077965268,-0.5510285326673126,-0.23943696200296277,-0.15595142327452796,-0.4091965485919269,0.011268548416307138,0.017481866350892588
0.7612743503107123,0.7910010107487963,0.7353298317319732,0.7936770249912928,0.7534475565436337,0.7556291434900608,0.7671783123094019,0.7836965718060772,0.7240802097029042,0.7518235350143831,0.7496789789833371,0.8585556933432352,0.7936031912919951,0.7624922095312469,0.7646337003901525,0.8089983222513806,0.7646745426462526,0.5712035919013247,0.6485033592516218,0.6652167069959648,1.0,0.7891443285019686,0.6568446202682096,0.6678419848809733,0.7491565664316879,0.7144801348778199,0.7657439191029453,0.7647621851956163,0.7732597387249187,0.8130119669993356,0.8004842223212361,0.6657383578668913,0.7894814184424117,0.7723385090324177,0.7885136261295929,0.7836616335662279,0.7100031465277183,0.7771964979929612,0.7811314026001017,0.6804761740403171,0.6519200100630202,0.7634703290175546,0.7465930187075717,0.6134985699915804,0.7145676578457808,0.6261197316610813,0.7096038545490713,0.5358497811517339,0.5439385630585852,-0.7832049748265576,0.4260360463792191,-0.2308251771707177,-0.44123671453401647,-0.2137305512931963,-0.08856675386790183,-0.16477145838069462,-0.2616992287486889,0.10722054102857409,0.03825123822451989,0.3783687129581307,-0.8027473876863204,0.45385516354573197,-0.2413817420319842,-0.5102605048841249,-0.2592259975156983,-0.1904876526056089,-0.2832969074897199,0.07995465842974782,0.06558423677633468
0.7709184590142344,0.8490787634155955,0.7255233838275427,0.83155487752207,0.7941188391596435,0.7273412797598385,0.8318175845356446,0.8235871920800036,0.8015534623492248,0.8358779491286212,0.7941561464987419,0.8243564120583515,0.8254167930580493,0.7321735743272064,0.8153304340261165,0.8957522585686247,0.8280803011404618,0.7192954385708213,0.7259714520837696,0.8105799900868865,0.7891443285019686,1.0,0.8366208646777791,0.8194073476478485,0.7951457785472744,0.7694700834448492,0.8525878840135773,0.8014310390315856,0.8312167866493867,0.8666687973073568,0.8811655020597386,0.8415391138183788,0.8342102897608431,0.8283357800677845,0.8755800643025242,0.8892988589133916,0.7737241206357125,0.8532594557583413,0.9078782608354676,0.8413718194225999,0.7312631302625442,0.8247871443193918,0.817343237403486,0.6478124351169052,0.758308346214462,0.6400920091433067,0.8391944247193193,0.7312045079433558,0.5912639499735359,-0.8639567799854847,0.4802786191775478,-0.33395022271964464,-0.5870557576776432,-0.2774660217714395,-0.1491357967843029,-0.14197585722670494,-0.2813071767113427,0.110306644767265,0.02315617301194816,0.4884810998799552,-0.8558711183402536,0.44881303738762196,-0.30164683788095953,-0.621730225712481,-0.31831924021866753,-0.2416845895936111,-0.3369892843635106,0.03240689200317418,0.04689518446220355
0.6137174334916639,0.7901040688279113,0.5806473742595324,0.6927288810389411,0.6534955228207183,0.7011271983623246,0.747361363614979,0.7197894371523531,0.7345145990631504,0.7755312103150346,0.6635017868804826,0.710249499524995,0.7380368070065101,0.6276279326287265,0.7238979957039212,0.7818040380179471,0.7462063952101303,0.7229366204087833,0.7425286675705512,0.8330305521626802,0.6568446202682096,0.8366208646777791,1.0,0.7813864113045411,0.6974107841523168,0.7048071130280578,0.7555840731333718,0.6583297723609635,0.7494289818302088,0.7555797597417915,0.7685532905839173,0.7251810929680055,0.7607187933230569,0.743695392661171,0.775271610727123,0.8469437735281025,0.6978618925474497,0.7767813011721776,0.8487493286471838,0.8695506643790882,0.6929450999207231,0.810153879877667,0.8044021597027824,0.6708397822363934,0.6907400429446546,0.6738938601948847,0.7589587491585303,0.826910302548825,0.5260008279341668,-0.7734432103483699,0.44666262475051055,-0.27905772498403875,-0.5433275534402611,-0.15317586156507354,-0.05988207694780697,-0.07746588587513058,-0.24477357635711194,0.13573912096256827,0.029260016273535916,0.2824883932840407,-0.784754683032014,0.4326631338631884,-0.2331850939859538,-0.6063909655497672,-0.23392341124539576,-0.2378931748729229,-0.3389264408566763,0.007828121282408984,-0.04134521023154626
0.6226734933110123,0.771992725214928,0.604199900261199,0.7177711109411372,0.6562786852189284,0.6857013783481566,0.7871407357489103,0.7123662197220845,0.7409353109254405,0.8056997840778164,0.6544631273984912,0.6999667954154926,0.7439601308367528,0.6160259782393377,0.6879587862690808,0.7854021297987638,0.7758783701405825,0.6355471409067751,0.6297806176026197,0.7939498702199996,0.6678419848809733,0.8194073476478485,0.7813864113045411,1.0,0.6663171857721524,0.744951273359169,0.7199664038167032,0.7079127502295437,0.7389188373362328,0.7544856849761614,0.7446965321800804,0.8674273524134494,0.7383469506320365,0.7114816272327905,0.751619958029618,0.8537160960188868,0.6772379893930567,0.7430757124108792,0.8073450218238973,0.826825637139524,0.7670981148018402,0.7853772237737437,0.7682803213578623,0.7224669268738679,0.7553461296285933,0.6962225133052464,0.7913656741127908,0.7920094134743623,0.5295907317765491,-0.7319914790858515,0.4222442687185974,-0.18910274346133327,-0.5199872426195224,-0.06563605925486224,-0.07557498404605247,-0.07140086230948763,-0.12645667429934793,0.11645685538819882,0.07683076592087815,0.2896416227131027,-0.7533214853966741,0.36907065971831987,-0.12712245727541788,-0.5455700546720069,-0.16969244108408266,-0.14511480509611177,-0.2949238405049778,0.04192112986090185,0.06367188240195133
0.884755747436652,0.8893503898451655,0.8494176343517501,0.8786439888023599,0.8494828727655176,0.687995070651201,0.8472610213300686,0.857112706234739,0.8374093871432925,0.8107037681497535,0.8520175180548484,0.9030940447817565,0.8364658576025698,0.7960501084142393,0.8916110346604522,0.8741876538344485,0.862896320658228,0.6848162625909581,0.680733664222026,0.6525262181617141,0.7491565664316879,0.7951457785472744,0.6974107841523168,0.6663171857721524,1.0,0.797156077369004,0.8865115261190805,0.8783219996271878,0.899859288793505,0.9230103448122354,0.8814165878426875,0.6866102134108065,0.9038429233445433,0.8701190411811075,0.9010031265052206,0.844805669915618,0.7971271153694396,0.8938550286371078,0.8606148537804585,0.7100710880127624,0.6926424805435409,0.8215816551768218,0.7939713929533527,0.6290916370584542,0.7676962009480662,0.6036150491820649,0.8166651968538134,0.524000182537338,0.614011928399636,-0.892973537117864,0.4663284437650937,-0.481099934226569,-0.545207493806628,-0.32875841068545225,-0.19987448937004249,-0.2545012268136407,-0.28284888015957177,0.14331322047004127,0.10540860257730734,0.5647921647862522,-0.907163802227786,0.4939229225432636,-0.4746624341726213,-0.5461566191564274,-0.3644519319063579,-0.27670782190086346,-0.3177326325351733,0.09409600147124106,0.11850130787405308
0.8458028812929995,0.9142061846221917,0.8665528877860673,0.8606455714758138,0.8445957264050798,0.8442957130693158,0.9351887159735676,0.8626865752071062,0.8602529176714968,0.8520431578171496,0.8210564613999104,0.8200837118304014,0.7942473554841882,0.7904787337655304,0.8583403141356368,0.8684791436985113,0.9147992389445762,0.7668630133656515,0.7319278395663034,0.7995414779170626,0.7144801348778199,0.7694700834448492,0.7048071130280578,0.744951273359169,0.797156077369004,1.0,0.8727945544471725,0.861670774408285,0.9086858353387556,0.8688920951184591,0.8085176727410069,0.7433382517793596,0.8914452097466341,0.866807652414743,0.8672017045081415,0.8550719523752651,0.8185909103415163,0.870932114957108,0.868695573866151,0.7122392650492348,0.890316570159389,0.9157095170526061,0.9006045423602269,0.7057018680456874,0.7866753441088769,0.7475534107425926,0.7888452955080606,0.4972099770693142,0.6010775656219768,-0.8848527334773942,0.46207886584760194,-0.35375314703016764,-0.4816394931054947,-0.15752283645724902,-0.054518591049457374,-0.13658355498335925,-0.2653705548876771,0.267192821943901,0.13621431854487953,0.5062515358012387,-0.8863842990182799,0.4208532714582842,-0.30480915793147517,-0.5457552152393765,-0.21745940553228416,-0.16672182931885843,-0.33676966838488603,0.09121699314455056,0.17876980812498458
0.8980924283351259,0.9423935411435518,0.8794190598555066,0.917045495111119,0.8773821356339827,0.7811597717511112,0.9084716837560942,0.9119568674615238,0.8724479767446102,0.8674201513178424,0.8763946082996705,0.907168216411692,0.8610460310619632,0.8414662352040779,0.9455702841894711,0.9254920487109092,0.8901882921785859,0.7309181958148785,0.7240053437283235,0.7768289831105639,0.7657439191029453,0.8525878840135773,0.7555840731333718,0.7199664038167032,0.8865115261190805,0.8727945544471725,1.0,0.8968246142205835,0.9395718326545371,0.9380092215830784,0.8779746606149303,0.7765863513483234,0.9441546290775943,0.9350769753021034,0.9399371454790235,0.9176900534232918,0.8621205715690834,0.9419271420040077,0.9278708736561869,0.7800222702377664,0.8072633147494741,0.8880334393542165,0.8635800520352978,0.6694528825356137,0.814137096346947,0.6884273022016046,0.8436060135851923,0.5646283820181367,0.6649003675012201,-0.9621129196674356,0.5153639284137985,-0.5201316336646461,-0.5930493677424655,-0.3466337714321449,-0.14047737771659277,-0.19407975054802395,-0.3339473841750206,0.2108069660069879,0.07363690457024233,0.6219756016608875,-0.9486753094371215,0.4945444614909451,-0.4802511596273297,-0.6073804031197575,-0.36714383738393624,-0.2718791450143878,-0.3725252091402373,0.07044529344224845,0.14483464012482392
0.9378422147232333,0.9210068802892244,0.9230415316544716,0.9292409257528078,0.8674096290641888,0.7509876633878233,0.9060056409468429,0.8992752691555822,0.88381532356491,0.8438399030278486,0.8765794769331909,0.8801751410275256,0.8113833485548808,0.842061519557256,0.9017653026327472,0.8971867716135208,0.877669322344506,0.7096557009520701,0.6872869380605966,0.7169607231632471,0.7647621851956163,0.8014310390315856,0.6583297723609635,0.7079127502295437,0.8783219996271878,0.861670774408285,0.8968246142205835,1.0,0.9313069527790171,0.9286990734957483,0.8638950981806972,0.7339030316266894,0.9178441729692911,0.9034758246899314,0.9027714457994154,0.8611209227157789,0.856280879217621,0.9050068917032367,0.8792001292336522,0.7223540013233971,0.8276499515537906,0.8506205795392787,0.8132380524440415,0.6531769243067225,0.8208735736620556,0.6834109641640425,0.82559216588325,0.478682237735063,0.5972908685122811,-0.9186234089653998,0.42833651878877527,-0.3908534002390531,-0.477507927509673,-0.2396728483354528,-0.1230848078957912,-0.20775786955274986,-0.26184989394096736,0.22556747524893292,0.17858583083552562,0.6034475186809944,-0.8999350536813252,0.4493335068102122,-0.3631253837224699,-0.5013576239582818,-0.24723874976794435,-0.21298764136518186,-0.2757939538391655,0.11734506452339415,0.23829556969287538
0.9209828346985514,0.9635081867158767,0.9206499740888519,0.9370218510409023,0.8834635829911901,0.8278985547193133,0.9465629409766171,0.9166138066420607,0.9034874573361296,0.8791184666806671,0.8782440747959807,0.9072823068983703,0.8430873215564963,0.8360917370182047,0.9435595983979758,0.9305490153405818,0.926945160543312,0.7885113439723966,0.7742385034726058,0.8068060154521196,0.7732597387249187,0.8312167866493867,0.7494289818302088,0.7389188373362328,0.899859288793505,0.9086858353387556,0.9395718326545371,0.9313069527790171,1.0,0.946893131703555,0.884731712990208,0.7533953980724266,0.9566504499581572,0.931038339575389,0.9374293451781914,0.9074616645381347,0.864312115816332,0.9420429102505441,0.9250882489815618,0.7701359310942585,0.8508812074601416,0.915512824008755,0.8843080232147165,0.7287234598943738,0.8389158633337738,0.7270637228113377,0.838374823017722,0.5472076930487411,0.6691502192689104,-0.9531265350483741,0.4925678275622985,-0.43359114341144644,-0.5272767467369122,-0.2630024879375765,-0.1062288525093915,-0.23039269404095294,-0.31246820713118034,0.2177517105188069,0.1238312890650792,0.5667229540298027,-0.9561811197503617,0.4702690967054955,-0.40107479593445233,-0.5623619714120198,-0.3127898567823451,-0.2322206342718579,-0.36632361309337835,0.11439829560494255,0.16390449567335566
0.9041279490518236,0.9506487773205013,0.8923175253199308,0.927920361434425,0.8766703312789852,0.7766837462443843,0.9160469158258542,0.9230952452270399,0.8818183336042059,0.872282887014417,0.8965504364876448,0.9305048293390028,0.8625243996836895,0.8517101948821417,0.9298864794759618,0.9414248441633118,0.916217213611869,0.7319939679537286,0.7494964710841855,0.7686002410615573,0.8130119669993356,0.8666687973073568,0.7555797597417915,0.7544856849761614,0.9230103448122354,0.8688920951184591,0.9380092215830784,0.9286990734957483,0.946893131703555,1.0,0.9284093651948392,0.7794352978001716,0.9502992799486933,0.9337371277686997,0.9531328670993202,0.9120459007126104,0.858684234395033,0.9426068650133804,0.927699900920082,0.7844918269691049,0.7996821900489299,0.8964897857675017,0.8730799915178437,0.7163958270659785,0.8313015061986477,0.7020155201287355,0.8642261345616443,0.575101030916352,0.6600250389736328,-0.9447988127463826,0.4789847287744616,-0.42704343433753866,-0.5711805372704004,-0.2996092765745985,-0.14316916785723216,-0.21786209026938927,-0.2712507787081472,0.1674664640153045,0.10190257316144899,0.5604573658863484,-0.9547127930456872,0.46271916244631744,-0.41401025601979563,-0.5946858797314845,-0.35006267037805955,-0.2458428638593493,-0.34482611066062624,0.1114146902385695,0.13932745359812232
