0,1,2,3,4,5,6,7,8,9,10,11,12,13,14,15,16,17,18,19,20,21,22,23,24,25,26,27,28,29,30,31,32,33,34,35,36,37,38,39,40,41,42,43,44,45,46,47,48,49,50,51,52,53,54,55,56,57,58,59,60,61,62,63,64,65,66,67,68
1.0,0.931863256976983,0.9111023476202144,0.9502900533658384,0.8526011342252329,0.8998854065899732,0.8426577423833115,0.8962605034268843,0.8533864061501926,0.7414553350342076,0.838037630955859,0.6377695546091939,0.6939021853877722,0.8231556401552326,0.8773019583878858,0.8543562370767507,0.6507936180431151,0.6089035245806361,0.6508586386565935,0.7974946891605227,0.8346581999145554,0.7116612074386779,0.642193326246096,0.7416268014225357,0.9043995145272018,0.7945714944813982,0.9283368736227221,0.957785740931232,0.9433977054101021,0.9327288277073089,0.8273054355202203,0.264616207257866,0.9404403466335269,0.9239782044464757,0.8993984188526266,0.8518635622973906,0.907117693025784,0.9226538036780527,0.8589055335070562,0.688915521766635,0.8779966102444177,0.8588077583678142,0.8147601597301452,0.6482593544643355,0.7828868482227133,0.21337282687494538,0.8172845276633928,0.6088150815468181,0.7780219266070802,-0.9427995642386036,0.28452195966585053,-0.30089911110808076,-0.4127020814124282,-0.4281076287012443,-0.07582394721712596,-0.20282468829446412,-0.572972259858449,-0.05157171018493575,0.5039135446969523,0.7461431148029822,-0.9488467555682062,0.4240281034126371,-0.21562707635902625,-0.4301740960197014,-0.4520255133915482,-0.07248509794196163,-0.4867312277496327,-0.13842152005390457,0.49533746665489364
0.931863256976983,1.0,0.9082241535515861,0.9337008232423907,0.8506925819174455,0.8892926859048179,0.9033194399104353,0.9334949073190315,0.89039695759558,0.842296581502694,0.899286903509814,0.5972707071049059,0.7319924181864067,0.8108170449903729,0.8868326583682349,0.887258330080595,0.7689816509854741,0.6983182195717036,0.7148280877122035,0.8205849669501842,0.8461235360078009,0.7459758312197086,0.7288425116914049,0.7690718896791067,0.9407464460152414,0.8645816152439552,0.9397302457198653,0.9425675842039626,0.9698868380196302,0.9465265725178673,0.8942306977387527,0.3257682911935336,0.9635290908407849,0.9444143083162424,0.9413853431479814,0.9192393775459647,0.930769921249133,0.9513254718379618,0.9258367797358291,0.7508233674889238,0.9072414768151345,0.9432386378609798,0.9030084551151346,0.720984851453927,0.8187845801613416,0.3027547261334383,0.813360569996302,0.6523523638461857,0.7938176395886302,-0.9699114749693596,0.22770820048988744,-0.34648701282877786,-0.4962756089280735,-0.4328353266538569,-0.09663087025994517,-0.19364501337982146,-0.5103314128167351,0.01947877386903893,0.5581614300661509,0.7812034854697224,-0.9664791968088519,0.37695621271024904,-0.23959224227315493,-0.49356884629248743,-0.43109805775629884,-0.10530655149196332,-0.41481687774141507,-0.03707312625324543,0.5456227117921424
0.9111023476202144,0.9082241535515861,1.0,0.9395183853571971,0.8845450527087549,0.8836455200571967,0.9058460953983597,0.822922639764335,0.7832687034287157,0.6846468574798936,0.7794992661414336,0.4434070047504013,0.60457769759486,0.6687163736170881,0.8074561181303437,0.8455979730013732,0.7501880052819706,0.8099520813397673,0.7379824416468751,0.8121743727503105,0.7463314002308912,0.6540040708952134,0.6960280611283036,0.704858796797656,0.9168803052662285,0.8978793886899756,0.8451338249029079,0.923486648337587,0.9404037905474287,0.8632531964956885,0.843245383073095,0.12264363689651973,0.8814291835080139,0.8411958110946924,0.8797292119097226,0.8703478035722554,0.8293685024899415,0.8511963845866551,0.8873376386553937,0.7744898539623468,0.8495975980049827,0.8539864327279268,0.8333308924035864,0.585933427821841,0.7097295731092395,0.07029487415180194,0.7680949564935097,0.6550605337036701,0.7413373574227179,-0.9226368992363442,0.14257670547525558,-0.4349853629024581,-0.5448515030042114,-0.5193101456083565,-0.13488196797955337,-0.3641658849739283,-0.5875721026928225,-0.10005142068217214,0.5701884364189095,0.85557463320429,-0.9129459979950104,0.31382800315122356,-0.2848216763103566,-0.5437370473126377,-0.5077745700341681,-0.1024539926109292,-0.5244741178188221,-0.13488410923144706,0.541948797099337
0.9502900533658384,0.9337008232423907,0.9395183853571971,1.0,0.882324158353392,0.9167454508554359,0.8708390752952541,0.8874018842759536,0.8547199471623657,0.7447143740201347,0.8313396261376294,0.5723327978824924,0.7111764073785973,0.7827645288340769,0.8568840382558661,0.8986068218389067,0.6748206354049135,0.681743293994943,0.6957642357726009,0.8464301293860423,0.8337981170794637,0.7412298529783212,0.682381876160528,0.7429970944065077,0.9121686063354482,0.851487943546272,0.9119103146184501,0.9418876516746368,0.9500135746593125,0.9158504530038242,0.8574596306020157,0.20513988762782187,0.9315649817678618,0.9080451988760991,0.9116190028086996,0.871781663831211,0.8947996115907415,0.9176451614380366,0.8863438004186833,0.7404864903084962,0.8878940926213922,0.8683003392221031,0.82596545136266,0.6379181961369186,0.7682985024434417,0.1819544363994545,0.800128466571346,0.6298616602276194,0.7701726783220453,-0.9512667438950122,0.22895817960102444,-0.33131640767170645,-0.4847972458803939,-0.4684957026744133,-0.07447847084124866,-0.24173726669358517,-0.5643000149751461,-0.06274997281993532,0.513020157202492,0.7711936500771884,-0.9471114398297764,0.37419864404096753,-0.22740717830731513,-0.4844705567197986,-0.4669929310903902,-0.10074829142833595,-0.48998985299331177,-0.12527078266165412,0.49705019149928154
0.8526011342252329,0.8506925819174455,0.8845450527087549,0.882324158353392,1.0,0.8701706170322663,0.822633069160589,0.8022727473654806,0.7646805462710661,0.6993267808434861,0.763208690946507,0.5100447521411835,0.6664609837555296,0.6635622731858278,0.7320872280620003,0.8001190809156892,0.643346366023401,0.6692648913056245,0.6383345736530384,0.8138590530147957,0.7518364475571214,0.619869221812287,0.6179277513262662,0.6787704893440191,0.8304071617179387,0.7931902807910174,0.7918675561113059,0.8436413430452391,0.8597204108709237,0.7926191633201684,0.7303331327833715,0.13093461302715445,0.8346655667564241,0.7951958011815546,0.807827630881437,0.7857863507619244,0.7684821139114415,0.8071276735878865,0.8420600649236598,0.7097265627681077,0.7812183098961877,0.8092605298478959,0.7817984111439777,0.5324357579274959,0.7117055523344658,0.08838139983296903,0.724746764168381,0.5643861758968879,0.6625979696679365,-0.8410054555588226,0.11548807025409796,-0.3376114683868539,-0.44731265816684557,-0.4021738891385127,-0.05791557975019596,-0.23504345781703775,-0.48848894374256546,0.02304222127354617,0.5231960233867101,0.7647111238351234,-0.8330059182300886,0.28186856569916696,-0.23110842414428648,-0.4465039977610927,-0.40171616776263525,-0.08258164337450594,-0.4097478489160243,-0.06534383667417039,0.5098416432866555
0.8998854065899732,0.8892926859048179,0.8836455200571967,0.9167454508554359,0.8701706170322663,1.0,0.8185006612187185,0.8372657315488337,0.8138037636794825,0.6949439169005073,0.7729840366657074,0.5687795429652867,0.7148920356418196,0.7423883459231055,0.8175306437733219,0.8570826269659058,0.5716438414085465,0.6303956105898461,0.7707612803901269,0.8679949747272336,0.80310457460858,0.6980653910211841,0.6919967529082253,0.6817673693319859,0.8244451933119622,0.8068815648906295,0.8557422654277317,0.8973384467798762,0.8908681454291487,0.8416430327089641,0.753667352720438,0.13265780796856827,0.8964129789553583,0.8562977636711564,0.8569492998901697,0.7892465196815327,0.8485189192010573,0.8659551047970878,0.8618270719028271,0.6848244006722217,0.8851899221229337,0.8287711567129862,0.761505721264657,0.6127279000899345,0.7192716000009349,0.14619637918223752,0.743472886327208,0.5787196877126185,0.7083852731611535,-0.8844108577082529,0.22744121733237493,-0.281260687775221,-0.46393381072042345,-0.3904735063516949,-0.056405316156830955,-0.16801887199640275,-0.5621480009068286,0.0052539584411124465,0.4823099678880086,0.7214528387628535,-0.8929509558209856,0.38833555100331896,-0.20570574201068856,-0.44527578385296035,-0.42449167240713953,-0.05883242465321411,-0.46097605387082435,-0.090414676595175,0.47929223012061295
0.8426577423833115,0.9033194399104353,0.9058460953983597,0.8708390752952541,0.822633069160589,0.8185006612187185,1.0,0.7968906891717104,0.7863809137717775,0.764255494997854,0.7958635935867518,0.3995513181161188,0.5881014948535987,0.6546581657215347,0.7733478349470925,0.7923128078142407,0.8885657887471713,0.8042484481467124,0.7283775876199342,0.7421717350653197,0.6927996048556353,0.646702741843663,0.670360726230176,0.6878952388613866,0.882464589832225,0.9382326891048952,0.8208428002341057,0.8725609464019035,0.9204272748653402,0.840719890174997,0.8363545379535976,0.2507603574066767,0.8530605701205697,0.8155144340851131,0.836969133414779,0.8590655431901606,0.8017780010074251,0.834666510365758,0.8743875377939774,0.7089339976504055,0.8365205868576544,0.8909686956183142,0.8933467230009161,0.614956720364049,0.7399807280593184,0.22587135815675777,0.7207072905956629,0.5770495280490651,0.7276304502706513,-0.8863435833939851,0.11869585501674264,-0.4390408922273241,-0.5209998427652343,-0.4452906206888646,-0.1510111633746685,-0.34897112723305657,-0.5232991301276501,-0.0567786854576727,0.5201144083961262,0.7764017218800835,-0.8839382201161708,0.25843862111520716,-0.2833730339108305,-0.5244202817653759,-0.42908845607086055,-0.11560120738851686,-0.447637870706644,-0.09417026611271455,0.511222332904385
0.8962605034268843,0.9334949073190315,0.822922639764335,0.8874018842759536,0.8022727473654806,0.8372657315488337,0.7968906891717104,1.0,0.8962726029176602,0.8661760576293389,0.9203151976273453,0.7058026339149867,0.7875880349446773,0.8744011347388542,0.8677568518394266,0.84896880800163,0.6460070579955497,0.5564655494393126,0.5905168138520164,0.7771632065317183,0.8543966141609227,0.7500032791982438,0.6756420978027425,0.7436637156385434,0.8921990490627302,0.7492635176947856,0.9353780663171452,0.895594019724741,0.905462932338147,0.9265448924666259,0.8341036091306843,0.38574488673127666,0.953520726109714,0.9568925635063643,0.9263407479971574,0.8704496590656303,0.9317525160487552,0.9510942203802981,0.8718851866881671,0.6699335249824431,0.8571239663813595,0.8735853941119239,0.8361759158692038,0.7611795804937579,0.7991036760323147,0.34174928441785507,0.7838118875146273,0.5887180426891621,0.757079333025744,-0.933115014577625,0.2497114661578826,-0.30164050179998886,-0.44702936906619173,-0.376505597304798,-0.07097445010153179,-0.055375594246053296,-0.39876859039819873,0.09456226279491708,0.504841635243208,0.6871692717753094,-0.9333150820158393,0.36847161484077545,-0.26472665501564313,-0.44857521576448556,-0.39660379996467265,-0.1258035822648081,-0.28819397517511997,0.0305811680840124,0.5168628264171051
0.8533864061501926,0.89039695759558,0.7832687034287157,0.8547199471623657,0.7646805462710661,0.8138037636794825,0.7863809137717775,0.8962726029176602,1.0,0.8471135165050687,0.8532741015050233,0.6556154375598068,0.7418705633982199,0.8466960940726913,0.7961739260490048,0.79912913549471,0.6401469036703407,0.5145834040725997,0.5674093869912212,0.7662308910153214,0.8236133651337848,0.7142896739104345,0.6120744845503817,0.6995424019393557,0.8290828724284451,0.7426709016946682,0.8894940905932256,0.8515905839829039,0.8610727185849686,0.8772581679836063,0.7982187437898967,0.3442897422805138,0.8958211667360888,0.8969411235262608,0.8429561161447052,0.8194483025474337,0.8684765319104265,0.901446866248786,0.8073582454801185,0.6233219827561997,0.8310277101285445,0.8465249861556701,0.8133687455800052,0.6439536731507407,0.7697496098319481,0.3561149195113537,0.7355039354694781,0.5429647026465894,0.7031710575981311,-0.8770738591703202,0.23978933744665645,-0.2593015300496087,-0.3898907482292798,-0.31817749515403404,-0.03920225925520333,-0.09263500002826267,-0.4125897358526787,0.041439580160392564,0.475952663242398,0.617678471227677,-0.88171824119861,0.3555939747474193,-0.2311994530279063,-0.37944750863489957,-0.3268016312465162,-0.07181235374317514,-0.3125430395523923,-0.0382029227805825,0.4460435530696614
0.7414553350342076,0.842296581502694,0.6846468574798936,0.7447143740201347,0.6993267808434861,0.6949439169005073,0.764255494997854,0.8661760576293389,0.8471135165050687,1.0,0.8809940954686506,0.6089424149160069,0.7932162216601029,0.7706056893751133,0.7256372404435051,0.7098864255829019,0.7183740920759726,0.5023901644979956,0.5009177571271356,0.7065593404740317,0.8082487015469547,0.6955983400612611,0.5866244790627073,0.6545335841582812,0.7709448640149298,0.7059341033801553,0.8106387021996379,0.7564421530565023,0.7979183577955923,0.8161179940378827,0.7817806459250483,0.48545413135303006,0.8307091526862447,0.8429659653606657,0.8067750788575007,0.8007920564175878,0.8035610982229471,0.8444446592196897,0.7991203421855546,0.5536115753641673,0.7665152311549581,0.8378817111281555,0.8616388899867846,0.7493159232065396,0.7577010039664216,0.48522277989355106,0.6494354551605067,0.45299060524692925,0.6645698291358678,-0.8078541183573354,0.16689438720538005,-0.29467513368113485,-0.3962435720674301,-0.2621250012048863,-0.05506668876347675,-0.031492547702770775,-0.2758566561155919,0.12101497995904771,0.44277009413046353,0.5670254510926015,-0.8145134485766432,0.24536386322733444,-0.2753979957997208,-0.3764509402161988,-0.278490382078479,-0.12391953696345076,-0.17273918857324172,0.03174650771737884,0.4945453180305993
0.838037630955859,0.899286903509814,0.7794992661414336,0.8313396261376294,0.763208690946507,0.7729840366657074,0.7958635935867518,0.9203151976273453,0.8532741015050233,0.8809940954686506,1.0,0.6440038579431334,0.7772762304601256,0.8125006023257654,0.8010593411391045,0.8035800937706581,0.6980238496339606,0.5504585829347447,0.5735808577773339,0.7122984847131123,0.812766696329274,0.7189047632022576,0.6763654875907296,0.704017819118313,0.8670243583655036,0.7289234055763271,0.8863016898450008,0.852020212025402,0.8725446258672235,0.8970002973107756,0.8264217243822308,0.3931301725455332,0.8979427428648519,0.89989485392446,0.8941581351639116,0.8529262994746224,0.8700001972899424,0.9098502628748358,0.8650823092175666,0.6597575324335061,0.8074564232034737,0.8629163981535227,0.8604903361828093,0.7245510315475894,0.7750884918981449,0.33926850954988835,0.7474158154522641,0.5571284927950806,0.740126201804889,-0.8860675023456299,0.25923938182699513,-0.3143680654798409,-0.422874301269168,-0.3541542866189962,-0.08916039452735018,-0.07948827124706874,-0.3176748808752288,0.08357371719127867,0.48699676023993826,0.6459427384695259,-0.8915643442815289,0.35911105590692716,-0.2723549134431399,-0.45023626808090184,-0.3849759442879458,-0.1164397984895383,-0.2400918464894085,0.03225791215955943,0.4988370237212523
0.6377695546091939,0.5972707071049059,0.4434070047504013,0.5723327978824924,0.5100447521411835,0.5687795429652867,0.3995513181161188,0.7058026339149867,0.6556154375598068,0.6089424149160069,0.6440038579431334,1.0,0.7271186430942528,0.796771747029707,0.6223555580977326,0.5651069663182964,0.22792175694332392,0.05271541590610496,0.21788206578936556,0.5133282177837097,0.7361965224765307,0.5287160896030226,0.2970218161641611,0.45590338318925894,0.4979417449691076,0.3027791757552448,0.6916399663182071,0.58298120184953,0.5320892865560832,0.6947594277439012,0.4583161573544894,0.3446420835069605,0.6711437684037257,0.7010845345522357,0.6081694916108721,0.49802703921275776,0.6598634515033248,0.6887451906965879,0.5043862242465821,0.2756503660416716,0.5151165264756827,0.49081200915205603,0.4614924268765647,0.4965033672401644,0.5638622006679832,0.28078676472683933,0.5680019361188775,0.24409317873883168,0.534341389825799,-0.5790728766244518,0.3800461260485278,0.0756772971896588,-0.09109207520315295,-0.14061286722279837,0.09083191673903761,0.2996098100511487,-0.21609771327304098,0.08452056913553045,0.14390678133398757,0.25283404483182015,-0.6401700755156035,0.4122669594156659,-0.006143365720711862,-0.09746319110129965,-0.2598864765943486,-0.03005679156967534,-0.13333033298167504,-0.03026243818092922,0.18991970527398883
0.6939021853877722,0.7319924181864067,0.60457769759486,0.7111764073785973,0.6664609837555296,0.7148920356418196,0.5881014948535987,0.7875880349446773,0.7418705633982199,0.7932162216601029,0.7772762304601256,0.7271186430942528,1.0,0.7596333664265398,0.7094420993986682,0.6987369610739432,0.41209760316710564,0.33319738851755065,0.4883088429930469,0.7607056699786499,0.8527554528076872,0.7523363314955811,0.5936509465421692,0.5316775229870787,0.6350075181898853,0.5184245376317592,0.7497263305472597,0.6615122901126198,0.6900121752693008,0.7356436516147296,0.6385095567828339,0.3006940870855105,0.757376424106754,0.7783968083905015,0.7521320895953081,0.6609017589097808,0.7682955184914859,0.8013545251006429,0.7527761930940496,0.4593237216149622,0.6727676861425843,0.65793628053738,0.6644149587877829,0.6671617847500764,0.6235718884108016,0.3029891354785132,0.5894309539171338,0.3659792786361583,0.6503664812635417,-0.7189451420415185,0.2998677515638377,-0.16204695721147827,-0.33624786650818855,-0.2774418278420813,-0.004686784285177258,0.1410430620646232,-0.30033866712421237,0.09508963759403982,0.2958671557814352,0.4729951511860848,-0.7541874241987789,0.3805134159756326,-0.17189198142582024,-0.31759564398622836,-0.3594933700735796,-0.062447047635545434,-0.20266427953439287,0.05127333168074804,0.34516653300312056
0.8231556401552326,0.8108170449903729,0.6687163736170881,0.7827645288340769,0.6635622731858278,0.7423883459231055,0.6546581657215347,0.8744011347388542,0.8466960940726913,0.7706056893751133,0.8125006023257654,0.796771747029707,0.7596333664265398,1.0,0.7793589887796993,0.7056802526218743,0.4751084332744009,0.2803278846305093,0.4307254794508959,0.6506606484323143,0.8044329951526936,0.6346830524946699,0.4539148602156209,0.6332511318948356,0.7342538271770296,0.5760744515666313,0.8777048083747592,0.7800604441385699,0.7705127290454042,0.8538672537160851,0.6682989859654855,0.37339129165363005,0.8564858774575953,0.8945167503190519,0.7744081626286782,0.7028679908293982,0.8765771231891991,0.8809545662027941,0.7035660245055688,0.43777764303362243,0.730256642276303,0.7232276312415638,0.6834310019752518,0.6314519235807288,0.7312197804466485,0.37331715772877333,0.7204452384761338,0.3910543853542177,0.7025999324614498,-0.8071227060377789,0.3825246212690453,-0.07163180967306292,-0.24503578391345437,-0.2514435357949063,-0.007878638087008335,0.050193524143775946,-0.34257122113448524,0.08915153618508032,0.31891069671921746,0.4639611717461835,-0.8333970479224753,0.4315316988775485,-0.12932439062399764,-0.26623488431916675,-0.31383509835327705,-0.10598086960323638,-0.26936230511591003,-0.02469846636235491,0.327121274100593
0.8773019583878858,0.8868326583682349,0.8074561181303437,0.8568840382558661,0.7320872280620003,0.8175306437733219,0.7733478349470925,0.8677568518394266,0.7961739260490048,0.7256372404435051,0.8010593411391045,0.6223555580977326,0.7094420993986682,0.7793589887796993,1.0,0.8365562742815739,0.600372227817508,0.562621504603052,0.6155819814442693,0.7178023734167744,0.7993728536568655,0.7075238303023969,0.6543512933372422,0.7006575864458591,0.8570995914274852,0.7179626009104477,0.8945801633708923,0.8642701280183077,0.8816848514583054,0.8854680679760459,0.7919565954782971,0.2950698268794834,0.907239730027551,0.9054637458002542,0.8724064275888749,0.820466007207943,0.9013045430099043,0.912087121925695,0.8265932015183884,0.6412255433438522,0.8018712445505649,0.8057942381584111,0.7663662511382842,0.673333475467596,0.7630388621444024,0.3017246437211472,0.7319829309708301,0.5761462561939151,0.7698594349841378,-0.899999426747975,0.3405067196827827,-0.29049779786825,-0.4201046291509175,-0.429034810532808,-0.11067710064741203,-0.10767078600662329,-0.5138170235039126,-0.003554812723349614,0.4133560565982003,0.6845653437492938,-0.9058060978263515,0.46515138165745973,-0.2120179795529632,-0.4235742170155505,-0.4436076517316644,-0.11631657583048995,-0.43443564096286985,-0.06612254231825494,0.4541992074299971
0.8543562370767507,0.887258330080595,0.8455979730013732,0.8986068218389067,0.8001190809156892,0.8570826269659058,0.7923128078142407,0.84896880800163,0.79912913549471,0.7098864255829019,0.8035800937706581,0.5651069663182964,0.6987369610739432,0.7056802526218743,0.8365562742815739,1.0,0.6154262927690348,0.6620764387707564,0.6698866943944938,0.8145467385658135,0.7739878258858971,0.7727880960247012,0.7561214083836465,0.7198064849610645,0.8555981739162822,0.7703618147770606,0.8650988989532966,0.8542493937565194,0.879398228103549,0.8584446593737257,0.83638382468796,0.20981208043470578,0.8766290929779464,0.8542568855597686,0.8994757197412021,0.8515200587438074,0.8444242839988602,0.8771115943432115,0.8744791784885272,0.7819394893093289,0.8162969369850099,0.8213611242582757,0.7633075555080766,0.6107508155131226,0.6851185143759537,0.15234728858563862,0.7411536903256587,0.6695625182736554,0.7842257478977295,-0.9006333795741636,0.21885404430949196,-0.34048733731102565,-0.48130524645115214,-0.4626744885094726,-0.06887543413962055,-0.11607484594560537,-0.4742538630489942,0.02190761479422,0.5013790144796552,0.7345740599684548,-0.8887806217945284,0.36880894684155074,-0.2119626141587706,-0.47756090954476077,-0.4501986116456298,-0.06027940694468973,-0.37427184660046836,-0.02186943863229371,0.47055543574310427
0.6507936180431151,0.7689816509854741,0.7501880052819706,0.6748206354049135,0.643346366023401,0.5716438414085465,0.8885657887471713,0.6460070579955497,0.6401469036703407,0.7183740920759726,0.6980238496339606,0.22792175694332392,0.41209760316710564,0.4751084332744009,0.600372227817508,0.6154262927690348,1.0,0.7905811494903796,0.5741297878075422,0.5447177332664457,0.5270285844360965,0.5168661155125377,0.5619930206919322,0.5654077095852053,0.7776240922707384,0.84804653069287,0.6588735652128268,0.7014549954486904,0.7812024048039862,0.7025581415886043,0.786639545720724,0.3398606430528959,0.6830140482815796,0.656454388200323,0.7011943496362915,0.7778344777523464,0.6249526939960454,0.6684842420935145,0.7410878198159776,0.6224964828835821,0.6637264366881219,0.8102520193195437,0.8499280516477407,0.5306041863582498,0.6371895435841909,0.2692418081422961,0.5685891553036738,0.4957206654360021,0.6091454164804591,-0.7408520230142084,-0.01487997297603487,-0.4704840333040652,-0.4850255423684227,-0.39516302526028085,-0.1843362643843433,-0.4085952641775163,-0.3914193725647463,-0.08542211984833858,0.47302458027070127,0.6971202666766937,-0.7267026941692758,0.10101751885139837,-0.31231941475481667,-0.4978100406646432,-0.3477741167348791,-0.17101293491168515,-0.347551151935217,-0.08432393500145806,0.46312468471796114
0.6089035245806361,0.6983182195717036,0.8099520813397673,0.681743293994943,0.6692648913056245,0.6303956105898461,0.8042484481467124,0.5564655494393126,0.5145834040725997,0.5023901644979956,0.5504585829347447,0.05271541590610496,0.33319738851755065,0.2803278846305093,0.562621504603052,0.6620764387707564,0.7905811494903796,1.0,0.7590529953229265,0.6331108879539356,0.4444782261197608,0.5542252209449421,0.7150331031711743,0.5199009001506982,0.7639149588302726,0.8270367910928749,0.5543734267963983,0.6610740410088141,0.7462030558187436,0.587601067536393,0.745194429799294,0.0652929268643218,0.614898190894003,0.5482058403891279,0.683976545468849,0.7480048493398281,0.5480682945520996,0.5733679470020774,0.7593854124673226,0.7428594044329585,0.6301767652858569,0.7130542339690232,0.710330125576995,0.4194719049005234,0.4765515230890436,-0.05558878052622933,0.5037907506936785,0.6222968891388371,0.5498050997414899,-0.7091438837117325,-0.09330292174582272,-0.6153341358947729,-0.6209316904819387,-0.5266744727943701,-0.20968415664718942,-0.5019924057184281,-0.47875466661245936,-0.1220948635154043,0.5641075761681803,0.8507336417675713,-0.6692342075582932,0.0939402714940557,-0.3843091906928606,-0.6079237035760132,-0.46076913238410017,-0.1462962359127932,-0.43735596657907944,-0.10808572789171511,0.49954533391983164
0.6508586386565935,0.7148280877122035,0.7379824416468751,0.6957642357726009,0.6383345736530384,0.7707612803901269,0.7283775876199342,0.5905168138520164,0.5674093869912212,0.5009177571271356,0.5735808577773339,0.21788206578936556,0.4883088429930469,0.4307254794508959,0.6155819814442693,0.6698866943944938,0.5741297878075422,0.7590529953229265,1.0,0.7180126519813449,0.5504364324619939,0.6077615765452584,0.7509076366512779,0.4576636918860992,0.6741618445219838,0.7383339396921964,0.6108342422326505,0.6703806647851592,0.7313754806572319,0.6134322990095827,0.6528218840715522,0.016596116953773023,0.660158776085252,0.6101495482709182,0.684832759166867,0.661773007424967,0.6207861753800614,0.6400978008988049,0.7566260097247653,0.6162038044319657,0.7122900498304678,0.7207023338346344,0.6508173666142658,0.46660660378949104,0.5187782972833521,0.022409602578780854,0.5098213709009215,0.48526433882532694,0.5156004869724471,-0.7031794525647586,0.08623805171546006,-0.39346254577019935,-0.5309876425875655,-0.38271100240718553,-0.12513586221496412,-0.30716995070212505,-0.5413648120657025,-0.05448360257407769,0.45898206451669,0.6876768607931559,-0.6894967372453433,0.2582071616391863,-0.25775532372326837,-0.5009718704412521,-0.4124453979319418,-0.07506072142876924,-0.44668423170603294,-0.0631011674744452,0.39751533608037676
0.7974946891605227,0.8205849669501842,0.8121743727503105,0.8464301293860423,0.8138590530147957,0.8679949747272336,0.7421717350653197,0.7771632065317183,0.7662308910153214,0.7065593404740317,0.7122984847131123,0.5133282177837097,0.7607056699786499,0.6506606484323143,0.7178023734167744,0.8145467385658135,0.5447177332664457,0.6331108879539356,0.7180126519813449,1.0,0.8177495340868839,0.7365059475444328,0.7022274339940833,0.6262111308297132,0.7504924929735277,0.7443655510769989,0.7651444512878164,0.7826168773113303,0.8135813185805555,0.7673843836626457,0.7455681166051131,0.15271218758261523,0.8006674069954406,0.7740779269482126,0.7986436493890205,0.7623997719211998,0.7577835513333714,0.7960562517007586,0.8395186158740795,0.6755299850311153,0.8257075935667731,0.7595300160171764,0.7282740952338724,0.5889034608405633,0.6521803346518859,0.1343396749724795,0.6423378301717323,0.5481756114928964,0.647964054857344,-0.8187484055273516,0.13294064613828432,-0.30245629804947255,-0.44851790875766395,-0.365988264645882,-0.030532937779265606,-0.13495672945880943,-0.5072268546027898,0.03417641387355107,0.49622653394326366,0.7154898897876194,-0.817410118568419,0.2611497040700685,-0.21762395434623555,-0.4176850202355415,-0.3913937161191271,-0.04227792127636443,-0.40325759958085916,-0.029059402926886555,0.44093598951361296
0.8346581999145554,0.8461235360078009,0.7463314002308912,0.8337981170794637,0.7518364475571214,0.80310457460858,0.6927996048556353,0.8543966141609227,0.8236133651337848,0.8082487015469547,0.812766696329274,0.7361965224765307,0.8527554528076872,0.8044329951526936,0.7993728536568655,0.7739878258858971,0.5270285844360965,0.4444782261197608,0.5504364324619939,0.8177495340868839,1.0,0.7335514491765694,0.5813000000178808,0.6757027187456659,0.7596722230255206,0.6522861883196098,0.854068784219712,0.8138067096669657,0.8116859796830135,0.8716840446116045,0.7773026983143336,0.3642609644905993,0.8634543992499456,0.8624684228102268,0.8339974705414077,0.7732022990183485,0.8401369806957547,0.8666451839813817,0.80132189988568,0.5903352312912373,0.8111855846784556,0.779097836845,0.7760551060875223,0.6678087986160739,0.7693005344740892,0.3756448369091359,0.72549196282029,0.4944474607496373,0.7043067613254362,-0.8363870484186213,0.2641967818642676,-0.15983813981090245,-0.33595364457487625,-0.33769799389298316,0.00878375965852608,0.05142348299267083,-0.39985643714840524,0.04422877391846344,0.42947974427341434,0.5884192101301445,-0.8531388294052334,0.35960437889212693,-0.117715018703302,-0.3213244166425513,-0.3835632329160324,-0.037140963724433325,-0.33229090226458663,-0.03539075632806521,0.45025248259937617
0.7116612074386779,0.7459758312197086,0.6540040708952134,0.7412298529783212,0.619869221812287,0.6980653910211841,0.646702741843663,0.7500032791982438,0.7142896739104345,0.6955983400612611,0.7189047632022576,0.5287160896030226,0.7523363314955811,0.6346830524946699,0.7075238303023969,0.7727880960247012,0.5168661155125377,0.5542252209449421,0.6077615765452584,0.7365059475444328,0.7335514491765694,1.0,0.767267153507077,0.6549429840510581,0.71501670040031,0.5929592218536947,0.7492885812285952,0.6954690302682683,0.7327296518992394,0.7571296315751714,0.808293465916893,0.39571406582250507,0.7452874182872349,0.7471100373387207,0.7755515633134754,0.7627699562793724,0.7255610899423618,0.7845415278043654,0.7909974297614206,0.6543232876626899,0.6822804423460082,0.690162279082465,0.6633307640491868,0.5605547155832524,0.6302661493159238,0.2388039729450053,0.6239538549088655,0.5973593992790454,0.6564243355987487,-0.7585810202496857,0.1616399736902102,-0.29841457839562957,-0.40281571462215815,-0.35351685003416544,-0.017008653636135265,0.01806689582419092,-0.37283027860178125,-0.055555206949868825,0.3804896669908252,0.5917053362667659,-0.7595975513595494,0.30206509223224043,-0.21559616441168014,-0.40799209293314437,-0.4012075225006984,-0.05934778460804759,-0.2672800561740127,-0.09812104071875805,0.34060053448997374
0.642193326246096,0.7288425116914049,0.6960280611283036,0.682381876160528,0.6179277513262662,0.6919967529082253,0.670360726230176,0.6756420978027425,0.6120744845503817,0.5866244790627073,0.6763654875907296,0.2970218161641611,0.5936509465421692,0.4539148602156209,0.6543512933372422,0.7561214083836465,0.5619930206919322,0.7150331031711743,0.7509076366512779,0.7022274339940833,0.5813000000178808,0.767267153507077,1.0,0.5779024602530483,0.7339367760779163,0.6653713323618649,0.653652585342923,0.6780120499220302,0.7293231997862251,0.6556116353205643,0.7412114861682606,0.13928126595743717,0.6923778873942398,0.6569548502991281,0.7700964258522109,0.7730926971621247,0.659245648830505,0.7007115989118491,0.8447075716497747,0.8137237372534619,0.6652939343368284,0.7035447810887823,0.6576152938317932,0.5264459767368116,0.4924921405315898,0.029462348578723443,0.5779596256822191,0.7575860553836826,0.5866488584092423,-0.7380222973331088,0.08374552053151049,-0.46695386388810434,-0.5308144243215831,-0.40965454561266906,-0.17698408800506765,-0.18011004154422283,-0.3835965621289465,0.007873894402390605,0.5305496880980121,0.7082049202645291,-0.7161315922646152,0.2268022252501814,-0.32533669775580926,-0.5339005206104385,-0.44746197944198624,-0.06945282869028115,-0.26950282917825824,0.0021032860869137,0.45206290050031356
0.7416268014225357,0.7690718896791067,0.704858796797656,0.7429970944065077,0.6787704893440191,0.6817673693319859,0.6878952388613866,0.7436637156385434,0.6995424019393557,0.6545335841582812,0.704017819118313,0.45590338318925894,0.5316775229870787,0.6332511318948356,0.7006575864458591,0.7198064849610645,0.5654077095852053,0.5199009001506982,0.4576636918860992,0.6262111308297132,0.6757027187456659,0.6549429840510581,0.5779024602530483,1.0,0.7554726061436754,0.6673042945408567,0.743678128878565,0.7670908160300166,0.7614868399979843,0.7851406542859642,0.7552431912625627,0.4461995110721252,0.7772455430312226,0.7521263467917936,0.743442117104746,0.8239850272240922,0.7329434260892678,0.7584742920310934,0.7280670433457084,0.7576837913326182,0.7304122479415462,0.738849134080006,0.7171557085002904,0.6178683006961446,0.7206418839659355,0.3382325862223221,0.844422090980336,0.7451916207314465,0.5878108714333877,-0.7675122446456931,0.04978785611468259,-0.16058376796727092,-0.3488704361005843,-0.3045375238355936,-0.014142332373169721,0.002474694379334602,-0.3028465987963995,0.0343913874239543,0.5457803286811542,0.5990632841794528,-0.7475012677727871,0.2048033041879589,-0.05146872449686446,-0.3388168977332668,-0.30150230873159145,-0.034570411426561296,-0.21431439284852874,-0.08008580405520617,0.5210172167618732
0.9043995145272018,0.9407464460152414,0.9168803052662285,0.9121686063354482,0.8304071617179387,0.8244451933119622,0.882464589832225,0.8921990490627302,0.8290828724284451,0.7709448640149298,0.8670243583655036,0.4979417449691076,0.6350075181898853,0.7342538271770296,0.8570995914274852,0.8555981739162822,0.7776240922707384,0.7639149588302726,0.6741618445219838,0.7504924929735277,0.7596722230255206,0.71501670040031,0.7339367760779163,0.7554726061436754,1.0,0.8571390484980679,0.8945452066622858,0.9210391409727416,0.9518103507904083,0.9125491611141718,0.9054905320619249,0.27174639183101323,0.9230388319711897,0.8920758573840906,0.9244711725637771,0.9220710457577775,0.8797575101944226,0.90174572790657,0.9050765089759736,0.8016863965235703,0.8382854015485364,0.9027219712596546,0.8736278418464243,0.6708101826886002,0.7706823932135454,0.19879124599651665,0.7924867553651052,0.7138310679050677,0.7606956578680557,-0.9524409813014755,0.18028613594330511,-0.43680181327036277,-0.5259601459105511,-0.4901843934058927,-0.15662191001638684,-0.29319712148834687,-0.4783024502055757,-0.027727779897209207,0.5901470363561067,0.8351893163286082,-0.9353174088083106,0.3437547581229663,-0.31455441360636127,-0.548832511835428,-0.4702090171723775,-0.16249401144557707,-0.4227708084353214,-0.060218379854525855,0.5567522070537279
0.7945714944813982,0.8645816152439552,0.8978793886899756,0.851487943546272,0.7931902807910174,0.8068815648906295,0.9382326891048952,0.7492635176947856,0.7426709016946682,0.7059341033801553,0.7289234055763271,0.3027791757552448,0.5184245376317592,0.5760744515666313,0.7179626009104477,0.7703618147770606,0.84804653069287,0.8270367910928749,0.7383339396921964,0.7443655510769989,0.6522861883196098,0.5929592218536947,0.6653713323618649,0.6673042945408567,0.8571390484980679,1.0,0.767525266114078,0.8466720233386096,0.8901779818685992,0.7854529920530209,0.830107715310949,0.20555013259314783,0.8102112503599626,0.7582145124413995,0.8047040175461565,0.8348398242469677,0.7471772805838163,0.7764648735503894,0.8405278699529778,0.7355377879580582,0.850093462843835,0.8760895827651248,0.8667597253436152,0.5880975206107661,0.6799475481808027,0.1881323119600445,0.6758660477718383,0.6139222750392297,0.6464220806610469,-0.8582986958994624,0.038790565982060723,-0.46683475489209475,-0.5635081614407894,-0.4546902957186577,-0.14387763669200299,-0.42350555499016324,-0.5390302550501654,-0.09014999073408418,0.5438103966250836,0.7742276007471101,-0.8413329123863573,0.1868530796815656,-0.3165751728151407,-0.5454464730512659,-0.40784500197135637,-0.1381953465329024,-0.47277890326240407,-0.11784423430962478,0.5254296009554633
0.9283368736227221,0.9397302457198653,0.8451338249029079,0.9119103146184501,0.7918675561113059,0.8557422654277317,0.8208428002341057,0.9353780663171452,0.8894940905932256,0.8106387021996379,0.8863016898450008,0.6916399663182071,0.7497263305472597,0.8777048083747592,0.8945801633708923,0.8650988989532966,0.6588735652128268,0.5543734267963983,0.6108342422326505,0.7651444512878164,0.854068784219712,0.7492885812285952,0.653652585342923,0.743678128878565,0.8945452066622858,0.767525266114078,1.0,0.9183469726300478,0.9226142319877239,0.9477694928765368,0.8440126298492628,0.34160924680306104,0.9534428212626794,0.9554412870133372,0.9172755224179011,0.8588445143352541,0.9372874452958357,0.9550139767799464,0.861928303831984,0.6643361106545101,0.8577486641928882,0.8783197796921568,0.8270532339798415,0.6816395825279778,0.8119183622953263,0.34923126612781863,0.8083113947169622,0.5908845866543428,0.7829680330996367,-0.946254177702306,0.31043651893384994,-0.26227677706280333,-0.40314196809556585,-0.3996089324633979,-0.06587525200137015,-0.11251310553389797,-0.4900526054366681,-0.0009346316296885631,0.44386688916211864,0.6769040374597742,-0.952569059110798,0.44579339529668927,-0.21063495486772307,-0.4230031113213728,-0.4169958265260427,-0.10224931419557316,-0.38930754056414435,-0.05912496405065011,0.44804141542429193
0.957785740931232,0.9425675842039626,0.923486648337587,0.9418876516746368,0.8436413430452391,0.8973384467798762,0.8725609464019035,0.895594019724741,0.8515905839829039,0.7564421530565023,0.852020212025402,0.58298120184953,0.6615122901126198,0.7800604441385699,0.8642701280183077,0.8542493937565194,0.7014549954486904,0.6610740410088141,0.6703806647851592,0.7826168773113303,0.8138067096669657,0.6954690302682683,0.6780120499220302,0.7670908160300166,0.9210391409727416,0.8466720233386096,0.9183469726300478,1.0,0.9545044564533005,0.9351746633574977,0.858268799600105,0.26401233185965906,0.9458216254724268,0.9114572597099109,0.911167134563188,0.8805746065770106,0.8925712263583745,0.9169847539275698,0.8795367480691217,0.7416692927412291,0.907956421427907,0.8922056310110883,0.8501511984562439,0.6787382525870711,0.7901344615938609,0.23917080672233865,0.8300961122329935,0.6650933918117035,0.7531859812835999,-0.9477860480314134,0.241947020714728,-0.31234072328638623,-0.4598127351725209,-0.4305495279443673,-0.08718024724854584,-0.2206685216500305,-0.531254832529213,-0.03976006324616419,0.5357903779745502,0.7569915017316304,-0.949114763800603,0.3898366730378901,-0.20668117508182474,-0.4633440207783213,-0.4381636269601408,-0.06968976102300899,-0.4443343000914903,-0.11170445824546645,0.5347205532435366
0.9433977054101021,0.9698868380196302,0.9404037905474287,0.9500135746593125,0.8597204108709237,0.8908681454291487,0.9204272748653402,0.905462932338147,0.8610727185849686,0.7979183577955923,0.8725446258672235,0.5320892865560832,0.6900121752693008,0.7705127290454042,0.8816848514583054,0.879398228103549,0.7812024048039862,0.7462030558187436,0.7313754806572319,0.8135813185805555,0.8116859796830135,0.7327296518992394,0.7293231997862251,0.7614868399979843,0.9518103507904083,0.8901779818685992,0.9226142319877239,0.9545044564533005,1.0,0.9347253986251335,0.8969179533778683,0.28085634643596963,0.9487278586595228,0.9211785258335583,0.9331423972078299,0.9168199888431376,0.910571057133378,0.9313676093382367,0.9231644497380839,0.7622166290973458,0.9000458462908743,0.9281759675825796,0.894693080211051,0.6929855896357678,0.8021773653467754,0.24627548018164017,0.8060002673104248,0.6600423209563994,0.7861117584089411,-0.9713465721400972,0.20612545102204397,-0.39454380841002346,-0.5140729783675516,-0.4805691061541933,-0.129677831087936,-0.26888009385297307,-0.5503346827740169,-0.028044976366821836,0.5593824291768743,0.8139343293567735,-0.9641708898294082,0.36295372820719385,-0.2662193949319353,-0.5205418656803992,-0.4701361014992144,-0.11687918226856575,-0.4657503540003787,-0.08203348937663377,0.5475133120173279
0.9327288277073089,0.9465265725178673,0.8632531964956885,0.9158504530038242,0.7926191633201684,0.8416430327089641,0.840719890174997,0.9265448924666259,0.8772581679836063,0.8161179940378827,0.8970002973107756,0.6947594277439012,0.7356436516147296,0.8538672537160851,0.8854680679760459,0.8584446593737257,0.7025581415886043,0.587601067536393,0.6134322990095827,0.7673843836626457,0.8716840446116045,0.7571296315751714,0.6556116353205643,0.7851406542859642,0.9125491611141718,0.7854529920530209,0.9477694928765368,0.9351746633574977,0.9347253986251335,1.0,0.8907663594494044,0.37611605807550197,0.9531765599737043,0.9430605050537788,0.9218380671056916,0.8914481841461963,0.9181168891691066,0.9495999523822111,0.8686006598549945,0.7082642486239741,0.8605549920520966,0.8815834822773088,0.8592622445645023,0.7013616898289348,0.8348727763896098,0.34672435933203194,0.8446179791199958,0.633069578096792,0.7910794280976144,-0.9458767712262703,0.28271402512262267,-0.23535676765638275,-0.40394891856730974,-0.40508103636350884,-0.07792231488080857,-0.09810347477393633,-0.47324991321165816,-0.023793280763667306,0.4970463101796367,0.6989931438608074,-0.9561064969823594,0.4014519979173309,-0.1510522871032194,-0.4116909911118275,-0.4334635343309089,-0.08801262676392604,-0.393189374862262,-0.09355336073964118,0.48472100584408256
