0,1,2,3,4,5,6,7,8,9,10,11,12,13,14,15,16,17,18,19,20,21,22,23,24,25,26,27,28,29,30,31,32,33,34,35,36,37,38,39,40,41,42,43,44,45,46,47,48,49,50,51,52,53,54,55,56,57,58,59,60,61,62,63,64,65,66,67,68
1.0,0.9281058974990447,0.9463123579775269,0.9473569059687726,0.909429589514588,0.9010676770151773,0.9131715009553714,0.921779278814673,0.9228350420146144,0.9076006801408714,0.9069034693588242,0.9127946884828737,0.8543643106967421,0.9366477770068076,0.9144755204503618,0.8554808989029747,0.8869076186549101,0.7235170438520097,0.7305424883115316,0.8775178361235124,0.8951824524463302,0.7616009272951751,0.741072344422162,0.679939410105466,0.8726201732759643,0.865074548587249,0.9249555280287558,0.9410906742675766,0.9389388286089317,0.9180875236606638,0.8589414674004561,0.6972293599952192,0.9293821997573031,0.9288704693862528,0.9048661726237092,0.8803464455161696,0.9274372137434729,0.9113423757468353,0.8910991911914722,0.7250965729482327,0.8321027358732117,0.8894173705498332,0.8770057729420878,0.8403426195527806,0.8587057059270162,0.807489103741536,0.8438710550704186,0.4437887583133719,0.7879353939166858,-0.9236148948287664,0.531779711980263,-0.613631802242764,-0.6665816217461431,-0.47753944174384855,-0.2083902077843855,-0.18195852152282344,-0.4061795973472681,0.0941231554032371,0.24323308285047446,0.7369959987793784,-0.933709671029851,0.23791458841252205,-0.6352008358334733,-0.677651241943118,-0.4986600573224202,-0.07963454450356013,-0.33064214128643815,0.17324388481991784,0.39658162995266094
0.9281058974990447,1.0,0.9655826518216558,0.9508200506402896,0.9288923967163186,0.9230393117586412,0.9710546771902051,0.9620111813787762,0.9601069648179,0.961131830397955,0.9408776725483841,0.9031875812858536,0.9286761760010647,0.9489749433220697,0.9588746171724024,0.9238651197036749,0.9650061596583444,0.8617226621071415,0.8161367797284215,0.9147996068684616,0.912355360790665,0.8755899087252653,0.8389006572487733,0.7984903622456333,0.8912857963011525,0.9532593750289319,0.969160812937927,0.934355127733892,0.9747813013997553,0.9539045007746326,0.9252136222855244,0.8092047148194104,0.9660097683614048,0.9738363068127558,0.9623234175930984,0.9609267278721602,0.9666992108840577,0.965468183872205,0.9592084756751227,0.8445501854021256,0.8901680430519044,0.9562577542666821,0.9473812169684411,0.8836085594224208,0.9167788408523412,0.82093658026149,0.8812411645164049,0.5938629521820299,0.8472504191076883,-0.9797769684438249,0.532508409407691,-0.652821091605399,-0.773460479406127,-0.5539851825735278,-0.221169812466297,-0.2088279689416952,-0.4831683899564405,0.05502082942914841,0.2843228076927026,0.8515524836374601,-0.9792610901333506,0.29761005338904906,-0.6503351398438052,-0.7878967962422089,-0.5548290607973738,-0.12224624230545846,-0.3212592730635121,0.1957592840926459,0.4024609916319634
0.9463123579775269,0.9655826518216558,1.0,0.9693277399057925,0.9325949105013235,0.9274617256159963,0.9620592364878663,0.9481088497951092,0.9516600306942965,0.9447288185436388,0.9217887805119388,0.9092839105354068,0.9139118884719873,0.9487406926283644,0.9473416213471376,0.9079565116173753,0.9445387847417308,0.8349025890222879,0.8083251571088643,0.920116665388452,0.9097603352108801,0.8527924918100135,0.8171752223321657,0.7562992782741865,0.8693595298832707,0.9331166755479429,0.950514784368912,0.9292766575081073,0.9671748597985157,0.9450663625366913,0.9062490693815132,0.760415861698091,0.948380415181116,0.9585644471770804,0.9403943331261455,0.9440275969264065,0.9553063499807041,0.9508625169657153,0.9410428217733199,0.809121356453267,0.8703637365059598,0.9250366529488153,0.9202921572616343,0.8622238000376119,0.8923679405070908,0.8190377178913184,0.8574008171637695,0.5392376740569307,0.8263214717658497,-0.9643384966753107,0.5648929867838535,-0.6380052120923179,-0.7460396704854562,-0.5474573801397064,-0.2213914428220639,-0.2059696170362391,-0.4893424920986517,0.014369256687125381,0.2484420899053489,0.8209771984280235,-0.9660392352249987,0.3151366242904068,-0.6723742249159638,-0.7619961368160298,-0.5536796798298939,-0.11036639146770426,-0.3417030822968902,0.15271317828703407,0.3799381815622801
0.9473569059687726,0.9508200506402896,0.9693277399057925,1.0,0.9312349485004736,0.9240934652818903,0.9360599154286123,0.9296873143827405,0.9428994143693685,0.9225457967007271,0.9075346985328228,0.9015798987305585,0.9062253922160207,0.9354983036827675,0.9347532219604492,0.9077629372832936,0.9199973258773876,0.8113436682419685,0.8143312455353724,0.9146962643726777,0.9200663054503767,0.8367872252554935,0.794036141664439,0.7062026868455589,0.848145790489619,0.904490480695007,0.9387095202935793,0.9093731426236427,0.9501010997099183,0.9315997976635138,0.9010056693671721,0.7180088829715136,0.9339714080076361,0.9450423019511609,0.9277596365457621,0.9202097488570874,0.9455864307363564,0.9346576309495549,0.9214474630196561,0.7742808386120629,0.8375432880466368,0.8981046911145433,0.8867395468112134,0.8314944550742692,0.8671235307873364,0.8038412396786937,0.842861804451761,0.49010288696409776,0.8028710078678859,-0.9502849649049582,0.5417750972546898,-0.6527981564985539,-0.7128248753260713,-0.534865831557577,-0.20636327792137843,-0.21559562678989758,-0.4829381832451709,0.0017513128325221633,0.21678150640879537,0.7830151099292453,-0.9545788631439757,0.29424879765341305,-0.6784585703190094,-0.734769158107085,-0.5613513890900925,-0.08756325229205209,-0.3714251472883759,0.11499496055879191,0.36409527251088925
0.909429589514588,0.9288923967163186,0.9325949105013235,0.9312349485004736,1.0,0.9044703425034708,0.91136923038744,0.9114713613768104,0.9168298237156843,0.9162106895991543,0.8830473148664055,0.897173298575949,0.8859316653958111,0.9105783176533604,0.9036644152207429,0.8683473640891335,0.8962254360834391,0.7547298156416623,0.7425550560681362,0.9031634132661511,0.9204378382425537,0.8220587405263723,0.7833258108840405,0.7437005412528067,0.8224062609904277,0.8843113190033602,0.9118328501885672,0.8946960598113197,0.9217124158194813,0.9082066033547664,0.8694120612773819,0.7571860094698547,0.9260361721343282,0.922802427254828,0.9072348825858164,0.8914609710906364,0.912816162494555,0.9086776647631343,0.9046409786239028,0.7901529121018537,0.8428792831244656,0.8999995138560161,0.8928739907383907,0.8240053926507317,0.8858779278467503,0.7863956093885964,0.8116416132280511,0.5350083616923019,0.7826224772357706,-0.9287818227661898,0.5139158922748084,-0.630306245712264,-0.697047092474388,-0.5121534022556584,-0.20384351712106166,-0.21713349858709102,-0.49551866383025356,0.014502542103817259,0.2138132093479585,0.7940265910325063,-0.9316745987780023,0.2813485874358004,-0.6267482710676828,-0.7036281067406845,-0.504138648794894,-0.12944161887975317,-0.36930982266048595,0.13826382927366243,0.3947220562898128
0.9010676770151773,0.9230393117586412,0.9274617256159963,0.9240934652818903,0.9044703425034708,1.0,0.9050425551646007,0.8964752664749761,0.9036736828237232,0.8968924202516897,0.8470342389485916,0.8292355820447177,0.923226051447046,0.8885338387363266,0.9064728587432895,0.8759399074937648,0.8705070567217266,0.7961788403940674,0.8831051479058734,0.9305112179556805,0.8733811430982673,0.8029880761333587,0.7779502620143333,0.7198377312064168,0.7735411456190341,0.8644147190132228,0.8946396599557579,0.8787630787031679,0.9100228651084743,0.8719435429290678,0.8342011702495808,0.7353890504935044,0.907394478881593,0.9110837500785076,0.8851906898872016,0.869601245357759,0.9136347277311396,0.8941143302936795,0.8877266184814656,0.7476604860216388,0.8757998123219273,0.9005574382692805,0.859226150914368,0.8351504806432052,0.8538956835063207,0.7833888625740264,0.7899551871425065,0.4732963796268455,0.7679106146104369,-0.9139784573709022,0.4985118429859913,-0.6380571249370638,-0.6906231952897122,-0.4691646283249828,-0.183856826956743,-0.19945355913669174,-0.4964246847638135,0.04356312707674957,0.22721756923219819,0.7642219858019279,-0.9168906973409144,0.2668358568307687,-0.6365460108504107,-0.7111854156261005,-0.47528791178714597,-0.05142341021148191,-0.4005727326573219,0.1712457302732449,0.34959312990329805
0.9131715009553714,0.9710546771902051,0.9620592364878663,0.9360599154286123,0.91136923038744,0.9050425551646007,1.0,0.9497925348142582,0.9516925468459617,0.9511494850651984,0.9361470158932655,0.8856982846900641,0.9146169306193569,0.9390291499507128,0.9455521314218814,0.9120142044819551,0.972377115795797,0.8763555022301798,0.8009461557351221,0.9081740867278696,0.8859912181831913,0.8820240768113028,0.8368046957358803,0.7955628034669645,0.8875829968863763,0.9646719997957169,0.9582738607850273,0.9244536618658852,0.967810725540307,0.9414547372442464,0.9149030100423666,0.8065562442058122,0.950891263349966,0.9619623551754435,0.9528725715246001,0.9553929525407086,0.9558081003054673,0.9576597465803071,0.9557550110072244,0.8314096905161864,0.8768219291773993,0.9453411829117069,0.9455814477110908,0.8688649083957275,0.91487830721962,0.8249960177675153,0.8772328644635651,0.5889671266109409,0.8403782186400772,-0.9667888160373058,0.5181394607231011,-0.6204916954820353,-0.7669642315724308,-0.5489069378601713,-0.2254817064342005,-0.2308103398492442,-0.4642747830279834,0.045856567406552654,0.27927136482071213,0.8514564293915373,-0.967074629351687,0.2921847738215368,-0.6331765136367917,-0.7788021686003355,-0.5330287312103419,-0.12379184197864818,-0.2966903076409253,0.19709469385306308,0.386465440557519
0.921779278814673,0.9620111813787762,0.9481088497951092,0.9296873143827405,0.9114713613768104,0.8964752664749761,0.9497925348142582,1.0,0.9516537154599695,0.9555307197304003,0.9580556368953324,0.9361313508002507,0.9228261430262753,0.9533254256677373,0.962053879297961,0.9392862849835367,0.9447994308714892,0.8252451153335474,0.7645072732969229,0.8956233668692307,0.9154287031788778,0.8748779562864623,0.8626063816556145,0.8179391306217157,0.926286713174165,0.9241142712456335,0.9628491229892869,0.9298168193804398,0.9553441402974805,0.9589717217931051,0.9290733833530792,0.8036222758836401,0.9730509724756075,0.9724310925177387,0.953425233204668,0.9491645056530188,0.9623836728610602,0.969119221349777,0.9568266353233974,0.8622179951934135,0.8742396767306891,0.9484321040655578,0.9437038923766319,0.8991507864559792,0.9204043834328935,0.8196917051969552,0.9093659950493062,0.6327600396171554,0.8436632432162104,-0.9705303732524372,0.5575730526404771,-0.6680285104883082,-0.8062242035569048,-0.5637427154126966,-0.246421235490362,-0.06984832096637088,-0.40591326629097085,0.1530129957014104,0.3473974654520321,0.8173465580866043,-0.9713002586410785,0.28876341995138777,-0.6671621904860957,-0.8084405132331651,-0.5771467964798616,-0.1591387380992629,-0.22311869230261347,0.27464221241526415,0.4416577184211826
0.9228350420146144,0.9601069648179,0.9516600306942965,0.9428994143693685,0.9168298237156843,0.9036736828237232,0.9516925468459617,0.9516537154599695,1.0,0.936252882531151,0.9235019150396281,0.9191719105201829,0.9000181940365481,0.9458103775172934,0.942459734614474,0.9135664250919009,0.9459291260167986,0.8418902331306006,0.7790646062880086,0.9066034053338542,0.9132396858658922,0.8733012408299364,0.8356237482055335,0.763370048887444,0.8892570953629739,0.9285431871138332,0.9584793177420338,0.9181374550700807,0.9552747402680445,0.9470832477789372,0.9188608908649377,0.7844544612553859,0.9524944679198714,0.959879272029235,0.9502834184796937,0.938406421213194,0.9497037243155191,0.9530627993373249,0.9488740606386457,0.8281348232102171,0.8494637813746287,0.9228951577785914,0.9142884044506596,0.8361936482926342,0.9025568795504074,0.7870490679664118,0.8713010309955184,0.5785040369590934,0.8329784271807767,-0.9640973893143433,0.5167161578624763,-0.6725892454278058,-0.7736693868903335,-0.5586409977498653,-0.22240467393548913,-0.2090186705398844,-0.4690055140144232,0.05165927102447476,0.2647171860299978,0.8262201934674377,-0.965663559637789,0.2794057078791088,-0.6608810204073272,-0.7788532187211558,-0.5697909061818951,-0.13227652583831795,-0.33380136024789314,0.166154533058762,0.3683182513005994
0.9076006801408714,0.961131830397955,0.9447288185436388,0.9225457967007271,0.9162106895991543,0.8968924202516897,0.9511494850651984,0.9555307197304003,0.936252882531151,1.0,0.92791303210456,0.8908916843800488,0.9213238606286189,0.9284412109651968,0.929373063889388,0.8962556197377128,0.9432803343421537,0.815768775905662,0.7623896799946844,0.9039180908651425,0.9111230577167636,0.8515528685795131,0.8247195260561824,0.8273689834184605,0.8726308505432213,0.9342516002028401,0.9427390634430648,0.9366580810676715,0.9540450057918771,0.9350271413562251,0.9124605957105703,0.8319939109370392,0.9509611871983528,0.9507754653592114,0.9408635192478578,0.9453193587620065,0.9439361191980853,0.9416955001690275,0.9408736408927519,0.8509958341104215,0.9073665596951593,0.9528638304061241,0.9497419035626153,0.9057232937983565,0.9208687246788776,0.8465008984738803,0.8735310979481496,0.6356346955981779,0.8217954344514741,-0.9573874491459851,0.5261134891732508,-0.6394222223511511,-0.763202854456905,-0.5164839553377203,-0.2327074862535359,-0.156156221061565,-0.4721695568781089,0.07636924669852417,0.28161608101154195,0.8424926750352818,-0.9609177159324568,0.28184987219198276,-0.6409320711516603,-0.784417018374111,-0.5381975253122245,-0.1468227719191222,-0.2981988378897065,0.23108738217856295,0.42180683575556255
0.9069034693588242,0.9408776725483841,0.9217887805119388,0.9075346985328228,0.8830473148664055,0.8470342389485916,0.9361470158932655,0.9580556368953324,0.9235019150396281,0.92791303210456,1.0,0.9111034412964808,0.8843970988084584,0.931367052201686,0.9353715306863022,0.915106882297911,0.9357590653909572,0.8160538516712628,0.7183297671647958,0.8439835415303469,0.8946538954474279,0.8740387246364086,0.8381957084949739,0.7858334201629942,0.9363614865308602,0.9108717237501925,0.9495736774822884,0.9197966540780933,0.941607694611035,0.9510733170200215,0.9365533855000308,0.7705276251496448,0.9496521486683559,0.9534622281623437,0.945654540639495,0.930838511314524,0.9400943295258403,0.9547356095627758,0.9448807574139467,0.830708211243903,0.8277479574044652,0.9179130217979862,0.9304912346476476,0.8593674112973142,0.9016559136326687,0.8051425032946352,0.9234543264629143,0.6028794806429454,0.8231341797442596,-0.9483271788620479,0.5293553944750621,-0.6235006462086566,-0.7817784620345083,-0.5563475513548429,-0.22889641968250804,-0.09992045730825483,-0.35464662976328437,0.15724860158615264,0.3557367278063855,0.8050599334620671,-0.949750952832201,0.2560057272715301,-0.6208504612669508,-0.7709291919812221,-0.5596771185799365,-0.16424696903858493,-0.17530242527244624,0.2907958379499927,0.447047992573661
0.9127946884828737,0.9031875812858536,0.9092839105354068,0.9015798987305585,0.897173298575949,0.8292355820447177,0.8856982846900641,0.9361313508002507,0.9191719105201829,0.8908916843800488,0.9111034412964808,1.0,0.8382380146692543,0.9342666231373802,0.9071862799420698,0.8839655469309711,0.8896207236382623,0.7314913663757526,0.642611377854619,0.8468860854145078,0.9164997495087316,0.8188088647492343,0.8147953655004823,0.7161982808964649,0.9147558022451354,0.8547258023161345,0.9195811601816413,0.8831707884808387,0.9023744152468803,0.94159724699213,0.8748201985176222,0.707148280063468,0.9290307709594474,0.9253753427185544,0.9097905996898645,0.8892602580416208,0.9118734256808858,0.9198648499538101,0.9046424711047841,0.7971472569958277,0.766858747763849,0.8678384340237766,0.8751765767371841,0.8014645253329936,0.8691778332912747,0.7609933239098338,0.8545039305664508,0.5544766946592239,0.8054137877453308,-0.9237634712349585,0.5254121156997134,-0.6407665755615656,-0.7471422100025125,-0.5515054229857131,-0.25255738083111695,-0.09435382104719597,-0.36562096023113116,0.15314283483237082,0.3197845194062046,0.7459199208683566,-0.9190723002805223,0.2877771714577479,-0.6268958361511938,-0.7238537972385506,-0.5414821525134964,-0.16545113766408348,-0.18789530820622974,0.22383675786645021,0.4239782913218982
0.8543643106967421,0.9286761760010647,0.9139118884719873,0.9062253922160207,0.8859316653958111,0.923226051447046,0.9146169306193569,0.9228261430262753,0.9000181940365481,0.9213238606286189,0.8843970988084584,0.8382380146692543,1.0,0.891358505079587,0.9203222579140546,0.9132964559307502,0.8954132658979598,0.8295576616280254,0.8709405484043776,0.9063790998072019,0.8841416740521976,0.8604817068777894,0.8317353310033547,0.7961717179137855,0.8097425255831496,0.8940558417067198,0.8978618726092898,0.8628576685755256,0.9062847296618635,0.8871804451512514,0.8818647576633926,0.7773465817386151,0.9199932575364342,0.9223193467386961,0.8982314716548265,0.9057126217364684,0.9246873211960561,0.9193287157204746,0.9108650148047748,0.8222201239543644,0.881621039967734,0.9244756349296775,0.9019847221354306,0.8793895135026913,0.8690032356252831,0.80715799786649,0.8281426432291541,0.5858015931041686,0.7805737587748012,-0.9236438884732892,0.5255559778423909,-0.6261848720999876,-0.7405877856609435,-0.49368487159636865,-0.20565984856233233,-0.08510191007597355,-0.4426245806887241,0.11550269848573685,0.30474058061080783,0.7984932236761138,-0.9220881519427536,0.2656815640385346,-0.607627915418371,-0.7755264442092901,-0.5005761966694908,-0.11652345506706045,-0.28336151513362534,0.2581259730372499,0.3936720361633051
0.9366477770068076,0.9489749433220697,0.9487406926283644,0.9354983036827675,0.9105783176533604,0.8885338387363266,0.9390291499507128,0.9533254256677373,0.9458103775172934,0.9284412109651968,0.931367052201686,0.9342666231373802,0.891358505079587,1.0,0.9461657853077768,0.908636814121527,0.9296404486703786,0.8065278585692681,0.7430108557919151,0.8907764381296457,0.9197116452199484,0.8493263012252238,0.8320130111226446,0.7449526058502081,0.9064981048259836,0.9060693729641288,0.9560957186841551,0.9172529286752228,0.950134078900936,0.9534768142164567,0.9092604927199165,0.7552319398661781,0.9552142025395784,0.9610968600869728,0.9332388346592632,0.9266715871478437,0.9445229733919662,0.9569206378867422,0.9398213703433551,0.8173574646265662,0.828489355167901,0.9100673553292207,0.9121358344951457,0.8503004684602014,0.8968737183394947,0.8055249852357821,0.8720847885244111,0.5589300242876312,0.8309379797532033,-0.9551100956119504,0.5538083843382455,-0.6607260204055448,-0.7577073604498289,-0.5492242848529983,-0.20759028627801115,-0.15635908838896984,-0.4100339980745096,0.10330401555040328,0.29841924407374143,0.7942094855697086,-0.9561271178608253,0.3058584069823,-0.6474557863804056,-0.7563272561507688,-0.5430144409535427,-0.1284530606591196,-0.2792368914526339,0.1803167779485992,0.3701814173879517
0.9144755204503618,0.9588746171724024,0.9473416213471376,0.9347532219604492,0.9036644152207429,0.9064728587432895,0.9455521314218814,0.962053879297961,0.942459734614474,0.929373063889388,0.9353715306863022,0.9071862799420698,0.9203222579140546,0.9461657853077768,1.0,0.9447208829358985,0.9395380765519898,0.8487174790920248,0.8039306883640986,0.8886681037173809,0.8945535646591524,0.8614263720485308,0.8631946263642826,0.7775035177541437,0.911141161435917,0.9211168630868364,0.9607139581387155,0.9005192746595184,0.9518816917562799,0.9454993431817902,0.9097864736916066,0.7629033440956655,0.9642443214434842,0.9677679628962175,0.939826979148017,0.941461398651812,0.9569073380351606,0.9656703295804814,0.9496947924604984,0.8475568857121956,0.8497055655397437,0.928767694277236,0.9207576907090467,0.8771577112961907,0.898288847121104,0.8149233140319989,0.8761308706282404,0.5981329848148611,0.8210689818784399,-0.9642143391353788,0.5624119645762123,-0.6553749981343757,-0.7753853643622164,-0.5668691336767196,-0.22108645644610622,-0.1095856040011055,-0.4254944518644561,0.10737281648489605,0.3450219608332765,0.8033055154324882,-0.962950332990938,0.3012972603188307,-0.6786871564285469,-0.7812216633258043,-0.5795545119365958,-0.12310869816133432,-0.256582365395945,0.2014658182228115,0.4169651934513763
0.8554808989029747,0.9238651197036749,0.9079565116173753,0.9077629372832936,0.8683473640891335,0.8759399074937648,0.9120142044819551,0.9392862849835367,0.9135664250919009,0.8962556197377128,0.915106882297911,0.8839655469309711,0.9132964559307502,0.908636814121527,0.9447208829358985,1.0,0.9147983984984304,0.8553982137173572,0.8102063534689239,0.854613916487108,0.8761228635606388,0.8906219168005561,0.8817182770243068,0.7725847761120807,0.8805333894307562,0.8919286527892505,0.9220416047242936,0.8418278330316211,0.9109102068007264,0.918139778231645,0.9079602733875981,0.7326772113254727,0.9268860035813562,0.9387323403198785,0.9174872231805984,0.9222472214181126,0.9331531550299264,0.9434399268016442,0.9322544984155563,0.8627691244824065,0.7986722703381343,0.8942937464873834,0.8843682814552738,0.8388225866266028,0.8610915776753753,0.7753628538255256,0.8657475590390544,0.62779279390448,0.7990104992191073,-0.936919995353234,0.5431783761254324,-0.6467232296869534,-0.8026512250108221,-0.5889973425125173,-0.23381437944904854,-0.06160803392500011,-0.3850466482485096,0.11993445313169225,0.32930034714623907,0.7781092652130126,-0.9286650012733667,0.32095438953628197,-0.6556145934837796,-0.7924091530850778,-0.5884373324860979,-0.1390231224571691,-0.20267959138405206,0.2530858372749713,0.37982671839148024
0.8869076186549101,0.9650061596583444,0.9445387847417308,0.9199973258773876,0.8962254360834391,0.8705070567217266,0.972377115795797,0.9447994308714892,0.9459291260167986,0.9432803343421537,0.9357590653909572,0.8896207236382623,0.8954132658979598,0.9296404486703786,0.9395380765519898,0.9147983984984304,1.0,0.8893507383329123,0.7729148522157753,0.8811561454282629,0.8765418340493529,0.892758370360919,0.8411575011715542,0.7928894451950963,0.9014694321451132,0.9671808751277441,0.9558062837849981,0.9025000358244196,0.9576425933400478,0.9474316016016942,0.9226692809622302,0.8049235455869928,0.9435337364926225,0.9570401527930558,0.9560884291849074,0.957818631492973,0.9471945522688476,0.957216923288647,0.9504564396571242,0.841234032313559,0.8414041619103229,0.9356184189111796,0.9438379108545253,0.8546060432980714,0.9130286028658972,0.8108685059585967,0.880934006383047,0.6099824874932773,0.8549683131806541,-0.9657704640561835,0.5089435100299426,-0.6304943469402577,-0.7922788467424028,-0.5866542895515741,-0.24448800703033577,-0.23416031677083468,-0.44784149149697844,0.035665001301073695,0.28935824772461693,0.8628036106524128,-0.9593607112251445,0.2976593137430117,-0.6223080137579169,-0.7923378035690486,-0.5728543837504085,-0.1541870915389965,-0.2542946892553041,0.1879347345730757,0.38429234326076667
0.7235170438520097,0.8617226621071415,0.8349025890222879,0.8113436682419685,0.7547298156416623,0.7961788403940674,0.8763555022301798,0.8252451153335474,0.8418902331306006,0.815768775905662,0.8160538516712628,0.7314913663757526,0.8295576616280254,0.8065278585692681,0.8487174790920248,0.8553982137173572,0.8893507383329123,1.0,0.8401864645543683,0.7854421532681264,0.7508155949761918,0.8805290803708811,0.8642147836080685,0.6926326801503295,0.7668824403577892,0.8859760847552277,0.84854458820308,0.7395232353352801,0.8428582311778858,0.8284525244669557,0.8372012665946126,0.690189753987407,0.8240026647878463,0.8494278255821669,0.8572953478376918,0.8624602816445521,0.8463019988326745,0.8572441221719775,0.8746211214024635,0.768246578988636,0.7334134234660582,0.8310208140182388,0.8300898424395696,0.7164030907655486,0.7838214498007443,0.6667794785240192,0.7726984021955313,0.5840931739975221,0.7589910618163617,-0.8699732446855893,0.4288392434640583,-0.6042665950327942,-0.7702836871130238,-0.5783994530101875,-0.22875944672489024,-0.23286809325398183,-0.48016138875726194,0.006894852346606474,0.24884873881191924,0.8002512548655217,-0.850151628255764,0.30704047871321916,-0.5487693056817359,-0.7580787387083463,-0.5418079643162032,-0.10507211722525216,-0.2766528273226613,0.16798666119125086,0.27512325630563006
0.7305424883115316,0.8161367797284215,0.8083251571088643,0.8143312455353724,0.7425550560681362,0.8831051479058734,0.8009461557351221,0.7645072732969229,0.7790646062880086,0.7623896799946844,0.7183297671647958,0.642611377854619,0.8709405484043776,0.7430108557919151,0.8039306883640986,0.8102063534689239,0.7729148522157753,0.8401864645543683,1.0,0.8135977701271679,0.7265028009667682,0.750686147446222,0.7267238353336513,0.6253464600417296,0.6255525828672994,0.7838656212501054,0.7646903971863664,0.7046860794995095,0.7857070274437377,0.7347586736165228,0.7375864189548419,0.6221142046871524,0.7685537370042588,0.7902615927346203,0.7679537103764988,0.7683209851033058,0.8052319086491947,0.7807546816449327,0.7746947238590957,0.6461413574406945,0.7630209779528674,0.8008030375495981,0.7364496507387533,0.7322656189102046,0.7036709436350236,0.6497629887089754,0.6652051749281314,0.40192887859051435,0.6693705565739624,-0.8020446462677824,0.42568205478834714,-0.5680153939195973,-0.6420304388415182,-0.4570213154093518,-0.16309546825515925,-0.17204364487195187,-0.47932618767649243,0.02904877388456997,0.194047122883844,0.6750671176440199,-0.7907600900811115,0.25100809291341203,-0.5239870422281849,-0.671838613465147,-0.4409679872569802,0.002884251432200272,-0.3758350914917675,0.15829289786796957,0.24998594593255918
0.8775178361235124,0.9147996068684616,0.920116665388452,0.9146962643726777,0.9031634132661511,0.9305112179556805,0.9081740867278696,0.8956233668692307,0.9066034053338542,0.9039180908651425,0.8439835415303469,0.8468860854145078,0.9063790998072019,0.8907764381296457,0.8886681037173809,0.854613916487108,0.8811561454282629,0.7854421532681264,0.8135977701271679,1.0,0.8922526020750358,0.8336506467408722,0.7771784283713835,0.7446221206392152,0.76561249275661,0.8674100280231488,0.8935235513269306,0.8712447944295901,0.9028280382788646,0.8857931965782261,0.8488325751570227,0.7969356146222828,0.897031321857115,0.906934141314237,0.8865331685042628,0.8748596889852964,0.9017514186713562,0.8902453052981133,0.8934976943204613,0.768166363738455,0.8696216302975825,0.8875129530656823,0.8631551535975263,0.8173733908346529,0.8817366701673582,0.797622393154201,0.7767108354859308,0.522507463928505,0.7896670418457905,-0.9107010893666558,0.4882921554782734,-0.6169477478082194,-0.7108170194610964,-0.478275193786173,-0.16626669603666136,-0.21314673893318853,-0.5095888032642286,0.01651131269783957,0.22780724058676993,0.8070729318373049,-0.9179938019096406,0.24906638602215145,-0.6357722019668056,-0.730967433233303,-0.48465808466635946,-0.09125347966692149,-0.4030350960674455,0.14681177021065994,0.34675127943428213
0.8951824524463302,0.912355360790665,0.9097603352108801,0.9200663054503767,0.9204378382425537,0.8733811430982673,0.8859912181831913,0.9154287031788778,0.9132396858658922,0.9111230577167636,0.8946538954474279,0.9164997495087316,0.8841416740521976,0.9197116452199484,0.8945535646591524,0.8761228635606388,0.8765418340493529,0.7508155949761918,0.7265028009667682,0.8922526020750358,1.0,0.8452745325846313,0.8178823755947967,0.7251970549622201,0.8387069453162843,0.8569505252045756,0.9066220397694882,0.8804851109576731,0.8997956809715555,0.9253340524717408,0.911234030023623,0.749159794176772,0.9180204432413013,0.9153228228254734,0.9025053340307215,0.8836211757085418,0.9071414619915231,0.9053510698956235,0.9081987960441721,0.8076079981786423,0.8187836531092614,0.8782105031598291,0.8803282569568326,0.8011915210900742,0.8663741373571043,0.756012311629387,0.8156733772857542,0.5938702068840457,0.758270836050706,-0.9191365145629321,0.4955778911509313,-0.6397305042258374,-0.7253460505792672,-0.5001507009703721,-0.22005153493450078,-0.15273007612774556,-0.4885117891984408,0.07510903760870055,0.23790135230374101,0.7746513167303689,-0.924532786390454,0.2553367111608337,-0.6305527926377552,-0.7388311291024477,-0.5054344826658062,-0.1611178206742224,-0.35100244177131473,0.15794537280437765,0.3846844338350919
0.7616009272951751,0.8755899087252653,0.8527924918100135,0.8367872252554935,0.8220587405263723,0.8029880761333587,0.8820240768113028,0.8748779562864623,0.8733012408299364,0.8515528685795131,0.8740387246364086,0.8188088647492343,0.8604817068777894,0.8493263012252238,0.8614263720485308,0.8906219168005561,0.892758370360919,0.8805290803708811,0.750686147446222,0.8336506467408722,0.8452745325846313,1.0,0.8625107364492206,0.7970163073091512,0.820452969509714,0.8651954781175056,0.8722779127769973,0.8026493220766616,0.862879286594908,0.8792115985994788,0.9268470296963575,0.8122214192194078,0.8661780519121741,0.8780601528500159,0.8949631705357528,0.901120080743593,0.8586411913577591,0.8980645299166068,0.9212924210150187,0.8645607217299015,0.7724769447818113,0.8408450310803304,0.8521653101842549,0.7394170125057458,0.8595696467476408,0.6883398836290691,0.8471834728982998,0.68932735834485,0.7737458738175522,-0.8899395431682493,0.4161398726121378,-0.6245411519200035,-0.7913474404366337,-0.5474857387875692,-0.22071297874823928,-0.1573315633577752,-0.44736384678447916,0.05021913436452687,0.2610161766868707,0.8201505266242596,-0.88005495036147,0.2574660961464072,-0.5621543794622246,-0.7732489532232835,-0.5514213497890841,-0.16119420829173875,-0.22088102902644374,0.1926694703459509,0.3434527909567581
0.741072344422162,0.8389006572487733,0.8171752223321657,0.794036141664439,0.7833258108840405,0.7779502620143333,0.8368046957358803,0.8626063816556145,0.8356237482055335,0.8247195260561824,0.8381957084949739,0.8147953655004823,0.8317353310033547,0.8320130111226446,0.8631946263642826,0.8817182770243068,0.8411575011715542,0.8642147836080685,0.7267238353336513,0.7771784283713835,0.8178823755947967,0.8625107364492206,1.0,0.7082021551872674,0.8140258167809944,0.8218069901598675,0.8461436003602792,0.7493894338522583,0.8183581876448663,0.8439259531274094,0.833257802377168,0.664216608170963,0.8536989803213181,0.8541258777878873,0.8383139024167674,0.8476039844925929,0.8494916878183149,0.8639832762020845,0.8966785431698425,0.8451457485195891,0.7349399232822683,0.82047089410612,0.8327222390669419,0.7432284136491379,0.7900161226586557,0.6794279943115655,0.779224967585892,0.7283304577062263,0.7170685466775423,-0.8570756213209135,0.48945527718598375,-0.6248593986546752,-0.7796354959246428,-0.5579150668377694,-0.2247790194166921,-0.04222099489556479,-0.3932781775995668,0.13541762898762139,0.32573022634047527,0.7292616944819852,-0.8483622535107935,0.30266916164547847,-0.587018700340981,-0.7537751238584163,-0.5440642846010665,-0.17593014484322977,-0.16060095486896345,0.2825719446465868,0.35109538035925614
0.679939410105466,0.7984903622456333,0.7562992782741865,0.7062026868455589,0.7437005412528067,0.7198377312064168,0.7955628034669645,0.8179391306217157,0.763370048887444,0.8273689834184605,0.7858334201629942,0.7161982808964649,0.7961717179137855,0.7449526058502081,0.7775035177541437,0.7725847761120807,0.7928894451950963,0.6926326801503295,0.6253464600417296,0.7446221206392152,0.7251970549622201,0.7970163073091512,0.7082021551872674,1.0,0.7304191071862967,0.7856905740635381,0.7736159691941139,0.7890838437811813,0.783464327976839,0.7692858261643581,0.7926167932112522,0.8924048835718204,0.8010009439288877,0.7948415520562359,0.7789993400677049,0.8297344376149309,0.7617275526259926,0.8033283566923122,0.8121010438122096,0.8742580221522711,0.8483289665923256,0.8330818927654362,0.8229741131267095,0.8242806464468949,0.8127534565102109,0.7035473108669675,0.777488959329083,0.7736693525521651,0.6978740395137109,-0.7941464976622216,0.42294746663161664,-0.5212915083563706,-0.6842979419001758,-0.395246534034066,-0.17323418672393837,0.01686402144887371,-0.3583948510384096,0.14122495519493103,0.3054707277674186,0.7570586503864966,-0.7914163527618837,0.23857147491257488,-0.4884824615174086,-0.7117912827014929,-0.4115791670014617,-0.18594567793794092,-0.13440829860009973,0.3097661510099749,0.4458401468556231
0.8726201732759643,0.8912857963011525,0.8693595298832707,0.848145790489619,0.8224062609904277,0.7735411456190341,0.8875829968863763,0.926286713174165,0.8892570953629739,0.8726308505432213,0.9363614865308602,0.9147558022451354,0.8097425255831496,0.9064981048259836,0.911141161435917,0.8805333894307562,0.9014694321451132,0.7668824403577892,0.6255525828672994,0.76561249275661,0.8387069453162843,0.820452969509714,0.8140258167809944,0.7304191071862967,1.0,0.8673634715857317,0.9300286747708969,0.8714906056654563,0.8975649573091099,0.9292659762573862,0.8867551450833865,0.7027845216665509,0.9264535345637975,0.9131757203200266,0.9050107144959735,0.8937957868438082,0.8970009241062338,0.9208337186210686,0.9006650514368797,0.7939809320934479,0.7386197389010059,0.8615054675232112,0.8835452714391233,0.8161245747646011,0.8663132790418046,0.7665137994359742,0.901225121142036,0.5760221915394739,0.7857034011136929,-0.9073968196360498,0.5026264674565679,-0.6145787634567371,-0.7588916758249182,-0.5673804860073403,-0.2351490172620703,-0.07758539261246665,-0.29538664274338267,0.19985866904841854,0.40178697349116177,0.7255121364361511,-0.9043539284847953,0.26933644883687646,-0.598831857525023,-0.7241322654366428,-0.5738872434918941,-0.18874379396271845,-0.08395728099103535,0.25079880810464766,0.4175886411794761
0.865074548587249,0.9532593750289319,0.9331166755479429,0.904490480695007,0.8843113190033602,0.8644147190132228,0.9646719997957169,0.9241142712456335,0.9285431871138332,0.9342516002028401,0.9108717237501925,0.8547258023161345,0.8940558417067198,0.9060693729641288,0.9211168630868364,0.8919286527892505,0.9671808751277441,0.8859760847552277,0.7838656212501054,0.8674100280231488,0.8569505252045756,0.8651954781175056,0.8218069901598675,0.7856905740635381,0.8673634715857317,1.0,0.9366509107812148,0.8856290743661275,0.9449447994791533,0.9205917638381508,0.9023501219962456,0.7942663062962875,0.9253130027797304,0.9378538725698429,0.9350638286758245,0.9478201010735889,0.9338594694726466,0.9336944319827669,0.932220634971716,0.833729736101718,0.8460198634020243,0.9354937663427735,0.9473553414002329,0.8580655041521696,0.8938181955341756,0.8087482014600533,0.8483264631008317,0.600426484493406,0.8309354917600742,-0.9491938497067833,0.4976440778682572,-0.6171013859741991,-0.7760088345231312,-0.5646999298674736,-0.22466842550178925,-0.24503855863051527,-0.47070535967727617,0.01697022695246619,0.2691739125248193,0.8531153000525502,-0.9436889732848567,0.2913588726025034,-0.6104239433583527,-0.7829320394498257,-0.5461879408141843,-0.12383077928033746,-0.2846781490116634,0.18965177598779512,0.37529698815540796
0.9249555280287558,0.969160812937927,0.950514784368912,0.9387095202935793,0.9118328501885672,0.8946396599557579,0.9582738607850273,0.9628491229892869,0.9584793177420338,0.9427390634430648,0.9495736774822884,0.9195811601816413,0.8978618726092898,0.9560957186841551,0.9607139581387155,0.9220416047242936,0.9558062837849981,0.84854458820308,0.7646903971863664,0.8935235513269306,0.9066220397694882,0.8722779127769973,0.8461436003602792,0.7736159691941139,0.9300286747708969,0.9366509107812148,1.0,0.9244726692018034,0.9678743556972307,0.9621515183744579,0.9274379090940671,0.7857419993272207,0.9717728800644979,0.9715800597309557,0.961882643374771,0.9497771990750901,0.9584211132628295,0.9673541781960838,0.958946834406785,0.8349985868952428,0.8495524778529193,0.9298592353143684,0.9305160069168149,0.8614513434878671,0.9204500206831451,0.8113069687758904,0.8970846863949343,0.5866363676725367,0.838047538840849,-0.9731609089415393,0.5205992538219222,-0.6683048343389569,-0.7830658865861141,-0.5724705037117788,-0.2111140585815315,-0.19806996644014913,-0.44405263651172827,0.08010073703589421,0.31069188063075837,0.8208087402805692,-0.9748779289041327,0.2974500173851228,-0.6743349817706226,-0.7800008649216417,-0.5800982729381947,-0.13196037161924248,-0.28315613118338917,0.17853777520729017,0.3781085964028485
0.9410906742675766,0.934355127733892,0.9292766575081073,0.9093731426236427,0.8946960598113197,0.8787630787031679,0.9244536618658852,0.9298168193804398,0.9181374550700807,0.9366580810676715,0.9197966540780933,0.8831707884808387,0.8628576685755256,0.9172529286752228,0.9005192746595184,0.8418278330316211,0.9025000358244196,0.7395232353352801,0.7046860794995095,0.8712447944295901,0.8804851109576731,0.8026493220766616,0.7493894338522583,0.7890838437811813,0.8714906056654563,0.8856290743661275,0.9244726692018034,1.0,0.9444424582529176,0.9198664734164175,0.8884346392424386,0.8084529882505105,0.9343504965840114,0.9258717637866694,0.9154894435724616,0.902634799264683,0.912952862958826,0.9175773185231489,0.9071605714242479,0.782089730830906,0.904036232178313,0.9152708760337924,0.9133385704640548,0.8711847257111748,0.9002623086422887,0.8162279005487355,0.8712287902148279,0.5557920596639294,0.7876331414238013,-0.9221872835802095,0.5136727438248627,-0.5821626891313583,-0.6822965551268313,-0.44747289953746266,-0.21341758727055204,-0.16757030268548692,-0.4151201841175144,0.09937406475190434,0.2722235642899283,0.7950537258257211,-0.9350759132804236,0.22865025199407168,-0.5943354360442229,-0.7079798569626053,-0.48357629864533536,-0.10914216621181545,-0.2944386619456952,0.21842023692318097,0.45564227194628676
0.9389388286089317,0.9747813013997553,0.9671748597985157,0.9501010997099183,0.9217124158194813,0.9100228651084743,0.967810725540307,0.9553441402974805,0.9552747402680445,0.9540450057918771,0.941607694611035,0.9023744152468803,0.9062847296618635,0.950134078900936,0.9518816917562799,0.9109102068007264,0.9576425933400478,0.8428582311778858,0.7857070274437377,0.9028280382788646,0.8997956809715555,0.862879286594908,0.8183581876448663,0.783464327976839,0.8975649573091099,0.9449447994791533,0.9678743556972307,0.9444424582529176,1.0,0.9547497779831966,0.9232689606549375,0.797717736934819,0.9596883676314363,0.9658228653043786,0.9546867579496368,0.9559516460467292,0.958014055239947,0.9602965875385434,0.952823417852854,0.8308833942706051,0.8787273707206998,0.9390493892544379,0.9406728894867855,0.8816678692175375,0.9090892148021243,0.8316227042302833,0.8812904053413272,0.5713121976768303,0.8278617665228443,-0.9701431737857763,0.5378356584513124,-0.6301334708465036,-0.7574082916821745,-0.553002614970677,-0.20511940936142967,-0.21888393782629312,-0.46315470993806857,0.04286516978429765,0.2694206639443155,0.827486821542154,-0.9730524002974499,0.2981855271425511,-0.6565304902420912,-0.7713387473344454,-0.5616020725919133,-0.11401336640764241,-0.3153206820423577,0.17932419353372564,0.393019737084031
0.9180875236606638,0.9539045007746326,0.9450663625366913,0.9315997976635138,0.9082066033547664,0.8719435429290678,0.9414547372442464,0.9589717217931051,0.9470832477789372,0.9350271413562251,0.9510733170200215,0.94159724699213,0.8871804451512514,0.9534768142164567,0.9454993431817902,0.918139778231645,0.9474316016016942,0.8284525244669557,0.7347586736165228,0.8857931965782261,0.9253340524717408,0.8792115985994788,0.8439259531274094,0.7692858261643581,0.9292659762573862,0.9205917638381508,0.9621515183744579,0.9198664734164175,0.9547497779831966,1.0,0.9388796962365377,0.7783740328286003,0.9552414287228694,0.963106078768162,0.9533227889124273,0.9446424620620396,0.9494860730626927,0.958224285130097,0.9506691955713771,0.8401536281202763,0.8240488912555184,0.9110775485308362,0.9234624154921068,0.8401730859503543,0.9041021744673969,0.7991789943443083,0.8858250608977204,0.5925151618610516,0.8281579973659433,-0.9634058006564359,0.5343197415399339,-0.6414293647943234,-0.7818321091554546,-0.5715497286627013,-0.23131561326227584,-0.15838785590072602,-0.42942274081254583,0.08274620650623514,0.31692307101314565,0.8212803647456902,-0.9623446723326771,0.31513403691254704,-0.6454654689378195,-0.7777065757005587,-0.5784955505530806,-0.16565710869405917,-0.24767194816246318,0.18448699700470403,0.4140874670110246
