0,1,2,3,4,5,6,7,8,9,10,11,12,13,14,15,16,17,18,19,20,21,22,23,24,25,26,27,28,29,30,31,32,33,34,35,36,37,38,39,40,41,42,43,44,45,46,47,48,49,50,51,52,53,54,55,56,57,58,59,60,61,62,63,64,65,66,67,68
1.0,0.9092015031891427,0.85280450414129,0.8696069794341301,0.8882905173113808,0.8668576342120695,0.8386383740818186,0.8438346605947656,0.8798346992387885,0.8257302036961537,0.8464431398179992,0.8463503901724383,0.8550217449282405,0.6501921070895843,0.839559207918986,0.8297136458641124,0.7814203366544576,0.7690744158087134,0.8163122902665587,0.8125658384096245,0.8283133280792323,0.6908564862204678,0.8177364408583893,0.7449522696002294,0.9104743101522068,0.8034539183646109,0.8466622091702708,0.9588190854335776,0.9239220481942787,0.8863154564802691,0.8401497054912989,0.415602064778863,0.8908016670801188,0.8469734524842136,0.874185590825885,0.8642053492809099,0.8082484526017635,0.878318239728363,0.8595077643985168,0.7709969455409885,0.8973445255962677,0.8392226849700777,0.8448208703403802,0.7801944458153873,0.8200078072811273,0.754625147349923,0.8690441510274612,0.6457084850268086,0.607151027012763,-0.9080516363217702,0.3590517706159102,-0.4748790898091162,-0.393004628206959,-0.23542499119018684,-0.3810087315981244,-0.5283620521715411,-0.611921441428819,0.09811646029679938,-0.3528153792800177,0.7184048091667824,-0.8747826925771786,0.418456989667637,-0.4944901753875425,-0.16891636811848312,0.10068416350203072,-0.5237746422706829,-0.4737910368177011,-0.07297860095000827,-0.11181953102092758
0.9092015031891427,1.0,0.9105516501847204,0.9249019526585703,0.9361757884154212,0.9451723780607871,0.9476844922230522,0.9496508236837369,0.9508574234734283,0.9105323042561629,0.9196224569011631,0.8920839159594619,0.9044997805671389,0.8048495926401498,0.9264686037963997,0.9212777802981768,0.8985393825672261,0.8628398110060226,0.9010455620218307,0.8729599032783921,0.8479948092576785,0.7345465297273359,0.8787452332893412,0.8459144557733838,0.9116620468827386,0.9229101165327778,0.9362930699027454,0.9165550833449035,0.9731899017462183,0.9668658887831931,0.9108644755279647,0.47071851948471505,0.9628209654323125,0.950911887178382,0.9640458931901513,0.9582892619033012,0.9190898346847276,0.9517999487257373,0.9524182791659032,0.8393675087154314,0.9321964958759263,0.9509467498265066,0.9236720026767506,0.895192836385473,0.9120951206178952,0.8154675711906756,0.9492244520439862,0.7068428912429116,0.6633459086423886,-0.9706611689455755,0.47180847830306405,-0.4498370728099431,-0.48281772600614403,-0.21186625853393448,-0.38894163888602734,-0.4595948284609248,-0.5115939069984756,0.21461612508934044,-0.3070073800906235,0.6995422289744778,-0.964974934718464,0.5407281420313301,-0.4515072618319914,-0.33128781721855727,0.01422438668512716,-0.48221150952982206,-0.4554465023619824,-0.04089841094621411,-0.10919010154790385
0.85280450414129,0.9105516501847204,1.0,0.9630815906899051,0.8432615360171593,0.8698928230540145,0.9454266643094222,0.8697613696276263,0.8722180963198591,0.7865375365575993,0.8705455708448909,0.8282014832485532,0.7975829050218506,0.7172827921968666,0.894634446583533,0.8636919021667763,0.9080028262006842,0.8903033562337954,0.8438675341854641,0.8382394316283507,0.7704370197283243,0.681364690396846,0.7271817812167107,0.7169789749908941,0.7809056991273071,0.9295130303134567,0.901056187300777,0.8555113306106586,0.9370996764212223,0.9075676638271017,0.8530753635765432,0.3904630133405141,0.8743513335462308,0.9147663226513492,0.9168778646357771,0.8534802540446218,0.866087082598009,0.9039302628833475,0.8546203674692673,0.700556020673753,0.8526867963390006,0.8562247398435554,0.8294633002386669,0.8091167161939125,0.8686769290139741,0.7264744339152934,0.8590879926669378,0.5190750374033338,0.6418663291481924,-0.9125921917470858,0.4350068476662076,-0.45626729558852974,-0.43365360911928746,-0.2319612151567987,-0.3776007660144423,-0.5220182720560286,-0.5474081979227836,0.10352267995497526,-0.31812095977914934,0.6279026586054123,-0.9253810804701185,0.49786936611426913,-0.5208364196236329,-0.3488219086007842,-0.0913087161608185,-0.4720056444221297,-0.533044171819092,-0.13731474818233866,-0.14558011130874984
0.8696069794341301,0.9249019526585703,0.9630815906899051,1.0,0.8426734617935169,0.8838696781458861,0.937565477548056,0.8815800923706144,0.8956887365868574,0.8287353887127711,0.8800921733853144,0.8631015548326315,0.8499010837591106,0.6919781621589673,0.8937581304708767,0.8933010118824383,0.8889151815387717,0.8589630486860811,0.8686671063477989,0.8793734864531161,0.8165050578181984,0.716920658475266,0.7429517337294648,0.7356720683248553,0.8048789773528888,0.911006342406616,0.9169710713905445,0.8806069852532671,0.9416299330538531,0.9227045994752124,0.8572294359097131,0.42382571936410807,0.8870723724234226,0.9236108931875685,0.9336589353944007,0.8729748605694915,0.8765405135512949,0.928459785014621,0.8787139477378655,0.7217486059767969,0.8705461417317854,0.8640316332206748,0.8384896724608756,0.8235296140850261,0.8942736421449827,0.7758913165690912,0.8679681368216815,0.5282147981576951,0.6782680497845234,-0.9249992460292469,0.44075366326759485,-0.4568521533140336,-0.4157576857681303,-0.24073657237741936,-0.3449764257809556,-0.4753492264299898,-0.5552369435758814,0.12560299953313278,-0.2922068033074876,0.6114096981114617,-0.9369644883157124,0.5047267810834299,-0.4948421051420322,-0.3332230126938188,-0.06997452799229276,-0.4602501874693124,-0.508081151334456,-0.11860912321167529,-0.1152274824094361
0.8882905173113808,0.9361757884154212,0.8432615360171593,0.8426734617935169,1.0,0.9397891049327735,0.8811386320708721,0.8972812749515318,0.9011969982068195,0.8626192378496378,0.8605474608843936,0.8434159998333681,0.8654358769884901,0.7968814058404176,0.8912021917516918,0.872141427386854,0.8094756414496647,0.8091635666378665,0.8433834402323906,0.8193045113646236,0.8245158641162188,0.6943578322370212,0.8735605770739313,0.8173966546684139,0.904388537726445,0.8587445236808546,0.8608144385735929,0.8903416057292154,0.9194140595462149,0.9221238273078857,0.8904389693635558,0.4124343469374773,0.9355965926251526,0.8798726666011526,0.903038858865061,0.9148552669167014,0.859808281431678,0.8766099563321874,0.8993157358516117,0.8451335291047972,0.9042694846139581,0.9099397157990251,0.8868876372301855,0.8327393821651269,0.8360072978060028,0.7591496121396673,0.907176431509336,0.7337476495942157,0.5633599201244016,-0.9265535715114643,0.4276078848665482,-0.39616924644516127,-0.4523164739549877,-0.17689036316590967,-0.42549906957568784,-0.4975507579762889,-0.5094609803450786,0.16858175614958498,-0.3327401565887741,0.7232538045195478,-0.894672453221152,0.48113574959912414,-0.38971245580328523,-0.22886871536899434,0.0963776974481914,-0.49517623023261065,-0.4719851225216587,-0.04011564532394577,-0.134179408236398
0.8668576342120695,0.9451723780607871,0.8698928230540145,0.8838696781458861,0.9397891049327735,1.0,0.897675437245618,0.8928857521264031,0.9081685279365828,0.8722158238024306,0.8468736120687342,0.8395924503730945,0.8317978327801109,0.804890076172851,0.8889542984752966,0.875805456941513,0.8262140843304,0.8205288566110723,0.8865958918472694,0.8112783700701462,0.7632153296929555,0.6231735386457959,0.8413441733517237,0.7944497426259011,0.8738875344307919,0.899814834420559,0.8767621451994128,0.880220122666225,0.9334505326263585,0.920995216713446,0.8443155527857242,0.33504876788334287,0.9295132547219445,0.8912794076163539,0.9030607711430859,0.9012230538819213,0.8650765615347557,0.8839883161844243,0.8908307090002047,0.802506228440583,0.9257474611704977,0.9338486107926889,0.8830532510368163,0.8519886764886389,0.8533122718375677,0.7579964735873175,0.8992377119349009,0.6655483314395676,0.5555382749806254,-0.925786691104128,0.4099766911677425,-0.3377177391944166,-0.3642722165152363,-0.09800082058807481,-0.36089186355687136,-0.47736125291563875,-0.5046752897380951,0.17921528385213445,-0.3465912927761109,0.6882049202461389,-0.9026434569797495,0.512757918094455,-0.32025595690047437,-0.21907344557355785,0.1230650709211214,-0.4374618418945396,-0.49647477926511246,-0.029175851757446913,-0.17782086374473552
0.8386383740818186,0.9476844922230522,0.9454266643094222,0.937565477548056,0.8811386320708721,0.897675437245618,1.0,0.9200064091464205,0.9207257595287137,0.8600422121242087,0.8985887945311261,0.8413899039636448,0.8401633614486815,0.7815006877347238,0.921766842395763,0.8987681068286147,0.9605225700957145,0.9051949928087692,0.8720260292897747,0.8661195691619014,0.795399579805518,0.7404436340582662,0.7958913491757489,0.8076211365439804,0.8288432594679029,0.9512893615909525,0.9341662474767551,0.8533425415675034,0.9505436910027005,0.9341351861562905,0.8897569532614542,0.5025708293804693,0.9153746112418112,0.9439019305498636,0.9474110287875741,0.9175764363384327,0.9098563572635276,0.9292879020714638,0.9104183893142143,0.7560860226754693,0.8689955432492633,0.9251673564317534,0.8851963081851434,0.8680722284968309,0.9135098369055581,0.7957376763727911,0.90528893955165,0.6185964767331252,0.6653488738366784,-0.9397934052229495,0.48571919915217404,-0.44109490549409586,-0.48388018149178874,-0.22783887117141213,-0.37892190361606304,-0.46575184498873495,-0.47103133732698205,0.17122912385111963,-0.267892536197017,0.6601516199896944,-0.9466033953883425,0.5389443385773134,-0.47944739109852524,-0.4136900307752948,-0.06272186861977068,-0.4507420256935471,-0.4501335621350356,-0.057382017425137044,-0.10661604023280587
0.8438346605947656,0.9496508236837369,0.8697613696276263,0.8815800923706144,0.8972812749515318,0.8928857521264031,0.9200064091464205,1.0,0.922421705454676,0.8749169086556369,0.9301555861110675,0.8776147135732062,0.8875102898176369,0.8573596720111533,0.9242317818891219,0.9191051125257916,0.8738056888551297,0.8160858286819267,0.8389627861540486,0.8520852092500903,0.8405083740007493,0.7543651504877735,0.8316152965400857,0.8253779058265004,0.8832980519841681,0.8722139868838208,0.9465520855629006,0.8484572263850046,0.9221799169976056,0.9301957370698034,0.9028976620603925,0.5377806812438758,0.9584371842402551,0.9621480767318304,0.9527012370195801,0.9333243449602262,0.9497247265566479,0.9436984393717706,0.9381821924365731,0.8276417407386587,0.8572878328846434,0.9148957819928152,0.8806445293048226,0.88583670154249,0.8881483273387265,0.8112286443062975,0.8984369840148558,0.6852271601999355,0.6580810765405835,-0.9391720603876135,0.45382570627270225,-0.4782154800111576,-0.48692860887959794,-0.2229663818556957,-0.35558468344701105,-0.3347682622930423,-0.39830252870415506,0.32032764878304676,-0.1339903811768649,0.6837042466265405,-0.9398862550890547,0.5301541586048514,-0.46730413946812527,-0.44652280209884815,-0.06005429829274556,-0.3927515135926095,-0.3260839948863602,0.08158327178582504,0.025259871213228702
0.8798346992387885,0.9508574234734283,0.8722180963198591,0.8956887365868574,0.9011969982068195,0.9081685279365828,0.9207257595287137,0.922421705454676,1.0,0.9139698869029199,0.9257010308721475,0.8845049324025879,0.8850004617399972,0.7725124522209312,0.895706850857871,0.8837616848708594,0.8764341931099683,0.7896791442750665,0.8285741919339852,0.8379956768067011,0.8319696695893517,0.7205201142302861,0.809083387234129,0.7756387864468385,0.8727375054840315,0.8659456508706324,0.9022804824905531,0.8865065077311233,0.9294591268161154,0.914325299393518,0.8592494864814166,0.5158312073594055,0.924440456032266,0.9163593318080133,0.9422696491804119,0.9058402182028801,0.8878437935744815,0.9277227039655149,0.9204935266634433,0.7606439851653296,0.8769240784312344,0.918209531454353,0.8596064766467539,0.8763520368628982,0.9116095795962643,0.8388533311184777,0.8888371123482074,0.6623645697118681,0.6301546253069306,-0.9341226514070466,0.44358577024519236,-0.4548996444381449,-0.44850256384957066,-0.19325046517391462,-0.31010817532243884,-0.37797077735536794,-0.47081244412711176,0.24914953625691322,-0.22319420355813033,0.6913609042906185,-0.9191976400763914,0.5183828012733775,-0.4418596254610085,-0.33446262225580997,0.03612081995906948,-0.422988861419455,-0.3465000401739002,0.027625001653702224,-0.028191808045059746
0.8257302036961537,0.9105323042561629,0.7865375365575993,0.8287353887127711,0.8626192378496378,0.8722158238024306,0.8600422121242087,0.8749169086556369,0.9139698869029199,1.0,0.8604710926191612,0.8039227024227028,0.9054512031407819,0.7141819351540565,0.7917048625241239,0.8411948725468156,0.8275518089689207,0.7531351181669625,0.838513420837663,0.8397065498314802,0.8499489875314997,0.7159600679936978,0.8460664473766051,0.8257869133937057,0.8557730140940473,0.8278198476271372,0.841638143272743,0.8536646937980141,0.8773765674781293,0.8890637644253988,0.8416679219387684,0.5011234467900781,0.8857278167434611,0.8513887292962014,0.8886082341944613,0.9082183419288683,0.8249248187089269,0.8551170414462986,0.90063985325051,0.7577841977548585,0.8654947965541685,0.9037677666882161,0.8825473476040889,0.8507712987301781,0.8935390341058771,0.834627800326171,0.8941639282315551,0.6962297304821569,0.6359326605369557,-0.8830271897334941,0.5219450299990767,-0.35293192489216413,-0.4887860042069354,-0.14189533660754228,-0.33810539364412295,-0.3689368511315927,-0.39898608124712986,0.20699694638963304,-0.27409251668092816,0.6214977942012442,-0.8758278581817643,0.5111825990594348,-0.35553219278706494,-0.28157582170552764,0.09436294176554696,-0.43950010464584677,-0.33350161568044423,0.02031410099894796,-0.07080916852596489
0.8464431398179992,0.9196224569011631,0.8705455708448909,0.8800921733853144,0.8605474608843936,0.8468736120687342,0.8985887945311261,0.9301555861110675,0.9257010308721475,0.8604710926191612,1.0,0.8643887686448075,0.8732799923287017,0.7855047701747725,0.9019834098981743,0.8793875508220094,0.8688628380697294,0.7633358786596995,0.7848118001373261,0.8238040961978351,0.8446384647612817,0.7470413710534045,0.7583514402345618,0.7305329487307001,0.8380199388682834,0.8265840563548624,0.9091485659081864,0.844025189938217,0.8987863252698159,0.8916433637326162,0.8639956837412687,0.5429415039350759,0.8989966247020601,0.918475100705897,0.9343227641078652,0.8799901344211571,0.9065912890556603,0.933795185115639,0.8998009096022551,0.7306084413283412,0.8099585001576195,0.8704272405165798,0.8299987375710416,0.85854661460369,0.8811060475752585,0.8107631072473807,0.8616403942663382,0.5913237645752352,0.6719555951601159,-0.9087533887025562,0.5048164494994808,-0.49516505224379165,-0.4901074534929942,-0.2534903400701084,-0.32753614205130044,-0.33014102860217587,-0.3641121303502489,0.23137482646428675,-0.12544458067157996,0.6688751144344721,-0.9102692525007053,0.5582988373079971,-0.507761930133995,-0.4223358857190961,-0.08114164918672231,-0.39994489954845897,-0.2796354678650079,0.06451224191613415,0.0758549949144285
0.8463503901724383,0.8920839159594619,0.8282014832485532,0.8631015548326315,0.8434159998333681,0.8395924503730945,0.8413899039636448,0.8776147135732062,0.8845049324025879,0.8039227024227028,0.8643887686448075,1.0,0.8893064748632,0.7270291698045874,0.9020367322572215,0.8861840067352439,0.7687070158584769,0.7317016437368172,0.8035601035820206,0.8466001980221993,0.8615673601977761,0.7098328424965917,0.7889962962754158,0.7221139079675917,0.8282274817626202,0.7716116234678398,0.8747103149082601,0.8270324583901463,0.8713437242277563,0.8868550177084734,0.8270239587615789,0.49172399374114345,0.8918495541675635,0.8854578770843534,0.8999642827785285,0.8577946935575984,0.8457512181733612,0.9293799596172218,0.8793626520553022,0.7953638604701607,0.8043055385566038,0.8142632047235618,0.7714945874333659,0.8277300207904992,0.8490981288796436,0.8410975156882071,0.8061887158759747,0.6517967489098845,0.6125332003068131,-0.8877452328236282,0.37827194150815535,-0.4707804161418706,-0.3935358083234934,-0.25717931236672936,-0.22753095911303678,-0.30919132206597416,-0.4921376760545609,0.2618090660255446,-0.18253505939866185,0.6145955927282949,-0.8817821248070585,0.5017314319667828,-0.4486087095466048,-0.285408950008677,-0.036243925978775925,-0.36555664922831,-0.2912999077877552,0.037058366864258306,0.04156816686971187
0.8550217449282405,0.9044997805671389,0.7975829050218506,0.8499010837591106,0.8654358769884901,0.8317978327801109,0.8401633614486815,0.8875102898176369,0.8850004617399972,0.9054512031407819,0.8732799923287017,0.8893064748632,1.0,0.6968374949023204,0.8458177745276073,0.8923135275466337,0.7841797492489605,0.7553595059713393,0.8446101504069313,0.902103176573393,0.9430569782274906,0.8317584880926935,0.8687683348229984,0.8333065973777067,0.8732494119247114,0.7796140727525223,0.8753867575330728,0.8610570704892044,0.8713265121761213,0.9117146244662228,0.8983695091899228,0.5834074840622769,0.9007485646321662,0.8799244508093744,0.910508069169256,0.9205098160245065,0.8439948543837558,0.8994324483046333,0.9277099474419207,0.8277969856270151,0.8345178412960419,0.8468007161281446,0.8614121362659815,0.8229968844519869,0.8722044656468342,0.8670143595384864,0.8806293883483308,0.7221959573216672,0.6758662769682466,-0.897819482661341,0.48498900241679443,-0.44737362480419623,-0.5176452425145825,-0.28101262142304745,-0.3206016590980538,-0.32857280515910003,-0.4725275489983567,0.19633626615924718,-0.2060261116614616,0.6269970575839346,-0.89156135553978,0.5045825092775964,-0.4425291633133374,-0.32949814507016095,-0.011912189073185095,-0.4393929370797324,-0.32638773524231574,-0.017426386639377425,0.019038772796451862
0.6501921070895843,0.8048495926401498,0.7172827921968666,0.6919781621589673,0.7968814058404176,0.804890076172851,0.7815006877347238,0.8573596720111533,0.7725124522209312,0.7141819351540565,0.7855047701747725,0.7270291698045874,0.6968374949023204,1.0,0.8263069198492468,0.7487925965425952,0.7260277598794392,0.6769774358900968,0.6832700950660392,0.6542785202063054,0.6376169380694211,0.5394617590018435,0.6767468949323756,0.6873208802928609,0.7488969841750645,0.7535460660269336,0.8181707832677545,0.6478232758708794,0.7638638620622896,0.7812408124016169,0.7435714088137532,0.3862462941906138,0.8511526691680775,0.8195987172751847,0.7967621439042685,0.7838754963107635,0.8452810763077598,0.780873580796923,0.7904772859520183,0.6948760509427215,0.6951011102219743,0.8024640847238678,0.7245765125882906,0.7685666771436568,0.7313985901517422,0.6510093191672686,0.7695589729977107,0.5521945423632497,0.5365908969721827,-0.7769009305718989,0.3399880503516139,-0.3176623058822959,-0.3153159525510135,-0.06305267683159234,-0.28199802190677664,-0.2558251188312314,-0.1847388065321661,0.28301194797583085,-0.01786286581055189,0.5765638326053503,-0.789565784811613,0.4743218207539582,-0.2830875072355294,-0.3973132359611448,-0.03621173555442376,-0.26140355580193725,-0.22179356047933907,0.1457381187433912,0.05005075405901685
0.839559207918986,0.9264686037963997,0.894634446583533,0.8937581304708767,0.8912021917516918,0.8889542984752966,0.921766842395763,0.9242317818891219,0.895706850857871,0.7917048625241239,0.9019834098981743,0.9020367322572215,0.8458177745276073,0.8263069198492468,1.0,0.9104843729873807,0.8631390315412069,0.827621977120693,0.8259284970883305,0.8520533021666965,0.8091939195835148,0.734569537576366,0.7828310376923364,0.7584611570823401,0.8410746679028871,0.8670731105306101,0.9413594246396867,0.8344364972113286,0.9177635195510855,0.9125259809099863,0.8782159386822295,0.5083496276526368,0.9273491011268861,0.9433062317283807,0.9373960772623182,0.8912508489873355,0.9169676474681265,0.9437864541376169,0.8958846541168323,0.8009256685481511,0.835297354654629,0.8791154965586158,0.8358609731860452,0.8608966465046411,0.8813519321321956,0.807659654206479,0.8580224345130145,0.639150294614706,0.6124133174112515,-0.9397717410126055,0.4300946062515809,-0.5098670435124889,-0.46574210468026095,-0.31703232384903496,-0.310812017343428,-0.39674947600403077,-0.484075068135912,0.2237255655411325,-0.166679611815898,0.7003669240278956,-0.9215401313953854,0.5471996169171226,-0.5183179091383022,-0.4264853900197476,-0.10174544756527883,-0.39592844855749676,-0.38438311580930107,-0.010574545163820863,0.020309532175933724
0.8297136458641124,0.9212777802981768,0.8636919021667763,0.8933010118824383,0.872141427386854,0.875805456941513,0.8987681068286147,0.9191051125257916,0.8837616848708594,0.8411948725468156,0.8793875508220094,0.8861840067352439,0.8923135275466337,0.7487925965425952,0.9104843729873807,1.0,0.8443321662846157,0.8383233932456121,0.8681070852895094,0.8817063667594256,0.8459182444727671,0.7691484999857169,0.8357717813346104,0.8258157928033504,0.8369388596030349,0.8666568320601702,0.9009533608887164,0.8414392358735499,0.9060822086570722,0.9320335409428777,0.8905049814103141,0.5068690967639449,0.9126431340497704,0.9338503035596201,0.9313244143793475,0.9197238079157279,0.894432437298575,0.9262682830392257,0.9142883283939421,0.8382565257673177,0.8486926298924943,0.8777099624848906,0.8700584083138566,0.8364562969565766,0.8748309282225116,0.8242651995720972,0.8797822182277371,0.6776623191160728,0.6864789203870253,-0.9134064490616404,0.5007319212387692,-0.40949528290569204,-0.4710222246946955,-0.22921031931518904,-0.33714935898249987,-0.3852804425761531,-0.43443388747473405,0.21243672154201948,-0.2395049476384476,0.5886322336638018,-0.9287577338156896,0.5264186045225044,-0.44652706404589304,-0.3535227120391491,-0.06061490663506799,-0.4364572839663958,-0.41861595457211054,-0.014638940257362022,-0.07196289775314803
0.7814203366544576,0.8985393825672261,0.9080028262006842,0.8889151815387717,0.8094756414496647,0.8262140843304,0.9605225700957145,0.8738056888551297,0.8764341931099683,0.8275518089689207,0.8688628380697294,0.7687070158584769,0.7841797492489605,0.7260277598794392,0.8631390315412069,0.8443321662846157,1.0,0.8831596915460603,0.8299475895393266,0.8178444451219695,0.7460516990885818,0.7171944276117198,0.7451344348617482,0.7683588646449767,0.7692815513039876,0.9199652702348409,0.8903729199007796,0.7915071034118705,0.9025700275854509,0.8822567883970914,0.8398482641396189,0.5082603988105013,0.8577918981928818,0.9014012810405083,0.900615967772541,0.8725781746663369,0.8684716737539733,0.8819234944504483,0.8624825337803084,0.6878893805454257,0.8027921087187578,0.8919156746229459,0.8545514606146034,0.828866915352055,0.8871008660719124,0.7557153331089355,0.8645308543768604,0.5674888861802357,0.6668174947356998,-0.883962411295289,0.5111804524285531,-0.4249566241846338,-0.49555475742903565,-0.22435333204186383,-0.36518179617916047,-0.4414956155070147,-0.3989655946884345,0.14382382628961649,-0.26028226812905486,0.5910615192113593,-0.9092471834035232,0.5374977222760737,-0.49163095824761455,-0.45313507340392645,-0.10455598564043746,-0.43448480020760566,-0.41274506502422337,-0.05616095808615458,-0.12445708210925688
0.7690744158087134,0.8628398110060226,0.8903033562337954,0.8589630486860811,0.8091635666378665,0.8205288566110723,0.9051949928087692,0.8160858286819267,0.7896791442750665,0.7531351181669625,0.7633358786596995,0.7317016437368172,0.7553595059713393,0.6769774358900968,0.827621977120693,0.8383233932456121,0.8831596915460603,1.0,0.8831281701380898,0.8304008003662298,0.7162980016479467,0.7353891593518664,0.8126363205865459,0.8035649158020337,0.7500713716600436,0.9176090260948097,0.8294441280463842,0.7803473809851318,0.8781950394553185,0.8820105226619923,0.8746535260468544,0.4071024710050941,0.8254901275862903,0.8638707042689845,0.8519371838710338,0.8666852807624843,0.8019254431828873,0.8299369929822256,0.8446395248957015,0.7732320730289888,0.828822443387508,0.8299280270427395,0.8440484056576778,0.7420419533644308,0.7997087619522277,0.6742622130028779,0.8604105945101685,0.6480113642266497,0.6285014609519243,-0.8588750079868994,0.44793048879010716,-0.3806749094463867,-0.5007733410240763,-0.24253793942138155,-0.41466216329216493,-0.560109033131644,-0.5297550119166797,0.12085025919204798,-0.41573622431661417,0.5580705595799303,-0.8837365215118289,0.48016124009128924,-0.44391096869758956,-0.3489365421143898,-0.08781575689057002,-0.5335224492339035,-0.565504921310096,-0.17034960370996396,-0.26925685887288525
0.8163122902665587,0.9010455620218307,0.8438675341854641,0.8686671063477989,0.8433834402323906,0.8865958918472694,0.8720260292897747,0.8389627861540486,0.8285741919339852,0.838513420837663,0.7848118001373261,0.8035601035820206,0.8446101504069313,0.6832700950660392,0.8259284970883305,0.8681070852895094,0.8299475895393266,0.8831281701380898,1.0,0.8850776615577022,0.7944443258607857,0.7295647978908503,0.8669553774577906,0.8133180805701112,0.799498617117426,0.8767714363873472,0.8438423142384741,0.8283272660535074,0.8913404166863665,0.9054589346762302,0.8536345888908418,0.39537672383876826,0.871674754630061,0.8713837074580291,0.8705190162380799,0.9005270593459296,0.8312929258386669,0.8643145751969503,0.8865921381650548,0.7973951524216754,0.8878445573333215,0.8726095802299437,0.8929724719750147,0.7918887862355188,0.8245796150542437,0.7688802565538768,0.87964956014388,0.649260821377604,0.6839635310791705,-0.8679017439017997,0.5004052042746313,-0.3396751457308567,-0.4380118707100499,-0.1585332301498857,-0.3453918906150085,-0.4436074816255278,-0.49999254383375397,0.11619004794745771,-0.36677973063355773,0.5208318247839173,-0.9031512379362138,0.5236794519073458,-0.3744379646891492,-0.2767932377856348,-0.00909603422281004,-0.4813154101245444,-0.5276064670330652,-0.12268676873182738,-0.1969256714173743
0.8125658384096245,0.8729599032783921,0.8382394316283507,0.8793734864531161,0.8193045113646236,0.8112783700701462,0.8661195691619014,0.8520852092500903,0.8379956768067011,0.8397065498314802,0.8238040961978351,0.8466001980221993,0.902103176573393,0.6542785202063054,0.8520533021666965,0.8817063667594256,0.8178444451219695,0.8304008003662298,0.8850776615577022,1.0,0.8909858687762906,0.8805933971202752,0.8042916855787123,0.8162225911741617,0.7772341688277591,0.8142013449123494,0.8811281876819947,0.8208574733910702,0.8615179631469009,0.888772492478225,0.8886117469933544,0.628088690112093,0.8645302512259504,0.8838948561768047,0.8919417337754513,0.8893015812466141,0.8525418942343816,0.8884850308111182,0.8850354992614534,0.7763666482817624,0.8277936180261142,0.8129036566277658,0.853099986362276,0.7901408915531017,0.8672249249516035,0.8594979476632015,0.8309057374757127,0.6594662428413645,0.7393701633374328,-0.8696843143306604,0.4990623402251716,-0.43144442067693356,-0.4921116827525375,-0.303230788531583,-0.29810740714910744,-0.3298320550682001,-0.4837867224409694,0.10329521379340907,-0.18531534949777753,0.557843377713683,-0.8884132798424438,0.5201723376224614,-0.4754239060909541,-0.38827851643799965,-0.10462336797566839,-0.42529402130047345,-0.4022410507828106,-0.07848726623966257,0.009620466739148134
0.8283133280792323,0.8479948092576785,0.7704370197283243,0.8165050578181984,0.8245158641162188,0.7632153296929555,0.795399579805518,0.8405083740007493,0.8319696695893517,0.8499489875314997,0.8446384647612817,0.8615673601977761,0.9430569782274906,0.6376169380694211,0.8091939195835148,0.8459182444727671,0.7460516990885818,0.7162980016479467,0.7944443258607857,0.8909858687762906,1.0,0.8501536656391725,0.8064387053196114,0.777548632672795,0.8231759263195989,0.7215831113009142,0.8327610125808613,0.8314506856595576,0.8207866467744569,0.8753375042573321,0.8929347321571302,0.6015092216275935,0.849351578983186,0.8425965080248887,0.869507891791584,0.865988627422434,0.8004938211423274,0.8543867813576412,0.8740113285832759,0.7789106373572067,0.7807343882040323,0.7765534594866316,0.8095019102004185,0.7491314535257689,0.8332446003944084,0.8297128199510005,0.8190736597108799,0.6768439545621072,0.6867917391343534,-0.8505428768467409,0.4631934936275883,-0.4641546308117445,-0.5387940711546274,-0.33078199063095487,-0.3447645927528441,-0.3401885894740987,-0.4626906456168721,0.1495823269986333,-0.19067779242605856,0.58974739348434,-0.8531021020786761,0.44230383751521923,-0.49384944738887054,-0.3380276052613986,-0.08588349214090027,-0.47069990519140326,-0.33136406949298036,-0.054440135858468436,0.04910555107326978
0.6908564862204678,0.7345465297273359,0.681364690396846,0.716920658475266,0.6943578322370212,0.6231735386457959,0.7404436340582662,0.7543651504877735,0.7205201142302861,0.7159600679936978,0.7470413710534045,0.7098328424965917,0.8317584880926935,0.5394617590018435,0.734569537576366,0.7691484999857169,0.7171944276117198,0.7353891593518664,0.7295647978908503,0.8805933971202752,0.8501536656391725,1.0,0.7262213786083473,0.7670684948190718,0.6805024485632626,0.641820026628531,0.7735838962187422,0.7070527681574716,0.7143043215903904,0.7648185487553681,0.8610960282946145,0.7902626886628206,0.7297524609216229,0.7746727288265911,0.7886863394173191,0.7941424998920774,0.7419693692331456,0.7681246865847693,0.8075454452589461,0.7152171378454312,0.6531291990231036,0.6761363704008612,0.733818790857763,0.6403393577713233,0.7326093970505465,0.7669081894400983,0.7159614045848883,0.6652217209286009,0.7173412800332323,-0.744766592671362,0.45278833426032833,-0.49001097456415443,-0.5715300262829849,-0.41520990000662994,-0.2885885908069358,-0.2366993932186582,-0.3907992503563828,0.10853436444918876,-0.05528933564933196,0.5089760991131124,-0.7700665828663628,0.4203079822288103,-0.5417484977395715,-0.5068608347665766,-0.2317096976141013,-0.3994295624417503,-0.2789244561101283,-0.05431325595542395,0.12851697557799036
0.8177364408583893,0.8787452332893412,0.7271817812167107,0.7429517337294648,0.8735605770739313,0.8413441733517237,0.7958913491757489,0.8316152965400857,0.809083387234129,0.8460664473766051,0.7583514402345618,0.7889962962754158,0.8687683348229984,0.6767468949323756,0.7828310376923364,0.8357717813346104,0.7451344348617482,0.8126363205865459,0.8669553774577906,0.8042916855787123,0.8064387053196114,0.7262213786083473,1.0,0.8866780593982874,0.8812880045742799,0.7947306669663008,0.7862798698648497,0.8223031136380422,0.8454656904036498,0.8851835596278393,0.8749925598779148,0.42122164597675077,0.8708867856891247,0.8113679034907593,0.8295861666793432,0.9203329024638536,0.7714202086653861,0.8169820812551903,0.9001135046176166,0.91883756699538,0.8581916850906548,0.853991316936825,0.8820375413715332,0.7691953580785245,0.7731247021033523,0.7369725222635346,0.8986706859710177,0.8774424194764474,0.5477767904382006,-0.8605528820040373,0.41854448283271733,-0.3300243198285193,-0.5081952777945367,-0.18978313435018704,-0.39429437603905404,-0.4481085590612229,-0.5019088933808651,0.20594726580486647,-0.4071153117632239,0.6444731820555119,-0.8388156794800323,0.4441879860658825,-0.31646908529316864,-0.20503063723149234,0.11861670062912301,-0.49928936773220584,-0.43587928462341685,-0.04957430524115705,-0.20534272939373516
0.7449522696002294,0.8459144557733838,0.7169789749908941,0.7356720683248553,0.8173966546684139,0.7944497426259011,0.8076211365439804,0.8253779058265004,0.7756387864468385,0.8257869133937057,0.7305329487307001,0.7221139079675917,0.8333065973777067,0.6873208802928609,0.7584611570823401,0.8258157928033504,0.7683588646449767,0.8035649158020337,0.8133180805701112,0.8162225911741617,0.777548632672795,0.7670684948190718,0.8866780593982874,1.0,0.8253260989899429,0.8099365807537188,0.7943848543504868,0.7820281156628099,0.824170253887222,0.866585884463527,0.8805326523450703,0.6024550594919444,0.839860613169009,0.8111974277602108,0.8147484787477357,0.9165583634571022,0.7778795180445014,0.7828800698872991,0.8590214674858708,0.8503023314544008,0.8171821002275873,0.8526457934168636,0.8750043139978094,0.7638821052625603,0.7900408620174277,0.734386053163948,0.8771013529880332,0.8135027450476994,0.6100158051124327,-0.8270113480254474,0.40387002282036494,-0.29744208615100964,-0.4685682162233696,-0.15447729093092546,-0.4205304996164159,-0.3949921951147278,-0.42718099542441434,0.15145472783617533,-0.3121846909440243,0.5933483607158556,-0.8212956529593634,0.4147632047038148,-0.293600952072204,-0.2791963763743468,0.08888247183020369,-0.4527266339199364,-0.42090246467518644,-0.041786310638563404,-0.17240248154884538
0.9104743101522068,0.9116620468827386,0.7809056991273071,0.8048789773528888,0.904388537726445,0.8738875344307919,0.8288432594679029,0.8832980519841681,0.8727375054840315,0.8557730140940473,0.8380199388682834,0.8282274817626202,0.8732494119247114,0.7488969841750645,0.8410746679028871,0.8369388596030349,0.7692815513039876,0.7500713716600436,0.799498617117426,0.7772341688277591,0.8231759263195989,0.6805024485632626,0.8812880045742799,0.8253260989899429,1.0,0.8003975852936553,0.864047351569955,0.8926116850527074,0.8943659354997231,0.9013700611360677,0.8733938795491111,0.4251502288914939,0.9291195593092871,0.8496610265583353,0.8701791452353221,0.9063101404254661,0.831380916696297,0.8639006580086734,0.8915506593219492,0.8462674078771577,0.8669975263857769,0.8704238876583753,0.8661096006030949,0.7978695387369887,0.8153993225446593,0.7461403454772195,0.9019704664616588,0.7400662411875073,0.558230083226404,-0.9074977285304291,0.3294549751161262,-0.420964017350607,-0.42561463836178587,-0.1972202517921094,-0.4139731167842876,-0.4841752199430622,-0.5199668280183769,0.21753655073296724,-0.30550861717219446,0.7452922312310388,-0.863716777356405,0.39291239257818794,-0.39165999887325115,-0.21259556580421965,0.13166528749164597,-0.48213222247627807,-0.3873238882086713,0.01380923812681343,-0.10953614565093384
0.8034539183646109,0.9229101165327778,0.9295130303134567,0.911006342406616,0.8587445236808546,0.899814834420559,0.9512893615909525,0.8722139868838208,0.8659456508706324,0.8278198476271372,0.8265840563548624,0.7716116234678398,0.7796140727525223,0.7535460660269336,0.8670731105306101,0.8666568320601702,0.9199652702348409,0.9176090260948097,0.8767714363873472,0.8142013449123494,0.7215831113009142,0.641820026628531,0.7947306669663008,0.8099365807537188,0.8003975852936553,1.0,0.8733770020394912,0.8309397147122195,0.9322695654328838,0.9213669476413926,0.8541278114483376,0.3727937893264796,0.8819390835354931,0.9032672137901386,0.9006462690219696,0.8928085214469857,0.8579403022358731,0.870774365346153,0.8684938496816571,0.7525395273868953,0.89109823773882,0.9199465379912292,0.8962742418691013,0.8323741165873676,0.8666550795175442,0.7108583220451957,0.9036039389999898,0.6065425686435021,0.6094752328821719,-0.9094944994332108,0.4526324609433501,-0.33866331339782824,-0.452851637905648,-0.14576769542223214,-0.41453269909593365,-0.5316536453607915,-0.50057066764365,0.15177553881840428,-0.4001371848303526,0.6044235636000501,-0.9200224934367812,0.4877528045953192,-0.3898188818284729,-0.31271693817720003,0.005776145163044787,-0.50134397344702,-0.5553800265261046,-0.12843256758863966,-0.2567238951327913
0.8466622091702708,0.9362930699027454,0.901056187300777,0.9169710713905445,0.8608144385735929,0.8767621451994128,0.9341662474767551,0.9465520855629006,0.9022804824905531,0.841638143272743,0.9091485659081864,0.8747103149082601,0.8753867575330728,0.8181707832677545,0.9413594246396867,0.9009533608887164,0.8903729199007796,0.8294441280463842,0.8438423142384741,0.8811281876819947,0.8327610125808613,0.7735838962187422,0.7862798698648497,0.7943848543504868,0.864047351569955,0.8733770020394912,1.0,0.8434724757397888,0.9257010591699123,0.91886816551954,0.8935001567560732,0.5578609416179113,0.942327028000845,0.9538349682207137,0.9478830789953091,0.9156281587781212,0.9374177859173952,0.9508967220566622,0.9215077728219803,0.7753939468338307,0.8349089906283951,0.885970130278715,0.8563411542585032,0.8594750497266671,0.8989271263263675,0.8209195603899293,0.8842388664917232,0.6139706686032249,0.6989336591318906,-0.9392647043356317,0.44311700498284406,-0.5181055493388593,-0.460013354068608,-0.2830683079797763,-0.31740275224724074,-0.3682682599246038,-0.44318859916137154,0.19877559253451596,-0.09605040461881934,0.6979489292170172,-0.9387247680577538,0.5411038778731208,-0.5202381599382746,-0.48758234749837764,-0.12001756627912588,-0.3670520035764419,-0.3620426770214869,-0.01504026974952672,0.060688919709714136
0.9588190854335776,0.9165550833449035,0.8555113306106586,0.8806069852532671,0.8903416057292154,0.880220122666225,0.8533425415675034,0.8484572263850046,0.8865065077311233,0.8536646937980141,0.844025189938217,0.8270324583901463,0.8610570704892044,0.6478232758708794,0.8344364972113286,0.8414392358735499,0.7915071034118705,0.7803473809851318,0.8283272660535074,0.8208574733910702,0.8314506856595576,0.7070527681574716,0.8223031136380422,0.7820281156628099,0.8926116850527074,0.8309397147122195,0.8434724757397888,1.0,0.9347709982746966,0.9027452934136091,0.8576722581223742,0.4429797977558421,0.8821260335506651,0.8516250933975504,0.8875716086658629,0.8809902564849165,0.8029403367812727,0.8717082926652712,0.8733950191654932,0.7796947775407452,0.9271102753879344,0.8678739883924921,0.8639668088303792,0.789424037443012,0.8359281616053009,0.7572670912762219,0.8874011359362536,0.6530460880326798,0.616995750980004,-0.9152579082240276,0.38478074942202434,-0.4549107030373932,-0.4350506109053043,-0.2453465222238132,-0.40600799951682487,-0.521091083919013,-0.6192701878321163,0.12818716577606873,-0.35696638930137764,0.7103612023982618,-0.8832069897859455,0.4226735127792029,-0.4684698655086708,-0.1929000445109141,0.08892564943114185,-0.5359432810493218,-0.5106939120918397,-0.10229114893462869,-0.11811970443296449
0.9239220481942787,0.9731899017462183,0.9370996764212223,0.9416299330538531,0.9194140595462149,0.9334505326263585,0.9505436910027005,0.9221799169976056,0.9294591268161154,0.8773765674781293,0.8987863252698159,0.8713437242277563,0.8713265121761213,0.7638638620622896,0.9177635195510855,0.9060822086570722,0.9025700275854509,0.8781950394553185,0.8913404166863665,0.8615179631469009,0.8207866467744569,0.7143043215903904,0.8454656904036498,0.824170253887222,0.8943659354997231,0.9322695654328838,0.9257010591699123,0.9347709982746966,1.0,0.9583172092779481,0.8977513954876699,0.44698636455021584,0.9416181496382026,0.9358462068157514,0.950135636469673,0.9363493328283082,0.8979963006598466,0.9407057444902343,0.9241138405090771,0.8076564164671027,0.9349218581279944,0.935618429031857,0.9128784473566357,0.8779743067937953,0.9063998792454033,0.7946476841074795,0.9360307282691278,0.6610919529357113,0.6469022084819644,-0.9644346636557675,0.4479099140694498,-0.4583694735079514,-0.45653905281006907,-0.22540862083618382,-0.40845409182058234,-0.5159784972787118,-0.5579459808808099,0.15971544944295082,-0.34882264034453614,0.6985209563699681,-0.9542361129237962,0.5175869538413422,-0.4795535825077907,-0.30495590540621076,0.01836540533880962,-0.5097672062030586,-0.5051248907992134,-0.07934915040409671,-0.14881299677307339
0.8863154564802691,0.9668658887831931,0.9075676638271017,0.9227045994752124,0.9221238273078857,0.920995216713446,0.9341351861562905,0.9301957370698034,0.914325299393518,0.8890637644253988,0.8916433637326162,0.8868550177084734,0.9117146244662228,0.7812408124016169,0.9125259809099863,0.9320335409428777,0.8822567883970914,0.8820105226619923,0.9054589346762302,0.888772492478225,0.8753375042573321,0.7648185487553681,0.8851835596278393,0.866585884463527,0.9013700611360677,0.9213669476413926,0.91886816551954,0.9027452934136091,0.9583172092779481,1.0,0.9403454709447941,0.4749599124650859,0.9474450948044107,0.9470098044469724,0.9551568893687936,0.9597558954745316,0.9018428454733424,0.9347323302732622,0.9486123208791984,0.8666522617710447,0.9168036252891798,0.9256235984990716,0.9209425811309452,0.858575607347897,0.9008545807550755,0.8012923133707182,0.9422764760546565,0.7185217788417168,0.6699990718896306,-0.9565330858251362,0.4556054547614921,-0.42063602127463967,-0.5107197160620642,-0.2400831708253437,-0.4184724186066953,-0.49484581622579427,-0.5337571431348576,0.17558912125916876,-0.3640579348852902,0.6415004725179941,-0.9652083046211888,0.49572370215286954,-0.4452098339307512,-0.31859215699319327,-0.026038054537783222,-0.528086571982335,-0.5039057657988971,-0.10369976947484988,-0.17481043291440432
