0,1,2,3,4,5,6,7,8,9,10,11,12,13,14,15,16,17,18,19,20,21,22,23,24,25,26,27,28,29,30,31,32,33,34,35,36,37,38,39,40,41,42,43,44,45,46,47,48,49,50,51,52,53,54,55,56,57,58,59,60,61,62,63,64,65,66,67,68
1.0,0.9080167860428732,0.8715836704173004,0.9004672243070088,0.8295776704315229,0.6647907948334393,0.8225793011473701,0.8764752894167509,0.848863475738735,0.8493646628805649,0.8797057465325654,0.8427052131088895,0.7867863072456959,0.8703551957411083,0.909950445830694,0.8103883855720924,0.7735242705447942,0.7401049435104193,0.6043727130168012,0.6327410505367559,0.7934369409331289,0.8140592894749109,0.7019858616752312,0.6517711943424617,0.8764520303304436,0.7861279368000599,0.9069166880328706,0.8430870776397944,0.9120943026735656,0.9154834355016133,0.8854347647079146,0.7109169984968479,0.8779794549134972,0.9075261679670902,0.9064711375749323,0.8410841910169738,0.8785669624539055,0.905163344312143,0.8904601847167913,0.6867795670931772,0.7839710092007866,0.8340099361389434,0.7767676960536942,0.6705524182758197,0.8861683075688372,0.5768834034655331,0.8042735691705036,0.6253500452747944,0.45266395540004634,-0.9085851106236047,0.15092305924208152,-0.4818158999720144,-0.5338589025645661,-0.2924607387838901,-0.23894479344166308,-0.22142237480066487,-0.2485508459099147,-0.08909848660389735,0.025497674752439862,0.5233528413009727,-0.9209262325159091,0.13047100944501502,-0.5745451400733211,-0.5983793284810233,-0.48743934981409437,-0.08035720359589946,-0.3951018898268565,0.035967541574625846,0.17873747194691747
0.9080167860428732,1.0,0.902387419050937,0.903945838658328,0.8684332326274357,0.7661210278510955,0.9083525473578046,0.9464520384473855,0.9142414452303808,0.9022499061257365,0.8751338709648411,0.8702023036764458,0.8264018677163443,0.9202124979638023,0.9552037252154988,0.8852923063927115,0.8489259059146834,0.8384083327509365,0.6911189544511892,0.7482069547800869,0.8065272413225049,0.8741598410851111,0.744583525696448,0.722232177994707,0.8674636041285018,0.8801797635093295,0.9613081442048529,0.7876131683549776,0.962840587538708,0.9584870161106487,0.9152193031270093,0.7827538053034018,0.9465852352468104,0.968699481735307,0.9516080508961198,0.9241608247555306,0.9525232545442252,0.9655425439452194,0.9443513620489612,0.739526403586575,0.8095150580144382,0.9277212211071193,0.8552901760485271,0.7356869170712464,0.9166311314877983,0.6194332074162646,0.8803893471601059,0.6340648396495012,0.5515094829480873,-0.9658796519436174,0.20785599135804986,-0.48462311903572836,-0.6314788231038232,-0.3337142229431442,-0.1919703486800472,-0.18018948397224832,-0.22311288166507656,-0.10165256754406142,0.0651120085338551,0.5500987856758968,-0.9712145454961981,0.17576524522033657,-0.582242993531916,-0.6729265444896041,-0.43276006686962715,-0.1688342526002095,-0.4220686663489884,0.06410979914201864,0.15770527998367553
0.8715836704173004,0.902387419050937,1.0,0.905116884658312,0.8202500943756129,0.7466219137250102,0.927124265320032,0.8548444292320959,0.7862365184684924,0.7663116631902152,0.8080795966630928,0.7294692826176408,0.6542975883025518,0.8885916161956077,0.8946244132554211,0.8027447301039975,0.8600120252484803,0.8427328347224671,0.6907358384558466,0.6997923571820749,0.7857336815216159,0.8069416775191406,0.5782772878597873,0.6041841703452533,0.7732514358826074,0.8868925939583869,0.895109957462488,0.7485889864757754,0.9092776945229734,0.9179012371969687,0.8533835445828605,0.7017185437390999,0.8676686608501483,0.914139973139462,0.9091860679553834,0.8094037645685398,0.8986796392549705,0.8916617019767208,0.865196305202061,0.5705663874775743,0.7035737069797071,0.808084845819273,0.8329080120455272,0.5606592585835851,0.852015234169358,0.445104759949009,0.8122410895427071,0.4515824813288941,0.636017639991235,-0.9398776184504779,0.25864212589998614,-0.5809759987777724,-0.6859180557655106,-0.39884312733465566,-0.17292119109565007,-0.2810507874858435,-0.32509298555675203,-0.12379227042532367,0.00058071728615844,0.707206637049418,-0.8917040792935315,0.25342517000405296,-0.6892096943982141,-0.7111226569257315,-0.45748145029129283,-0.19742764489882858,-0.4599637149240276,-0.0786469754270823,0.25093986497326015
0.9004672243070088,0.903945838658328,0.905116884658312,1.0,0.9075962698523566,0.8210397515939498,0.8210948878191104,0.8668483997479199,0.84133009756734,0.8340124311165805,0.7927034950898558,0.868834569728423,0.7960874395662415,0.8632860316601103,0.9050649493056747,0.83325943315176,0.7436641281925036,0.7669514030786437,0.5980644359069021,0.6562127722740919,0.8864594267979693,0.8097423158301567,0.7033429567940769,0.5978108149730424,0.7669822115455074,0.7715582914918026,0.9037531507216268,0.7493685838796523,0.8759792488952796,0.8994370113642299,0.8848057637189356,0.6465781675598985,0.8723602917786446,0.915363291244767,0.8977236066308951,0.8333272089941519,0.8903483610862608,0.9058811800756446,0.8843010965345163,0.6750986746832498,0.8082627884142413,0.7872100080194182,0.7359109897000453,0.6169390551272865,0.8579151734506301,0.5307854940041865,0.776250406529172,0.593683080300419,0.49356828432602085,-0.9273172200695943,0.2312199414443271,-0.5239840160374134,-0.5454031393397325,-0.3477523921574364,-0.1756353886592971,-0.25667927095701587,-0.36108509101586106,-0.20714771745932908,-0.010598069366445615,0.5395636898404453,-0.9226465662321477,0.23752681227835853,-0.6212256304743172,-0.572240538181229,-0.47493759543819625,-0.1268157071363125,-0.5344503165632728,-0.061589843040985005,0.12302719238542198
0.8295776704315229,0.8684332326274357,0.8202500943756129,0.9075962698523566,1.0,0.82187932719817,0.7735003251064118,0.8439621504081015,0.812120147070626,0.8429986021063897,0.7541054854763198,0.8809013778256812,0.8068423565973956,0.8259625155536301,0.8584060176057774,0.8028303229380414,0.706280459266496,0.7169513687209759,0.5466349947664246,0.6502049632019955,0.8359273873746593,0.7646303699677353,0.713313725306469,0.5854179604013454,0.7267854024622218,0.7228150998599495,0.8571672936791087,0.6443808584576634,0.8239179807988702,0.8326412197454006,0.820577167001424,0.6139970447190644,0.8478961684329878,0.8682218988788921,0.8408424908919234,0.8017677562978349,0.8402932242311953,0.871515147352349,0.8624929387627788,0.6705358945906638,0.7718986225022814,0.7719478864168404,0.7038624889028028,0.6127276632543998,0.8239061528843366,0.5422094427156509,0.746918325113793,0.589034990140086,0.4173204211164152,-0.8697199444666186,0.18761106872503594,-0.4525715352532537,-0.4963901890131788,-0.2881690831943735,-0.13294916524375466,-0.223747612385852,-0.30037274720354573,-0.15904315069714034,0.009746845195739534,0.4497446734317743,-0.8837860681316801,0.17684086536745486,-0.5366347190635582,-0.5217145773534927,-0.43612123560492194,-0.11318661639083923,-0.4968086263443493,0.03197465995779212,0.07293612933521032
0.6647907948334393,0.7661210278510955,0.7466219137250102,0.8210397515939498,0.82187932719817,1.0,0.6764823558368834,0.7346275662386001,0.7237399594494034,0.6876171251871959,0.572868380640489,0.75223765180633,0.6761083957693464,0.7422848289760399,0.7379329382012766,0.737034246353078,0.5279485690431688,0.6986606182754654,0.606020117562867,0.7275834866825076,0.7753267294826038,0.6995050421089736,0.6754676782452017,0.4106335761661691,0.5525298398357352,0.6020486058049989,0.7638326094070219,0.4651842974281285,0.6936630410984982,0.7233789655078301,0.6783094836867838,0.4446429118442455,0.7581142428743397,0.7784777696165519,0.7324363920881591,0.6798802962909865,0.7731363966751695,0.7737619990610615,0.7683116107772122,0.5999761720068735,0.697619801775882,0.6505932800117225,0.5396637895548672,0.4829478284175978,0.665711802927112,0.39395311174412667,0.6411481150694212,0.5035545505480736,0.42526072530845616,-0.7879929716247556,0.2210291555339209,-0.40129554092540504,-0.46640430664250354,-0.2514744630365686,-0.11719931051375157,-0.15226783011840253,-0.3898594696364975,-0.23983725400561176,0.017008207569740662,0.4532909980360009,-0.7773717092121281,0.3016134072762073,-0.5043332332800168,-0.45735780204985244,-0.31028820273167934,-0.1500080888353606,-0.5655085340005198,-0.06891911527233849,0.06077005152675011
0.8225793011473701,0.9083525473578046,0.927124265320032,0.8210948878191104,0.7735003251064118,0.6764823558368834,1.0,0.8633334158666972,0.796350883772358,0.7876407593529644,0.8132026601107858,0.6909186048580203,0.6403586259759098,0.8684774516428196,0.8890212192772087,0.8176633789226435,0.9397544990607758,0.8890205806080198,0.730141704412758,0.7300462228718472,0.6780618585127256,0.8124055167055197,0.579975159889651,0.6829725930953248,0.8045244932139025,0.9531515885883465,0.8896178898685813,0.7240305423931883,0.919678117871431,0.9096790341871392,0.8232886837857213,0.7738291152970391,0.8576717695182917,0.9033271462879319,0.9012805785562573,0.8334999951708134,0.8971979226469255,0.8880858549470038,0.8694190600280555,0.5712247889525,0.6592360627453604,0.8665755829902531,0.9040562786543008,0.6144611996652106,0.8737671915911793,0.49827992481943606,0.8466990290292221,0.4215671421884462,0.6785455894596719,-0.9222771204905663,0.23910619502626398,-0.5444772866328311,-0.7116941670385295,-0.37142374941178885,-0.1677598704077544,-0.225433743056973,-0.1910694890534613,-0.02034934276890534,0.04397824881571818,0.6858938526207997,-0.8791295404766102,0.1909831480120199,-0.6357524365369055,-0.7523608218880872,-0.4319625171663358,-0.22211811502001538,-0.35398940160742254,0.028941369142139642,0.286930209535403
0.8764752894167509,0.9464520384473855,0.8548444292320959,0.8668483997479199,0.8439621504081015,0.7346275662386001,0.8633334158666972,1.0,0.8842521706272568,0.8946820886164684,0.8933632031124291,0.8907869899523201,0.8456145462321102,0.9176982264949576,0.9319605863921441,0.8510374474146227,0.8043249024530268,0.7981788515539113,0.6405283476017704,0.6846566726763609,0.8008957907717695,0.8320779634934439,0.7453812214598812,0.6994905399295602,0.8914186482027581,0.8282661551543059,0.9408501562136502,0.7827328107460028,0.9161846500809222,0.9425522391767212,0.8976862228281781,0.7292062931457688,0.9553737050151179,0.9456567844431484,0.9294224388698578,0.9032299733241855,0.933874936833067,0.953271886267761,0.9224510364336544,0.7371715334201361,0.7585047276155136,0.8917776299108181,0.8259580211735155,0.7847015822037933,0.9093390252169429,0.6007475933701621,0.8620065683324077,0.6416995640247518,0.5593399425607513,-0.93541195306468,0.2483129041383113,-0.42672717760698153,-0.6338827716109239,-0.29502227856384866,-0.2217423823315259,-0.13882410325131916,-0.10016694750637775,0.01485092485089923,0.15669722818346726,0.5234991682594139,-0.9482761763821237,0.1592977241895996,-0.531680378519922,-0.66414936158338,-0.4263259399258924,-0.20617471971229243,-0.3398294024349597,0.17562795638383163,0.1682351204735147
0.848863475738735,0.9142414452303808,0.7862365184684924,0.84133009756734,0.812120147070626,0.7237399594494034,0.796350883772358,0.8842521706272568,1.0,0.8954719327197974,0.8015091145485292,0.8694043556178868,0.8607540937361436,0.8399391933658524,0.8826393639189394,0.8376892143089205,0.7416734228032887,0.7422680849741816,0.6139506020230046,0.6884787636446678,0.7754066206213647,0.830419326274373,0.7822616247508158,0.698649175890709,0.8160767308580585,0.7730328312351742,0.8995288019033051,0.7337213694987796,0.8825347588537635,0.881511244166278,0.8687284467691512,0.7341282256147219,0.8792132549813613,0.9003461659299816,0.8847031714589496,0.8810242567322442,0.8894632856444827,0.9123890680668525,0.8974496021135948,0.7530675513495138,0.7909345589901013,0.8700477884631685,0.7520724728786043,0.7038213598717081,0.8571000957150807,0.6644057272378325,0.8039047542499099,0.6689431643624362,0.4527487912483223,-0.8860634020402965,0.13498026379929218,-0.3982117856160065,-0.5199385941718506,-0.27871134437514045,-0.1912501531329121,-0.11811414284480393,-0.21058739365141202,-0.12343530328581055,0.09116366820125912,0.3902224571893715,-0.922774838288066,0.12065555555546922,-0.4702553702543806,-0.56565150766945,-0.3999534742871825,-0.1035217371987707,-0.4209130844168607,0.08104803706472712,0.05863427806061023
0.8493646628805649,0.9022499061257365,0.7663116631902152,0.8340124311165805,0.8429986021063897,0.6876171251871959,0.7876407593529644,0.8946820886164684,0.8954719327197974,1.0,0.8109334871839603,0.8894293736713006,0.8855930165136487,0.8491694509366045,0.8726210426249499,0.8017641698311287,0.7667953240117958,0.6973390896737901,0.5208563160197737,0.6176485977152525,0.7826435812973375,0.7805887260367355,0.7263746341827813,0.7312572920682733,0.8122547241437794,0.7863012800512296,0.8844050962039135,0.7692225089463481,0.8836180627151794,0.8650745560496308,0.8551976104304715,0.7626537649064312,0.8745778451566373,0.884056566956635,0.8620919610828678,0.8776126438183774,0.8616486795254442,0.8917743430712364,0.8702777505257262,0.7436217582392202,0.8451034055313674,0.8894551133582774,0.7643812773299351,0.7937722493028406,0.8949683748887589,0.7603140990876119,0.7838987168239561,0.6664160503496507,0.4146153757271906,-0.8669406068550808,0.14957100423813335,-0.32924852968421037,-0.46482949863978523,-0.23961919635273346,-0.16362726018573523,-0.10676565642956844,-0.12375267340673494,-0.039956990440264926,0.10152305135274602,0.35354609985404334,-0.9085799694345149,0.0900543457827989,-0.44062138512950944,-0.520028233431333,-0.38267325018804743,-0.09115839487897841,-0.36855376693582886,0.12879785175447328,0.09007646929298667
0.8797057465325654,0.8751338709648411,0.8080795966630928,0.7927034950898558,0.7541054854763198,0.572868380640489,0.8132026601107858,0.8933632031124291,0.8015091145485292,0.8109334871839603,1.0,0.7776602612543422,0.7903847147016736,0.8193632634623844,0.8854436561242814,0.814150817732241,0.7708212569360651,0.7526284823234813,0.6158905033592466,0.6117980884723984,0.7044999090639122,0.8371462537050492,0.7082386878873297,0.6788934261364852,0.9230728750927744,0.7681738772357491,0.8689222570688162,0.7750223019533796,0.8715992896795293,0.9076652676105573,0.87946565484272,0.707776595673138,0.869456333500864,0.8715890260364562,0.8873386380089717,0.8462440122200291,0.8599693826816173,0.8860487813356211,0.8723262988785999,0.7133635012856445,0.6422123343177049,0.8263316084656362,0.792283600838355,0.6778675400324868,0.8553681198062288,0.5345558887692329,0.851867042079118,0.6394829633195339,0.4778566523613202,-0.8680789607044126,0.2065675027827407,-0.3975078991656362,-0.5757923968771973,-0.26126231681324336,-0.238296709659873,-0.1843055006931056,-0.09921973723798537,0.002290761990968709,0.08866990146579118,0.47990942618139204,-0.8809585254129536,0.12617280145521145,-0.4907752645535773,-0.6403548810589971,-0.4173969762825863,-0.14924385968052317,-0.2785205647300976,0.1635538425749702,0.17176152402047798
0.8427052131088895,0.8702023036764458,0.7294692826176408,0.868834569728423,0.8809013778256812,0.75223765180633,0.6909186048580203,0.8907869899523201,0.8694043556178868,0.8894293736713006,0.7776602612543422,1.0,0.8874481463172746,0.8288247890876652,0.8552830007460505,0.7923389617116376,0.6365036398367719,0.6295541814315171,0.49619605715830245,0.5664222884605464,0.837167916692078,0.7314996518009611,0.779444792311072,0.6130776818530533,0.7799632654138623,0.6531383671521194,0.8622508503946164,0.73176072023649,0.8110800640887377,0.8336531178454264,0.8287766518742783,0.6162959258313078,0.874891298930588,0.8636959516118393,0.8332735067656378,0.8363610206263468,0.8353009323120353,0.8799593088510439,0.8570804106271147,0.743194786432718,0.818684877257465,0.7898447338600783,0.6677776115217396,0.7205128354995121,0.8262906082968908,0.6187666208556812,0.7387198141025484,0.6901818956290473,0.341184665084443,-0.8418674205420619,0.1955327090567488,-0.33277161661652643,-0.4124457646878779,-0.2425561325251152,-0.19569747069205654,-0.12490328112074144,-0.16199094465219752,-0.09706386860997446,0.0790981911829512,0.3316937570033454,-0.8979483776648585,0.14775737127663194,-0.42703769040680134,-0.44894240698765947,-0.382608993879707,-0.08894545310450014,-0.3977604486140554,0.14017463455965387,-0.0020030945662209768
0.7867863072456959,0.8264018677163443,0.6542975883025518,0.7960874395662415,0.8068423565973956,0.6761083957693464,0.6403586259759098,0.8456145462321102,0.8607540937361436,0.8855930165136487,0.7903847147016736,0.8874481463172746,1.0,0.743115050909915,0.8240610566165986,0.7706123365355355,0.5915813294583205,0.6027388721218052,0.45527526456194733,0.576038426585218,0.8048803200813588,0.7604570556273995,0.7893793295426413,0.6187585063521365,0.7860706729071854,0.612717561374163,0.8178957524315805,0.6566125019244154,0.7826814023162637,0.7996924336288532,0.8378156225613291,0.6125109671632142,0.8108142770806315,0.8108485548409315,0.7990563275443596,0.8131044363537832,0.8005706208096314,0.8398835416261674,0.817785802666185,0.7489967374704783,0.7660573855783087,0.7739011966762604,0.6258518548180106,0.7517655738839787,0.8078167317943143,0.6978100296422001,0.7258919654602539,0.7078033608847016,0.3062073550036864,-0.7937829499337139,0.10737152898799689,-0.28109888043521203,-0.3973807279445137,-0.20666862609489228,-0.19054581983709923,-0.10879949799059603,-0.14345664443780748,-0.07078948700227441,0.0849538198188286,0.19994640596667257,-0.8499540933658513,0.0706899172574316,-0.3360406154061764,-0.42678198922220967,-0.3752280734944376,-0.054082615867842104,-0.38177928435215097,0.18879230097602148,-0.0021617745938380287
0.8703551957411083,0.9202124979638023,0.8885916161956077,0.8632860316601103,0.8259625155536301,0.7422848289760399,0.8684774516428196,0.9176982264949576,0.8399391933658524,0.8491694509366045,0.8193632634623844,0.8288247890876652,0.743115050909915,1.0,0.8893676571024558,0.7535750010511346,0.8235832243355803,0.76617415887174,0.6113300324214008,0.6410284350053129,0.7631484320418744,0.7575510572458832,0.620339316121907,0.624878104595085,0.8407669061815908,0.8369274385737487,0.9165399160844585,0.7671439574036857,0.9006681239359164,0.9101395465427021,0.8420488139280373,0.6977914940942583,0.9343161452226536,0.9298665212322115,0.8933823598701154,0.8447557060133669,0.9016498735020371,0.9185278730191437,0.8776535391791223,0.6352906820566636,0.7334464655873462,0.8474786521653721,0.8199296651168203,0.6625757250104519,0.8595750344766502,0.5303965096038306,0.8153900950485613,0.519405373000076,0.58593789005878,-0.9162907615948311,0.2529129976767492,-0.49238552366643096,-0.6568275655240229,-0.3005129798128889,-0.14235254575746098,-0.14885717406791024,-0.16328134638173825,-0.0007191456434964819,0.17573619842936514,0.608178190742224,-0.9099974867259696,0.22310371305503562,-0.5962967362432837,-0.6602815274437029,-0.3772746563955083,-0.20153934931604228,-0.3606730910520175,0.08053258184935207,0.2193221058469411
0.909950445830694,0.9552037252154988,0.8946244132554211,0.9050649493056747,0.8584060176057774,0.7379329382012766,0.8890212192772087,0.9319605863921441,0.8826393639189394,0.8726210426249499,0.8854436561242814,0.8552830007460505,0.8240610566165986,0.8893676571024558,1.0,0.8813634561927026,0.826260566736541,0.8347621740561737,0.6723034731612553,0.708475627735032,0.8004715183777692,0.8744065916226396,0.7509490899653205,0.7005707874963479,0.8899774218123973,0.8524231467636432,0.9565958284363074,0.7646352902620488,0.9391234173132417,0.9488298845037365,0.9166185153098659,0.7486052400778237,0.931855991139347,0.9561160072370194,0.9469005121241338,0.9032239776339595,0.9384086939892812,0.9573551140864665,0.9275598307328152,0.7241040872676539,0.7570541937672817,0.8855686552369093,0.8190230475289173,0.721091164001782,0.9180635833931278,0.6122860364274031,0.8643627971133879,0.6334073655620133,0.5643811831771057,-0.9591825644131562,0.19607750361120743,-0.5186065089692166,-0.6307904193242955,-0.36124666309189407,-0.20333226716985872,-0.22641992113840995,-0.23022685641017346,-0.11404098280146814,0.06970276435108763,0.5487227356728116,-0.9581508434081707,0.15842838654827615,-0.6140279695183627,-0.659430503524449,-0.4781855456858025,-0.1549824257361306,-0.4152653960212488,0.0740308139832314,0.1852354222535028
0.8103883855720924,0.8852923063927115,0.8027447301039975,0.83325943315176,0.8028303229380414,0.737034246353078,0.8176633789226435,0.8510374474146227,0.8376892143089205,0.8017641698311287,0.814150817732241,0.7923389617116376,0.7706123365355355,0.7535750010511346,0.8813634561927026,1.0,0.7201875591554543,0.8510256873275808,0.7350426876829269,0.7888347398355731,0.755081850027967,0.9221910582105834,0.827615592595512,0.6865322907234013,0.7736588235546266,0.7650244569022094,0.8840710156605922,0.6681487578765424,0.8568100156290656,0.8805350842547786,0.860769582239658,0.6871446695466197,0.8287566800844378,0.8838002935087971,0.8880368839024926,0.8593960907383155,0.8772297002016133,0.8855520356853875,0.8976473941363747,0.7688138734328237,0.7260182679270889,0.8310674572202268,0.7284757356355108,0.6310588606035694,0.838698585286948,0.5290248934846977,0.8125810182836187,0.695621387096594,0.4694522462574692,-0.8884460168328054,0.1407563585485401,-0.4204195503690576,-0.5584004458988422,-0.35621050600341586,-0.19413261593459835,-0.19068057836948454,-0.2818847952721616,-0.16014211152332808,-0.035203452417388904,0.4644720814469631,-0.9034521098423053,0.12211796862268744,-0.5257383394371444,-0.6424142443469281,-0.48524553161533485,-0.10399888647165706,-0.44937068295093824,0.039365420019952406,0.08945939824825222
0.7735242705447942,0.8489259059146834,0.8600120252484803,0.7436641281925036,0.706280459266496,0.5279485690431688,0.9397544990607758,0.8043249024530268,0.7416734228032887,0.7667953240117958,0.7708212569360651,0.6365036398367719,0.5915813294583205,0.8235832243355803,0.826260566736541,0.7201875591554543,1.0,0.7819576880191642,0.5921580812725683,0.5746703849880229,0.5907849418403173,0.7178066130356847,0.46207670517878413,0.6955440498634885,0.7797615550147933,0.9444712087822241,0.8274405005605836,0.722569098620464,0.8777044696216267,0.8469242926247654,0.765135836518199,0.799568778206914,0.7998129488247523,0.8390495416516118,0.8422122314405147,0.7891859508989089,0.8239583519908673,0.823972199685994,0.7921468840616831,0.4991216777246054,0.6017935706305415,0.838314510567315,0.9292520381224451,0.5921836161395346,0.8403290914958468,0.509153157139795,0.7961343907744972,0.33774648195243556,0.6498745521810045,-0.8486482765804164,0.20785184229341636,-0.508255729081238,-0.6698840509046139,-0.3645868791451931,-0.1494407539527895,-0.21241288871225353,-0.08084185194121253,0.06942882282131196,0.08216035403220147,0.651862898334255,-0.8136190599894283,0.1396858460324764,-0.5986784710742632,-0.7257316942797747,-0.42554002711274536,-0.2289185244320776,-0.22504327735469265,0.08497677863273309,0.2994362766086717
0.7401049435104193,0.8384083327509365,0.8427328347224671,0.7669514030786437,0.7169513687209759,0.6986606182754654,0.8890205806080198,0.7981788515539113,0.7422680849741816,0.6973390896737901,0.7526284823234813,0.6295541814315171,0.6027388721218052,0.76617415887174,0.8347621740561737,0.8510256873275808,0.7819576880191642,1.0,0.84484910092952,0.8469028197920514,0.640512322666484,0.8550650675740259,0.7159687997924048,0.6223094260738068,0.7314639322182269,0.8374413573246345,0.8464770710141638,0.5948356251148571,0.8362908459456381,0.8370608756211116,0.7691370473823265,0.6541462416304052,0.8008456964277582,0.8505977396662074,0.8443521051229036,0.7710635118463024,0.8493604152180922,0.8355396602616738,0.8510300540489939,0.5900073177250728,0.6113205929775599,0.7973938442262428,0.761002871841901,0.5673615198844605,0.7957796092568615,0.4219801915069683,0.7919583704862946,0.48947917092083554,0.6503045515816,-0.8738498192901627,0.14310112316984783,-0.5080639413571582,-0.6934827383860973,-0.3926475418024098,-0.1272945822085277,-0.20012264081312064,-0.25531355565804204,-0.09267613769465544,0.026002168309793523,0.5745339681549159,-0.8278867394708973,0.15329445163814,-0.5840772974601379,-0.7229656234032241,-0.487006368226553,-0.15118098609037095,-0.40272775001052774,-0.024532838403236445,0.26782541768573526
0.6043727130168012,0.6911189544511892,0.6907358384558466,0.5980644359069021,0.5466349947664246,0.606020117562867,0.730141704412758,0.6405283476017704,0.6139506020230046,0.5208563160197737,0.6158905033592466,0.49619605715830245,0.45527526456194733,0.6113300324214008,0.6723034731612553,0.7350426876829269,0.5921580812725683,0.84484910092952,1.0,0.8375910138730578,0.5319769665752594,0.7049595852743011,0.6592911734633243,0.41808428261386577,0.5883339092030293,0.6708247515282992,0.6836309716612672,0.4424376282245197,0.674007479892365,0.6822677255332985,0.606715905130865,0.45142272575464887,0.6409707787361723,0.6867976774436008,0.6900544401755643,0.5815148528701064,0.6910567680302541,0.6789003379057471,0.7162719739859408,0.4446079390181353,0.47950375092376746,0.6597765612205985,0.607132079805021,0.45031106867035103,0.6347027116272267,0.2708481303274234,0.632049977565423,0.3789734310951228,0.4940325777045917,-0.7159187559728953,0.08354771677272423,-0.40085756415071844,-0.6028354223676042,-0.34955432123027647,-0.15525016825176743,-0.1233167657883715,-0.24708859287728055,-0.10041070726082338,-0.02872050516448514,0.45653907068333105,-0.673401280030035,0.13827146944506502,-0.4693128743355644,-0.6575648183026478,-0.42219579886932945,-0.08910542081460536,-0.38020127108917434,-0.029073002856035365,0.20250446170744135
0.6327410505367559,0.7482069547800869,0.6997923571820749,0.6562127722740919,0.6502049632019955,0.7275834866825076,0.7300462228718472,0.6846566726763609,0.6884787636446678,0.6176485977152525,0.6117980884723984,0.5664222884605464,0.576038426585218,0.6410284350053129,0.708475627735032,0.7888347398355731,0.5746703849880229,0.8469028197920514,0.8375910138730578,1.0,0.6285647838869688,0.7886052173471546,0.7353463087164277,0.4819138797029431,0.5713049454511399,0.678094311837209,0.7335689511971845,0.4271072107813648,0.7231567119002924,0.7108505727777136,0.6723570592988898,0.5110609192397115,0.6900141734060481,0.7384500308565829,0.7236661350980271,0.663679620886967,0.7443781505839214,0.7309083943162329,0.7702466137133147,0.5565236408874482,0.6252233194894278,0.7308969159075107,0.6167660868413345,0.5491332396729899,0.666051771192021,0.4159000500573085,0.6694081388988614,0.4838254404722746,0.45297503504520853,-0.755039432639278,0.043598940082334406,-0.38519177437981306,-0.5699271029030977,-0.2738274839219304,-0.10439136021273356,-0.128511194433531,-0.3190429068993848,-0.14827335909686573,-0.04363494326471001,0.3847839024057141,-0.7307724594495941,0.10273057226873324,-0.4295971763021571,-0.6089449097730084,-0.3920180067299397,-0.10834667054713767,-0.44253782622310023,0.005968182440940771,0.13916074693815342
0.7934369409331289,0.8065272413225049,0.7857336815216159,0.8864594267979693,0.8359273873746593,0.7753267294826038,0.6780618585127256,0.8008957907717695,0.7754066206213647,0.7826435812973375,0.7044999090639122,0.837167916692078,0.8048803200813588,0.7631484320418744,0.8004715183777692,0.755081850027967,0.5907849418403173,0.640512322666484,0.5319769665752594,0.6285647838869688,1.0,0.7020974456859846,0.7072222550185069,0.44010238564876814,0.6446358280938908,0.6331243605042014,0.8039452035819632,0.6463272155014259,0.7600351891237966,0.7944446212841719,0.8198561177566337,0.4862748461622214,0.7814813761564338,0.8123127536732795,0.7961230209107107,0.7099529895601184,0.7902348879788089,0.8061300896544856,0.785139355866104,0.5783247839961149,0.788420948471708,0.6894276453317277,0.6192649861245904,0.628056475599198,0.7777479106987596,0.5142964050703855,0.6485448704547891,0.5427981435715392,0.38016914297045495,-0.8273064328773618,0.17038835731978452,-0.39301326174251083,-0.4608974885055233,-0.30548679248931054,-0.19802370724263893,-0.19494044906741254,-0.33828250564770634,-0.1772723998304968,-0.054092498900175964,0.35802587759217636,-0.8268041127868515,0.19730260461917148,-0.4674852846133637,-0.4737797075766139,-0.4062478413182997,-0.12932554120442047,-0.4952302709010641,-0.004265787652085527,0.047197060157292844
0.8140592894749109,0.8741598410851111,0.8069416775191406,0.8097423158301567,0.7646303699677353,0.6995050421089736,0.8124055167055197,0.8320779634934439,0.830419326274373,0.7805887260367355,0.8371462537050492,0.7314996518009611,0.7604570556273995,0.7575510572458832,0.8744065916226396,0.9221910582105834,0.7178066130356847,0.8550650675740259,0.7049595852743011,0.7886052173471546,0.7020974456859846,1.0,0.792112121393376,0.747404177523586,0.7992280974767733,0.7644314108640433,0.8793709435567907,0.650645499602946,0.8621994354405899,0.8820029019484353,0.8794366143554535,0.7568685972131961,0.8275564744860135,0.876127917413621,0.8818403082142457,0.8715328689792546,0.8704266262254687,0.8828308901724365,0.8953786634401716,0.8123318777712109,0.6942307715795349,0.8362879804971646,0.7245555509499004,0.6330077900885372,0.8335162093329723,0.5278280746192323,0.8424895010038176,0.7328992053296199,0.47001883003156153,-0.8752641781505608,0.06870863706850322,-0.43317679940673004,-0.5717396070039277,-0.31413198033538176,-0.1758271377765305,-0.16625272083571152,-0.2704779427470283,-0.16310016030864039,0.0007435239643558269,0.4653964609823706,-0.8893623202459516,0.0715144463522419,-0.5331808178554215,-0.6479716996099463,-0.4502624550846604,-0.08761446272864205,-0.4307117591945422,0.020007165046542912,0.14165188089696204
0.7019858616752312,0.744583525696448,0.5782772878597873,0.7033429567940769,0.713313725306469,0.6754676782452017,0.579975159889651,0.7453812214598812,0.7822616247508158,0.7263746341827813,0.7082386878873297,0.779444792311072,0.7893793295426413,0.620339316121907,0.7509490899653205,0.827615592595512,0.46207670517878413,0.7159687997924048,0.6592911734633243,0.7353463087164277,0.7072222550185069,0.792112121393376,1.0,0.565146580732268,0.6864422368210732,0.5107298169556691,0.7534285868146097,0.5041753643714972,0.6797402844923907,0.7098575943702181,0.7167095176475118,0.48108136626749226,0.7249884421074354,0.7406817314824007,0.7277464195977607,0.7361508532143681,0.7312293068168727,0.7705297302915108,0.8235577885588207,0.7685737669170813,0.6698338877446884,0.6792264166889967,0.5130173611461959,0.6165302306429651,0.7125679899916827,0.5180716694101596,0.6719922950324513,0.779222996936507,0.2616748222974341,-0.7365037340089887,0.01320303739193864,-0.2902651414581921,-0.3940522659786883,-0.24794917225227003,-0.20028786197411666,-0.13534875490583917,-0.22255884913226978,-0.1865803429404891,-0.006601306829141675,0.16014230649770744,-0.7825754648542452,0.024089986387165554,-0.33247168071577715,-0.43753503863814214,-0.40715784582747483,-0.0004331411364494293,-0.4397053688551257,0.12124109231298989,-0.019456276628853866
0.6517711943424617,0.722232177994707,0.6041841703452533,0.5978108149730424,0.5854179604013454,0.4106335761661691,0.6829725930953248,0.6994905399295602,0.698649175890709,0.7312572920682733,0.6788934261364852,0.6130776818530533,0.6187585063521365,0.624878104595085,0.7005707874963479,0.6865322907234013,0.6955440498634885,0.6223094260738068,0.41808428261386577,0.4819138797029431,0.44010238564876814,0.747404177523586,0.565146580732268,1.0,0.68500172505246,0.7082335780587863,0.7059473037095532,0.6200209247457182,0.7380353909130206,0.7123888777236664,0.7009411463938743,0.8901904698815808,0.6825981531936817,0.6977392578936688,0.6943014774455376,0.8443519436476613,0.6889423629919937,0.710519115141902,0.7127048818963401,0.8108691863878614,0.6224811876502027,0.7706145656455404,0.6860803718992312,0.6548806722430542,0.719867041118314,0.5888567889354173,0.7155018839128351,0.7334868108227691,0.3820162284143795,-0.6805957008658589,0.102686533502429,-0.2546550505585301,-0.42134550945796834,-0.22430327329108565,-0.10041326182226214,-0.15769354899723306,-0.005314712489226455,-0.08453868670483439,0.10564705830047179,0.322559259911953,-0.7246177383699494,-0.02378770573925127,-0.37121315483423767,-0.501183131590702,-0.3325158214447007,-0.05417566837486933,-0.21977784094156103,0.06584265088238463,0.16327535938925136
0.8764520303304436,0.8674636041285018,0.7732514358826074,0.7669822115455074,0.7267854024622218,0.5525298398357352,0.8045244932139025,0.8914186482027581,0.8160767308580585,0.8122547241437794,0.9230728750927744,0.7799632654138623,0.7860706729071854,0.8407669061815908,0.8899774218123973,0.7736588235546266,0.7797615550147933,0.7314639322182269,0.5883339092030293,0.5713049454511399,0.6446358280938908,0.7992280974767733,0.6864422368210732,0.68500172505246,1.0,0.7719234840144351,0.882286356824813,0.7620953728848958,0.8706108584228585,0.8911311245466478,0.8568637562325533,0.7199825516552657,0.87685344354059,0.8737992984468094,0.8775850852720583,0.8445853873622443,0.8571204435049763,0.8861504274879645,0.8576980613053797,0.6898835787431574,0.6168891388974616,0.8319657087883306,0.7941109406478131,0.6865468630501294,0.8597646661385381,0.5654361980266158,0.8340956605998346,0.6016417552228597,0.5167385793762262,-0.8529234702107817,0.15366169850146497,-0.4292338504772597,-0.5801028628317416,-0.25497603996686075,-0.2050062607181718,-0.14048553107067677,-0.05186860855695892,0.06430533696267808,0.18434996452438493,0.49112148652344106,-0.8794179638108808,0.05489863463337174,-0.5123914581732727,-0.6413869363052318,-0.4457894838333017,-0.1354875916964247,-0.22655997106084963,0.2325758074524055,0.2267466265248675
0.7861279368000599,0.8801797635093295,0.8868925939583869,0.7715582914918026,0.7228150998599495,0.6020486058049989,0.9531515885883465,0.8282661551543059,0.7730328312351742,0.7863012800512296,0.7681738772357491,0.6531383671521194,0.612717561374163,0.8369274385737487,0.8524231467636432,0.7650244569022094,0.9444712087822241,0.8374413573246345,0.6708247515282992,0.678094311837209,0.6331243605042014,0.7644314108640433,0.5107298169556691,0.7082335780587863,0.7719234840144351,1.0,0.8632663952010632,0.7269881081240327,0.9108726075994754,0.8721840424090956,0.8000121139007522,0.8052131961840162,0.8195773479482767,0.871425061194742,0.8723862676427111,0.8157799176887884,0.8628465238534819,0.847739930119518,0.8214254850225136,0.5409091135721072,0.6805917266651087,0.888081944845459,0.9166790207771426,0.6482204369282291,0.8563486267210971,0.5516208038008629,0.8084443665552874,0.3866748959639679,0.6767925972851443,-0.882638827130048,0.2293084623133474,-0.4946509493391885,-0.6686826785294699,-0.3632218034839467,-0.15570438863232375,-0.19611184327089531,-0.13370943169292446,0.006553502766904495,0.07255423345149892,0.6562764342588789,-0.8481928170678446,0.1675298251737446,-0.5974479583684291,-0.7258270779862602,-0.4261072592862664,-0.199003030483165,-0.31040452226254767,0.039903747998130276,0.30489011592249426
0.9069166880328706,0.9613081442048529,0.895109957462488,0.9037531507216268,0.8571672936791087,0.7638326094070219,0.8896178898685813,0.9408501562136502,0.8995288019033051,0.8844050962039135,0.8689222570688162,0.8622508503946164,0.8178957524315805,0.9165399160844585,0.9565958284363074,0.8840710156605922,0.8274405005605836,0.8464770710141638,0.6836309716612672,0.7335689511971845,0.8039452035819632,0.8793709435567907,0.7534285868146097,0.7059473037095532,0.882286356824813,0.8632663952010632,1.0,0.7749336389924104,0.9472585162868922,0.9502126106742006,0.9207403131079036,0.7624221818219923,0.9505481858332547,0.9743604797811222,0.9545193093981044,0.914965346935171,0.9581322217359686,0.9633175084928377,0.9360741269360046,0.7394518895135536,0.7811088659709894,0.9115329921571124,0.8314044090129766,0.7140465784838536,0.9119464568071427,0.6063178632602876,0.8524548118961406,0.6389993882408053,0.5947645865586799,-0.966527326474832,0.19105044816192693,-0.5147478979262764,-0.6493703131828282,-0.37844899043119873,-0.18209290264254696,-0.15806508148790394,-0.22260560420234268,-0.08707970518936135,0.12482963715048206,0.5628568266085427,-0.9720373463992915,0.16198259989538832,-0.6088583882163894,-0.6941285131720079,-0.49738692574619364,-0.14784271768631277,-0.42343941094555637,0.08056247018827782,0.21130695444759745
0.8430870776397944,0.7876131683549776,0.7485889864757754,0.7493685838796523,0.6443808584576634,0.4651842974281285,0.7240305423931883,0.7827328107460028,0.7337213694987796,0.7692225089463481,0.7750223019533796,0.73176072023649,0.6566125019244154,0.7671439574036857,0.7646352902620488,0.6681487578765424,0.722569098620464,0.5948356251148571,0.4424376282245197,0.4271072107813648,0.6463272155014259,0.650645499602946,0.5041753643714972,0.6200209247457182,0.7620953728848958,0.7269881081240327,0.7749336389924104,1.0,0.8157775544132321,0.819852273091499,0.788262633450705,0.7001114572562354,0.7786345843992846,0.7819503879298872,0.7871913746390763,0.7460215207342066,0.7514137556602358,0.7649500364885685,0.7341471986389383,0.5587921392871593,0.7309944530857038,0.7564701206672981,0.7213592821777508,0.6374681719924221,0.7756049378348686,0.5790108075127923,0.6823432688539763,0.48805304356152684,0.39593009278916164,-0.7657261993137181,0.18883312483373138,-0.3061690376955029,-0.3775439355823196,-0.20731859130722038,-0.233283346447309,-0.10570827050564045,-0.06063011612048685,0.016760957485470886,0.13665266362324005,0.4228351976652679,-0.7831626388041095,0.11850705006176261,-0.41495854596571313,-0.45483936597644187,-0.3259858852303977,-0.08248302338893801,-0.21608943713323184,0.04624877166064853,0.2188342159495409
0.9120943026735656,0.962840587538708,0.9092776945229734,0.8759792488952796,0.8239179807988702,0.6936630410984982,0.919678117871431,0.9161846500809222,0.8825347588537635,0.8836180627151794,0.8715992896795293,0.8110800640887377,0.7826814023162637,0.9006681239359164,0.9391234173132417,0.8568100156290656,0.8777044696216267,0.8362908459456381,0.674007479892365,0.7231567119002924,0.7600351891237966,0.8621994354405899,0.6797402844923907,0.7380353909130206,0.8706108584228585,0.9108726075994754,0.9472585162868922,0.8157775544132321,1.0,0.9484199042015707,0.9090025310773765,0.8241278434605345,0.9144043815197809,0.9499429372092034,0.9446784484115668,0.9057895965193546,0.9331219298536934,0.9410577902444722,0.9134517197805259,0.6905371069198,0.7991381702041264,0.9317068229689669,0.8754878779658496,0.7331922754187208,0.913280586465744,0.6360092593782696,0.8671998372022915,0.5848281466935814,0.5870107998067813,-0.9524176992205222,0.18440086841772566,-0.47973041874334665,-0.6327220934744477,-0.3484525648129727,-0.20965032902988642,-0.18335757999975583,-0.2013076040183769,-0.06484456328106027,0.060701970197323415,0.5697297066449432,-0.9477871422593643,0.13971567471158564,-0.5792565618015839,-0.6908500734152279,-0.4512867195529325,-0.15910291246814348,-0.3761313898269312,0.03673677070324846,0.22496887429670442
0.9154834355016133,0.9584870161106487,0.9179012371969687,0.8994370113642299,0.8326412197454006,0.7233789655078301,0.9096790341871392,0.9425522391767212,0.881511244166278,0.8650745560496308,0.9076652676105573,0.8336531178454264,0.7996924336288532,0.9101395465427021,0.9488298845037365,0.8805350842547786,0.8469242926247654,0.8370608756211116,0.6822677255332985,0.7108505727777136,0.7944446212841719,0.8820029019484353,0.7098575943702181,0.7123888777236664,0.8911311245466478,0.8721840424090956,0.9502126106742006,0.819852273091499,0.9484199042015707,1.0,0.9381902208879025,0.7709085655420725,0.9355200621845112,0.9592638047054101,0.9533230609979724,0.9121865113263518,0.946541504371491,0.952337894685857,0.9284011388247614,0.7214530331594875,0.7505140346279495,0.8919392046064335,0.8521928693680056,0.7043072455228983,0.9129032689670472,0.5736264472639749,0.8750607693579313,0.6218110313574008,0.5790263430104076,-0.9600481822399496,0.23830192099190306,-0.49944229064723167,-0.6446146514637997,-0.3366502878735734,-0.22547569495041203,-0.19596514141848154,-0.21089811270149597,-0.08147090830423963,0.08184838601757115,0.6016739380364331,-0.9558502184845583,0.18154194700750548,-0.5926094805312844,-0.6924842453696647,-0.44388011842857095,-0.1910900181388201,-0.395445455408203,0.0659264432566452,0.2022171237797438
