0,1,2,3,4,5,6,7,8,9,10,11,12,13,14,15,16,17,18,19,20,21,22,23,24,25,26,27,28,29,30,31,32,33,34,35,36,37,38,39,40,41,42,43,44,45,46,47,48,49,50,51,52,53,54,55,56,57,58,59,60,61,62,63,64,65,66,67,68
1.0,0.8284690151383302,0.8090015535858737,0.7846138700848638,0.6295699327089962,0.5924996660873966,0.7419958859794064,0.7108111146582975,0.6560145042542999,0.6498984798164925,0.6767956952541838,0.8002569975327971,0.5818136568536114,0.711745810696586,0.7978765463180065,0.4861116351661847,0.7368708433245039,0.5256171732003544,0.3309183989302655,0.2997506591803644,0.7427399164077846,0.48848984611991236,0.4959183175886885,0.555516167566859,0.6793050697264575,0.5658801039743586,0.754824873990848,0.8916405254004968,0.8120860480637587,0.8496330860268569,0.6860215202064174,0.4496633213355481,0.7682057839588841,0.7959547786749458,0.7736365446367646,0.7374163498586931,0.6082058374472762,0.7986211933895089,0.6655436412236908,0.48503981944395475,0.6442467687375303,0.6676880796192154,0.6197732938820737,0.49154920523915696,0.7430288237975202,0.3843953786662879,0.604756830636929,0.33733765313299713,0.24716554283061143,-0.8525267453713559,0.14398705203642795,-0.24603612623995744,-0.39998471985762146,-0.2987853574735021,-0.02269112469627886,-0.3365337262270891,-0.2669353527016651,-0.20813251262437676,0.11864639512751628,0.36197916818779835,-0.7896349364438214,0.19785413466752222,-0.23823295620194507,-0.4120856342981538,-0.297164730372039,-0.11558051737592308,-0.1958011251731359,0.01921014348621811,0.13007091505990168
0.8284690151383302,1.0,0.6938576618020162,0.7587234483658654,0.8345422994925051,0.7250841873881068,0.8288343434612664,0.8844122543138919,0.799781992301106,0.831148426896823,0.7812571546422932,0.74290274232467,0.7984275397480339,0.835254415399813,0.8934188721609526,0.6289197994125625,0.7558578583996768,0.6406431578788007,0.41862182892011285,0.3894402241918166,0.5695261052300999,0.44708592383199264,0.6625734128809122,0.7051012677921507,0.7373847089700957,0.6697004736088212,0.8776494122930152,0.7737883070704831,0.8769206627817249,0.874269758812771,0.7161844548750383,0.4010807970924198,0.9017162948465033,0.9226678602560714,0.8778929130129484,0.8818430261066457,0.8419339251751792,0.91752509711627,0.8454823824911595,0.6105189973138688,0.7308689283218913,0.8591006946884726,0.7162499012735006,0.7268443986400179,0.7547108386063354,0.55817763297576,0.7506460273200249,0.4622201439111868,0.5419288701793817,-0.8518750782209207,0.21541921575522768,-0.1366312653762618,-0.43535030559677534,-0.11892396074899306,0.03259956283136473,-0.08428804188763447,-0.11540605737794872,-0.09132645052646565,0.10790927280439791,0.12104956650067576,-0.9363735439253115,0.1928082732189856,-0.15117017239524008,-0.53330278615293,-0.3659049630994345,0.02709500891951192,-0.0788263051739199,0.2572199516201142,0.04397909640656492
0.8090015535858737,0.6938576618020162,1.0,0.7363172385025374,0.5630687798301243,0.5378082119663294,0.7855966021955433,0.4785185193963968,0.41115738613688996,0.4366440661411152,0.41594320633895526,0.6348352746178931,0.3971027188401671,0.5112617304839073,0.6590236938630697,0.40806180989350704,0.7311279884243622,0.6251304906579686,0.5031162975348549,0.5593250890992261,0.7116161981869755,0.6506131553025328,0.45682302330548297,0.41610102630216517,0.377734105665471,0.7071776501591667,0.5324841233145094,0.8275190544506786,0.7656234272423609,0.6466740228467149,0.6515273548474609,0.48363671028136745,0.540490847363215,0.628777221736578,0.6305150673925296,0.5620845957644861,0.38308476602354236,0.6565196313466742,0.5105033501682353,0.42666434837450234,0.6313366893328367,0.521513642383883,0.5959155051574063,0.3134539358682406,0.6778002994381371,0.22725775675944787,0.34705767447467945,0.2908881619650748,0.06803683119798777,-0.864115158625587,0.03509305738186043,-0.32365621178057613,-0.4299343866106699,-0.4851251935338896,0.011300743085723586,-0.5210903968754592,-0.5338958285105533,-0.432213416585229,0.02629332750569847,0.6404742400891946,-0.5712397023783177,0.08407184265044863,-0.2946846185623205,-0.30935118589494537,-0.2189553014632271,-0.18230466001971776,-0.454331992717246,-0.17827916152928358,0.012203117112545772
0.7846138700848638,0.7587234483658654,0.7363172385025374,1.0,0.6465693478173449,0.6445606259194401,0.7045606611152784,0.6264008147325606,0.642387280526325,0.5931922179956628,0.6115302832037264,0.7126836900869741,0.5927573306631442,0.6193025287842102,0.7322245355508649,0.47997167165325344,0.6432510749875647,0.4782064442905071,0.2666589512026345,0.3988556032329908,0.7692971446032637,0.6627992503797875,0.3781503323650105,0.558663934111181,0.5075752015566704,0.5152422448798905,0.6598064845327974,0.739973103005077,0.6871328430123318,0.7614933875570621,0.8066059011401233,0.4747200701222657,0.6430945958964985,0.7238301962328413,0.7563364808554879,0.6921824427676979,0.5603217089054456,0.7569630083202055,0.6055015542192576,0.5069863942293631,0.5038938679072679,0.610490780057001,0.5488994261651176,0.4493301137099157,0.7248563177539946,0.37057023330356137,0.5233352288606298,0.298086548124978,0.2991249537801112,-0.8122867379984815,0.13643484414979057,-0.191040445853328,-0.43359914369035135,-0.34153205960609156,0.0630056095453499,-0.29037706551974923,-0.26156159113603145,-0.32644799420937165,0.06936159077648044,0.3315180405607345,-0.7029935358913687,0.18791063689156245,-0.19154680008146924,-0.44223166417080306,-0.3169390886144617,-0.04850699002590547,-0.21063838523007286,0.03152466229167581,-0.015583536737483649
0.6295699327089962,0.8345422994925051,0.5630687798301243,0.6465693478173449,1.0,0.8106396090390678,0.7506400119256361,0.7527953693411157,0.6992410926405325,0.7214227783982525,0.636628191427391,0.5576901506338788,0.7770413666864683,0.6970825743767516,0.753586849542499,0.6444123274286,0.6024314014946395,0.5875811988279107,0.4167938607186577,0.5033476659159916,0.41501871393228223,0.4986001255410694,0.6023333223223815,0.6204057516344841,0.5740164070338282,0.5663484387386732,0.7228925677608554,0.6193891644768674,0.7094461356979752,0.687125923533823,0.6270389632161213,0.332774567467784,0.8095736161370396,0.7942752992556343,0.7563924593001452,0.7392075718631079,0.7473389100165416,0.7930579158037684,0.7562813384763244,0.5796964821309539,0.6461641839250766,0.7965769926734018,0.6294280150847208,0.664981249882436,0.6817783574377361,0.48645959300049624,0.64994502630747,0.4326920855634142,0.427974857397009,-0.7092794491999724,0.10703500188843727,-0.019221827234294817,-0.3102925491505242,-0.0323041695291747,0.03120676409483593,-0.0548104518963122,-0.08007234044267207,-0.04284960815459927,0.026367762104436324,0.05601077724583874,-0.7963828526159896,0.1550289913002195,-0.0748285883935662,-0.418034361841615,-0.20628045555068936,0.04517188515482321,0.0004901304836391749,0.29698862790014174,-0.03666391587160513
0.5924996660873966,0.7250841873881068,0.5378082119663294,0.6445606259194401,0.8106396090390678,1.0,0.5673166555476888,0.5899596199050464,0.559067799796132,0.5893190772141065,0.4519831764067089,0.5176531187499079,0.641682260263265,0.5712963113776631,0.6463106489249789,0.5389043691212191,0.4078606501763614,0.4595752530252118,0.47543771172021115,0.5645538946167975,0.46423144484526585,0.45066396149570875,0.44994608524790713,0.483202635377962,0.3802574516107809,0.42543060130461274,0.5514391022709924,0.5702474048030197,0.5697418858939336,0.5852549613823883,0.5230176689710391,0.25675261473169003,0.6642892871492918,0.6576328993653792,0.5856962895771147,0.5723067829440703,0.5922656096268054,0.6451128378305259,0.5803044488523432,0.4359032630688058,0.6288120250008575,0.6512239082240919,0.5477979910081926,0.5380291841494236,0.589759956669876,0.37557893471836457,0.46397669688877996,0.22076291674154291,0.3065787333265257,-0.6220560474257432,0.03125228498885727,-0.07790402835258153,-0.17823296043441142,-0.04803827590103756,0.024443655273982214,-0.15601597038073867,-0.1574050144672235,-0.08188848501036726,-0.052151047454106286,0.05475288235039917,-0.6517211126096549,0.11231344449228885,-0.1327338900963525,-0.2587042984110684,-0.13622569257347195,0.010060127574975134,-0.11354338076135174,0.15076620795731316,-0.06209536415618584
0.7419958859794064,0.8288343434612664,0.7855966021955433,0.7045606611152784,0.7506400119256361,0.5673166555476888,1.0,0.679845498427178,0.6271857755362921,0.6469118809032449,0.6046480103584171,0.6061100489692725,0.5925229669163898,0.6545791844181582,0.7855711003839467,0.5895553430409355,0.8940821171611831,0.7734827969791184,0.4619675060180864,0.5433134115472147,0.5207650613832812,0.6233438847248913,0.6163773551995565,0.5971225636835559,0.5762488110847458,0.8173584976431715,0.7313813557467317,0.7471293199606495,0.8256962947491558,0.7080462676784876,0.6847376559790608,0.4964106905802526,0.7167919674235478,0.7949519520389513,0.7846943270701142,0.7338705561799916,0.6265424091541492,0.8090906564534305,0.7219947991183933,0.5664050393642243,0.6650683821228784,0.7658307692411797,0.7141158470603369,0.5431991645461536,0.746268043961116,0.4684635894608006,0.5751140795942998,0.45797844884849437,0.34683117529605695,-0.8683625034879718,0.10048268435106422,-0.12800973526153994,-0.5004601109312411,-0.278483415879884,0.041992112101808074,-0.2387013818252819,-0.3052601390951209,-0.21714630418481765,0.10769924213082666,0.3909469712262243,-0.7557495512719772,0.1560138643438408,-0.15936125952439306,-0.48712052715734344,-0.2517346183007442,-0.04871612017014163,-0.19012350376693093,0.11887615920988462,0.01809464144735219
0.7108111146582975,0.8844122543138919,0.4785185193963968,0.6264008147325606,0.7527953693411157,0.5899596199050464,0.679845498427178,1.0,0.8575309287816756,0.8936170197755993,0.8660325326159527,0.7334712217833365,0.8172855540690591,0.8790000724745926,0.8441017400045556,0.5766327285904641,0.6239511377741878,0.4467732215247562,0.1768856446555484,0.11059191080042355,0.4685202950779679,0.22918050921646935,0.6181962506033237,0.7231273100957092,0.8416607292122498,0.508074349369629,0.9280737946609514,0.6300878317461822,0.7510398473277394,0.8283058859508833,0.5804133308897618,0.3082082554702533,0.9320574458855596,0.9195329495757572,0.8484150624571491,0.8699353142728216,0.9045653375462285,0.8605420231694696,0.8271316544318726,0.6069795080861705,0.620481959088444,0.8395666793963587,0.5772733864116368,0.7857353295170737,0.6668897472779121,0.5886062969034002,0.8110289470986652,0.514926540927002,0.6785434450734541,-0.6920286767339918,0.29439083402753996,-0.0802057678169332,-0.398375066393519,0.02108520117392875,0.04108444326911545,0.1339856236664852,0.09915765560374427,0.03208552223468143,0.1756935728171654,-0.10873936685057332,-0.9489084589654603,0.15688544657405074,-0.12228109973126289,-0.5753832478632762,-0.4341630233657327,0.1416578354282062,0.13723199212544263,0.4722860704942577,0.13533824380540757
0.6560145042542999,0.799781992301106,0.41115738613688996,0.642387280526325,0.6992410926405325,0.559067799796132,0.6271857755362921,0.8575309287816756,1.0,0.8462325627426465,0.7730632349043535,0.6627799324887215,0.7563353348644134,0.7624514854530856,0.7500446237969198,0.4996933852774051,0.5692136775940267,0.3717299290433409,0.10574901820934318,0.12049391188408268,0.45407936550650535,0.25850162072561955,0.5012022178130495,0.6916135574002951,0.7238193779293343,0.4539067543580576,0.826027983688856,0.6210656734511182,0.6669910425280912,0.7537784444527553,0.6200809493250868,0.36203492100418694,0.8244122884254963,0.8194213551595728,0.7885110683722135,0.8082485818002226,0.80841222352656,0.7803608344109925,0.7482833535463991,0.5539341299369689,0.5430594568194532,0.7930990290790925,0.5491257120327635,0.7291538624038019,0.6644460980780459,0.5906018298247216,0.7551725717953606,0.44235553486327633,0.6322799597737606,-0.6321374956806979,0.23616744396904396,0.017281622722621758,-0.2891296979760751,0.0564358193603714,0.05595625339854947,0.150346951634344,0.11644405175657543,0.044776421575461,0.18201553012092853,-0.09937123034275155,-0.8471199324266157,0.21913150811559948,-0.012127061551093927,-0.4579411828693232,-0.3054754131713821,0.126820751283992,0.16791380929635888,0.4183802049641534,0.12104321517588694
0.6498984798164925,0.831148426896823,0.4366440661411152,0.5931922179956628,0.7214227783982525,0.5893190772141065,0.6469118809032449,0.8936170197755993,0.8462325627426465,1.0,0.7681436608153115,0.6391838963961528,0.7955280600520982,0.8097987755518976,0.7318223644513946,0.4536654786561526,0.588636417110465,0.361180059404369,0.11438466157502267,0.09983021742678241,0.4362982350440027,0.18090005486793226,0.5221282997329415,0.6937061349981287,0.7310555639580435,0.5144283886039501,0.8492240685790802,0.6116220535710128,0.6759896670289252,0.7487070914605043,0.5574305030930594,0.3228230666308531,0.8603682516727943,0.829959087994595,0.7634090893511951,0.8204752070647928,0.8231740923360908,0.7935590755192122,0.7514428084426352,0.5533004764476681,0.6228299221988514,0.8278484580493389,0.5737582779660314,0.7975162173373419,0.6720417294411117,0.643349270865742,0.729299306768267,0.41884612395258,0.6608787555658949,-0.6189567946145084,0.26214970690433065,-0.005990641841293849,-0.29283578432835927,0.09728142100991252,0.030317982508859254,0.16251730578865387,0.09716111593424567,0.0239097281094017,0.11175702249451912,-0.1538304814571156,-0.8854202332889531,0.2007055813693979,-0.03339103198680923,-0.4821161937035356,-0.34385152243079675,0.20891347338214694,0.14880703582994964,0.42727907488956446,0.06654501269531624
0.6767956952541838,0.7812571546422932,0.41594320633895526,0.6115302832037264,0.636628191427391,0.4519831764067089,0.6046480103584171,0.8660325326159527,0.7730632349043535,0.7681436608153115,1.0,0.6745923788492632,0.7476189151956949,0.781837128506793,0.7730206115430862,0.5391835395171941,0.6027802035801273,0.4091628860599849,0.12291216899311982,0.010877176624036916,0.4694655917782752,0.28684616750579023,0.5464303901213184,0.6767262087582882,0.8793003732582108,0.3951445270240165,0.8603175779676934,0.5650602227464072,0.6641687477371566,0.8225735402658586,0.6370137449777848,0.2939492591313934,0.8378847874532919,0.8178352589352589,0.8201541536692677,0.7996111840468081,0.808729815377822,0.8025275066497234,0.7378145762978771,0.5634894282722974,0.40142819924668266,0.7397837511071956,0.5054821396430763,0.6334836563308526,0.6161199623757961,0.5350375936917079,0.8209953629365341,0.5120938901525226,0.5487892313266078,-0.6371804042723126,0.30360464298684375,-0.09356085038158171,-0.39380033584214197,-0.020668513515159644,-0.014202119254866308,0.07372549888208836,0.1218302044888685,0.008728110925246068,0.20161627185817352,-0.0406200111146986,-0.8563299654325374,0.14920720076655206,-0.14728828957760104,-0.5703399636288405,-0.3860874344030752,0.09559913547297136,0.15963622618730533,0.38712901081848367,0.13132399315154017
0.8002569975327971,0.74290274232467,0.6348352746178931,0.7126836900869741,0.5576901506338788,0.5176531187499079,0.6061100489692725,0.7334712217833365,0.6627799324887215,0.6391838963961528,0.6745923788492632,1.0,0.6005790193405458,0.7621061962966568,0.7686880209713811,0.421950998913755,0.616099922583838,0.3900425842204907,0.16390171107900986,0.13072452000995963,0.8057000091671572,0.4013329233765302,0.4997140947585255,0.6063541999095446,0.6630936948185623,0.4267236546385412,0.7242123529208749,0.6958261354785393,0.649145547676504,0.821591955180847,0.614968972783558,0.4887782306108867,0.7591073721423343,0.7712294191963918,0.7126788565526546,0.7200997549632268,0.5947671847971832,0.7303492797555249,0.6048033805450777,0.4537739864230295,0.5631717333225744,0.6254629662050017,0.5568261119445038,0.5114252104169065,0.6552927632289727,0.3870178852906098,0.5568985739958683,0.39743474518070576,0.31164972341964636,-0.7636984094836365,0.18486474916049886,-0.23451953019502705,-0.37351731531975413,-0.2689142945633043,0.0118186612872527,-0.21865933550989405,-0.19924424758275708,-0.1914696752846884,0.16001364100242776,0.1994630609354724,-0.7513501504151268,0.14663789820873532,-0.20697378262128027,-0.42169677833375147,-0.3907195079550792,-0.06624294983022427,-0.1060498715944418,0.10128743615147821,0.1309415691814891
0.5818136568536114,0.7984275397480339,0.3971027188401671,0.5927573306631442,0.7770413666864683,0.641682260263265,0.5925229669163898,0.8172855540690591,0.7563353348644134,0.7955280600520982,0.7476189151956949,0.6005790193405458,1.0,0.7704373117176309,0.7211381054909942,0.5454405801950597,0.5134337864589783,0.40125073556641094,0.19733355625644686,0.2301739072690759,0.3584187661847123,0.25912938975055827,0.5501098863685826,0.6468962864515961,0.7052136393462397,0.45568134977028346,0.7798770402671668,0.5446964569811943,0.6849871507711013,0.7221437107566127,0.5995382878908331,0.2522111550828663,0.8322683093228747,0.770960939542103,0.7393760253993175,0.7975082889116819,0.7864415306334426,0.8033096862030795,0.738016933636624,0.5085284482232136,0.5492173525754593,0.7669456240379624,0.5476262085633259,0.7357008753390047,0.6015600690288142,0.5990244544903278,0.6992832125813034,0.42470970344922576,0.5536493911714023,-0.5916043340231552,0.2935123029265555,0.030122192392964903,-0.25143874739735483,0.08243991910076466,0.04069310721636214,0.13551025859539126,0.10396909450481254,0.05822990603363749,0.0981226371382269,-0.1466816553596974,-0.8331811937253425,0.21426119628996582,-0.05096230771622223,-0.4654625713422068,-0.320583241748226,0.10356336271481185,0.08021211213660237,0.35819728410411134,0.09324847814387102
0.711745810696586,0.835254415399813,0.5112617304839073,0.6193025287842102,0.6970825743767516,0.5712963113776631,0.6545791844181582,0.8790000724745926,0.7624514854530856,0.8097987755518976,0.781837128506793,0.7621061962966568,0.7704373117176309,1.0,0.7782671524746501,0.48831885622686266,0.6070650971129674,0.44866730733776705,0.18735572466432013,0.1038413001489265,0.5282673867138039,0.23361744230867015,0.5990935901848078,0.6595394776024168,0.7863845078931982,0.4968202099877777,0.85902806910611,0.6031287773391102,0.7199357779118978,0.8094725877239587,0.5809199236983429,0.29251667920127755,0.8748358383255243,0.854184265263427,0.7838040894561695,0.8138949393142032,0.8045506297810042,0.8234497240362391,0.7536308048084218,0.507912381649117,0.5898316954719363,0.7515921547109093,0.575186858469767,0.7041941865446288,0.6484589637054002,0.5204187232716186,0.7240942307278957,0.4416795821203924,0.5752036545485109,-0.6960123727331645,0.2927538344632313,-0.09879521543914449,-0.37255590500811864,-0.058383221963367336,0.05263134462338778,0.06826605482340599,0.030273507396753357,-0.004936844970005487,0.16437078928798646,-0.03947190998381833,-0.8807850597313214,0.19556092431265662,-0.11823145474240844,-0.5306891546966298,-0.4035771229875106,0.03938526860144269,0.07249787392632936,0.3321659429051205,0.11765494479519253
0.7978765463180065,0.8934188721609526,0.6590236938630697,0.7322245355508649,0.753586849542499,0.6463106489249789,0.7855711003839467,0.8441017400045556,0.7500446237969198,0.7318223644513946,0.7730206115430862,0.7686880209713811,0.7211381054909942,0.7782671524746501,1.0,0.6606411402030042,0.7274301484472963,0.6079785601728375,0.3555958402277594,0.36447602229920906,0.5846848903002659,0.46284247846078425,0.6408172703614134,0.6643529729238629,0.7339755785526,0.6045713189879837,0.8523633588627865,0.6916709995906941,0.8283403803733115,0.8481790519159428,0.6759925310153967,0.4028970388842591,0.8715936988905357,0.9163774377298705,0.8605685603026558,0.8066713215280885,0.7828924032623313,0.8641515345401574,0.788733664508551,0.5818324155004072,0.6396461441742564,0.7913118535164865,0.6760828190735911,0.6646597374451346,0.7215339549525,0.4785028219406346,0.7039441903274232,0.4837910240161768,0.46806273543054394,-0.8554089749699325,0.18233925665272094,-0.22826384249732365,-0.4990224361400651,-0.23651817695950345,0.05772386623428978,-0.16980036670800508,-0.14947012434796708,-0.14388912133065496,0.16206970891690203,0.17249531457777842,-0.8789684280529655,0.12013369823737165,-0.2076221053341545,-0.5369807789214377,-0.4212651050549189,0.008807075073483656,-0.08884353246742369,0.23306355325086703,0.12117560490958414
0.4861116351661847,0.6289197994125625,0.40806180989350704,0.47997167165325344,0.6444123274286,0.5389043691212191,0.5895553430409355,0.5766327285904641,0.4996933852774051,0.4536654786561526,0.5391835395171941,0.421950998913755,0.5454405801950597,0.48831885622686266,0.6606411402030042,1.0,0.4885188167102497,0.6636017447075143,0.43729948447334693,0.4865316091719987,0.22713406434880784,0.513063460514873,0.729070169524714,0.3954234900259957,0.5237971821346231,0.3575041689166119,0.5901308248092738,0.4151557491383561,0.5505733461307148,0.5088375631827741,0.41382025370517933,0.11059650941079685,0.6256115750095772,0.659814031924401,0.6706051496854861,0.5096706260397642,0.5573048582755947,0.6995906468906723,0.6662139057503252,0.6228671886274868,0.36751271609022057,0.5418854717458572,0.40946679658386725,0.4037165527812791,0.5538002183118671,0.3150126966489334,0.5462615553101459,0.5587784204380007,0.304608390988743,-0.6234622642324176,0.14967693104996208,-0.2644526010722078,-0.42811578272071465,-0.18099510844171526,-0.07571074558576199,-0.19191711646459592,-0.11952889761852974,-0.14499813021907929,0.09695177463409504,0.17276937540674542,-0.6249725234262192,0.10064046546557279,-0.3275498331192925,-0.4542103663738101,-0.27093963681174604,-0.07330151074867297,-0.11417371779359377,0.22822573007929176,0.08627938293805099
0.7368708433245039,0.7558578583996768,0.7311279884243622,0.6432510749875647,0.6024314014946395,0.4078606501763614,0.8940821171611831,0.6239511377741878,0.5692136775940267,0.588636417110465,0.6027802035801273,0.616099922583838,0.5134337864589783,0.6070650971129674,0.7274301484472963,0.4885188167102497,1.0,0.687202336858913,0.3471755162209994,0.3877222151626096,0.5539578830733739,0.5643450011568569,0.5432403989819551,0.5607507792390469,0.5930137947283546,0.7391614451461928,0.6895959526032196,0.7184975429488359,0.7638674697457325,0.6941492688562818,0.646852454143483,0.5451937639591806,0.654898811486901,0.7369939017062224,0.7296889833618849,0.6879453364510211,0.5404307347414633,0.7536043084035451,0.6436895195728942,0.49513829254876834,0.6053159579793609,0.7208461162379345,0.7323939124933946,0.4924741659499364,0.686767969138839,0.4521252603666744,0.5296117719843733,0.45680871171687976,0.26332806750655746,-0.8180243499056399,0.11755655132757059,-0.12540557968281477,-0.4963667705386055,-0.31568884415774884,-0.005214472138372003,-0.24805721084964016,-0.2892093167431831,-0.23567528760500744,0.1535003013378895,0.3934662182500561,-0.6983680483143113,0.16732703586860043,-0.14700607496788018,-0.44950597386193447,-0.26488932584547903,-0.0705031390279761,-0.16426775777027183,0.08712572783651323,0.04160991201522184
0.5256171732003544,0.6406431578788007,0.6251304906579686,0.4782064442905071,0.5875811988279107,0.4595752530252118,0.7734827969791184,0.4467732215247562,0.3717299290433409,0.361180059404369,0.4091628860599849,0.3900425842204907,0.40125073556641094,0.44866730733776705,0.6079785601728375,0.6636017447075143,0.687202336858913,1.0,0.7072892173907883,0.6180796956093436,0.30052935622728594,0.5917542440823693,0.7207835374448853,0.32282039163548754,0.39982043588937616,0.639006868732137,0.5003855763945932,0.5150079385023308,0.6193882559913725,0.48854264027207706,0.47482082402136383,0.20398441526954172,0.5053149381406579,0.5781072026243295,0.5748118900725124,0.4577526407834,0.4528700225951346,0.6315146588737784,0.6106189148258981,0.4580323258798619,0.47355352710734827,0.5179310932697232,0.5814511927026239,0.2646321829180936,0.5112198891861495,0.2168796531730143,0.43560259623918757,0.3590543452980928,0.1795776256212092,-0.6939356639151749,0.0022479145446689924,-0.22859544383279168,-0.4375454466356399,-0.256892346250171,0.015266816809892211,-0.2959238052221944,-0.3124200096240329,-0.1421562648486031,-0.013274276555727198,0.3780047548286418,-0.543617872440621,0.0830756956009155,-0.24643009626609896,-0.3645398614638449,-0.1531791118287826,-0.12428528705718224,-0.273785140857374,0.02532372905956913,-0.08596813180001701
0.3309183989302655,0.41862182892011285,0.5031162975348549,0.2666589512026345,0.4167938607186577,0.47543771172021115,0.4619675060180864,0.1768856446555484,0.10574901820934318,0.11438466157502267,0.12291216899311982,0.16390171107900986,0.19733355625644686,0.18735572466432013,0.3555958402277594,0.43729948447334693,0.3471755162209994,0.7072892173907883,1.0,0.7161865484696373,0.2149641248292855,0.43916731478323,0.5021697637016854,0.11483261132574689,0.06731920113543989,0.43945281309401757,0.17830836409036394,0.3349419107388446,0.42303671913244456,0.25548561412174897,0.3177276001698949,0.0705117666485754,0.23933950946343785,0.32435048563377783,0.2940939022516971,0.15535987756902758,0.20633749196391782,0.33445831634405737,0.3057687811150284,0.1465108808379262,0.4264295935997063,0.365706199687658,0.48673376444364846,0.15698635543859474,0.2873995740038383,0.027306472303707835,0.17026910301773288,0.02852658549082237,-0.03236311748584978,-0.45128389026184124,-0.18870956874092476,-0.17003280917285243,-0.2202090736313775,-0.19607535193468856,0.007654089968406941,-0.3281544362229897,-0.3159767718703634,-0.1579642374070984,-0.0796587694568031,0.32071368477554324,-0.2570825274258867,-0.06976586165506739,-0.17959587528648324,-0.10418573872476423,0.0356179168964207,-0.1144237335257158,-0.274406571254017,-0.06853848337013324,-0.15438598018471175
0.2997506591803644,0.3894402241918166,0.5593250890992261,0.3988556032329908,0.5033476659159916,0.5645538946167975,0.5433134115472147,0.11059191080042355,0.12049391188408268,0.09983021742678241,0.010877176624036916,0.13072452000995963,0.2301739072690759,0.1038413001489265,0.36447602229920906,0.4865316091719987,0.3877222151626096,0.6180796956093436,0.7161865484696373,1.0,0.22007440537990589,0.6370409761253846,0.38216827042749574,0.15661849544395287,-0.05938887948721834,0.4764626847498748,0.14967233513634098,0.35623210072358846,0.44531078612502617,0.18478030820006433,0.3775221833626087,0.24738077613015078,0.1995648561712129,0.30181057432948155,0.30590136212339025,0.1813461285410541,0.1413066353361612,0.3492140515173337,0.26039775250203767,0.2394923607575519,0.4539948618540927,0.34070077485080696,0.45558405807042074,0.18861079270150946,0.39840229764386564,0.09340195043509321,0.053298258510648906,0.14935362248685993,-0.03535294686063672,-0.5275282461907215,-0.17752437992389652,-0.18455354684829103,-0.2376687989302324,-0.30095418936554785,-0.0052426636436773855,-0.4266007116770643,-0.45147081409049683,-0.3189365599559208,-0.08491292509692806,0.4685692511618298,-0.20283765232118753,-0.01646889783725555,-0.18795938379758706,-0.09020534303129697,0.04040522278966029,-0.15729378331681015,-0.3889720064761376,-0.12385195443193424,-0.13754177256452824
0.7427399164077846,0.5695261052300999,0.7116161981869755,0.7692971446032637,0.41501871393228223,0.46423144484526585,0.5207650613832812,0.4685202950779679,0.45407936550650535,0.4362982350440027,0.4694655917782752,0.8057000091671572,0.3584187661847123,0.5282673867138039,0.5846848903002659,0.22713406434880784,0.5539578830733739,0.30052935622728594,0.2149641248292855,0.22007440537990589,1.0,0.5651417650008049,0.2690998142918815,0.4341774478795087,0.39614735892529696,0.36547999179059615,0.47571141559103,0.6836082657112696,0.5069528341421283,0.696300643600832,0.6708130305607706,0.5645901357168126,0.49094652156721824,0.5604766025186694,0.5536454930954149,0.5163609159884344,0.3393359186593161,0.5368073466216848,0.36344791508971114,0.292294976621801,0.4575089180482187,0.4458503678623434,0.49323294700991865,0.2675223447764728,0.6093914042249065,0.2027594531176254,0.3086486026500401,0.2008235658529243,0.03013277701644872,-0.7168527643060079,-0.00725946265797426,-0.22785358566346048,-0.3513512787567539,-0.4337245660335646,-0.013105628898612172,-0.41120912200595583,-0.3404925434908663,-0.3448749923274199,0.092744796736839,0.4099406495456985,-0.5082802837467779,0.08929602977042558,-0.21086447275094272,-0.29139433941450454,-0.25070380381912916,-0.1375018896507624,-0.25730001003588265,-0.147744382372698,-0.011791527615369902
0.48848984611991236,0.44708592383199264,0.6506131553025328,0.6627992503797875,0.4986001255410694,0.45066396149570875,0.6233438847248913,0.22918050921646935,0.25850162072561955,0.18090005486793226,0.28684616750579023,0.4013329233765302,0.25912938975055827,0.23361744230867015,0.46284247846078425,0.513063460514873,0.5643450011568569,0.5917542440823693,0.43916731478323,0.6370409761253846,0.5651417650008049,1.0,0.40286878873136894,0.34223861298201225,0.20908964275538536,0.4288416145378521,0.2885045077635757,0.5003359359830307,0.4689849456256573,0.43524206475338995,0.677672897676127,0.5406170700538149,0.3039201008590547,0.42705619597781813,0.5171547582223792,0.3652363459249462,0.18134369011553175,0.5011390705123047,0.39878931215272284,0.4704179988368042,0.3251087682707933,0.3595633739556437,0.4425139993555251,0.07755524957544882,0.5443448580012898,0.06242873766312409,0.20292465561657477,0.3940333416555227,-0.09349113919988455,-0.6942589214440416,-0.17500812260535345,-0.26447524679456347,-0.4358504155460853,-0.5251145904812942,-0.05055904103444232,-0.5447767218524403,-0.4542593109303409,-0.41555616461734673,-0.001409696562053804,0.5996213704715558,-0.31750179426017316,0.03520820119703251,-0.24087085916856477,-0.2842798928554298,-0.09740941694039074,-0.16300397084603913,-0.3494693208457931,-0.15359925854681705,-0.13830813088910296
0.4959183175886885,0.6625734128809122,0.45682302330548297,0.3781503323650105,0.6023333223223815,0.44994608524790713,0.6163773551995565,0.6181962506033237,0.5012022178130495,0.5221282997329415,0.5464303901213184,0.4997140947585255,0.5501098863685826,0.5990935901848078,0.6408172703614134,0.729070169524714,0.5432403989819551,0.7207835374448853,0.5021697637016854,0.38216827042749574,0.2690998142918815,0.40286878873136894,1.0,0.4235513799114366,0.5354773841090654,0.46724629948403673,0.6053745740368345,0.4385816311935708,0.6028518227586546,0.5410371399035604,0.38968510226118575,0.14422378737791736,0.6531925578578355,0.6727125528432193,0.6515937448417873,0.5481960547698204,0.5743987837446527,0.7045339399782563,0.7753888531386738,0.6253424618231034,0.5407293941867313,0.567828585075042,0.5348006254123001,0.4495816821258535,0.5399724408798666,0.3476871058783615,0.5451411232159048,0.5757386046348274,0.3244597699445711,-0.6331221674321942,0.10149304142129262,-0.2065695913240383,-0.39092732346513803,-0.1333011716326066,0.009242284947419186,-0.1516263171087049,-0.11145073362594378,-0.08222027758722361,0.07040458332213405,0.10166805252054582,-0.6440442258373869,0.012079382430196746,-0.2397261747155389,-0.4206285953999036,-0.24869090486297177,-0.044878212970065924,-0.06568145643307795,0.19936117245186408,0.05682993064561753
0.555516167566859,0.7051012677921507,0.41610102630216517,0.558663934111181,0.6204057516344841,0.483202635377962,0.5971225636835559,0.7231273100957092,0.6916135574002951,0.6937061349981287,0.6767262087582882,0.6063541999095446,0.6468962864515961,0.6595394776024168,0.6643529729238629,0.3954234900259957,0.5607507792390469,0.32282039163548754,0.11483261132574689,0.15661849544395287,0.4341774478795087,0.34223861298201225,0.4235513799114366,1.0,0.616188199584367,0.4915074720319539,0.6986726484553849,0.5174958744011258,0.5964779930868712,0.674646787778465,0.6080719478426355,0.6554806329716271,0.7114094897964618,0.7254460559766459,0.7225465829518485,0.8295399361805849,0.6523231834958675,0.6762426597177529,0.6469239768737581,0.5926065705910867,0.5346703999913904,0.7338795571668384,0.5254947485095695,0.6305177424665017,0.6017982657216091,0.5142872411963868,0.6894834589295046,0.597035811558352,0.4645361453338721,-0.5906915499311263,0.1662772654286965,0.003904788940053002,-0.30466212488505306,-0.002426391460431664,0.05164748695119524,0.0204350121767288,-0.0026460228835143472,-0.03816336325938807,0.1289484009233153,-0.0013012132019120655,-0.7180456252882116,0.06661021207396639,-0.01666008263287787,-0.3809231548844849,-0.24342472054569889,0.16400232145710825,0.06504266252339143,0.3265828210692003,0.07994800222625685
0.6793050697264575,0.7373847089700957,0.377734105665471,0.5075752015566704,0.5740164070338282,0.3802574516107809,0.5762488110847458,0.8416607292122498,0.7238193779293343,0.7310555639580435,0.8793003732582108,0.6630936948185623,0.7052136393462397,0.7863845078931982,0.7339755785526,0.5237971821346231,0.5930137947283546,0.39982043588937616,0.06731920113543989,-0.05938887948721834,0.39614735892529696,0.20908964275538536,0.5354773841090654,0.616188199584367,1.0,0.38639122036035267,0.8833821136242618,0.5689825285175578,0.6581973312121098,0.7659761184617729,0.5374283540222236,0.230838165312409,0.8440454449586321,0.7903660760199601,0.7620603789593795,0.7627968804962623,0.7621757006075096,0.7690527484855283,0.7036743885388742,0.5346622643657921,0.36627811503689434,0.6843734164817636,0.4420358212350974,0.5933749056547898,0.5683494286460344,0.48419833813696034,0.789388232665073,0.5139415359720078,0.5269655502575621,-0.5921669818008384,0.32327473419568015,-0.1331312491288692,-0.4007108606186961,-0.033097839481134705,-0.032684933653569496,0.06202111409512395,0.15722077134722273,0.08591507457199983,0.25538954617587784,-0.03197016842698134,-0.8393595570754253,0.19627040605823426,-0.18032494381358244,-0.5706228000910291,-0.422779028879219,0.08767688881206254,0.1622623971319349,0.3813735328157148,0.2290643578588361
0.5658801039743586,0.6697004736088212,0.7071776501591667,0.5152422448798905,0.5663484387386732,0.42543060130461274,0.8173584976431715,0.508074349369629,0.4539067543580576,0.5144283886039501,0.3951445270240165,0.4267236546385412,0.45568134977028346,0.4968202099877777,0.6045713189879837,0.3575041689166119,0.7391614451461928,0.639006868732137,0.43945281309401757,0.4764626847498748,0.36547999179059615,0.4288416145378521,0.46724629948403673,0.4915074720319539,0.38639122036035267,1.0,0.5533899954098875,0.6116926045001031,0.7636583961145769,0.5349395005541256,0.5562764895336377,0.46340750420306953,0.5251621647328738,0.5951922728266139,0.5914671382214637,0.5959483539616113,0.47064625046827335,0.6043729022584384,0.5511697712974937,0.3629890137112069,0.6643667195495442,0.6454233385794534,0.6976197011996756,0.4487385006656567,0.5635164095597215,0.3801525205095854,0.37986909546318054,0.2887813977113106,0.24187103046105699,-0.6945586122296821,0.0726898402150883,-0.08570557671804141,-0.3431645790913331,-0.16598299031531477,0.12688268190440452,-0.18683476618726266,-0.3178920552098899,-0.17975897333952304,0.05270218532828558,0.3703632788762535,-0.570714602023712,0.07490372994990468,-0.08448598896279533,-0.31502509428221015,-0.1188382642083254,-0.031325013203422535,-0.24180557647954512,0.0014610865482593126,0.000533963416053569
0.754824873990848,0.8776494122930152,0.5324841233145094,0.6598064845327974,0.7228925677608554,0.5514391022709924,0.7313813557467317,0.9280737946609514,0.826027983688856,0.8492240685790802,0.8603175779676934,0.7242123529208749,0.7798770402671668,0.85902806910611,0.8523633588627865,0.5901308248092738,0.6895959526032196,0.5003855763945932,0.17830836409036394,0.14967233513634098,0.47571141559103,0.2885045077635757,0.6053745740368345,0.6986726484553849,0.8833821136242618,0.5533899954098875,1.0,0.675888141410995,0.7959114009165023,0.8231950037865198,0.6162216214081979,0.3234485584227004,0.9201846672243615,0.9040090498431169,0.8570460003161879,0.8526547360016422,0.8476214322892593,0.8760835837256651,0.810231003605182,0.6018822673406349,0.5837412769787307,0.8112194203468716,0.5905109464629826,0.7396280375471053,0.6854736060808801,0.5612617825688508,0.7939910125861759,0.5109281742095345,0.6360518705069845,-0.7367737602372373,0.3319679662861622,-0.14105051341491187,-0.4420320363791078,-0.07069145631453028,0.010878918946442035,0.03833160490270293,0.03421930579997845,-0.024013215664003162,0.18862238779039944,0.008115733420967169,-0.9326194065685213,0.2116647057411899,-0.17741179541899527,-0.5947721249335585,-0.4487989193660258,0.1123422110777009,0.08009457245569634,0.41025850567633465,0.18196069297663503
0.8916405254004968,0.7737883070704831,0.8275190544506786,0.739973103005077,0.6193891644768674,0.5702474048030197,0.7471293199606495,0.6300878317461822,0.6210656734511182,0.6116220535710128,0.5650602227464072,0.6958261354785393,0.5446964569811943,0.6031287773391102,0.6916709995906941,0.4151557491383561,0.7184975429488359,0.5150079385023308,0.3349419107388446,0.35623210072358846,0.6836082657112696,0.5003359359830307,0.4385816311935708,0.5174958744011258,0.5689825285175578,0.6116926045001031,0.675888141410995,1.0,0.7903533947523244,0.7547032401146853,0.6799566097898839,0.4783005829275345,0.6886483058847621,0.7055532072150584,0.698586275828162,0.6877061624103101,0.5271253964255052,0.7351501238771007,0.6060585429990052,0.46309809325528917,0.6583831399013961,0.6379771584098132,0.607914604715812,0.4612419732669773,0.7401259351037601,0.3794170602231623,0.5254346965169504,0.310677276227267,0.1890410473776757,-0.798474747635305,0.09910012320284503,-0.12186204738203986,-0.29320544514512725,-0.2552834381312138,-0.003079048188800663,-0.31006635932808074,-0.29740344307178695,-0.1864624184971732,0.12609921547227482,0.3794029490301462,-0.7043320319783498,0.17793758865291057,-0.1331157944690152,-0.3037730353053696,-0.2008925375463531,-0.07083344512843966,-0.23065108126637138,-0.054539274424208056,0.08399080514207885
0.8120860480637587,0.8769206627817249,0.7656234272423609,0.6871328430123318,0.7094461356979752,0.5697418858939336,0.8256962947491558,0.7510398473277394,0.6669910425280912,0.6759896670289252,0.6641687477371566,0.649145547676504,0.6849871507711013,0.7199357779118978,0.8283403803733115,0.5505733461307148,0.7638674697457325,0.6193882559913725,0.42303671913244456,0.44531078612502617,0.5069528341421283,0.4689849456256573,0.6028518227586546,0.5964779930868712,0.6581973312121098,0.7636583961145769,0.7959114009165023,0.7903533947523244,1.0,0.7967227764240007,0.7087243125749667,0.43311871675128666,0.788687837728154,0.8255579518971649,0.8277104341897283,0.7871969275835545,0.6926479632549208,0.8435937113293048,0.7479085767186039,0.5207433803361092,0.7255198128399556,0.7542193247930103,0.7177676472685356,0.6309323808669914,0.7084081721614403,0.4584148397818649,0.6192852798138339,0.43048282248990855,0.4234967034529174,-0.8614577400853479,0.1894128388374696,-0.20729324020702042,-0.4453886685060695,-0.24352314927595745,0.015163820649864945,-0.2087242521564573,-0.21021862884246723,-0.1947875808849496,0.16601129882518248,0.3152148534217657,-0.807964066210565,0.17207161891504846,-0.1780285104626122,-0.4675497853456579,-0.3204646580045985,-0.06529411483866553,-0.1795229793220555,0.11610355359563415,0.13710031229536082
0.8496330860268569,0.874269758812771,0.6466740228467149,0.7614933875570621,0.687125923533823,0.5852549613823883,0.7080462676784876,0.8283058859508833,0.7537784444527553,0.7487070914605043,0.8225735402658586,0.821591955180847,0.7221437107566127,0.8094725877239587,0.8481790519159428,0.5088375631827741,0.6941492688562818,0.48854264027207706,0.25548561412174897,0.18478030820006433,0.696300643600832,0.43524206475338995,0.5410371399035604,0.674646787778465,0.7659761184617729,0.5349395005541256,0.8231950037865198,0.7547032401146853,0.7967227764240007,1.0,0.7625330869167264,0.47046167312400183,0.8337374355390057,0.8485592774354968,0.8376386305517058,0.8425578057135983,0.763225146309419,0.8456095383482518,0.7317237215138062,0.5107403036606689,0.5826093556434188,0.7401228057411116,0.6248927189009806,0.5963215841676244,0.7127089237000125,0.4937363855520085,0.7218843849013863,0.4142093839126901,0.4183265881192732,-0.806257270020254,0.18337699174423067,-0.14092750530629145,-0.39930484428750085,-0.17118146904473214,-0.008349928312013836,-0.11219241110640925,-0.09340848634012114,-0.08717948712298539,0.1664724080453041,0.12675766696745958,-0.8677087449357637,0.17857437350319835,-0.12596333561109024,-0.5004293117574863,-0.37821331905831107,-0.012604478085602512,-0.04540388397789732,0.14921819115262683,0.08045251778200947
