0,1,2,3,4,5,6,7,8,9,10,11,12,13,14,15,16,17,18,19,20,21,22,23,24,25,26,27,28,29,30,31,32,33,34,35,36,37,38,39,40,41,42,43,44,45,46,47,48,49,50,51,52,53,54,55,56,57,58,59,60,61,62,63,64,65,66,67,68
1.0,0.908408544362438,0.9184553991878406,0.8273152550291754,0.8634820717946946,0.8484012184745877,0.8467855622997859,0.9196528844958041,0.8710171806362697,0.7629556981920611,0.9018632395125039,0.724792460002431,0.7740085890247023,0.885896780393485,0.9079147640453985,0.8929245131971094,0.843956331138314,0.7493276414691956,0.48242959623492343,0.48924202299990477,0.8025908864370739,0.6937157218282993,0.5561716505604768,0.680100578264276,0.8412073953780651,0.7592409252474247,0.9208456669073695,0.8996715342557606,0.8845455056972296,0.928709414206815,0.8023410981348721,0.7301249954535803,0.9400371841480338,0.9212339441502989,0.8917517223778654,0.8662046882498187,0.8879565753003437,0.9099598736663453,0.8783403640015645,0.45961005189222787,0.6736994960696804,0.8239714755291576,0.763095851987746,0.6777967067361602,0.8236870984878737,0.5017282235411845,0.7736050509394975,0.26341995166045157,0.6896366531080178,-0.8800824161180131,0.2731144362166586,-0.5006931742060312,-0.44220423672678494,-0.08926463728200712,0.0066596384786140024,0.3404859888729056,0.1391959549876435,0.3655400125595108,0.5062426726208793,0.47548570192517203,-0.9267173093702763,0.06227159936658988,-0.6109909587387476,-0.6084710439207763,-0.1503730160006552,0.09054502942448625,-0.010765412547596375,0.34862387333447137,0.4320726709124897
0.908408544362438,1.0,0.9421087228741029,0.911130113824547,0.8770316328854882,0.8962733957832777,0.9584149115677076,0.9613810506903753,0.9310671311826728,0.8464080467469016,0.9027172210987273,0.7697796595766891,0.8370161064993348,0.8733048952607674,0.9665788104145022,0.9346648468053522,0.9507959967795451,0.8946006802814511,0.6463639899543673,0.7118132892052287,0.812551104399203,0.850232066944264,0.6900060035771908,0.8012897490256186,0.8556044592171672,0.9046228875771382,0.9620200877470835,0.8304339529014015,0.941922054118785,0.9500182045410717,0.8949708209571734,0.7921419824269181,0.9552897869659712,0.9493955651522427,0.9616419671885296,0.9609935387773445,0.932062120538456,0.9672323013669415,0.9360635209617479,0.6163812306236586,0.7923113627437353,0.9333188796595941,0.892245504775152,0.7995213788227751,0.8883495367738986,0.613653794134137,0.8611856870406355,0.4464350913131544,0.6633358935005544,-0.9670167651826913,0.3293355512972473,-0.49978227409248577,-0.5358514254287794,-0.15810543691280668,-0.01990159811200383,0.28583647219574515,0.027083354542641644,0.3290086586623566,0.3471290237515447,0.6232898023910936,-0.9738513083608399,0.12276927650910079,-0.6009238302166182,-0.6317328764284651,-0.17563291207100803,0.021516251129239865,-0.07869540464242865,0.3353828705878015,0.37241394905560093
0.9184553991878406,0.9421087228741029,1.0,0.8955365958484198,0.8870875776952202,0.842172605467375,0.9202025009805845,0.9197325350553596,0.900624041102955,0.8266702219747529,0.8989412962831743,0.8060723830849772,0.8202165700344164,0.8357229507145797,0.9306763877350674,0.893778604636014,0.9176240996255237,0.8666607441127129,0.6094797898522931,0.6315064703633061,0.8458238866161413,0.8204435111992697,0.6596671730355702,0.7639106302759178,0.87344234974319,0.8599445656196717,0.9391127352587816,0.8684109604817876,0.936275534509864,0.9404388671275902,0.8968004563838425,0.749566563798679,0.9388767438183553,0.9119168508675729,0.9293511547376255,0.9277080588416025,0.8819817504204027,0.9355653380523903,0.9067004148207903,0.620374535554449,0.7182133659589154,0.8845047370484613,0.8280085498320112,0.7113744602564029,0.8454275685715337,0.5604918901933753,0.824493585104305,0.4463577569520932,0.626052993768805,-0.9394918630665893,0.35585086173894875,-0.5298858745590916,-0.5272956100235726,-0.211332629699599,-0.05082250928193747,0.1891820593965906,-0.031579596652948974,0.25105649756473086,0.3377093508261093,0.6012506960844677,-0.9542843120057818,0.09404127882927157,-0.6058045663857629,-0.60341581522164,-0.23391833769610987,-0.014188066332408029,-0.13943915969096243,0.26100723945461496,0.33700323759646517
0.8273152550291754,0.911130113824547,0.8955365958484198,1.0,0.8687076794310451,0.8837783770315686,0.899831662844545,0.875048182864958,0.8868401284001282,0.8229095955421587,0.8075401607856243,0.7613284083300621,0.840612151209239,0.7884543180694942,0.9076016772042923,0.8832494773675368,0.875803349979385,0.8776524538277983,0.6431449418592701,0.773598008569385,0.811047438691531,0.8747450696131697,0.6819048755807082,0.7235795194817839,0.775924761453152,0.8454253963803098,0.8953834636332195,0.7027743334778999,0.8816787289904389,0.8759869495559589,0.8860419458987889,0.7172390289953292,0.868340711920632,0.8654871910952352,0.9031660516948335,0.9025024575110799,0.850218341848401,0.908821794950965,0.8728588810079811,0.6343881589716651,0.7270550283706749,0.8531874966440718,0.7896252574441067,0.7095129079947566,0.8383065138017446,0.5700560148098363,0.8145703226774871,0.4676750578509352,0.6103610660814218,-0.9387147706716826,0.3050654205496848,-0.5286884810188698,-0.5812609020268942,-0.29945765529766577,-0.06954883027234134,0.1756261330979455,-0.11721177401050269,0.19995485159401505,0.22385773309606577,0.6011887095577109,-0.8974850543860867,0.07968957290522798,-0.5351143510424079,-0.5869393075877423,-0.28409524292935734,-0.0513247135287371,-0.15414701391731736,0.21817850546128417,0.2693025240334233
0.8634820717946946,0.8770316328854882,0.8870875776952202,0.8687076794310451,1.0,0.825200685780937,0.838662510685787,0.8653867732677448,0.8415144069538719,0.822056774916488,0.8445062939022406,0.7637529252677095,0.8428095138942574,0.8028391593823638,0.8683182032123837,0.8347958270974217,0.8271908218603643,0.7526509931651153,0.4807412844999101,0.6318222256277889,0.8518389257835681,0.7425408894792536,0.6109357916107818,0.6690265241774743,0.7844639990361855,0.76893393129477,0.8698006563909502,0.7770969201081604,0.8465987042965241,0.8726132475453076,0.7991488207810808,0.6611581885174675,0.8882295211262965,0.8507862197332872,0.8654488723538036,0.8471923241683172,0.819461493167092,0.8696499335482076,0.836722736823233,0.5491704587636598,0.6877404498591339,0.7995675296354287,0.7490108614369153,0.6831917551701945,0.8206845201435504,0.5156058303230932,0.7285699234813618,0.3906652946123255,0.5927397906491997,-0.8870980440113962,0.3252808908093018,-0.5085240054380259,-0.4745225982944082,-0.21216379896867,-0.05358752170263436,0.2165195829589649,-0.04936879738801811,0.26129350074634045,0.27829172457767304,0.5374695445976365,-0.8816787333618149,0.14475322649087427,-0.5665255190427162,-0.5464274059019902,-0.25444480086988797,-0.025782306466366565,-0.12305914619012354,0.26082136082268986,0.2579263672383927
0.8484012184745877,0.8962733957832777,0.842172605467375,0.8837783770315686,0.825200685780937,1.0,0.8483135227093318,0.8781408838979015,0.8751009266122415,0.7311441700630158,0.8122095328034353,0.6041883992372019,0.7588269033427484,0.8142704210809946,0.8892077360746676,0.9053415189949539,0.8290270923651767,0.7956480112803694,0.635172707131724,0.7000447448469757,0.700902949618053,0.7583881460229043,0.5989364201983328,0.6377368841198664,0.7138968645242143,0.7902831575368757,0.8897816785380027,0.709030223375805,0.8355211185210323,0.849473628236286,0.7824358619273476,0.6778393607175065,0.8695070015275574,0.8749484608970745,0.8773124374285427,0.8510795970290016,0.8635158510908416,0.8772974142166474,0.8531009731394344,0.43221718832416245,0.751323499815045,0.8424578530097064,0.7639273212068488,0.7169896019537848,0.7990786737093848,0.5341525674385497,0.7700567848334794,0.23340685925180402,0.7054624709619299,-0.8727905512781943,0.24745762109462058,-0.44018913463202775,-0.4477585030713857,-0.1276416097840652,-0.0420178143622526,0.3162714784887361,0.04801610337818364,0.33392493699259673,0.4158345815359593,0.4533658025830532,-0.882182059673027,0.09933478302598518,-0.4751262590876596,-0.5747080746102976,-0.13791421018785552,0.09503323724009312,-0.04532318328725648,0.3704094473571899,0.34906544999171196
0.8467855622997859,0.9584149115677076,0.9202025009805845,0.899831662844545,0.838662510685787,0.8483135227093318,1.0,0.9245607315969616,0.9059327777522399,0.8389918298319996,0.8499780755355253,0.7570099928281346,0.8085548099008679,0.8265016220935599,0.9318475238448126,0.8905035472698023,0.967616053144884,0.9233387400425322,0.6759612724060015,0.754942207661034,0.7698850828550945,0.8663382132130977,0.7014253934556511,0.821653100038449,0.8231248627037109,0.9343177190808535,0.9249884439514618,0.7805632460232731,0.9169576713943921,0.9124558412801951,0.8849951217183727,0.7858615584931984,0.9053860930939465,0.9057444224668689,0.9304231092134115,0.9520698044744608,0.8947873989112658,0.9371767022711945,0.907514843769152,0.6546173878124355,0.7988805110785733,0.9416700304164897,0.9055631851703528,0.7860125584252701,0.8502560009144006,0.6414927989885196,0.8455969130819616,0.5182042423647144,0.5976832787944464,-0.9481804401269285,0.298682340444143,-0.4836533422880016,-0.5321327541964133,-0.16808864185505148,-0.03047609621499605,0.24345259722739984,-0.016587979837830575,0.27410404533093397,0.2754491812297531,0.6644290640278611,-0.9372547347917,0.09187625141066429,-0.5707342702946745,-0.6012052308413915,-0.14455471142473572,-0.02525804448221519,-0.08469728794868714,0.2920918545569442,0.3481332266881516
0.9196528844958041,0.9613810506903753,0.9197325350553596,0.875048182864958,0.8653867732677448,0.8781408838979015,0.9245607315969616,1.0,0.9211384896310427,0.827789032440837,0.9189735470789825,0.7422911774300501,0.8281338169201774,0.9239207303750073,0.96067733624185,0.9354786764559564,0.9200813812434293,0.8620212809254175,0.5554177671575774,0.6139223025564672,0.8011369418791439,0.8045304573905903,0.6555123754083911,0.7582258033412206,0.8271724462285243,0.849576161187169,0.966066712475222,0.8422773207580627,0.895679331906498,0.9577024235396737,0.8555869126138977,0.7958724250007397,0.9610401447949093,0.971701280708563,0.954133299369515,0.9343173569670354,0.953538612030546,0.9650674685697389,0.934952591517181,0.5400794201284943,0.753126767011528,0.9049290529966451,0.8647631846419597,0.7959423905148746,0.8901482198153865,0.588262274786154,0.8369188211485789,0.3637358031920576,0.7037921380729322,-0.9449577048498976,0.2889594842316982,-0.5190443419200149,-0.5314534646505605,-0.12760869877949454,0.017435112571526194,0.3903761791630112,0.15373376742725214,0.4532771815504115,0.4474605795850749,0.5559633806234816,-0.9625861363570901,0.09675308349165886,-0.6296187606118467,-0.6832756645775159,-0.16557714570033633,0.05346660073366825,0.029229603230095737,0.41002858813949844,0.4715750493642404
0.8710171806362697,0.9310671311826728,0.900624041102955,0.8868401284001282,0.8415144069538719,0.8751009266122415,0.9059327777522399,0.9211384896310427,1.0,0.8178801343489976,0.8638774403021957,0.7007711084349473,0.8181891178861828,0.8499349534542313,0.918853611510563,0.9079069771229415,0.8986179705637616,0.8537344007836792,0.6008930653016823,0.6626596852449725,0.7870724145164063,0.8058680259640256,0.6403244629997581,0.7216197789784696,0.7984953569331602,0.8531347011980579,0.9275147418454698,0.7727411368749987,0.880030677969817,0.9053170293456035,0.8607395375242837,0.7434954912435091,0.9095395221442926,0.9080685098417326,0.9218631994424422,0.9122508313508112,0.8872905033038374,0.9177205173387726,0.9011423875032276,0.5349026335511884,0.7441843802289194,0.8918441511099513,0.837572562649341,0.7323363050765369,0.825634489008819,0.5879226155974735,0.8103992111735546,0.3462677039762712,0.7085652328589815,-0.9227305931800047,0.3128872659595119,-0.49592964023407526,-0.505799174399212,-0.16689060451626522,-0.03036728687000392,0.27495120645473575,0.04882579153793211,0.3266321327939481,0.3851798328861733,0.5390096059649531,-0.9268199825084472,0.1295914694396283,-0.5622149732540787,-0.6342429417699454,-0.1613193131842179,0.037065777022231405,-0.04687000536364619,0.3237682891834491,0.36303995661440497
0.7629556981920611,0.8464080467469016,0.8266702219747529,0.8229095955421587,0.822056774916488,0.7311441700630158,0.8389918298319996,0.827789032440837,0.8178801343489976,1.0,0.8025697021278353,0.7491175929924883,0.8234951272224398,0.7251903945525878,0.8238896622421541,0.7899151318427974,0.8313445035283864,0.7343923111984173,0.4879534520515413,0.6519213748341611,0.7935653062965242,0.7552210057386978,0.5946876208230173,0.7898572995183921,0.7974647400067617,0.8009229411592977,0.8194914658212589,0.7521043680574699,0.8479003677439283,0.8253447035435378,0.8279221218225844,0.7565187369775114,0.8142504300369104,0.7912420026151485,0.8304532181287008,0.8633787212810219,0.7757782515994863,0.8334531669736818,0.7995518818759003,0.6672012747275903,0.7031763432429571,0.8241623840192036,0.8010235935233517,0.7783515634148059,0.8466608927972937,0.7529354106886684,0.7835324685683794,0.5411515475470022,0.5065549722842463,-0.8541013024602758,0.30528382134052373,-0.40905046210594376,-0.46715057014716105,-0.18016045735001904,-0.03294209226597414,0.14395080638830987,-0.04886538260323203,0.1882538717586816,0.19977764255453173,0.5457349810701461,-0.8346282905635142,0.08448940073086585,-0.4655119399820724,-0.45432487365222274,-0.15892095907417497,-0.05945798275728332,-0.07551960463637813,0.17175436408283667,0.22755738093419636
0.9018632395125039,0.9027172210987273,0.8989412962831743,0.8075401607856243,0.8445062939022406,0.8122095328034353,0.8499780755355253,0.9189735470789825,0.8638774403021957,0.8025697021278353,1.0,0.7646434424352924,0.849479859388697,0.8282365236474252,0.8994119513533801,0.8838487703772991,0.856688862198032,0.7654844276311888,0.5368503440632092,0.5019166973450804,0.8491693156219876,0.7650627290826173,0.674096231412262,0.7022732521334446,0.8841639609258294,0.7702487000904557,0.9096821135875846,0.8587868124893915,0.8757414756849925,0.9254476837401253,0.8507908790774217,0.6958849209170072,0.919246537462109,0.9002646279654659,0.909430485775368,0.8761915853984061,0.870739246912351,0.909427782342223,0.9108767972784932,0.5534941380588779,0.6219630622813226,0.8234431805684406,0.783853549950468,0.7066243202145518,0.8493863635179338,0.5106896029074727,0.783851279239747,0.35165739358675835,0.6353319960539456,-0.883857155957942,0.34742841588210027,-0.4717012579459755,-0.48000576088029423,-0.1577711367896865,-0.021887846919280595,0.2666534601483844,0.12054944539739672,0.38249822181343845,0.3992155402253888,0.48481153514578285,-0.9340194657263154,0.13056254289203653,-0.6270894425114991,-0.61266675661937,-0.22963751019141238,0.011905006172526166,0.020136342290471912,0.3332593311432549,0.34859380641031706
0.724792460002431,0.7697796595766891,0.8060723830849772,0.7613284083300621,0.7637529252677095,0.6041883992372019,0.7570099928281346,0.7422911774300501,0.7007711084349473,0.7491175929924883,0.7646434424352924,1.0,0.8181462720173616,0.6283921284509851,0.7650749481086341,0.6954191918677509,0.7589512688187047,0.7151458280562882,0.46404718992173566,0.5587020005571864,0.871894456802535,0.7507601826243061,0.6649890820699497,0.7101370472576257,0.8362100830489406,0.7057476006773897,0.7565882819405825,0.7388700670364439,0.8126955696082835,0.7914370042368905,0.8095810199485131,0.5791232101145636,0.7683770298543955,0.7083505110806915,0.7753851712302104,0.774003319667153,0.6647944426637177,0.7780524515841017,0.7426775384676847,0.755689080184167,0.5177864882529706,0.6937067999457441,0.6848152840372088,0.6077140573617594,0.7636815840086817,0.45631368566061326,0.6469887062599047,0.6350265571392395,0.3241223830047054,-0.8187585070917848,0.39033308452879323,-0.5494429898927664,-0.5817325207718231,-0.4340346584318318,-0.12697421912960657,-0.03908716319128744,-0.1941399533772673,0.061720887717359285,0.04693667774470842,0.6381033624492103,-0.7903825036966788,0.10741430415034679,-0.6195831139470909,-0.4838121613608667,-0.42862104833940645,-0.21273371774620142,-0.1918829363393182,0.026819789175228738,0.17293114280342778
0.7740085890247023,0.8370161064993348,0.8202165700344164,0.840612151209239,0.8428095138942574,0.7588269033427484,0.8085548099008679,0.8281338169201774,0.8181891178861828,0.8234951272224398,0.849479859388697,0.8181462720173616,1.0,0.7463000151378231,0.831820975930662,0.8158111092479102,0.8087064699389416,0.7300681991590612,0.4863012331993469,0.6124358904172625,0.8780256932291841,0.8007115064851176,0.6524830163998523,0.678662102735829,0.813867555346794,0.7353793953033666,0.8268562591670228,0.6897092721654186,0.8021233234887146,0.8391721137484927,0.8344103740012968,0.633836736964115,0.8221289984101016,0.7990682909713254,0.8413524070460774,0.8323363522264711,0.7838835467260442,0.8432546702053765,0.8183995632496828,0.6083805425018716,0.56836557754903,0.7564798339928297,0.7325953014452861,0.6527925157893926,0.8073889741582397,0.5098636396132694,0.7205749322573566,0.45023599775079326,0.5208284366718944,-0.857666407800955,0.355789473581976,-0.5130831150429421,-0.5106636203443187,-0.2784167920649613,-0.09375808136579639,0.14659158155442156,-0.03163863558680852,0.2449696712444857,0.20485560687163576,0.5224666443530208,-0.8489239705635874,0.09539786868486291,-0.5771956346014949,-0.5354949987453823,-0.2866716423778249,-0.11594181714779117,-0.04840868727684794,0.23516017643163606,0.2283727056102159
0.885896780393485,0.8733048952607674,0.8357229507145797,0.7884543180694942,0.8028391593823638,0.8142704210809946,0.8265016220935599,0.9239207303750073,0.8499349534542313,0.7251903945525878,0.8282365236474252,0.6283921284509851,0.7463000151378231,1.0,0.8971694801835253,0.8626582249476114,0.8204829043971409,0.7751749188496414,0.3852097080354723,0.4746679223016429,0.7079418247453821,0.6794615038430513,0.5231941946148111,0.6317321488358486,0.7150625157817634,0.7174434081716761,0.9051314648755476,0.7822749569706293,0.770530742210309,0.9023105716243436,0.7215039686902367,0.7433249400027089,0.9089322147215221,0.9462301912511735,0.8626721113083167,0.8330589989981543,0.9315721439071948,0.9013960470401733,0.8502606748396097,0.34423320473610647,0.6597206755120775,0.7995361192708359,0.7504113066380299,0.6575618320639234,0.8057056269028947,0.5113040453334953,0.7431923213880413,0.2123928067573405,0.7450976018564954,-0.8546981394544679,0.2294925120867222,-0.5016353149779527,-0.48606845252430736,-0.02648263549079068,0.09155623586712536,0.5471831543763591,0.27231199089464797,0.5353240577820673,0.5964428515221145,0.43423327439424525,-0.8750289584435627,0.07652967910065815,-0.5965924025018368,-0.7008589021083079,-0.10624433780886658,0.10758400936599753,0.10880735833829427,0.4820848700722947,0.6122745086148544
0.9079147640453985,0.9665788104145022,0.9306763877350674,0.9076016772042923,0.8683182032123837,0.8892077360746676,0.9318475238448126,0.96067733624185,0.918853611510563,0.8238896622421541,0.8994119513533801,0.7650749481086341,0.831820975930662,0.8971694801835253,1.0,0.9364438203138057,0.9211591267708978,0.8849020759415075,0.6031083153560203,0.6709560106250813,0.8052728100388791,0.8313995795379449,0.6797839813928748,0.7575400429156848,0.8405732447021564,0.8671936366959674,0.9609640347644407,0.8062427642467528,0.9116085265254285,0.9489863389871941,0.8740924739315314,0.7729730516272629,0.9538458791417322,0.961481790975107,0.9539319049500973,0.9405571395726857,0.9398527082564436,0.9713914277149344,0.9292922983498667,0.5753414439242652,0.744801432864121,0.9011189136561306,0.853120677657804,0.7810511458789976,0.8888731739540088,0.5955328950839628,0.8364814335708185,0.40092102304694216,0.6912831354538905,-0.9619467225148662,0.32999451765727933,-0.541947893446343,-0.5691658003215,-0.1897656794782118,-0.0013587342161288526,0.32485447740119866,0.04634813272630944,0.367938058316296,0.3938453681537944,0.5990421630547131,-0.9663906221546986,0.10298891367028294,-0.6155528491986827,-0.6579272103309064,-0.2157628904961155,0.03084123044359131,-0.06781029541175222,0.3441381836775419,0.405048987202652
0.8929245131971094,0.9346648468053522,0.893778604636014,0.8832494773675368,0.8347958270974217,0.9053415189949539,0.8905035472698023,0.9354786764559564,0.9079069771229415,0.7899151318427974,0.8838487703772991,0.6954191918677509,0.8158111092479102,0.8626582249476114,0.9364438203138057,1.0,0.8835166595932936,0.8165374061888365,0.5633196373558149,0.6189600372443421,0.7739653214809727,0.8034802094009403,0.6135332155377345,0.723737914971841,0.7975858470850343,0.8153943476744614,0.9391750420013433,0.7829127542879323,0.8738877386074061,0.9146077816659661,0.842340891669233,0.7721136258742519,0.9234376899218399,0.9365053381702946,0.9341776096195832,0.9184048743446565,0.9139224532462065,0.9375659295121341,0.9054613396522904,0.523989608361846,0.7186248073485699,0.8743558559242127,0.8095317908952161,0.7457695509090926,0.8595059619594355,0.5751232870725543,0.8226031677901435,0.32362942305144266,0.7487969613843521,-0.9169520486149015,0.3082123132845336,-0.49714003347430524,-0.520896100021825,-0.15557343664193465,-0.031629136381859095,0.3451241054008206,0.10013601314724095,0.3769275925116868,0.4419891940090248,0.5032709143024521,-0.9426486832727891,0.1199352830077086,-0.5659132960224922,-0.6557713410475676,-0.18438079459520426,0.09153632628350884,-0.020700406624674515,0.3670240265652791,0.38797593951226034
0.843956331138314,0.9507959967795451,0.9176240996255237,0.875803349979385,0.8271908218603643,0.8290270923651767,0.967616053144884,0.9200813812434293,0.8986179705637616,0.8313445035283864,0.856688862198032,0.7589512688187047,0.8087064699389416,0.8204829043971409,0.9211591267708978,0.8835166595932936,1.0,0.9038300686551375,0.6384368018986477,0.7074901869298289,0.7849630477984829,0.8445158939441858,0.6695033699501212,0.8227369571568215,0.8278905477247139,0.9325646804225447,0.9210595584428104,0.7874474399372194,0.9127176324343571,0.9101594859076849,0.8803434870446014,0.7876625582010601,0.900388563519673,0.8987145513920648,0.925957362061185,0.9455132345908005,0.8826044709296603,0.9244021158119101,0.8911992987580764,0.6411927504286685,0.7847750469473388,0.9453296047810258,0.9150489069234866,0.7790315195923233,0.8403106235480762,0.6354379726783843,0.841529747042501,0.500601350067476,0.6164398056479008,-0.9357867640600399,0.29543165518305703,-0.472119446445616,-0.5099822944085208,-0.16083707735551486,-0.04233974592855429,0.23940898404297845,-3.885417665693136e-05,0.26386550614135934,0.2864794511837726,0.6295911134353844,-0.937047290887825,0.11900771846113448,-0.5794584955875489,-0.5961265017429682,-0.14846998048912968,0.008845115964142955,-0.08420204619023544,0.2915124604951599,0.34502627434917527
0.7493276414691956,0.8946006802814511,0.8666607441127129,0.8776524538277983,0.7526509931651153,0.7956480112803694,0.9233387400425322,0.8620212809254175,0.8537344007836792,0.7343923111984173,0.7654844276311888,0.7151458280562882,0.7300681991590612,0.7751749188496414,0.8849020759415075,0.8165374061888365,0.9038300686551375,1.0,0.746135493119886,0.763977429924231,0.6902696790850249,0.8907028140583925,0.760695685242201,0.7406126149305672,0.7430447065655341,0.883568578471929,0.8749995919039029,0.6781737498715522,0.8477254804120707,0.858217912923926,0.8610583428286125,0.6965366297119674,0.8359607861423962,0.8492700503047486,0.8789503784119052,0.8888922237927762,0.8420327691884912,0.8890949949954599,0.8749007580100071,0.6343716202473507,0.7265593051551806,0.8754794705132305,0.8414439542554872,0.7152642038360227,0.7775920776263766,0.531182797288303,0.8012176337257821,0.5197952154477415,0.5220170305216305,-0.9091370520877675,0.3046511163826261,-0.5058735583677147,-0.5940807690249297,-0.27285182731940055,-0.028746609197068958,0.2048340205412269,-0.07979694865759696,0.2453490178648826,0.2098688906876815,0.6775407112825685,-0.874633587746877,0.09555691550888282,-0.5602664149048203,-0.6571411866586162,-0.2610830477114461,-0.093999416045801,-0.12544728286426454,0.2744153705628868,0.367350385938734
0.48242959623492343,0.6463639899543673,0.6094797898522931,0.6431449418592701,0.4807412844999101,0.635172707131724,0.6759612724060015,0.5554177671575774,0.6008930653016823,0.4879534520515413,0.5368503440632092,0.46404718992173566,0.4863012331993469,0.3852097080354723,0.6031083153560203,0.5633196373558149,0.6384368018986477,0.746135493119886,1.0,0.720788262321008,0.42470138514080624,0.701808311197714,0.7430309122316328,0.5035495644698333,0.5523076799370387,0.6920230543857979,0.5960063804893357,0.41758778400130764,0.6598754048446145,0.5477425274098546,0.6736900480514217,0.3421316318351619,0.5431000553533499,0.5237388757418222,0.6157257286081018,0.6151524652187902,0.5254196056412463,0.6030987516086801,0.6458258812586908,0.5540746798851264,0.5603864221693222,0.660135549287518,0.6021089263675685,0.5602446217555777,0.5066232961537249,0.3412869433564058,0.5763974962291651,0.4056559814280899,0.24463311298556806,-0.6399250091334129,0.23181545212523494,-0.24988767742377235,-0.4112612342620401,-0.2537093102485523,-0.11766970560607469,-0.10846171754742104,-0.2372375724732764,-0.0015900983673334168,-0.027301040335501386,0.5685637325099586,-0.6162076596540275,0.030394627371314247,-0.3194577536886019,-0.36961867860957115,-0.22049589852726803,-0.13984764068114608,-0.20169433864242894,0.12356511830394473,0.05738600891461432
0.48924202299990477,0.7118132892052287,0.6315064703633061,0.773598008569385,0.6318222256277889,0.7000447448469757,0.754942207661034,0.6139223025564672,0.6626596852449725,0.6519213748341611,0.5019166973450804,0.5587020005571864,0.6124358904172625,0.4746679223016429,0.6709560106250813,0.6189600372443421,0.7074901869298289,0.763977429924231,0.720788262321008,1.0,0.5082788192345935,0.7839018723435346,0.6470305032648286,0.6485696441486704,0.5183590374868425,0.7586576581040835,0.6408801362562634,0.39060062817122687,0.6978160765014574,0.5885397052451228,0.7096067001152415,0.5467079016911499,0.5922022562064945,0.5836930058992456,0.6741682385294024,0.7197151309038906,0.5920057747245157,0.6659836559548635,0.6374691243047309,0.6342838593033222,0.7366510658554557,0.7087090554099581,0.7021443520322765,0.6700094058232776,0.6268963911423585,0.5143962580444732,0.6268290061328418,0.5779668265147755,0.32639050519447993,-0.7436420228489189,0.23679946813147593,-0.3659951441049918,-0.5144489896257387,-0.29567471144125196,-0.10319001139119702,-0.05384999393945619,-0.3361453998574501,-0.021102134469096416,-0.11481850340560905,0.6562487054822704,-0.6444352658982633,0.07498990849923985,-0.31660137111303943,-0.34731328986070403,-0.18605219917099922,-0.1467907892852607,-0.2750844661453971,0.06915296683195374,0.0389173482974191
0.8025908864370739,0.812551104399203,0.8458238866161413,0.811047438691531,0.8518389257835681,0.700902949618053,0.7698850828550945,0.8011369418791439,0.7870724145164063,0.7935653062965242,0.8491693156219876,0.871894456802535,0.8780256932291841,0.7079418247453821,0.8052728100388791,0.7739653214809727,0.7849630477984829,0.6902696790850249,0.42470138514080624,0.5082788192345935,1.0,0.7439456208656778,0.62371861536351,0.651468364414485,0.8256013796062872,0.7079477414352701,0.8091040120112533,0.7765678058354253,0.8205114287236293,0.8516608866712158,0.8533592037758359,0.5953802287727491,0.8244354255925099,0.7778844798851329,0.8227299466056388,0.7978899836491665,0.7356883086707401,0.8149079176672267,0.7931943085850847,0.624796435974231,0.5389958659400063,0.7322763449020515,0.6877845553528943,0.5826916048764456,0.8109597762208767,0.456130950314676,0.6845063982213051,0.47121599372369183,0.5130072299423868,-0.8385996830921784,0.35873328443306707,-0.5202463174796822,-0.5082805435146706,-0.2901341546741911,-0.08306940678410932,0.09699788454294626,-0.07593065945779677,0.16543034298055184,0.19452432421092425,0.5086705942963561,-0.8411786602894338,0.13930338360099132,-0.5622760220591753,-0.5207306016996299,-0.3305278092386047,-0.106016282835384,-0.1348523674789416,0.14150643833530355,0.21009852045266586
0.6937157218282993,0.850232066944264,0.8204435111992697,0.8747450696131697,0.7425408894792536,0.7583881460229043,0.8663382132130977,0.8045304573905903,0.8058680259640256,0.7552210057386978,0.7650627290826173,0.7507601826243061,0.8007115064851176,0.6794615038430513,0.8313995795379449,0.8034802094009403,0.8445158939441858,0.8907028140583925,0.701808311197714,0.7839018723435346,0.7439456208656778,1.0,0.800372443991688,0.749381936028785,0.7706248636909488,0.7912986292868286,0.824442971589331,0.6328049024325206,0.82659236477525,0.8261211294642231,0.9159024942692742,0.7031808870633856,0.7777801406276813,0.7822826282573471,0.86791823500256,0.8737064905776782,0.7817441350335651,0.8528918894691286,0.8660863271042408,0.7155267147238363,0.6279577580577995,0.8038783741214035,0.775566781113408,0.6665084448759705,0.7738896784171162,0.4935057402890079,0.8150472686541402,0.6125719241303421,0.44974916879464916,-0.8820173388363055,0.3081248871694126,-0.4713701262970442,-0.6396380206280714,-0.361121701182268,-0.09859267635659383,0.10404845410889821,-0.1445280501647823,0.14937182358222736,0.0804867426070322,0.6462680867866235,-0.8372190204361815,0.10418349043102686,-0.5268550785739378,-0.6078503202776009,-0.3286190750554842,-0.16367811111877853,-0.12198759868618654,0.19453058281025523,0.22721345217745711
0.5561716505604768,0.6900060035771908,0.6596671730355702,0.6819048755807082,0.6109357916107818,0.5989364201983328,0.7014253934556511,0.6555123754083911,0.6403244629997581,0.5946876208230173,0.674096231412262,0.6649890820699497,0.6524830163998523,0.5231941946148111,0.6797839813928748,0.6135332155377345,0.6695033699501212,0.760695685242201,0.7430309122316328,0.6470305032648286,0.62371861536351,0.800372443991688,1.0,0.5421299472783612,0.6609780366481764,0.61694353784887,0.6653483934882958,0.5415703772167199,0.6789224843122919,0.6623927773135979,0.7260583136812142,0.3797966769218687,0.6423295589335555,0.6197107474864928,0.6902603940136144,0.6665544176901467,0.6165275100748198,0.6915668461685017,0.7893059932126428,0.6568753121353971,0.47035621758961993,0.6149132042100035,0.6027681110261516,0.5380799813390463,0.6202826206156508,0.30561324827513014,0.6065047188212949,0.5373393322634864,0.2591473619799848,-0.7184516873617375,0.32511929271072787,-0.40615469166300494,-0.5711393647111035,-0.3709298963387016,-0.09222939279218573,0.003334556933323649,-0.13675941534417513,0.12428059989143386,0.006861280749791411,0.5681497656362937,-0.684493975435625,0.09230371954449176,-0.4766201008106514,-0.4995695147970553,-0.37513788286888794,-0.20638021897982536,-0.10381706337646242,0.16572519810112055,0.16471347946144205
0.680100578264276,0.8012897490256186,0.7639106302759178,0.7235795194817839,0.6690265241774743,0.6377368841198664,0.821653100038449,0.7582258033412206,0.7216197789784696,0.7898572995183921,0.7022732521334446,0.7101370472576257,0.678662102735829,0.6317321488358486,0.7575400429156848,0.723737914971841,0.8227369571568215,0.7406126149305672,0.5035495644698333,0.6485696441486704,0.651468364414485,0.749381936028785,0.5421299472783612,1.0,0.7489178989778488,0.81161956316351,0.7513342425727778,0.7095849779903505,0.8179968616041268,0.7674914174063314,0.7663619852382314,0.8654193092947156,0.7439030899845864,0.7267793354542106,0.7787903591175636,0.867755650628433,0.718398183518243,0.7760214131385285,0.7447188986809816,0.7912066085313422,0.6977710793276294,0.811127871458719,0.8283332430576726,0.7275540180730936,0.7329154251351685,0.6499291095754023,0.8180815287181844,0.728125512593309,0.37108563868171257,-0.7885243565812334,0.30093092939523247,-0.33777726170938,-0.437381319521358,-0.18905913687236528,-0.00023921732293256007,0.12785314403084053,-0.0314309502813168,0.1357851630972583,0.09534156082153736,0.6138481985571165,-0.7833884827224541,0.08032578218918283,-0.4751434686914575,-0.4216116814497373,-0.10166755527226733,-0.07010674881846486,-0.1084601031752191,0.1321558085963994,0.22899262717521401
0.8412073953780651,0.8556044592171672,0.87344234974319,0.775924761453152,0.7844639990361855,0.7138968645242143,0.8231248627037109,0.8271724462285243,0.7984953569331602,0.7974647400067617,0.8841639609258294,0.8362100830489406,0.813867555346794,0.7150625157817634,0.8405732447021564,0.7975858470850343,0.8278905477247139,0.7430447065655341,0.5523076799370387,0.5183590374868425,0.8256013796062872,0.7706248636909488,0.6609780366481764,0.7489178989778488,1.0,0.755410525354216,0.8425085650617627,0.836640491775819,0.8847393876859186,0.8762565225157144,0.8598252609070324,0.6670709113773666,0.85584326050988,0.8066744551805526,0.8569753077565635,0.8557206055016123,0.7717084119777592,0.8559120831377646,0.8456553831240147,0.6779049435841811,0.5301217493954123,0.7805770281299825,0.7556246352798305,0.672758783153547,0.80647775358092,0.5307921963099099,0.7851964466726169,0.513561021603156,0.4450064283237479,-0.8505906526778615,0.3823341781025055,-0.4377914008089569,-0.48931795245666704,-0.2714260016855733,-0.07990773656157014,0.09667608142591559,-0.007938164696076914,0.20183192275652445,0.26333663905802435,0.598495021778203,-0.8814636337820378,0.12485311352753009,-0.6049994550076199,-0.5372479726781931,-0.28815592910745935,-0.08793592358737716,-0.06861581164980958,0.17789864008046727,0.24884205765176654
0.7592409252474247,0.9046228875771382,0.8599445656196717,0.8454253963803098,0.76893393129477,0.7902831575368757,0.9343177190808535,0.849576161187169,0.8531347011980579,0.8009229411592977,0.7702487000904557,0.7057476006773897,0.7353793953033666,0.7174434081716761,0.8671936366959674,0.8153943476744614,0.9325646804225447,0.883568578471929,0.6920230543857979,0.7586576581040835,0.7079477414352701,0.7912986292868286,0.61694353784887,0.81161956316351,0.755410525354216,1.0,0.8532121211310842,0.69784391066455,0.8892336413954074,0.8257850928262506,0.8315321130244334,0.7430970030631142,0.8307232403022233,0.8192920783913114,0.864915627706148,0.9058398462912025,0.8028907666014042,0.8639730982033819,0.8158306471156832,0.6652027550492988,0.8375548195903961,0.9376257909223711,0.9228192969632962,0.7987452886715396,0.7996478070453321,0.6652018273081463,0.790166526352113,0.5270550321516883,0.5501745796410744,-0.8952372617937304,0.3145532893355604,-0.4227905039547096,-0.4551864742294168,-0.12966394003715326,-0.07274779992374353,0.1268725116391155,-0.10457660522681271,0.1696019614705092,0.15019127013376526,0.6662943257390536,-0.8795131748844425,0.12305537306879041,-0.5083514739441972,-0.48621779845771557,-0.08537463219575456,-0.03734733919494861,-0.19540879416067203,0.1850752091515726,0.21922942680611998
0.9208456669073695,0.9620200877470835,0.9391127352587816,0.8953834636332195,0.8698006563909502,0.8897816785380027,0.9249884439514618,0.966066712475222,0.9275147418454698,0.8194914658212589,0.9096821135875846,0.7565882819405825,0.8268562591670228,0.9051314648755476,0.9609640347644407,0.9391750420013433,0.9210595584428104,0.8749995919039029,0.5960063804893357,0.6408801362562634,0.8091040120112533,0.824442971589331,0.6653483934882958,0.7513342425727778,0.8425085650617627,0.8532121211310842,1.0,0.8347546863087145,0.913847723579036,0.9555104364331206,0.8781433661304738,0.7804650355306858,0.9632933170032304,0.9587706024918861,0.9561345331433558,0.9376565364496317,0.9364059308890935,0.9643816306920079,0.9334450604312083,0.5546447750353632,0.7505177108455275,0.9008378869106718,0.8486038465455852,0.7728399352697535,0.8804772264420735,0.5787822002420661,0.840960328089855,0.3745811699510939,0.7078474086713269,-0.9547238686463101,0.31627526756272323,-0.5294385908608609,-0.5504256230367891,-0.1736208450237674,-0.025715115236120953,0.31572519331764964,0.08130525983096012,0.37412151798473336,0.43148761209203096,0.5719103244309492,-0.9665596075963215,0.12642738819254157,-0.6337415321868156,-0.6752984278314692,-0.20202467581705222,0.027302625443841353,-0.03930146940949581,0.3669390872579974,0.44568192363946957
0.8996715342557606,0.8304339529014015,0.8684109604817876,0.7027743334778999,0.7770969201081604,0.709030223375805,0.7805632460232731,0.8422773207580627,0.7727411368749987,0.7521043680574699,0.8587868124893915,0.7388700670364439,0.6897092721654186,0.7822749569706293,0.8062427642467528,0.7829127542879323,0.7874474399372194,0.6781737498715522,0.41758778400130764,0.39060062817122687,0.7765678058354253,0.6328049024325206,0.5415703772167199,0.7095849779903505,0.836640491775819,0.69784391066455,0.8347546863087145,1.0,0.855151610602203,0.8725266645447038,0.7655330768196174,0.69911021880581,0.8744388534767809,0.8258883041973294,0.8183719810886743,0.8072781001978822,0.7872890519964754,0.8208017984470993,0.8149098856908782,0.5184190090518859,0.6367160681086924,0.769330586053065,0.7292654783746414,0.6177457996425765,0.7647484780539755,0.5081033084113115,0.7264347270390008,0.367430912707888,0.5169802821882825,-0.7919846634735328,0.3117089719135732,-0.3856269592235123,-0.3590993699184309,-0.06519171350444045,0.014868050240181029,0.2595766265151796,0.14488930336460681,0.29975074716869254,0.43366248845180716,0.4535994964035967,-0.8531535272460099,0.09657880394519872,-0.5351401386829119,-0.5048693676385035,-0.12380770850495222,0.0576923541055758,0.005522526860572772,0.27156502231868374,0.4220361515538079
0.8845455056972296,0.941922054118785,0.936275534509864,0.8816787289904389,0.8465987042965241,0.8355211185210323,0.9169576713943921,0.895679331906498,0.880030677969817,0.8479003677439283,0.8757414756849925,0.8126955696082835,0.8021233234887146,0.770530742210309,0.9116085265254285,0.8738877386074061,0.9127176324343571,0.8477254804120707,0.6598754048446145,0.6978160765014574,0.8205114287236293,0.82659236477525,0.6789224843122919,0.8179968616041268,0.8847393876859186,0.8892336413954074,0.913847723579036,0.855151610602203,1.0,0.914182927499657,0.9065138733342928,0.767847971395505,0.9158573995676527,0.8741500498743154,0.9171790093124281,0.9324400896883378,0.8450480088075737,0.9182951277604833,0.8923137947452632,0.704653119887793,0.7693207170926225,0.8931570593036244,0.8604162205172069,0.78397737537072,0.8554560713805881,0.6272229471217026,0.8354392340182608,0.5316199182395753,0.5659782940905379,-0.933817862400328,0.35762773341582105,-0.47961303205509925,-0.500886215960856,-0.21014891411786876,-0.06405676350494817,0.10644438610008143,-0.0867638578556235,0.18452603817636976,0.24313771094142345,0.6362828743419354,-0.9406703476343417,0.1025813427038761,-0.5597868450311546,-0.5277485426434121,-0.2084567830450246,-0.024411940236045173,-0.17169964984064817,0.19830904355174295,0.26395485898461857
0.928709414206815,0.9500182045410717,0.9404388671275902,0.8759869495559589,0.8726132475453076,0.849473628236286,0.9124558412801951,0.9577024235396737,0.9053170293456035,0.8253447035435378,0.9254476837401253,0.7914370042368905,0.8391721137484927,0.9023105716243436,0.9489863389871941,0.9146077816659661,0.9101594859076849,0.858217912923926,0.5477425274098546,0.5885397052451228,0.8516608866712158,0.8261211294642231,0.6623927773135979,0.7674914174063314,0.8762565225157144,0.8257850928262506,0.9555104364331206,0.8725266645447038,0.914182927499657,1.0,0.8929996362359042,0.7932749828176461,0.9568079900349038,0.9551968691039506,0.9481738572833849,0.9353265905085265,0.9330676836408287,0.9590955221202847,0.9321962091844243,0.5856886827601286,0.6950731664609282,0.8756499362348101,0.834318805295011,0.7312145869376164,0.8812143932638384,0.5679826851729236,0.8419774760530496,0.4291920656952015,0.6647129648779473,-0.9423675685767534,0.3253776028745987,-0.5045274023337082,-0.5403908013929384,-0.18970203996337587,0.014028706939191116,0.33460498386247123,0.10933037877183036,0.3664832436468146,0.4095230837984494,0.56517119660558,-0.9627776064555175,0.1115511563664883,-0.6265915195657787,-0.677878557492251,-0.23859071513124502,0.012479476139427995,-0.01290046838517584,0.34798730924480076,0.4404864440864281
