0,1,2,3,4,5,6,7,8,9,10,11,12,13,14,15,16,17,18,19,20,21,22,23,24,25,26,27,28,29,30,31,32,33,34,35,36,37,38,39,40,41,42,43,44,45,46,47,48,49,50,51,52,53,54,55,56,57,58,59,60,61,62,63,64,65,66,67,68
1.0,0.9252943362270263,0.9162627101631541,0.9145324630554106,0.8828404708680023,0.8741966892378455,0.8780148324330272,0.9296296397604539,0.868292351176907,0.8464589434194516,0.8888405331142916,0.8780106687763439,0.8688517491040068,0.9016872042920989,0.9096452424066471,0.8311699902003646,0.8908658304180823,0.7654217679220348,0.7367555678288916,0.8106592944729298,0.8445733354765768,0.844020060517785,0.7445593115023532,0.7454000746629187,0.8642471427750821,0.7948856373832609,0.9243341178748797,0.9406434154702393,0.9163154767522648,0.9232197089049857,0.8408568135746403,0.6729848866718551,0.9405223766880261,0.9342079726123589,0.9041547833582997,0.8692274780494826,0.9158179383326202,0.9151336662202418,0.8771610933466619,0.7362932720309189,0.736926700422096,0.8488994161563713,0.7300033454566224,0.7245992646041602,0.8431668277466517,0.697724378565645,0.856775492294615,0.6912800634447478,0.622547382319967,-0.924414329808986,0.4258153612242619,-0.6551936763031805,-0.5196933411720769,-0.4204310351765114,-0.2455716349217676,-0.5918012256181808,-0.44391967560361234,-0.08825489592149692,0.1022632060497221,0.7225601529366324,-0.9359126004654761,0.4036841312623933,-0.6634933824783396,-0.5910095077268677,-0.46222560039889893,-0.20635075974830194,-0.4068104405777906,-0.16735403031890753,0.019418313923958222
0.9252943362270263,1.0,0.9624705692651787,0.948317748220486,0.9160042224880315,0.9007972323278577,0.9608958320816551,0.9568245314909208,0.9233011876368659,0.9149759602306724,0.907000417314904,0.8302516952829088,0.8992655004254781,0.9065642231379105,0.9574108810321791,0.8890677048836171,0.9609650196807153,0.8816118040053514,0.8627542422609623,0.9062365487782463,0.9183444269492539,0.9151116771379222,0.8648295535129065,0.8596121783089291,0.8511610698033333,0.9167639625719601,0.9471321754614089,0.9010583112819578,0.9733728601260865,0.9579554248863806,0.9105548278933647,0.7813035828743001,0.956086719057448,0.9665178320952742,0.9430663170350059,0.9500194905473345,0.9637730934677712,0.9610501018653219,0.9495747414639997,0.8510112324346889,0.8497635145740928,0.945638812052241,0.8486772263945827,0.8293372275058921,0.9020139204992418,0.7706662493202137,0.9073306049674068,0.790574762480531,0.6976234973251195,-0.9743281898305185,0.40757195372029537,-0.6603273927049027,-0.6062587603260223,-0.41000822985485785,-0.1982129446275265,-0.5427002602961566,-0.43370619048377934,-0.02820724859310562,0.06091412794792615,0.7185365354400596,-0.9733671717365362,0.3930589073081737,-0.6583177786500998,-0.6649440502797588,-0.4676658439682003,-0.2570076810049986,-0.47198310584313313,-0.1979566841624834,-0.02273847958114345
0.9162627101631541,0.9624705692651787,1.0,0.9560588316621805,0.9030881197643192,0.8719538796060249,0.9596049325525271,0.9383294615100447,0.9022739816494111,0.8913497020716024,0.8990625942040026,0.8481601828337133,0.8826545887425951,0.9012027690321908,0.9471641897828043,0.8729751573148267,0.9642656857750499,0.904349650400757,0.8401656739666556,0.8928859290107214,0.9075258457950387,0.9171606440546051,0.8619194329129597,0.8548983450266338,0.849399385442787,0.9170758828523543,0.945985153999829,0.8993057706169029,0.9602025529921338,0.9525016395566737,0.912582497576872,0.7486523477112447,0.9416847918506964,0.9513381256543667,0.9304566671571157,0.9386459566541785,0.940817473456117,0.9550571943151411,0.9366208414978558,0.8469626390875856,0.8082434723235602,0.904146001902908,0.8161245510878993,0.7712213091567023,0.8953941984735666,0.7469582409948741,0.8916398600865918,0.7930244805221962,0.6929393598277291,-0.9629113596312735,0.3919328957291066,-0.6624991955421514,-0.5716848962465986,-0.42869333418832606,-0.2004920463229082,-0.5946825291135872,-0.4334189151124254,-0.05457883483247061,0.05409323953183233,0.7503401015689756,-0.9670266645960246,0.3660131898915567,-0.6759213390983274,-0.6424779975842555,-0.5007064061040064,-0.23508431390246834,-0.4940874191313898,-0.25901455834936105,-0.022237422753017707
0.9145324630554106,0.948317748220486,0.9560588316621805,1.0,0.8824403399036441,0.8561833635122273,0.9417163225729359,0.9254862013260406,0.9097648472442906,0.8868588481621444,0.9067861113606867,0.850345051829605,0.9061991284137101,0.8807188417848314,0.9358219854114522,0.9080242978702717,0.9465767931167828,0.8900613124358457,0.810087375618628,0.8886175052357113,0.8873419432862143,0.9417675038423658,0.8376790202112185,0.8411758850351175,0.8383210855140287,0.8844328676476818,0.9360362472330638,0.8923590629100939,0.9397730701158971,0.9416184880324975,0.9189923293942301,0.7517518605416541,0.9235613213646687,0.9420911460811559,0.9294859712204662,0.9280129414846057,0.9397506991576643,0.943880392210685,0.9227564789222936,0.8366753894589292,0.7777608858543,0.876040970647737,0.7554486681519481,0.7439936015283175,0.8962248093727208,0.738373740019211,0.8834972823049604,0.7761692995286692,0.6840331875190756,-0.9536206005218912,0.38312075033982657,-0.6565675628978241,-0.5801067441895233,-0.4494633968524683,-0.19813077088790607,-0.6086851350193336,-0.4563228805937709,-0.08356874953717552,0.03510087897241759,0.7577598087504782,-0.959051185968361,0.372130591880746,-0.6512348689989359,-0.6485065433770741,-0.5116700960471329,-0.22987626383605772,-0.4876288610029266,-0.25703204998353496,-0.05909965523608162
0.8828404708680023,0.9160042224880315,0.9030881197643192,0.8824403399036441,1.0,0.8890166111629033,0.8848675845413563,0.9074043018509362,0.8614183132365792,0.8566218920822282,0.8630575423801523,0.8394724345990889,0.8954159259731275,0.8726886980827023,0.8766888005352604,0.8156692290614141,0.8859102906082805,0.7833777887295256,0.755504268647042,0.8500146525957284,0.897916577351532,0.8565691274738125,0.8052671722091953,0.7762506962088183,0.8116743882259432,0.8277197673453135,0.8831632881921009,0.8501964005406444,0.8867887889683066,0.9021723136223837,0.8257642180582674,0.6941945647477691,0.9139503176251274,0.9017391749277117,0.8640472705472615,0.8715722361267543,0.8943006584137724,0.8960676571282942,0.8858008112177101,0.7964491624190524,0.7735298901594825,0.8760194331709372,0.779500385982381,0.730521963787034,0.8359936971225834,0.6871756321685148,0.841920719717875,0.7268537189885046,0.5868149452500011,-0.9014464590859019,0.3857162659731523,-0.5942469160482903,-0.5140511650548993,-0.35891709952648815,-0.15537770609683482,-0.48089583494901894,-0.375949786446243,0.013402558184626035,0.07458408374961945,0.6424621338543722,-0.9042098330933288,0.33854150744434414,-0.6110136320345263,-0.5744184858949186,-0.4122384323061924,-0.20706436631088107,-0.4002875091209296,-0.143467461565421,0.01901776802483458
0.8741966892378455,0.9007972323278577,0.8719538796060249,0.8561833635122273,0.8890166111629033,1.0,0.8580246186847671,0.8678041465895889,0.8811454282509498,0.8635403156352346,0.7857267617002135,0.7899859155982123,0.8448390988217179,0.8306058147337061,0.8571624349720177,0.78479960972943,0.8360482641653286,0.7432634325410058,0.7966335691369245,0.8875441854950298,0.9156206335314926,0.7793164895013703,0.7168560857117867,0.7187607317255228,0.7089906061170805,0.8265066220758905,0.8469076490182883,0.8506737549494438,0.8798574934046293,0.8414359264740082,0.7558502663982986,0.6708130835402929,0.902450781477081,0.8702843248427523,0.831705054506042,0.816959210437718,0.8705331022022617,0.8425254119932513,0.8153432065340426,0.697175984640403,0.8445893869629437,0.8610134188379106,0.7503246921593539,0.7820806472553543,0.812391790773786,0.715476137473974,0.7510431822635903,0.6322976006999727,0.5722579577277098,-0.8855248600835696,0.4047470434725566,-0.594166193963216,-0.5078476631873582,-0.34614869369880946,-0.17526471679924846,-0.5379495340392956,-0.5239451967745375,-0.08583890764738092,0.07863470877273068,0.5790572240115069,-0.8847301001170669,0.39309030628305164,-0.581691415224632,-0.535938262904193,-0.36641919688446356,-0.1975471375267123,-0.48321114480454225,-0.13279744064519391,0.008356831158886835
0.8780148324330272,0.9608958320816551,0.9596049325525271,0.9417163225729359,0.8848675845413563,0.8580246186847671,1.0,0.9277297068720688,0.9098397568289363,0.9104234268110176,0.8950708372026815,0.7933235497395394,0.8812801469994269,0.8783225067894977,0.9462587599439586,0.8835620230944853,0.9749974286179045,0.9204560998952327,0.8661270900712545,0.9249278129772971,0.9082380325834751,0.9262779391783872,0.8750393323103565,0.8962105381280809,0.8356529094073865,0.9573757036689237,0.9309497994944765,0.8636603343889208,0.9631016704777969,0.9419123497765054,0.9197375829631597,0.8142270795625719,0.9227580938441523,0.9390296950246596,0.9257659751249454,0.9528374440016224,0.947030111922115,0.9525143195582259,0.9437051499196212,0.8714479861351746,0.8452237826773594,0.9361428621850746,0.864929774063445,0.8169578778845008,0.9023917067083684,0.7991290493003385,0.8826887288513959,0.8106333256845717,0.6979526800062612,-0.9597207643432109,0.3747166894106006,-0.6297621394165219,-0.5923764383127896,-0.3901021300621228,-0.17269947943526687,-0.5384236692483909,-0.4217010506265866,-0.018597694749644206,0.019243501942921105,0.7079079487926742,-0.9555047748517295,0.3547757497141679,-0.6180503238423284,-0.6599836364442413,-0.45488442169905313,-0.23901590864866998,-0.49081783354914305,-0.25933751174472974,-0.04286952932533868
0.9296296397604539,0.9568245314909208,0.9383294615100447,0.9254862013260406,0.9074043018509362,0.8678041465895889,0.9277297068720688,1.0,0.8900764512827022,0.8936622781713961,0.925384037590987,0.8690117358216168,0.8966321381981979,0.9092577808533497,0.9383915166685425,0.8754537074913368,0.9389791955236603,0.8358327709681264,0.793904235434078,0.8556790110475889,0.8823418541528527,0.8969825085692832,0.8259796299790093,0.828615860233489,0.8873590392569459,0.8700048111561233,0.9413998940355955,0.9011830038642742,0.9462154835586547,0.9555258396020341,0.9006106637424093,0.7402629244474014,0.9608822810263445,0.9653736812046566,0.9392194413366391,0.9292463596592695,0.9437269699130336,0.9582344962981799,0.9310949329263796,0.8283245551223163,0.7780489377414378,0.907637138734386,0.8179222608001684,0.8211659536160937,0.8974182504915882,0.7356281247772223,0.8965161972373628,0.7733642335023585,0.6822445745027859,-0.9614401299915971,0.35448778903990963,-0.6779273232826399,-0.6131203097649258,-0.44773106989262623,-0.2172876427665951,-0.5165679462274554,-0.4062502705547843,0.0069617135842970695,0.06336724057079356,0.7272614014536289,-0.9649050700369612,0.387649879811314,-0.6903284297830686,-0.6791732997748178,-0.4998171357140802,-0.24966207243911276,-0.4085995314232458,-0.14689337835755062,-0.026674623315954934
0.868292351176907,0.9233011876368659,0.9022739816494111,0.9097648472442906,0.8614183132365792,0.8811454282509498,0.9098397568289363,0.8900764512827022,1.0,0.9113005038824402,0.8436437265045774,0.8086133019557208,0.878980934773643,0.8464780883880257,0.8927385226494302,0.8402143899019394,0.8987038238862792,0.8180099607275455,0.7898996675191121,0.8925371440117182,0.8983801852254201,0.8591762378094888,0.771841467144908,0.8019982523607327,0.7636344979391275,0.8838357790461937,0.8995005583190172,0.8661016307653481,0.9124303523066177,0.8946205238901328,0.8562389453850164,0.7600487337124101,0.8896981755684333,0.903764590675769,0.8786142467885935,0.8933739407632117,0.907807573773476,0.8940049545657618,0.8727240269700786,0.7745122597562054,0.8389901949826415,0.8938992694264183,0.7871480281520936,0.7811630545917002,0.8626243473672166,0.8108918485980409,0.8242934386131916,0.7032102497037804,0.6569110578269052,-0.9202658769394368,0.40736791656427107,-0.6098543662276108,-0.5875990939127933,-0.4072610560847768,-0.14335198895421913,-0.5535861928498603,-0.4477718421799636,-0.09175556826492869,0.03756627440527302,0.661462669517342,-0.9186171512904017,0.36903108843263194,-0.5738915236165802,-0.6268481228378912,-0.4460974151731432,-0.21538847453847834,-0.4508810912222235,-0.21368635381718812,-0.030954246409101327
0.8464589434194516,0.9149759602306724,0.8913497020716024,0.8868588481621444,0.8566218920822282,0.8635403156352346,0.9104234268110176,0.8936622781713961,0.9113005038824402,1.0,0.8577162693007809,0.7651176836130682,0.8877523670078776,0.8219457108785304,0.8747222379146884,0.8144359538666315,0.8989951077865053,0.8151211969244877,0.7858867251122067,0.8948174959893032,0.9034621364596375,0.8589310913083944,0.8001903235810444,0.8249439715508607,0.7821272896585668,0.8851913014763646,0.8670299488841666,0.8619218086209159,0.9107818212807611,0.894621128754524,0.8712529415924064,0.7547889467791236,0.8935816195763583,0.8855567960749277,0.879385917093383,0.9006656006365948,0.9026134752969435,0.8848568927488875,0.8780018033224118,0.8118641243396065,0.8397699469243322,0.8980750570160574,0.8155745608437586,0.8470831575283615,0.8846032932102903,0.8511358723341875,0.8398856665040458,0.7724345260159184,0.6042221792882249,-0.9092776792589936,0.33832821961216725,-0.5660206162841821,-0.5755971946470969,-0.3672349167729519,-0.16629801841790331,-0.5037068036143368,-0.44075204863576994,-0.05354118199157844,0.050168813808959344,0.6300164664824877,-0.910526609949103,0.36561251492630953,-0.5772060493803592,-0.6192341163001711,-0.42431788564571565,-0.22035088690258908,-0.4304347683380482,-0.22066556187351552,-0.04136661789440718
0.8888405331142916,0.907000417314904,0.8990625942040026,0.9067861113606867,0.8630575423801523,0.7857267617002135,0.8950708372026815,0.925384037590987,0.8436437265045774,0.8577162693007809,1.0,0.8131662137825033,0.8858257122556354,0.8421589513469426,0.8929646210455792,0.8436253064867689,0.9024943314714203,0.8255222572978553,0.754936311627499,0.7971276921070792,0.8313022164561736,0.9096626953888257,0.8188363669478559,0.8153596116437857,0.8990933716046802,0.8296671792422048,0.9111272672239165,0.8714220846263103,0.9001585914193423,0.9379469592379598,0.9109967032345135,0.7306155923543324,0.9043463399460868,0.9184342562514246,0.9208315092544224,0.9113653621680213,0.9113503510074453,0.9309481400707011,0.9164420421261567,0.8368731160421138,0.7095246844725972,0.8497409502553692,0.7644388965249723,0.7235452297066933,0.8585591511737785,0.7084581572413055,0.8917386699113047,0.7660174025459405,0.6357387923468065,-0.9108105542895618,0.34545617919127114,-0.603336698926956,-0.5737256630893873,-0.43093748687361355,-0.18793475323051603,-0.5151293074052361,-0.34534638846768073,0.018230723419640858,0.03716211671120356,0.6888279784409557,-0.9155587474914826,0.3312507535475288,-0.5949897487920427,-0.6461289709735388,-0.48265385682186135,-0.21634906761589534,-0.3268477775134385,-0.1584520572550359,-0.08146272081587409
0.8780106687763439,0.8302516952829088,0.8481601828337133,0.850345051829605,0.8394724345990889,0.7899859155982123,0.7933235497395394,0.8690117358216168,0.8086133019557208,0.7651176836130682,0.8131662137825033,1.0,0.865312190664214,0.8579984507686337,0.8166709054669686,0.7933922314115605,0.8163373182067978,0.685288772535083,0.5746703224857764,0.739427665168636,0.8100567421605598,0.8005695223254449,0.6851143657383882,0.6711343777537045,0.7885400512967963,0.716640007837143,0.8552224548465555,0.838399306240253,0.7983192539451571,0.855092706320309,0.7868802244290736,0.5647917895066144,0.8607854196610053,0.854794870521406,0.8038630117427705,0.7873863361259393,0.8115174638612873,0.8496740897182236,0.7880644860068995,0.7049714048006573,0.6062702566666739,0.7383789570231161,0.6329513980175546,0.6064501884879501,0.784391725141264,0.5996707950866512,0.7516105845964257,0.6580386213716325,0.5471021506585525,-0.843853638862019,0.3895819804593303,-0.5926636739282254,-0.5019921164502361,-0.4242222824531564,-0.1567725494390085,-0.5444145897893152,-0.32425867200578884,-0.015370820513215472,0.07758484964323499,0.6677859926260294,-0.8585122216997481,0.355458136610833,-0.6402695984294018,-0.5598059054212638,-0.4912781788502672,-0.18661258898210537,-0.3411939481587439,-0.1607543789360677,0.005152957225957189
0.8688517491040068,0.8992655004254781,0.8826545887425951,0.9061991284137101,0.8954159259731275,0.8448390988217179,0.8812801469994269,0.8966321381981979,0.878980934773643,0.8877523670078776,0.8858257122556354,0.865312190664214,1.0,0.8757677364805024,0.8653386246029441,0.8379036065989702,0.8817368632511495,0.7733616338770878,0.6986802451354044,0.8494748434965745,0.8901506327180754,0.8840387728392362,0.7818957468797197,0.7773507670951606,0.820454252751614,0.8296699334801431,0.8694171689164416,0.8356237217698784,0.8708869818746571,0.9023426457928946,0.8601999570339475,0.7080207253561751,0.8950099920235808,0.8901185225798725,0.8660431043916513,0.8699494803204191,0.8956672177202881,0.8946952586535855,0.8642048323158753,0.7885441074831111,0.7427717291915247,0.8504753166433815,0.7620598044474,0.7243723378866683,0.8441044479731955,0.7237130998922698,0.8402785752760632,0.733029448556495,0.5807472552504757,-0.8923467864756992,0.3655023506058208,-0.5957797933262854,-0.5621496832595706,-0.3985648282998899,-0.17266217938583184,-0.4952378389829492,-0.38338588239747345,0.01068394992432855,-0.012495064043635354,0.6637340311379066,-0.8999417690997182,0.36966139538467546,-0.6009264279590881,-0.6314150445808006,-0.44273008850792456,-0.18586292819536018,-0.3821091525834804,-0.15472114439155793,-0.10864611456278958
0.9016872042920989,0.9065642231379105,0.9012027690321908,0.8807188417848314,0.8726886980827023,0.8306058147337061,0.8783225067894977,0.9092577808533497,0.8464780883880257,0.8219457108785304,0.8421589513469426,0.8579984507686337,0.8757677364805024,1.0,0.9105968719080552,0.7959428929340713,0.8884794838511941,0.7801557024602698,0.7180834611977422,0.8084698748020809,0.8464978520375401,0.8383474520977864,0.7856916807750404,0.7711061336554194,0.8577885039727506,0.8219692514409322,0.9118334285557669,0.8329620063037826,0.887094689729006,0.9026087860655887,0.8279580175749661,0.6759273803165055,0.9074473674189141,0.9205820684939053,0.8632116616000747,0.8665283736196987,0.8967054645170013,0.920818775502416,0.873279241073866,0.7594447672795479,0.7135271919906686,0.8400593349594944,0.745796380690795,0.7048073236782822,0.8399030741340403,0.6881336812511726,0.8383101629139662,0.7219717440780835,0.6351730222595139,-0.9039719290539356,0.38520036060928103,-0.6422204024710898,-0.523820690808785,-0.37107127664226436,-0.1676710104934845,-0.48077730130553753,-0.32932005550667903,0.01004424877463837,0.06559215318565442,0.707073922285081,-0.9073269251462539,0.36473571749680644,-0.6571939909517887,-0.6027824635213619,-0.4605143224061785,-0.1997415217227936,-0.39154878510072005,-0.18874578951423235,0.007239419390266232
0.9096452424066471,0.9574108810321791,0.9471641897828043,0.9358219854114522,0.8766888005352604,0.8571624349720177,0.9462587599439586,0.9383915166685425,0.8927385226494302,0.8747222379146884,0.8929646210455792,0.8166709054669686,0.8653386246029441,0.9105968719080552,1.0,0.8801480408245661,0.9473818394192481,0.8835224173082447,0.8376495942018153,0.8733640374819294,0.8774936702938277,0.8976580150077043,0.8477124276552455,0.8424903803751242,0.8664967075737086,0.9044386549870095,0.9589567935931513,0.8537056750499651,0.9579754653921961,0.9410288448225974,0.9007382560159729,0.754734579661664,0.9300879466432652,0.9556472956258041,0.9259732547060084,0.9305258264475085,0.9463207592952656,0.965725655994954,0.9336087927810982,0.8420984485021656,0.7815685610590501,0.9061554823407936,0.8219882018271096,0.8073561572576915,0.901735287928873,0.7626147553520183,0.8755703578798606,0.7914034875071927,0.7345553945900761,-0.9670908797606275,0.40293800219153214,-0.7004540483711127,-0.6137850458619444,-0.4686363736333344,-0.2103612096280576,-0.5800825706868914,-0.4531215579096001,-0.05835198670774619,0.037210513718066836,0.7557175830046768,-0.9611269655174381,0.3763498121052987,-0.6915118588868506,-0.6786650193905778,-0.5338364641244764,-0.27182265357144875,-0.5073417150966627,-0.29109544157091877,-0.03722550138576335
0.8311699902003646,0.8890677048836171,0.8729751573148267,0.9080242978702717,0.8156692290614141,0.78479960972943,0.8835620230944853,0.8754537074913368,0.8402143899019394,0.8144359538666315,0.8436253064867689,0.7933922314115605,0.8379036065989702,0.7959428929340713,0.8801480408245661,1.0,0.8875866679699277,0.810739752624257,0.7557426695572954,0.8356760220394142,0.8062508017728972,0.8964547988870663,0.7815826418226176,0.8057543667264591,0.7565795007571526,0.8293228589867744,0.8653316544093655,0.8260440608986727,0.8815645627311848,0.8858105536061815,0.8746959922692056,0.7520897508763006,0.8555324617243023,0.8960132467936627,0.8935433106019616,0.8868862971652545,0.8825903924904422,0.8856010408102123,0.855248798454023,0.8126093287687404,0.7446806887382407,0.8480082185608759,0.7323612952153793,0.7066650478630888,0.8519108708780204,0.6870646626305528,0.8328190448383804,0.7497174208405347,0.7120879924266471,-0.9067402423812085,0.41577689122084494,-0.630859957964405,-0.6045142893775524,-0.4857686945369396,-0.240319448044627,-0.5134658589334975,-0.4211522650774002,-0.08734740584777005,0.027892950283421456,0.7461682070721931,-0.907075664215057,0.433024378226793,-0.619551614952476,-0.6609883256721039,-0.5148461709244914,-0.2911643581433995,-0.48193658348255297,-0.24131431443119025,-0.051332924947056366
0.8908658304180823,0.9609650196807153,0.9642656857750499,0.9465767931167828,0.8859102906082805,0.8360482641653286,0.9749974286179045,0.9389791955236603,0.8987038238862792,0.8989951077865053,0.9024943314714203,0.8163373182067978,0.8817368632511495,0.8884794838511941,0.9473818394192481,0.8875866679699277,1.0,0.9167079855507551,0.8422407649817736,0.9046911217383857,0.8912342043542882,0.9321579544062069,0.8804501910368223,0.8927631096657063,0.8517546952852543,0.9332838114897155,0.9372828970833157,0.8715903191535186,0.961018636429326,0.952628489007298,0.92859433270792,0.7970757334248838,0.9287293807839453,0.9483177163556867,0.9330202172129555,0.9559191676499186,0.9457353363741404,0.9588443389184169,0.9498682666673113,0.876727059823702,0.8114721099092882,0.928164208127797,0.8520614570905602,0.8013279059247866,0.9023274562311319,0.7730502260140063,0.9042668683799859,0.8343726026104413,0.7043389145451677,-0.9633157362839552,0.36940983612246564,-0.6549304958851981,-0.6140451243307031,-0.41780537527016137,-0.1836719004355353,-0.5450322438126525,-0.3953714728791254,-0.014638478101319565,0.01917048700172613,0.7361221741301227,-0.96250750741667,0.3477314098497624,-0.6548086760948969,-0.6822996397955365,-0.49011662255634064,-0.2459100635786857,-0.47988416308036785,-0.2524864876222645,-0.0379206473061031
0.7654217679220348,0.8816118040053514,0.904349650400757,0.8900613124358457,0.7833777887295256,0.7432634325410058,0.9204560998952327,0.8358327709681264,0.8180099607275455,0.8151211969244877,0.8255222572978553,0.685288772535083,0.7733616338770878,0.7801557024602698,0.8835224173082447,0.810739752624257,0.9167079855507551,1.0,0.8853693559822724,0.8431188594412828,0.8180785015629463,0.9010699233619701,0.9131428566727682,0.8602197481998467,0.770996311623999,0.9034491829276724,0.8636880732268998,0.7519482107912365,0.8962349453569649,0.8662389390473907,0.8733684957413603,0.7376111563765984,0.8337726054147254,0.8561568805799384,0.8554695082604995,0.8973682503376091,0.8742131917854873,0.886083167617426,0.9117620138832898,0.8667209427687729,0.7566954092668295,0.8427958807842375,0.7782948520746931,0.7358552584215466,0.8280050891967707,0.6887525365240948,0.8297312295945171,0.8157826759183724,0.6783927680200588,-0.8892660068648788,0.2754494144668771,-0.6179430178897304,-0.5715250224396242,-0.39773994266180707,-0.12334352050590572,-0.5567464523096092,-0.4141929467972466,-0.0010388776195492404,-0.013160098734035413,0.688444060866734,-0.8814167141518531,0.242146988534015,-0.6028916596263306,-0.6342461310243906,-0.48765325532860254,-0.2404527542359302,-0.529753094363972,-0.3058910989058158,-0.0845034692976031
0.7367555678288916,0.8627542422609623,0.8401656739666556,0.810087375618628,0.755504268647042,0.7966335691369245,0.8661270900712545,0.793904235434078,0.7898996675191121,0.7858867251122067,0.754936311627499,0.5746703224857764,0.6986802451354044,0.7180834611977422,0.8376495942018153,0.7557426695572954,0.8422407649817736,0.8853693559822724,1.0,0.8379381325161589,0.8032656017195148,0.797249964299028,0.8338161706872955,0.7835037367880782,0.6820584087180096,0.859643009270068,0.7948656320054828,0.7162940973558192,0.873427538819962,0.8026156141996698,0.7896268619839178,0.6969964794666691,0.7985938493539515,0.8149446196392844,0.8013374323203034,0.8371093955541076,0.8437237766528727,0.8211040315719348,0.8467183798632939,0.7727464660020772,0.8150425094016696,0.8549964552879945,0.7709566144591976,0.7838986135259806,0.7665419556896848,0.6862782067516889,0.7712441832101067,0.7003035942529663,0.614932710667966,-0.8427373087140203,0.30565913230416736,-0.5430829875528902,-0.5010795995756138,-0.29927150795067137,-0.13865520876329282,-0.4743341812225476,-0.4456832019743819,-0.008970711239378534,0.02925782392871821,0.5735418679102028,-0.8318251146466705,0.27147213917811125,-0.5177211368729273,-0.5406644256563191,-0.3537041487611347,-0.2288541688310359,-0.4965937985067772,-0.2033113366320939,-0.03748093827192167
0.8106592944729298,0.9062365487782463,0.8928859290107214,0.8886175052357113,0.8500146525957284,0.8875441854950298,0.9249278129772971,0.8556790110475889,0.8925371440117182,0.8948174959893032,0.7971276921070792,0.739427665168636,0.8494748434965745,0.8084698748020809,0.8733640374819294,0.8356760220394142,0.9046911217383857,0.8431188594412828,0.8379381325161589,1.0,0.903156559392242,0.8626831635046928,0.7935489427070802,0.8359829909123866,0.6988247492021742,0.9098605957780702,0.844597709222733,0.8029333856449866,0.9035098561199199,0.8554004361043809,0.8348132217591455,0.7872951362344607,0.8625676515088184,0.867031754742473,0.841004306451396,0.877320813462511,0.8856961787307803,0.8639851345682473,0.8576317356348163,0.790452576995296,0.874215037274613,0.8910204562920018,0.8076138825651641,0.8108049127606521,0.8572348971150446,0.8020214446981511,0.7768803195978576,0.7297965804944728,0.6332338613311055,-0.897228190196957,0.34597487229410384,-0.5632730825642736,-0.5561772296293733,-0.34139084389137553,-0.14908523690330033,-0.49320778345712507,-0.4516335251633392,-0.04566418140276511,-0.04434294330570722,0.6076961042980568,-0.8909479358839963,0.32792348124907117,-0.5421069683938283,-0.5951486018863744,-0.3821713408937253,-0.2082404244993234,-0.5112794129354108,-0.23635066774107522,-0.06875913968844533
0.8445733354765768,0.9183444269492539,0.9075258457950387,0.8873419432862143,0.897916577351532,0.9156206335314926,0.9082380325834751,0.8823418541528527,0.8983801852254201,0.9034621364596375,0.8313022164561736,0.8100567421605598,0.8901506327180754,0.8464978520375401,0.8774936702938277,0.8062508017728972,0.8912342043542882,0.8180785015629463,0.8032656017195148,0.903156559392242,1.0,0.8573368927147332,0.8021205983812815,0.8023965008546404,0.7551025109225242,0.8881817637910627,0.8668913692029162,0.8307715493497109,0.9043249562399118,0.8853892263942604,0.8543526162159073,0.7471674545986519,0.9037739491970093,0.889124863053452,0.8658193334369141,0.8822751470748386,0.890490398657664,0.8835581312656093,0.872234359780181,0.7887910095285073,0.8492743245548939,0.8899501740446609,0.8017088500250826,0.7877421209495468,0.8374648971576539,0.7540346014948299,0.8049760890200116,0.735868424923097,0.6276564448190276,-0.911376096729101,0.3665879098154509,-0.5902951169025222,-0.5726097881275298,-0.36545427097101485,-0.12477612075463099,-0.5173364277697329,-0.464929492972259,-0.02231128581486082,0.02912790962563493,0.6090939184091362,-0.9062671834886317,0.36164799170994655,-0.5952577577918142,-0.5979292564899288,-0.41350346759952844,-0.19197423719573228,-0.4913086746269066,-0.19343124773162,-0.025928625095812983
0.844020060517785,0.9151116771379222,0.9171606440546051,0.9417675038423658,0.8565691274738125,0.7793164895013703,0.9262779391783872,0.8969825085692832,0.8591762378094888,0.8589310913083944,0.9096626953888257,0.8005695223254449,0.8840387728392362,0.8383474520977864,0.8976580150077043,0.8964547988870663,0.9321579544062069,0.9010699233619701,0.797249964299028,0.8626831635046928,0.8573368927147332,1.0,0.8970642843494223,0.8888714569242786,0.8343639619422335,0.8741921487912837,0.8951136462885919,0.8325938960540858,0.9099645629521315,0.9332777992283261,0.9483641167675454,0.8030424654834742,0.8805695681676826,0.9067885717769406,0.9046784086684428,0.9395837018045894,0.9157632975541861,0.92757098918908,0.9375539096901099,0.9035212689360301,0.7421757845271023,0.8607575331679908,0.7575838011699633,0.703484863818754,0.8716023231558936,0.7089585483948502,0.8882524149109232,0.8477454310070853,0.6616535526837491,-0.9204130919846898,0.33141118188519036,-0.5966978918886985,-0.5954372145214722,-0.4297995149791769,-0.16435696423365884,-0.5193904109800626,-0.35595809757651387,-0.007517194744423826,-0.030671770514476556,0.720645945163217,-0.9230761346851414,0.31148691229356557,-0.5942651252720831,-0.6674867694845005,-0.4976714829099298,-0.22507933494351415,-0.42677657619546594,-0.2286748715247269,-0.1007811683003313
0.7445593115023532,0.8648295535129065,0.8619194329129597,0.8376790202112185,0.8052671722091953,0.7168560857117867,0.8750393323103565,0.8259796299790093,0.771841467144908,0.8001903235810444,0.8188363669478559,0.6851143657383882,0.7818957468797197,0.7856916807750404,0.8477124276552455,0.7815826418226176,0.8804501910368223,0.9131428566727682,0.8338161706872955,0.7935489427070802,0.8021205983812815,0.8970642843494223,1.0,0.8693757506740792,0.7929942291898943,0.8357838367890877,0.8223044406900932,0.7260022445767101,0.8588974894941221,0.8733479635229721,0.8637233232411957,0.719474601603535,0.8236816328145572,0.8346269653774714,0.8359937464362147,0.9035879709468735,0.8588121438576636,0.8707310058337691,0.9255544970163374,0.9286491418280145,0.716055522155455,0.8350978962796679,0.7765937887421246,0.6990736164138553,0.7863779328461681,0.6474792426490438,0.8634553699415501,0.8921755594058964,0.6149070989903365,-0.8595166087602321,0.2571559426780102,-0.549888344333336,-0.5771233383036485,-0.3527249434455696,-0.1268425406475806,-0.46043618810510106,-0.2883557646530284,0.10173214288751634,-0.019465457682544634,0.6364661196312018,-0.8520686484066141,0.22432790345761044,-0.5702064302305963,-0.6346217094088854,-0.4630582911155473,-0.26459321512064565,-0.4222684357379413,-0.20019713549496204,-0.08871547644441558
0.7454000746629187,0.8596121783089291,0.8548983450266338,0.8411758850351175,0.7762506962088183,0.7187607317255228,0.8962105381280809,0.828615860233489,0.8019982523607327,0.8249439715508607,0.8153596116437857,0.6711343777537045,0.7773507670951606,0.7711061336554194,0.8424903803751242,0.8057543667264591,0.8927631096657063,0.8602197481998467,0.7835037367880782,0.8359829909123866,0.8023965008546404,0.8888714569242786,0.8693757506740792,1.0,0.7698677714126572,0.8712029462513828,0.82683583196181,0.7555826671183349,0.8657006777626908,0.8597190710184415,0.8795408282194466,0.8904644207867096,0.8167286812753999,0.8317074555678002,0.8453853322570969,0.9266675036123221,0.8449233781973206,0.8612288419783086,0.8952630108625635,0.9019831495085042,0.7566730082645681,0.8404042148397688,0.7883661814728632,0.7334072669758928,0.809011898987316,0.7244242943780006,0.85663345787877,0.8766339537583,0.643649186815285,-0.8556398903612001,0.2568429325288126,-0.507264738961716,-0.5257664229921735,-0.305365244181608,-0.09081634188818949,-0.41668952882529403,-0.2786501743121014,0.04319951614757377,-0.015460436545680228,0.6139045837394419,-0.8489343515305524,0.22563478816618873,-0.4925047627249671,-0.5770848376079126,-0.37486874856051416,-0.22416945301467883,-0.3858040593535629,-0.2288571133013543,-0.039936825368084385
0.8642471427750821,0.8511610698033333,0.849399385442787,0.8383210855140287,0.8116743882259432,0.7089906061170805,0.8356529094073865,0.8873590392569459,0.7636344979391275,0.7821272896585668,0.8990933716046802,0.7885400512967963,0.820454252751614,0.8577885039727506,0.8664967075737086,0.7565795007571526,0.8517546952852543,0.770996311623999,0.6820584087180096,0.6988247492021742,0.7551025109225242,0.8343639619422335,0.7929942291898943,0.7698677714126572,1.0,0.7607192402091991,0.896307208597324,0.8013002236336738,0.8457362305532469,0.9049521224332907,0.8528656688971303,0.6322679253103447,0.8812924857525228,0.8696643155956504,0.8704304638864508,0.8544443695140106,0.8590720040622154,0.8957107649498338,0.8719955882991767,0.7747323851586384,0.5981222915548257,0.7800129861698605,0.7183870966193737,0.6770956917492049,0.7988343196591637,0.6353223808150473,0.8646188688292825,0.7440794486760549,0.5946081410263163,-0.8638626280530005,0.3024761321239186,-0.6185575820877947,-0.5186244972631179,-0.40215534454875884,-0.19364694581291594,-0.5256317000475146,-0.2985031446684725,0.06325191222472967,0.07233210564282579,0.6796665890413014,-0.8676381588603786,0.3004949063795949,-0.638734636177687,-0.6046937567852724,-0.4823973383942264,-0.21331891523567914,-0.3085200497249301,-0.18654284512862124,-0.009837055480667257
0.7948856373832609,0.9167639625719601,0.9170758828523543,0.8844328676476818,0.8277197673453135,0.8265066220758905,0.9573757036689237,0.8700048111561233,0.8838357790461937,0.8851913014763646,0.8296671792422048,0.716640007837143,0.8296699334801431,0.8219692514409322,0.9044386549870095,0.8293228589867744,0.9332838114897155,0.9034491829276724,0.859643009270068,0.9098605957780702,0.8881817637910627,0.8741921487912837,0.8357838367890877,0.8712029462513828,0.7607192402091991,1.0,0.88062431569667,0.7930550959536535,0.9233667531216609,0.8819163891575594,0.876717341557875,0.8112555558784876,0.8653897132489167,0.8848930221393434,0.8714720787710258,0.909207116714217,0.8966711235295987,0.9028626113983828,0.8966772767149834,0.8347513805350713,0.8628829074946625,0.9204836691034759,0.8812995426084179,0.8204464920463016,0.8635112563793742,0.804539190516064,0.8154069226734142,0.7703220293431462,0.6953951258907868,-0.9161941223413708,0.3519170351864387,-0.6076739459934006,-0.579964078123127,-0.36352705994591583,-0.1566767126888541,-0.5030444237999661,-0.4330608381018969,-0.04046025613335768,0.0028514870281588834,0.6687152607030398,-0.9064039923198288,0.3391443507982829,-0.5658674347236459,-0.6379766864629511,-0.4110217289007267,-0.23061191714107196,-0.5122477937140506,-0.2843554555603537,-0.0690131707107516
0.9243341178748797,0.9471321754614089,0.945985153999829,0.9360362472330638,0.8831632881921009,0.8469076490182883,0.9309497994944765,0.9413998940355955,0.8995005583190172,0.8670299488841666,0.9111272672239165,0.8552224548465555,0.8694171689164416,0.9118334285557669,0.9589567935931513,0.8653316544093655,0.9372828970833157,0.8636880732268998,0.7948656320054828,0.844597709222733,0.8668913692029162,0.8951136462885919,0.8223044406900932,0.82683583196181,0.896307208597324,0.88062431569667,1.0,0.8751412375434114,0.9434741399413572,0.9465241126774434,0.8977651961202087,0.7339077673662854,0.9362994375970479,0.9550567035828625,0.9285599714081918,0.9240923346933317,0.9364767000537897,0.9603743035991597,0.9250297784832608,0.8196162253370929,0.752698585171644,0.8890089673176205,0.7835085774325078,0.7710552162225485,0.8992611376771309,0.7440969186034533,0.8830268082439159,0.7644490807765234,0.7173256154220795,-0.9590192605957948,0.42174272587618117,-0.700056918067311,-0.5946482379721928,-0.4619211677811811,-0.19067105283803204,-0.6044523644708374,-0.41500951368644634,-0.054241253280085666,0.08537890076235578,0.7553812314930943,-0.9577680167231833,0.36155155549959195,-0.6814586812380372,-0.6572417585966749,-0.53331887706825,-0.2416623402824036,-0.4564671529542272,-0.2669011724754219,0.002512362322635193
0.9406434154702393,0.9010583112819578,0.8993057706169029,0.8923590629100939,0.8501964005406444,0.8506737549494438,0.8636603343889208,0.9011830038642742,0.8661016307653481,0.8619218086209159,0.8714220846263103,0.838399306240253,0.8356237217698784,0.8329620063037826,0.8537056750499651,0.8260440608986727,0.8715903191535186,0.7519482107912365,0.7162940973558192,0.8029333856449866,0.8307715493497109,0.8325938960540858,0.7260022445767101,0.7555826671183349,0.8013002236336738,0.7930550959536535,0.8751412375434114,1.0,0.8954386181419417,0.9065040830089787,0.8331819562041044,0.6991639802311249,0.9159861414689445,0.8993972852074598,0.8939098807156869,0.8625824029007159,0.884734826276845,0.8731874594864047,0.8533972283823504,0.7344287896121956,0.7820980976021193,0.8426552577083383,0.7334724260869643,0.7090448520015448,0.825061334305178,0.7050435030010228,0.8469826628178577,0.679626240708621,0.5904331489067608,-0.8945838672738831,0.3926312727547216,-0.5766472687562773,-0.49504741811381986,-0.36948764870131195,-0.23254713116061454,-0.5575452671316932,-0.4203793698185247,-0.1103740102046314,0.15085770577747185,0.6790504021098803,-0.9108118306945917,0.41312431287773393,-0.5993592129621748,-0.5524010849143708,-0.4105935464280938,-0.19699998390930465,-0.36588403442115897,-0.12400646888197626,0.05502458596354483
0.9163154767522648,0.9733728601260865,0.9602025529921338,0.9397730701158971,0.8867887889683066,0.8798574934046293,0.9631016704777969,0.9462154835586547,0.9124303523066177,0.9107818212807611,0.9001585914193423,0.7983192539451571,0.8708869818746571,0.887094689729006,0.9579754653921961,0.8815645627311848,0.961018636429326,0.8962349453569649,0.873427538819962,0.9035098561199199,0.9043249562399118,0.9099645629521315,0.8588974894941221,0.8657006777626908,0.8457362305532469,0.9233667531216609,0.9434741399413572,0.8954386181419417,1.0,0.9513199762006352,0.9145699864202438,0.7969805597896445,0.9444457938749751,0.9598338972204443,0.9435405190029597,0.9479443808809292,0.9578316209513834,0.9546250600910403,0.9442178379691816,0.845390592922166,0.8468114310582838,0.9345485751794028,0.8467817163907679,0.8403403559664954,0.9023251582544717,0.7788768878422596,0.8985307922503115,0.7943327078780297,0.7177428989678312,-0.9710790416013483,0.38872534950731946,-0.6608992966555012,-0.605642117572338,-0.4249994082821221,-0.21663358569129104,-0.5683803082554724,-0.4566887984220831,-0.04861738943743594,0.05577079476520988,0.7318459185025664,-0.9696303643000793,0.38638881666266517,-0.6586021454313405,-0.6634873744850732,-0.47944140804358304,-0.25521872175562543,-0.4936430206493602,-0.222253091625066,-0.023785432578277824
0.9232197089049857,0.9579554248863806,0.9525016395566737,0.9416184880324975,0.9021723136223837,0.8414359264740082,0.9419123497765054,0.9555258396020341,0.8946205238901328,0.894621128754524,0.9379469592379598,0.855092706320309,0.9023426457928946,0.9026087860655887,0.9410288448225974,0.8858105536061815,0.952628489007298,0.8662389390473907,0.8026156141996698,0.8554004361043809,0.8853892263942604,0.9332777992283261,0.8733479635229721,0.8597190710184415,0.9049521224332907,0.8819163891575594,0.9465241126774434,0.9065040830089787,0.9513199762006352,1.0,0.9426336762272043,0.7663104768604774,0.94680953209748,0.9558886104972757,0.9496654744891534,0.9534987185245162,0.9493603178191332,0.9630571014288936,0.9482807349617408,0.8668807155770754,0.7656163153076299,0.9008356848827693,0.815506039599539,0.7674072836120032,0.88743304196026,0.7376150314621543,0.9278398165257685,0.8220108813149614,0.6876014943096146,-0.9627207817033665,0.38350810337837477,-0.6449035508395192,-0.6095709010940833,-0.4528052440942317,-0.20924631418284959,-0.5581550315259821,-0.37486958310827373,-0.030667839864447165,0.05430087546906747,0.7471396511739822,-0.9667744999222805,0.378593939793944,-0.6677811508821571,-0.6794467682853964,-0.5191231400668772,-0.2510443327703227,-0.42170862694665684,-0.21148173949834928,-0.03921419415213183
