0,1,2,3,4,5,6,7,8,9,10,11,12,13,14,15,16,17,18,19,20,21,22,23,24,25,26,27,28,29,30,31,32,33,34,35,36,37,38,39,40,41,42,43,44,45,46,47,48,49,50,51,52,53,54,55,56,57,58,59,60,61,62,63,64,65,66,67,68
1.0,0.9279596188297241,0.9382744723736759,0.9437326609525383,0.9381519895133553,0.9215921097996681,0.9103316816947288,0.9298230474238868,0.8892894158140988,0.8254538068638455,0.9050490066483461,0.8877910558243739,0.8499646511619386,0.9156537536029251,0.9225949559074603,0.8706447473702598,0.831468670517027,0.7718515016551388,0.8778786242312843,0.8597571981313622,0.88167361085528,0.7270389380739137,0.7873729831209306,0.7375516506214865,0.8954880036622933,0.8996390925831743,0.9377242273050367,0.9523290073831795,0.944988673530008,0.9161703410405481,0.8763433218777948,0.5266435707029291,0.9346759160587599,0.9314425908610372,0.9063380080090959,0.8672663408470197,0.9172486416496604,0.9301140824208822,0.8864749667883551,0.7879515551300031,0.8909157724963077,0.8830556200829662,0.8683936849749021,0.856971727822633,0.8753553712849964,0.8183374943312609,0.8625771684780199,0.6716874890641238,0.38325621673035054,-0.9246012764623348,0.3507328273856431,-0.321431689704639,-0.13057763601890843,-0.026049775161114595,-0.39715890832408113,-0.33731322934703356,-0.38123344583211427,0.19965630268945722,-0.19374519502676021,0.8116021480772726,-0.9345550641137436,0.5448125262941035,-0.3249204358710377,-0.2805516431488016,0.2123638848392094,-0.4497684853012507,-0.32391306876481823,0.22251901725912776,0.41372235200197427
0.9279596188297241,1.0,0.9211569345367235,0.9619608259974487,0.963077577637975,0.959486562697519,0.9563891744405894,0.9781374236020501,0.9549264780348764,0.926539583907692,0.9491363605036962,0.9199194607855924,0.9361723240507296,0.9442141689551602,0.9486557040456833,0.9455371781282429,0.8823247922025672,0.77554912727236,0.9335596060784505,0.892838915718777,0.9204957286932851,0.7745367990235404,0.9017390453893434,0.8706729289457052,0.9314880588972038,0.9598454419583882,0.9678338107192044,0.936632426605678,0.9763275580906631,0.9722323294805651,0.9216335512524972,0.6190917736915621,0.9709454923778954,0.9728929806941896,0.9715889328594488,0.9618710622232782,0.9671436895952716,0.9750897765159778,0.9659484587342239,0.8938310770695711,0.9430281378150944,0.9664814400182019,0.9430591733842875,0.9297527724379084,0.9482138417188385,0.8793111962102736,0.9519906396465743,0.808566898657951,0.3665670976376383,-0.976800118814018,0.40549193308309095,-0.20724277150732587,-0.1771858303755557,0.03887922768598602,-0.42829848317744645,-0.26814155699496384,-0.28404873387575497,0.1923227891768103,-0.3318659821836133,0.8757452285479117,-0.9681503334787628,0.584003438671087,-0.21335045670366068,-0.3579893381863905,0.2643818884457657,-0.48669319055929255,-0.22552612082126935,0.25459742616201536,0.34511326693412836
0.9382744723736759,0.9211569345367235,1.0,0.9591310060340603,0.9213440195918786,0.9071337848094755,0.9312355779118263,0.9206207135010366,0.8853786457035998,0.8270437560926542,0.8977025977320676,0.8642751297275422,0.8541812533427539,0.8904033509116094,0.9134173136389097,0.8713448034485506,0.8581599600264647,0.7843364705835678,0.8669970487302098,0.8655214521098274,0.8709504317737753,0.7406082362735105,0.7734446411274088,0.7362484992753475,0.839399419561518,0.9228453994250991,0.9448766140244275,0.9224536140020535,0.9377493341024151,0.9074645895867496,0.8691525270559926,0.5455773983332347,0.9152827216441678,0.9388511402188001,0.923948347855292,0.8708628256659119,0.9070239337783691,0.9231932584937735,0.8840871199152838,0.7817213803711492,0.8850092898692595,0.8732989206299551,0.8623889361486766,0.8444140945417485,0.881594115449053,0.798945070015391,0.8609662704040051,0.64531453493772,0.4350157649824602,-0.923532774861122,0.35503808666015096,-0.3350880189916244,-0.2251006320249975,-0.05278082414870886,-0.43214448475380146,-0.3346146598852232,-0.355573980047014,0.13416196983908443,-0.20942897408648037,0.7985233638556362,-0.9449070423750348,0.5236014814185478,-0.35639858903484667,-0.3895604273857237,0.1296040907200023,-0.44509010613160505,-0.3495718191551873,0.2339038548059675,0.41850464826252165
0.9437326609525383,0.9619608259974487,0.9591310060340603,1.0,0.9543258328938874,0.9515881831837608,0.9466238411081875,0.9622526478592559,0.9209421327882215,0.8795127896931746,0.9259800993713692,0.8914930005761182,0.8972225927600898,0.9254352798743758,0.9321755732179239,0.9174880281316152,0.8543322956802754,0.7869913498364658,0.9149154386985294,0.8969193911938961,0.9062059367689334,0.7507802555276741,0.8506233200561197,0.8130297837727354,0.8958557887198475,0.9540462684911044,0.961538933408275,0.9496223512337408,0.9690437454244273,0.9555853051790372,0.9084157194342954,0.5560449319986362,0.9525887286073789,0.9653295025945696,0.9548786309495711,0.9241458703959817,0.9509877270446122,0.9570608959764254,0.9330366236458708,0.8583508783772542,0.9342174964829496,0.9280939111577967,0.9071992582006959,0.8934145222166356,0.9196760227167878,0.8374976152761978,0.9130406674770032,0.7332696339802628,0.3632580768322013,-0.9660548889242098,0.34515115919522915,-0.27078872989454056,-0.18387369312629578,-0.007039013796998988,-0.446502504980422,-0.28425520152915124,-0.37020695866696013,0.168716354066566,-0.3060567603928341,0.8552749838357127,-0.9612035310260837,0.5290077541233631,-0.26945549896617405,-0.3652551681705995,0.2036388719166869,-0.48653776391431147,-0.31109801144159593,0.23255373876835225,0.36404918308109985
0.9381519895133553,0.963077577637975,0.9213440195918786,0.9543258328938874,1.0,0.9588505347647557,0.9440752861276748,0.9635754409863507,0.93858745481426,0.9058088973715059,0.9370292420311076,0.9022546983917445,0.9078029520606292,0.9324857943749706,0.9355585573472887,0.9169011502476222,0.8642520490274147,0.748224680485502,0.9081535825843193,0.8848728794024612,0.9078735530062244,0.7521845525979065,0.8607333416198595,0.8357296404161066,0.9114922840808696,0.9424609063638048,0.9529727666863465,0.9326635587690556,0.9616119799121885,0.952012338206203,0.8938323251422785,0.5975101117398852,0.9553425774927974,0.9570353001909343,0.9443269263966791,0.9267388819826543,0.9465553025187025,0.9551060948232654,0.9370762066682559,0.8486629884319622,0.9328585891601677,0.9405881154421283,0.9188218772544594,0.8958256204792444,0.9252907432941018,0.8546063849817352,0.9311574366627291,0.7462861968554656,0.37426357462528903,-0.9579084950861246,0.41624104052917,-0.22787749130738577,-0.17250267102294048,0.012440511937781739,-0.4111624861691274,-0.3056922062937046,-0.3197724852672903,0.19921679348364565,-0.2816939390190989,0.8511468622178381,-0.9531650502604652,0.5939068301644235,-0.23447527484246233,-0.3222786655581954,0.2552905677078964,-0.465646587187323,-0.2676112755342026,0.2658330322752717,0.36338900860866913
0.9215921097996681,0.959486562697519,0.9071337848094755,0.9515881831837608,0.9588505347647557,1.0,0.9177979569721376,0.9526852371233172,0.9185775612676588,0.8984069452331128,0.914964611486572,0.9032286402227255,0.9066463024090328,0.932793348396646,0.9330263784902048,0.919557754627842,0.8147597177103855,0.7416317809860276,0.9449114624971261,0.9099268929121868,0.8977882473869462,0.7605847039242054,0.8801277551301061,0.8311439943418798,0.8973638996161071,0.9279275931800611,0.9474104999130408,0.9180502128448054,0.9534256603172598,0.9507485198758888,0.8897354646528706,0.568066391681553,0.9578601506220452,0.9508045678347748,0.9385931186068746,0.9197373502742744,0.9437043597622348,0.9501029857056937,0.9423104143747809,0.8600750098053883,0.9442261002520501,0.933180960827841,0.9356034652007053,0.9096760514680107,0.9162943983565021,0.8655360514050666,0.918418302336605,0.7573194973737313,0.3628035563054653,-0.9508329365128645,0.40998144969056466,-0.1638586118629408,-0.14427930559826416,0.05865090280996737,-0.3689513013549591,-0.24822851943504212,-0.3446404023198185,0.17239091628576345,-0.2762407886365849,0.8418780721806165,-0.9490299723921184,0.5898275540259521,-0.16872334927819452,-0.3050685242804176,0.2725474249789395,-0.4250990701657736,-0.2911972190682451,0.21161980744573405,0.3671302788796238
0.9103316816947288,0.9563891744405894,0.9312355779118263,0.9466238411081875,0.9440752861276748,0.9177979569721376,1.0,0.9495426014085168,0.9465315262521437,0.9048367451225211,0.9369388102095332,0.8616139828002376,0.8837716211841797,0.904992470934261,0.923756515057177,0.9001359865678755,0.9457153957505916,0.7998981405202826,0.8902138447844165,0.8462055848259283,0.874532648406274,0.7677244184415448,0.8278930908577348,0.8277168642912006,0.889540396611898,0.9610049555956117,0.9505139200332865,0.9120257242261447,0.9599601461477351,0.9310424170907599,0.8753313174278832,0.6577741062476614,0.9279942558792315,0.9486919505760009,0.9450312842916143,0.9233474723629178,0.9360948045445944,0.9461556077376558,0.9269921797023116,0.8202843643079537,0.8953504001637189,0.9466788717808002,0.8924209726133573,0.8842219333201526,0.9358391287726657,0.8561823452635903,0.9279631183212456,0.7341732059140678,0.40849702872106647,-0.9482016345259187,0.4090125455051494,-0.3308286673094964,-0.24811698356947431,-0.037519995732964544,-0.46619674439521985,-0.3486525710414936,-0.24399801381037065,0.17961770964549323,-0.2888618543836177,0.8331110402542873,-0.9488498511261689,0.5722621881870764,-0.3357216474228757,-0.43059691914112136,0.20110228212285208,-0.4994640799705672,-0.20935016677715546,0.3041410932124164,0.337760172616096
0.9298230474238868,0.9781374236020501,0.9206207135010366,0.9622526478592559,0.9635754409863507,0.9526852371233172,0.9495426014085168,1.0,0.9429170281501253,0.911515940518675,0.9482881602082918,0.9185607910606041,0.9217996067041622,0.9497496481648939,0.9439201864164871,0.9395959651669116,0.8688095388657309,0.7711044324137173,0.9231520546212055,0.8850946755106439,0.9136478772859471,0.7590323195820045,0.8911064529485313,0.860874853414753,0.9307764643276789,0.9558215687571133,0.9644238599355949,0.9376823521136881,0.9729430395025881,0.9690422929872927,0.9188496791276408,0.6047394722294099,0.968795895580744,0.9745764539065619,0.9663399855649234,0.9522924186576789,0.9671442824103015,0.9739345706872637,0.9576066466670384,0.8933659721974625,0.9361017089960424,0.9566751749927871,0.928744496929581,0.9253885110027531,0.9405952651073289,0.8648252117924577,0.9400445600626185,0.8011052851379376,0.34335680229167714,-0.9752402099064138,0.36980667083487395,-0.2316321866424513,-0.16845366289228134,0.024934109218790867,-0.43791263040033,-0.2570933972418082,-0.3083050728804258,0.2192931762368806,-0.33059946049969563,0.8679880258526409,-0.9645148238577814,0.5592918183066526,-0.22961684793449144,-0.35137531842517544,0.2517967568852498,-0.48103499826578616,-0.22389024877768396,0.2827098877810578,0.3450014051370349
0.8892894158140988,0.9549264780348764,0.8853786457035998,0.9209421327882215,0.93858745481426,0.9185775612676588,0.9465315262521437,0.9429170281501253,1.0,0.9413161950452008,0.9523074686666557,0.90138392136091,0.9326897010206482,0.8984286139621064,0.916610953375613,0.9251384639063954,0.9039024582467247,0.7213897444977612,0.8867254924967501,0.8380800678217656,0.8957281465585175,0.793457316783777,0.8696187932442646,0.8466027910842485,0.8997009513896594,0.9190116447360572,0.9391258738937464,0.8874994567403865,0.9382708421056274,0.9305040638846077,0.8739161615865869,0.6823614568830695,0.931561699168982,0.9342746722215945,0.9499658525328375,0.9343198018869725,0.9232695166874272,0.9457216240994818,0.9468651071951892,0.84641352103511,0.880872448191664,0.9456272170968963,0.9094777287637272,0.8922705410388776,0.9310232140058257,0.8879979029317209,0.9400202649534001,0.77866120722599,0.45854202124661164,-0.9322992255790874,0.4664784647479253,-0.22964259959419914,-0.24823264832890538,0.016007716121885066,-0.4057866973612226,-0.30404019457542647,-0.15274709655609314,0.16287995889394888,-0.26208794283887393,0.8073238794529116,-0.9467572928367564,0.5928836351010608,-0.2596027169353055,-0.4029267139321153,0.2106518089838315,-0.45548689415463245,-0.15475918095722982,0.30936636174821946,0.3416345064288034
0.8254538068638455,0.926539583907692,0.8270437560926542,0.8795127896931746,0.9058088973715059,0.8984069452331128,0.9048367451225211,0.911515940518675,0.9413161950452008,1.0,0.9235711496362222,0.8537565922951934,0.9324173758725574,0.8518826215647002,0.850380679010145,0.8897318027235719,0.8640579604890563,0.6647864145242979,0.8714277910119523,0.829909529112293,0.8865271790745395,0.7839871872677783,0.8677918489510481,0.8813492284284842,0.854353377645958,0.8953650776950581,0.8905456557907403,0.8559670590455722,0.8990677684886736,0.9051133927654281,0.8509680709309266,0.7194977232599792,0.8892357410231772,0.8877628690771047,0.9233162550956683,0.9229189634013644,0.8802896455169292,0.8991019245251033,0.9231367394409123,0.84055791564726,0.882925143119651,0.9351197856697422,0.9203393259859415,0.8842471401999765,0.9285930747875196,0.8678944809100146,0.9243525703945423,0.8012476351133759,0.4477669154025666,-0.899356113934221,0.48633077899944405,-0.131193679231488,-0.27029668866572226,0.08215854559971528,-0.38519085014708637,-0.21738952751180196,-0.10426041281070186,0.050144065134615744,-0.3321531123810656,0.7787260382764077,-0.9087650221384704,0.5646053548841478,-0.16807428225228452,-0.41438678079973545,0.2340533897927938,-0.4380646491788044,-0.11023197684295913,0.3233016428383209,0.29671578790567055
0.9050490066483461,0.9491363605036962,0.8977025977320676,0.9259800993713692,0.9370292420311076,0.914964611486572,0.9369388102095332,0.9482881602082918,0.9523074686666557,0.9235711496362222,1.0,0.8951156051634938,0.9222075389528364,0.911203707726129,0.912706565140824,0.9041334973106994,0.8893434873499803,0.7307991124143406,0.8807717661878811,0.8486878821117912,0.9098891803313556,0.8011131360211186,0.8532876409970969,0.8313284610228951,0.911616695153811,0.9165387558292077,0.9379468035588743,0.8972345366580436,0.9373079534936587,0.9368727179465043,0.8907849183596283,0.6577800022514477,0.9365647849510811,0.9357475178015345,0.9459717259229854,0.9234973031822142,0.9262808325399876,0.9443245045573008,0.9419836951391769,0.8391100048292784,0.8810996099564485,0.9287838015747466,0.9008783364070441,0.8843223421535328,0.9160725788095387,0.8572599608640279,0.9197433684173716,0.7570495005409988,0.4411856087134569,-0.9324471393810209,0.4182268146999007,-0.24578264327260585,-0.21843007384708588,-0.008688029566198232,-0.3895500174722882,-0.27559696227642777,-0.2089841602811202,0.15930226563954764,-0.25511596442434725,0.8023974307357006,-0.9476518594229565,0.5608957543835161,-0.2661413979127452,-0.3927094472258686,0.20294572915523829,-0.45105288879376576,-0.17970297559466594,0.3087165050294309,0.35637762766511705
0.8877910558243739,0.9199194607855924,0.8642751297275422,0.8914930005761182,0.9022546983917445,0.9032286402227255,0.8616139828002376,0.9185607910606041,0.90138392136091,0.8537565922951934,0.8951156051634938,1.0,0.9250686796829938,0.9277325796902764,0.9220740523416125,0.9246128760130475,0.7740270259877448,0.6418404060922743,0.864930754043393,0.8325945981848677,0.9011974773485948,0.7196554951630254,0.8820678563200152,0.7914932095217272,0.8993407581361278,0.8603717070358937,0.9177259130720595,0.855567641232955,0.9007047220807106,0.918703121697014,0.8529941226519264,0.5640571848922044,0.9418009743724208,0.9189978559396391,0.9158343547407046,0.9027672976107958,0.902158006679976,0.9407928001721281,0.9196683304737366,0.8650218325405507,0.8497508694000182,0.8829494448568941,0.8864965104306942,0.8811933012068767,0.8738992588410116,0.8684467383725714,0.8885425869331207,0.788696757259996,0.39440360969432803,-0.9019202581703479,0.3816089983004033,-0.12792221166964726,-0.08533744477012667,0.09986318460788894,-0.3162209509371723,-0.20875118932781342,-0.21685783992517504,0.2552391774919141,-0.19920195666230014,0.7881362332539635,-0.919891461890352,0.5450313570735259,-0.13187989424253588,-0.25624066460352096,0.27123126777186457,-0.37713726603682884,-0.172721489459932,0.2003325631357415,0.38770113477385454
0.8499646511619386,0.9361723240507296,0.8541812533427539,0.8972225927600898,0.9078029520606292,0.9066463024090328,0.8837716211841797,0.9217996067041622,0.9326897010206482,0.9324173758725574,0.9222075389528364,0.9250686796829938,1.0,0.8834456310227277,0.8906762905375651,0.9333037577718628,0.8180360657060567,0.6545315106333123,0.8794197542154248,0.8514392778063341,0.9255335596381906,0.7854711066499396,0.9119443180259386,0.869203575361865,0.8886575805598096,0.8855319288178367,0.914166732092615,0.8540397151696332,0.9043743608544554,0.92714444058216,0.8731419815437738,0.642342535037244,0.9240661461955872,0.9122734974105167,0.9415499213614658,0.9385989925214451,0.8995307152932138,0.9293668321948189,0.9434404454373941,0.8827923133586065,0.8734526326377996,0.9182219311590192,0.9202948847633678,0.8895950867883291,0.9046899834448368,0.8659111525522686,0.9295826559082268,0.8290446756017376,0.43424557790924284,-0.9135285591688848,0.4572818912369583,-0.09793963038810459,-0.19931773630334015,0.11109632585136214,-0.3689543424765245,-0.2013601663715908,-0.13897924279715784,0.14887881381844742,-0.2920425233677125,0.813410343633059,-0.9253509544848901,0.5695240329598734,-0.12992681123986055,-0.3577560244521035,0.26440044085370695,-0.4088896867985542,-0.12467656798947754,0.27226820204508473,0.3370517379612179
0.9156537536029251,0.9442141689551602,0.8904033509116094,0.9254352798743758,0.9324857943749706,0.932793348396646,0.904992470934261,0.9497496481648939,0.8984286139621064,0.8518826215647002,0.911203707726129,0.9277325796902764,0.8834456310227277,1.0,0.945283821509547,0.9083232758425376,0.812057479885486,0.7461703609253465,0.8991112838656674,0.8716578803648953,0.8925715392961341,0.7232891410294716,0.8640755908603985,0.8184691517149485,0.9235688217360531,0.9135134188260662,0.9378222059884589,0.8932736093475904,0.9361541802508078,0.9426285691862646,0.8876348451504561,0.5622462157235273,0.9623389409753821,0.9485995241079179,0.922837483561501,0.9149838495334645,0.9486811874747488,0.9549753057650754,0.9246052570109249,0.868285156868377,0.898774210830291,0.9090313854029997,0.8943769387235939,0.8932690370210349,0.8947577515671316,0.8555907121597712,0.898442878031568,0.7769032678785415,0.325932824034633,-0.9407312592217454,0.32141133638633923,-0.19167640681164438,-0.06501959315501035,0.06974893927095588,-0.37062255677542005,-0.2338604843051811,-0.34314382801049553,0.28209722142680543,-0.2654703473325797,0.8387014429560179,-0.9325731227351439,0.5516708999668515,-0.16711602636144934,-0.2583214242362811,0.2850715665018204,-0.4279900552893192,-0.24216412044613386,0.1954263027568213,0.3773411343932063
0.9225949559074603,0.9486557040456833,0.9134173136389097,0.9321755732179239,0.9355585573472887,0.9330263784902048,0.923756515057177,0.9439201864164871,0.916610953375613,0.850380679010145,0.912706565140824,0.9220740523416125,0.8906762905375651,0.945283821509547,1.0,0.9300839784270831,0.8458818189982277,0.7512623263146521,0.8888215836782274,0.8698398770949467,0.8826339363400674,0.7411686937437345,0.8491152740932155,0.7942801162616324,0.908868932173772,0.9194658315623565,0.9594859939528451,0.8925914972432357,0.9443166368264174,0.9378797857890547,0.8776559369495802,0.574617268233191,0.9584081522244883,0.9588006899952244,0.9381312318764835,0.9169218411767766,0.9535667801145018,0.9604981115286177,0.9251642818591811,0.8409367751380511,0.8927478250184012,0.9121897168671688,0.8984058482608639,0.897072666691612,0.9099084590200684,0.8607249866715344,0.9118502855617395,0.7455166445261863,0.39508448472707103,-0.9456609589309142,0.4256641657456617,-0.22925438817605354,-0.17120898418597016,-0.03458421172556812,-0.3688792895086108,-0.3147592670071125,-0.2779403070175782,0.26754552079900873,-0.18692295762653383,0.8460327554838435,-0.9491815187276845,0.6194440870416821,-0.22992292647880158,-0.34541488024849476,0.22394664813808388,-0.41800053406334725,-0.28210802199260254,0.18889848434319026,0.41570881369356205
0.8706447473702598,0.9455371781282429,0.8713448034485506,0.9174880281316152,0.9169011502476222,0.919557754627842,0.9001359865678755,0.9395959651669116,0.9251384639063954,0.8897318027235719,0.9041334973106994,0.9246128760130475,0.9333037577718628,0.9083232758425376,0.9300839784270831,1.0,0.8168154300667332,0.7236100119254814,0.8928422032784256,0.8483778065753236,0.8726435733260711,0.7379868845905808,0.9251718013218155,0.8640464449008425,0.8985414825618124,0.9084547845069286,0.9293215619995362,0.875093447023011,0.9256923293697954,0.9334700807119335,0.8761532192499295,0.5781874757181292,0.9373123050270689,0.93763057076118,0.9459664516369197,0.9487842746268461,0.9340626485639544,0.9537029668304475,0.947572707773698,0.9171783241985264,0.884945208767636,0.9196095744837811,0.901041345926514,0.9021981013855292,0.9107230209393383,0.8593482389210576,0.9349784017816762,0.8441291908167275,0.3602546255802195,-0.9370115473811425,0.39592869193785674,-0.1233990261781737,-0.15352646576964035,0.08955687431707769,-0.4008756263203402,-0.19329656841107667,-0.1982669770234968,0.22817327865406,-0.309001951465733,0.8569185278211837,-0.9261734823562097,0.5516490983977326,-0.13096361551108485,-0.3282957423725873,0.288337687081464,-0.434018494848623,-0.1614967861656802,0.24692913893588514,0.31490356585434115
0.831468670517027,0.8823247922025672,0.8581599600264647,0.8543322956802754,0.8642520490274147,0.8147597177103855,0.9457153957505916,0.8688095388657309,0.9039024582467247,0.8640579604890563,0.8893434873499803,0.7740270259877448,0.8180360657060567,0.812057479885486,0.8458818189982277,0.8168154300667332,1.0,0.7973655699399138,0.8093274100281083,0.7637948958523654,0.8134139276786576,0.7755451445385173,0.7372798579011183,0.7635656263581985,0.8120568758712458,0.8908717252554224,0.875808886599696,0.8289133012440835,0.8821001251972708,0.8428315997850815,0.8136322182949327,0.7042146155554266,0.8342588854181793,0.8668386781131767,0.8769336325763635,0.8532711507336357,0.84905883828162,0.8680454068020744,0.8509521189738933,0.7174954460137009,0.7886766482155253,0.888906782073634,0.8205384639525399,0.8044087312518758,0.8790559337558345,0.7927310975189451,0.858366235643546,0.667868516497547,0.450543103300721,-0.8662883084006656,0.452198655528005,-0.398586049262182,-0.34562548917405095,-0.11851904730972487,-0.46763738945485434,-0.40339482295741813,-0.14442906334574138,0.12245323399652308,-0.25924739369482125,0.7391242734738926,-0.8800646877511168,0.5715762042309909,-0.4130992685184364,-0.4957832447987099,0.11678372114543564,-0.4837938654396392,-0.13338431044363597,0.3399556078276847,0.28213668065067354
0.7718515016551388,0.77554912727236,0.7843364705835678,0.7869913498364658,0.748224680485502,0.7416317809860276,0.7998981405202826,0.7711044324137173,0.7213897444977612,0.6647864145242979,0.7307991124143406,0.6418404060922743,0.6545315106333123,0.7461703609253465,0.7512623263146521,0.7236100119254814,0.7973655699399138,1.0,0.8161776261588546,0.8001989979241317,0.7285570522650843,0.7774803366736431,0.6588360505936088,0.6410689295742646,0.6945111320718993,0.7787750101820915,0.7730585838348633,0.783388325018572,0.7862508610881139,0.7593552382140406,0.8291147905233681,0.5100895828119427,0.7383683275216675,0.7872835423976688,0.7660843531248576,0.737165607262227,0.7798141261852674,0.7727860085485995,0.7350386900285638,0.6741958223092347,0.7334295287005781,0.7399566035839896,0.7160567335854704,0.6970439548498119,0.731569347066132,0.6470122074124844,0.6832409627141208,0.6076490072727248,0.26484077656223787,-0.7882109799097781,0.27077578640385525,-0.42767395572712885,-0.26758423428929967,-0.1264660267193908,-0.48952710220645757,-0.3138974487544202,-0.41410595615408685,0.10731318668648387,-0.3434491375920994,0.6714853203361929,-0.7770966991156569,0.4694367313529483,-0.40925337260852596,-0.4224264573827072,0.076350895865032,-0.5070694311151718,-0.2979441607357084,0.158573857058401,0.23150940724978802
0.8778786242312843,0.9335596060784505,0.8669970487302098,0.9149154386985294,0.9081535825843193,0.9449114624971261,0.8902138447844165,0.9231520546212055,0.8867254924967501,0.8714277910119523,0.8807717661878811,0.864930754043393,0.8794197542154248,0.8991112838656674,0.8888215836782274,0.8928422032784256,0.8093274100281083,0.8161776261588546,1.0,0.9090667948613594,0.8833071656327799,0.808269472631305,0.8818396075128765,0.7963116333453043,0.8613671396447887,0.8926657217064142,0.9098614198782545,0.8831570927184855,0.9203431216108903,0.9217977767083714,0.8995344106988077,0.5545565942305442,0.9195075092748286,0.9222786169940826,0.9149150612083685,0.8911539495196495,0.9150241166632288,0.9225120868442358,0.9217410856867543,0.8511019422967802,0.9098677143804307,0.9119279384756215,0.9177249254144725,0.8814633182572835,0.8841522563099862,0.8309317259031902,0.8744431237343838,0.7666762891078908,0.33273781795618873,-0.9216566078612577,0.3974038949408482,-0.19756602555057204,-0.1688887112769625,0.0811515806396191,-0.4148794902785403,-0.2489886114907584,-0.3361894767126314,0.15066090596462006,-0.3266977824634627,0.8043156066316963,-0.921189234115298,0.5660572407553248,-0.20317776146044134,-0.3300214872464581,0.2568222630008525,-0.45845782399469936,-0.2601640615674017,0.22319919302591296,0.3287663165412168
0.8597571981313622,0.892838915718777,0.8655214521098274,0.8969193911938961,0.8848728794024612,0.9099268929121868,0.8462055848259283,0.8850946755106439,0.8380800678217656,0.829909529112293,0.8486878821117912,0.8325945981848677,0.8514392778063341,0.8716578803648953,0.8698398770949467,0.8483778065753236,0.7637948958523654,0.8001989979241317,0.9090667948613594,1.0,0.8923050535881452,0.8545668078794465,0.7999960431122235,0.7703354070006556,0.7841674278508536,0.8545591993746959,0.8924018368385407,0.8665760009102025,0.882719800765468,0.891569530715749,0.8978190341612561,0.608918861099758,0.8880220030516253,0.8952123736998159,0.8909251472140761,0.8534357935074608,0.879000475099165,0.8840447528201093,0.8651140935132117,0.7998655560404369,0.8967174076037916,0.8500235600267656,0.9057253427189534,0.8487600795098469,0.8530810036250837,0.8120441731026277,0.8139043946054174,0.7195689889483101,0.43203864151202154,-0.8905180897855403,0.4353632608912937,-0.18788730322821542,-0.2704607624514682,-0.02004899638068769,-0.3515346819891949,-0.2253010654274415,-0.41664780797047934,0.05788661061239723,-0.2664043726722127,0.7318805728409107,-0.910447418804188,0.5995093426174605,-0.20483306412685234,-0.4164843418397469,0.14129392920320394,-0.37890070611881516,-0.41026698929210226,0.12875130146618427,0.40780172158754124
0.88167361085528,0.9204957286932851,0.8709504317737753,0.9062059367689334,0.9078735530062244,0.8977882473869462,0.874532648406274,0.9136478772859471,0.8957281465585175,0.8865271790745395,0.9098891803313556,0.9011974773485948,0.9255335596381906,0.8925715392961341,0.8826339363400674,0.8726435733260711,0.8134139276786576,0.7285570522650843,0.8833071656327799,0.8923050535881452,1.0,0.8230476251632017,0.8497748063172945,0.8129144101044289,0.8764814981714482,0.8746210287660384,0.9087053333676619,0.8882161827336195,0.9028206153696174,0.9352062440590807,0.9274611516728647,0.6263424822356805,0.9174621481152745,0.9105409633555565,0.9224065185913947,0.8981436735388584,0.8971198000958774,0.9139218016799112,0.9068479458311592,0.839169612721008,0.8820781965255354,0.8942053928416343,0.9069809284734752,0.8486525566905471,0.8872672617487469,0.8276221920408529,0.8733239547716809,0.7668459927248316,0.4004895982474319,-0.9146687444396027,0.3957287211016495,-0.18134556656026068,-0.2109863003514059,0.018369909616706943,-0.3944638221184182,-0.26078021174230326,-0.2960778537182615,0.11272254349565926,-0.30516886681585326,0.7837145891546753,-0.9246123876833338,0.549056223169424,-0.19122788945109212,-0.35852120331148396,0.19970984970861072,-0.4436895684980151,-0.2701901072092294,0.19920809332096814,0.35090462286271823
0.7270389380739137,0.7745367990235404,0.7406082362735105,0.7507802555276741,0.7521845525979065,0.7605847039242054,0.7677244184415448,0.7590323195820045,0.793457316783777,0.7839871872677783,0.8011131360211186,0.7196554951630254,0.7854711066499396,0.7232891410294716,0.7411686937437345,0.7379868845905808,0.7755451445385173,0.7774803366736431,0.808269472631305,0.8545668078794465,0.8230476251632017,1.0,0.70310181200549,0.6750438686563004,0.6676680130360537,0.7075094532317959,0.779342824512947,0.7222153505596208,0.7482146504723954,0.7646911037905132,0.8207250513853334,0.749941192543252,0.7443773027671298,0.7687090396600396,0.7919491829568063,0.7430545416117109,0.7347485995474106,0.7715115630846299,0.7807559160011548,0.6622040981501964,0.7092378146793089,0.7462703237963316,0.7936878699738542,0.7009507332379893,0.7406975051025402,0.751932305680792,0.7107737481279,0.662025736289772,0.5730502249871886,-0.7474993080675763,0.5147314474768545,-0.2814526637110722,-0.4517726883752632,-0.08154499382793338,-0.35418521184407875,-0.29495858821814935,-0.18403570263464641,-0.02757306859333919,-0.14530836146972698,0.5396859304458476,-0.817898139483468,0.5787692066976751,-0.3401865784551685,-0.5352746829948934,0.00046954719331194074,-0.3285011133324316,-0.23873002705585503,0.24241435836770714,0.34904311380224295
0.7873729831209306,0.9017390453893434,0.7734446411274088,0.8506233200561197,0.8607333416198595,0.8801277551301061,0.8278930908577348,0.8911064529485313,0.8696187932442646,0.8677918489510481,0.8532876409970969,0.8820678563200152,0.9119443180259386,0.8640755908603985,0.8491152740932155,0.9251718013218155,0.7372798579011183,0.6588360505936088,0.8818396075128765,0.7999960431122235,0.8497748063172945,0.70310181200549,1.0,0.8718376889406586,0.8916316789178148,0.855781752614763,0.8526197737716552,0.8108310098202217,0.8671802493402072,0.9062258767143163,0.8567074856845927,0.5117556702801863,0.8961934697398587,0.8759374186447713,0.8917660324158454,0.9237578740790989,0.8865381064856054,0.9027295454140112,0.9395687718156301,0.9459535603437745,0.8509663913352689,0.8844175795438096,0.8689572930017931,0.8581589549861628,0.8510468919008181,0.7914512139937551,0.9088981388509149,0.9023208272786656,0.20643307286493845,-0.8956835082019782,0.34029052780694785,0.01459013523614266,-0.04657814306190929,0.18736993067965965,-0.39288321392923947,-0.12065049943267024,-0.1799576513903035,0.25741148256435764,-0.43099840112233245,0.8590405693060649,-0.8527548388033365,0.5140110105738982,0.021086584141212002,-0.209748811282768,0.39762544187151444,-0.443097539644972,-0.06024636533809582,0.22989145636921246,0.21028814969347887
0.7375516506214865,0.8706729289457052,0.7362484992753475,0.8130297837727354,0.8357296404161066,0.8311439943418798,0.8277168642912006,0.860874853414753,0.8466027910842485,0.8813492284284842,0.8313284610228951,0.7914932095217272,0.869203575361865,0.8184691517149485,0.7942801162616324,0.8640464449008425,0.7635656263581985,0.6410689295742646,0.7963116333453043,0.7703354070006556,0.8129144101044289,0.6750438686563004,0.8718376889406586,1.0,0.8372106237034278,0.8647542127514837,0.8216193689479141,0.7947823812732365,0.8485408916068813,0.8758248713696858,0.835086338789905,0.6977212798999828,0.8459142143828595,0.8399263608008994,0.8614197991565635,0.9265886081298421,0.8526883189598675,0.8499406795106551,0.8798855809890617,0.8839165090619305,0.8379051435772092,0.8852140722512812,0.8513067974090894,0.843725226367113,0.8693990980964056,0.7967949920397601,0.9020699601985411,0.8715735389728139,0.25297417425316676,-0.8621210333834389,0.3123323660367462,0.007600303448178601,-0.1252611234638478,0.13280462678566568,-0.3453403370204488,-0.09688643664715857,-0.18213262437008262,0.16387299459169605,-0.4502733411635634,0.8116995317735989,-0.8196766528480977,0.46591070155462916,0.013322569511673512,-0.3045913317911308,0.33161204997599764,-0.4269999737384751,-0.054104998953340984,0.22504814124805073,0.15604055392293276
0.8954880036622933,0.9314880588972038,0.839399419561518,0.8958557887198475,0.9114922840808696,0.8973638996161071,0.889540396611898,0.9307764643276789,0.8997009513896594,0.854353377645958,0.911616695153811,0.8993407581361278,0.8886575805598096,0.9235688217360531,0.908868932173772,0.8985414825618124,0.8120568758712458,0.6945111320718993,0.8613671396447887,0.7841674278508536,0.8764814981714482,0.6676680130360537,0.8916316789178148,0.8372106237034278,1.0,0.9032893487036595,0.9108136878396252,0.8814193827434783,0.9237659512170904,0.9408235217572635,0.8825219135132508,0.5145804947757419,0.9444153535501693,0.9181553185233694,0.904366117955129,0.923640002685411,0.9287105764010132,0.9363549202978959,0.9305634106388005,0.883820039443927,0.8613125412937132,0.9155335055101106,0.8625175722399984,0.8712496298483873,0.8807625282411432,0.8166425305985794,0.9160235006850973,0.8049279470379732,0.21457836726556878,-0.9302525319850716,0.27409833398150674,-0.15247290979583084,-0.007068974858024084,0.06624341602991189,-0.4094058863289762,-0.24997124923696104,-0.286233628953023,0.3314225165174576,-0.3331568394202177,0.8834303593578372,-0.8936857507453637,0.5070276885362819,-0.12997068605501957,-0.18754139273160378,0.36142000989936796,-0.4862631823747761,-0.13318048113975273,0.23195087871277154,0.25483587516118433
0.8996390925831743,0.9598454419583882,0.9228453994250991,0.9540462684911044,0.9424609063638048,0.9279275931800611,0.9610049555956117,0.9558215687571133,0.9190116447360572,0.8953650776950581,0.9165387558292077,0.8603717070358937,0.8855319288178367,0.9135134188260662,0.9194658315623565,0.9084547845069286,0.8908717252554224,0.7787750101820915,0.8926657217064142,0.8545591993746959,0.8746210287660384,0.7075094532317959,0.855781752614763,0.8647542127514837,0.9032893487036595,1.0,0.9460891164531507,0.9238591420581788,0.9654565986010671,0.9507537698002744,0.8928981572761195,0.6021930711409573,0.9383453077851014,0.9529112471292933,0.9479161671969032,0.9438618521933538,0.9495497918853482,0.9451167760850588,0.9313131710876617,0.865666636819555,0.9304616356460389,0.9547820753965305,0.9082192778734383,0.9013265334288579,0.9376885256858499,0.8349549406346923,0.935828210692768,0.7669839613333096,0.3117277548817483,-0.9639024838413511,0.34757806544541836,-0.23620488897240155,-0.17846285183526955,0.0021120224408197005,-0.4580866335741611,-0.275845811882174,-0.32522858150493794,0.19511218222412158,-0.3744171341895738,0.8823785140364221,-0.9384959377617382,0.5382281477122742,-0.23923828994560653,-0.3770123447188117,0.25770930254682367,-0.509633322176641,-0.2525310525598121,0.23598070117769196,0.2948109743393577
0.9377242273050367,0.9678338107192044,0.9448766140244275,0.961538933408275,0.9529727666863465,0.9474104999130408,0.9505139200332865,0.9644238599355949,0.9391258738937464,0.8905456557907403,0.9379468035588743,0.9177259130720595,0.914166732092615,0.9378222059884589,0.9594859939528451,0.9293215619995362,0.875808886599696,0.7730585838348633,0.9098614198782545,0.8924018368385407,0.9087053333676619,0.779342824512947,0.8526197737716552,0.8216193689479141,0.9108136878396252,0.9460891164531507,1.0,0.9250189165768141,0.9673665939480112,0.956914538174015,0.9079868384857637,0.6082833002025783,0.965263601659718,0.9763811311854147,0.9654719598333186,0.9340517505923153,0.9556544801068049,0.9693678208039073,0.9447365201932019,0.8528285153555584,0.9169009454723113,0.9380648376970823,0.9240169473646975,0.9098411015845814,0.9292202297530826,0.8721019031159125,0.924699429528145,0.7503181656900373,0.4351166295121259,-0.9633989730271891,0.40996762284069127,-0.26722319775281617,-0.23111547064195567,-0.03354274236517481,-0.41320547604823926,-0.30605352272237624,-0.3144055204886757,0.18878967416578188,-0.2334169228700364,0.8398987494532922,-0.9764599303323825,0.5892273244716887,-0.27889271233308294,-0.4026706174762564,0.1710447617888373,-0.44993479887468446,-0.2742232062401253,0.24042387659086095,0.3864230181431966
0.9523290073831795,0.936632426605678,0.9224536140020535,0.9496223512337408,0.9326635587690556,0.9180502128448054,0.9120257242261447,0.9376823521136881,0.8874994567403865,0.8559670590455722,0.8972345366580436,0.855567641232955,0.8540397151696332,0.8932736093475904,0.8925914972432357,0.875093447023011,0.8289133012440835,0.783388325018572,0.8831570927184855,0.8665760009102025,0.8882161827336195,0.7222153505596208,0.8108310098202217,0.7947823812732365,0.8814193827434783,0.9238591420581788,0.9250189165768141,1.0,0.9528522243859368,0.9348260632199947,0.9077391845606099,0.5530988168055069,0.921004824960321,0.9302421314019379,0.9187587582958106,0.8948459446158903,0.9183507878041306,0.9217285229911435,0.89437663951021,0.8288016649313319,0.9327646931442739,0.9105198530404202,0.8905851093019835,0.8681968255883107,0.8953861512491088,0.8060913157245205,0.8775279609551575,0.7224477040137077,0.3084754805676699,-0.9406529614340982,0.3210304946116257,-0.2808228855247067,-0.16199911206990733,-0.0034965045055184254,-0.45389205224501056,-0.2890552283780074,-0.3930225086095213,0.12989636507781704,-0.33564066457129277,0.8389023897637675,-0.9274543210223332,0.5104462113405001,-0.286400413524258,-0.3226829162523622,0.2283219582895436,-0.5028337199499637,-0.32810151382900166,0.21372303002342763,0.3546232943913523
0.944988673530008,0.9763275580906631,0.9377493341024151,0.9690437454244273,0.9616119799121885,0.9534256603172598,0.9599601461477351,0.9729430395025881,0.9382708421056274,0.8990677684886736,0.9373079534936587,0.9007047220807106,0.9043743608544554,0.9361541802508078,0.9443166368264174,0.9256923293697954,0.8821001251972708,0.7862508610881139,0.9203431216108903,0.882719800765468,0.9028206153696174,0.7482146504723954,0.8671802493402072,0.8485408916068813,0.9237659512170904,0.9654565986010671,0.9673665939480112,0.9528522243859368,1.0,0.9652618519913146,0.9159450992774152,0.5982232865610343,0.9637761212730047,0.9699074325804107,0.9600424203308524,0.9437509111942876,0.9621265872739995,0.9666998419545444,0.9467636211020853,0.8683388874182019,0.9408906799353445,0.9577517157434412,0.9267841376128171,0.9178699165026957,0.9408047537871997,0.8620517593813118,0.9369278485639722,0.7704628733586675,0.34898320210955996,-0.9725266627608091,0.36318989154323605,-0.2561577828833149,-0.16891756436262606,0.007742837384050432,-0.4357541870444961,-0.28903785211733674,-0.33459012714232883,0.2015444621431262,-0.31602948967519523,0.8717144967017655,-0.963440019777789,0.5551453463107696,-0.2596638134866672,-0.35450785845182653,0.2511065969556163,-0.49373890485520405,-0.26619150658851254,0.23900888243747573,0.34594027407450073
0.9161703410405481,0.9722323294805651,0.9074645895867496,0.9555853051790372,0.952012338206203,0.9507485198758888,0.9310424170907599,0.9690422929872927,0.9305040638846077,0.9051133927654281,0.9368727179465043,0.918703121697014,0.92714444058216,0.9426285691862646,0.9378797857890547,0.9334700807119335,0.8428315997850815,0.7593552382140406,0.9217977767083714,0.891569530715749,0.9352062440590807,0.7646911037905132,0.9062258767143163,0.8758248713696858,0.9408235217572635,0.9507537698002744,0.956914538174015,0.9348260632199947,0.9652618519913146,1.0,0.9420660186713821,0.5969700833077237,0.9681632479288907,0.967280485241697,0.9609234152263939,0.9590185262741664,0.9619586022289147,0.966848654155771,0.9615274645569064,0.9091497664164859,0.9388282866111987,0.9522776120927768,0.9354990950154773,0.9107604091321795,0.9343245346742217,0.8597924931420123,0.9388003144999321,0.818285207784625,0.3085269292015173,-0.9734386810784468,0.3484432557651805,-0.16404919082937322,-0.14727285355441058,0.03345934265380155,-0.4287269161819765,-0.24568226925271366,-0.33687642189041916,0.20536603603351256,-0.36237226594319033,0.8769658479750887,-0.9552689628196331,0.5487092627616103,-0.16125017921476165,-0.3258034352953154,0.27087787267501495,-0.4813164570766745,-0.2569871398650341,0.2074371147296353,0.3178370335988559
