0,1,2,3,4,5,6,7,8,9,10,11,12,13,14,15,16,17,18,19,20,21,22,23,24,25,26,27,28,29,30,31,32,33,34,35,36,37,38,39,40,41,42,43,44,45,46,47,48,49,50,51,52,53,54,55,56,57,58,59,60,61,62,63,64,65,66,67,68
1.0,0.9197696062643046,0.8929450919571329,0.9048642621127394,0.8873338847873009,0.8575144750316303,0.8637133668261894,0.910557583857684,0.8724808781240169,0.868391794242766,0.8871103039900258,0.8753877086629033,0.8919897541103599,0.8683195565842189,0.9056286333758296,0.8018721481914768,0.8570367594609125,0.6847704905088208,0.6282164687503883,0.7501082407822129,0.7725477161848616,0.7111121644559,0.7490079638734352,0.6448679024136711,0.9081975716345781,0.8182113613961556,0.9193004935882324,0.8601619289781074,0.9191997014667752,0.8935451144499374,0.7845426694720605,0.7093024728493154,0.9393123215853886,0.9233108294363331,0.8738052505839136,0.8613020127433948,0.8796987895321462,0.9128979332415721,0.8656766007258297,0.709490133659393,0.82735030594183,0.8733699425997251,0.8251638494953335,0.7499870225971351,0.8726427996793508,0.7153171721255764,0.8688118630867125,0.7227945902172765,0.6691811905169669,-0.9119541625180062,0.27969171527345493,-0.48239977251404187,-0.6168974822821336,-0.26318419038532787,-0.24393252109439817,-0.4770359978573079,-0.3190969192925658,0.012298210635418465,0.21109081511661992,0.38872526206959823,-0.9178150053328643,0.20154548990012516,-0.5963794200366116,-0.6345103125847438,-0.38844525627883325,-0.14172944641232013,-0.3414609813630618,-0.01896845820796257,0.3593872586896237
0.9197696062643046,1.0,0.9312078465328825,0.9343262991053184,0.9244812255200735,0.9144630928982677,0.95074133661878,0.9142743009020607,0.9149675548012882,0.9314607046224626,0.9058990304218514,0.8453259791552226,0.9027811748209617,0.853254080305014,0.950265062200455,0.9070499389782769,0.9466546625881097,0.805844651549896,0.7610737819859976,0.865268960315331,0.8266359847800009,0.8467705778242629,0.8283103562884979,0.7659453804834808,0.901675851654027,0.9104875300950487,0.9415943575847431,0.8664259305585178,0.9681328745635628,0.9438144123882978,0.8577726124120754,0.8361821523015351,0.960582130292958,0.9658772972675231,0.9425677684765055,0.9428551160976245,0.9005816697760837,0.9526844146400115,0.9422089021879158,0.8254957724973124,0.9105950517804476,0.9574061745873386,0.9057194171294926,0.7649172792694012,0.9078527298434589,0.7822537312634633,0.8952421828272638,0.8123809575142412,0.7466347682632457,-0.9626593365723145,0.31403899152840775,-0.40698633064031164,-0.6643673653186419,-0.2754709167558706,-0.25747920592802864,-0.4173658493958719,-0.3149376109296824,-0.03737831273806774,0.1930731691362785,0.4272214234012066,-0.9679642727441304,0.2639544822454845,-0.5033589152379573,-0.685347376994504,-0.38602805468522233,-0.09428317207872228,-0.3436542502307074,-0.00554940936161938,0.34869119752742717
0.8929450919571329,0.9312078465328825,1.0,0.9665307911727575,0.9013386729620557,0.8795008916018615,0.9417498908204525,0.9054859134712827,0.8615932714160501,0.862013541768384,0.8743493626891012,0.8633573195131082,0.8829156516113104,0.8797302968562398,0.9171668997641356,0.8771344287758543,0.9345150605913498,0.824182113523265,0.7405185767317161,0.8626676919581502,0.8451896979168677,0.8198129791710359,0.788149463823032,0.6697471429273373,0.8712424709614406,0.9080369661466486,0.9216681232371661,0.82926779238055,0.9293938003864977,0.9390888307843388,0.8341577179755644,0.753010006827224,0.9168462646248803,0.938903093867613,0.8869671809459572,0.8867285990863976,0.8982132226943943,0.937451471530885,0.9018473416416414,0.7586409196240843,0.8405506775173233,0.8921914450766338,0.8699048097688599,0.7525183169946078,0.8918672671494307,0.7157689855913062,0.8815437363183125,0.7320548606292543,0.6496920535357739,-0.9472612646977963,0.2142326382742149,-0.47208350901968094,-0.6516360209456109,-0.32317396515813585,-0.2645120857955987,-0.46312596007481927,-0.33917583824259995,-0.012864262782312064,0.18663365301525764,0.53665322523641,-0.9223745372096799,0.21611047320948173,-0.5674997176448123,-0.6488329314247091,-0.38931950737678783,-0.11713980390653046,-0.33546943825006337,-0.04862762309501991,0.2664926650486882
0.9048642621127394,0.9343262991053184,0.9665307911727575,1.0,0.9061686989501311,0.8933638475189893,0.9267218423440996,0.8954478865057361,0.8619400649101545,0.8664771476619307,0.8683329134676017,0.8623741810537154,0.8973142189605128,0.8711202864993104,0.9211234901363251,0.8851287032051317,0.9260419846270103,0.8254655617560318,0.747658063365681,0.865748531830588,0.8385117175144764,0.8210788188201293,0.8009991253573917,0.6732309156806496,0.8635944419890931,0.8853956051387207,0.9172643136902199,0.8114291708048916,0.9234972118325329,0.94078537278887,0.8196238983055214,0.7386827863249862,0.9187034021448008,0.9377661865994834,0.8851558229646405,0.8881456174076375,0.8969684361841068,0.9336471880893267,0.8955919093784349,0.7569755203849301,0.844568133242786,0.8919581854389431,0.8597595150713042,0.7403064023806926,0.88389503892111,0.713692721143741,0.8803703699935042,0.7418869623312002,0.6517081680410266,-0.9480106202850695,0.2439223325100055,-0.48772637765205096,-0.6458675004014922,-0.3221455864465999,-0.2699394692544585,-0.46637618890488314,-0.34937867981767046,-0.04132455757828463,0.19000253665794864,0.5246980606516812,-0.9240046537391905,0.24308431395648117,-0.5817180962144679,-0.6554041445229561,-0.40483009486236227,-0.1356434036588505,-0.35914313184277313,-0.08193723604786121,0.27178772994697664
0.8873338847873009,0.9244812255200735,0.9013386729620557,0.9061686989501311,1.0,0.8943677860664164,0.8978433180259899,0.8791360977715686,0.873662816182545,0.8906790906743367,0.8974750399733014,0.8340657688641676,0.8866430850545653,0.8195224393620207,0.8850833415736216,0.8403534011058894,0.895196419313765,0.7404769328348856,0.6778822804695712,0.8096888970435983,0.8478949796030067,0.7969176664048988,0.7548362753323605,0.6773017640327499,0.8637027938700464,0.8436565332450676,0.8839736378145037,0.8271608112116372,0.9157211219827003,0.8779951169845835,0.8244681166757388,0.7643911287792093,0.9251120799317968,0.9139432307678932,0.9009829797496356,0.8786631835386719,0.8346595017583973,0.9096419076552673,0.8873435426268935,0.7599529409014598,0.8428503750159427,0.8934505288826123,0.8617979311568622,0.7008882075117662,0.8785812234979925,0.7167342137805441,0.847645509018164,0.7354583304555754,0.6996300736088078,-0.9048038749929419,0.32809424479176263,-0.35149316684895043,-0.5899397742335902,-0.26224823102906186,-0.23832955038421968,-0.38031756633131164,-0.2835017348499829,-0.05764176715873194,0.15304010637304483,0.394311553032801,-0.9242257070878475,0.2882977693804576,-0.4793981085098679,-0.6320551721953432,-0.36292168736641134,-0.06963736260969922,-0.3413672759341266,-0.025027149657922347,0.3554400557332115
0.8575144750316303,0.9144630928982677,0.8795008916018615,0.8933638475189893,0.8943677860664164,1.0,0.8810066687426894,0.8177149884004046,0.8607906376899461,0.855039456420304,0.7938722634929193,0.7398547042924022,0.8064249575166099,0.7902274379069859,0.8732659110397791,0.8429459824219651,0.8763368176279855,0.8141385142967654,0.8033086168507646,0.8653968220864869,0.7627422037351708,0.795618351948785,0.7808928052286128,0.68942203839245,0.7884533030908831,0.833443500956345,0.8539232193989811,0.7737427994402666,0.8966657691878086,0.8543721512441005,0.7360140538222566,0.7391661043830473,0.88152410314718,0.8923621046861959,0.8673443707116005,0.8401055998972091,0.8457672066728923,0.8679947688256747,0.8648124115328728,0.7287132507819652,0.8650188137259189,0.9029533086324651,0.810248354669678,0.67862890267033,0.8333763847913308,0.7000714986112831,0.8239752312214778,0.7156124152512926,0.691903662546602,-0.8886659120675543,0.30988815959194344,-0.3791959227128531,-0.5992332800694186,-0.2633339022691226,-0.23135303280517291,-0.3449583204273974,-0.36539618613642805,-0.07531108228954413,0.20382694399667503,0.43322136706044423,-0.8854316332950113,0.2247158656157959,-0.48091561643269365,-0.6037788380415109,-0.3442634643371584,-0.0877628997776309,-0.4326161726729649,-0.05854520418394263,0.31763590265070535
0.8637133668261894,0.95074133661878,0.9417498908204525,0.9267218423440996,0.8978433180259899,0.8810066687426894,1.0,0.8875535273380346,0.8830650292700305,0.8930000256654245,0.8725404248593388,0.8187535972069493,0.8663055729459571,0.8476555671556797,0.9247079294847488,0.8965555668216281,0.9668793088515053,0.84571416118293,0.7682148419014437,0.881728650750016,0.8311724099996027,0.8555485851729576,0.8027646498715437,0.7515963700561616,0.862563346535644,0.9458559428258371,0.9193665919783727,0.833826695875555,0.9486781160050152,0.929279869433154,0.8432545116196315,0.8339775772337946,0.9182573075094436,0.9447945630419184,0.9178628327296159,0.9135454939186106,0.8901141454023328,0.9367408808928743,0.9184245659741711,0.8027610552613541,0.8750468319485549,0.9360487073091327,0.9080130914209239,0.7564436504454348,0.9005993381367217,0.786038140802523,0.8822464928462033,0.7772336838351892,0.7018641676381886,-0.9485046110953407,0.25239987368703914,-0.3974323347099749,-0.6609515134121776,-0.29638099206800866,-0.2688218002529902,-0.4086257617373108,-0.29686912585331293,-0.012659591891917626,0.1821735535776571,0.4890697919451937,-0.9355614280956918,0.24124156553016804,-0.49251862533491175,-0.6755103658378071,-0.36772156122047467,-0.064130685115248,-0.3178814284835554,0.003134229024890602,0.29684234916523955
0.910557583857684,0.9142743009020607,0.9054859134712827,0.8954478865057361,0.8791360977715686,0.8177149884004046,0.8875535273380346,1.0,0.8678925394487734,0.9034595722148989,0.9261276414977827,0.9006788483343852,0.9128206557428327,0.8704192609087635,0.9110327123024942,0.8717150737335202,0.8765405552053288,0.703716546638378,0.6557499769299433,0.7669315337550432,0.7985185097177607,0.7566413768923012,0.8084578079638604,0.7074485716650756,0.9087135316262152,0.8686060187064011,0.9348911097172746,0.8565706608278666,0.9158897741072319,0.9186781855878494,0.8274949024258023,0.7646870550429947,0.9434176253603342,0.9243383573337612,0.8640070966576915,0.9029733157055555,0.8962970674150382,0.9477388898344279,0.9080282352437251,0.7851748305933621,0.8141645703311152,0.8757367722218403,0.8835853626170066,0.8786278445745246,0.9257612460672519,0.7550519454522818,0.911378066166865,0.780594006848559,0.646197268230538,-0.9295970736473678,0.19894279715910962,-0.46212966746583395,-0.668357935551496,-0.28404428995826975,-0.30909693740460714,-0.49534383997884274,-0.2699467200856241,0.14162495653956417,0.23843854294166805,0.40837748423284076,-0.9249294504009601,0.19999796915796855,-0.5808817390048906,-0.686633875625414,-0.3802420477841702,-0.1329810840839489,-0.24152630914736878,0.10778851412326274,0.37796747932159963
0.8724808781240169,0.9149675548012882,0.8615932714160501,0.8619400649101545,0.873662816182545,0.8607906376899461,0.8830650292700305,0.8678925394487734,1.0,0.8796679161491477,0.8677084106007676,0.8064789833326967,0.8518440835666751,0.7979938191278948,0.8932913706380221,0.8341021484618808,0.8696772882872543,0.727195488600822,0.6773044315719186,0.7859367547195825,0.7966117670255849,0.7735802125615744,0.7739964904753265,0.7055044939712192,0.8557889677817874,0.8520603110005442,0.8903196976278087,0.8237004204365557,0.9024670154808431,0.8649950150447504,0.8136983842357974,0.7716850108600473,0.896969000485037,0.9036461044751398,0.8966145948791657,0.8683964016929319,0.8586001202194603,0.8984294499146196,0.8841207391309329,0.7605387164485982,0.8542353242869972,0.8968210707970521,0.8473349128362505,0.7166376549041743,0.843935226042927,0.7347513868677058,0.8483163916233615,0.7439514572225497,0.6969337491054303,-0.9039041154127214,0.2790352664762594,-0.3795533764739769,-0.674195097421295,-0.244151583711352,-0.23250321780876318,-0.3390565044849753,-0.25890213996931566,0.007802385704164228,0.1934010823490412,0.3698976466204922,-0.901823406659332,0.25434262658224915,-0.48678408889453134,-0.6641354570710866,-0.3653932142503518,-0.0758657125938501,-0.3068346351318679,0.0023968938478613985,0.3048908592531632
0.868391794242766,0.9314607046224626,0.862013541768384,0.8664771476619307,0.8906790906743367,0.855039456420304,0.8930000256654245,0.9034595722148989,0.8796679161491477,1.0,0.9075169180864137,0.8151467982149361,0.9008533137029603,0.7924522084432939,0.8855975353767411,0.8667058235421591,0.8915617774063284,0.7190355057554273,0.6565476470902198,0.8003298319877745,0.8058613766956726,0.8120310615556527,0.799256608375272,0.7804890590107875,0.8761540403169192,0.8720213983295112,0.8989016583804078,0.8718511472675162,0.9155620670985588,0.8976419404073293,0.8540891448800777,0.8324392105554368,0.9260325419324642,0.9084219000021018,0.9118294958027408,0.926412029009037,0.8334499078993856,0.9118984594406869,0.9218821962218536,0.825758569068151,0.8564785897976033,0.9166674757730948,0.9177151024289847,0.7838298863707612,0.9123421044310699,0.8106831426244492,0.857085318118916,0.8158791119001474,0.725590318000475,-0.9018152384456269,0.2918853593352222,-0.31384324627556015,-0.6205670035943489,-0.20966305151853276,-0.2407555904698375,-0.3959532558248399,-0.24500325075316057,0.001880123437408858,0.20644190623024275,0.32197209553747036,-0.9370988938876218,0.24194450073763688,-0.4253940098808723,-0.6694908221658806,-0.34574836228437145,-0.10737990554207254,-0.261871986628363,0.07791185281943197,0.3957706637806766
0.8871103039900258,0.9058990304218514,0.8743493626891012,0.8683329134676017,0.8974750399733014,0.7938722634929193,0.8725404248593388,0.9261276414977827,0.8677084106007676,0.9075169180864137,1.0,0.8919348253263012,0.9049063772878767,0.8214597651661525,0.8827593658227535,0.8368191881299331,0.870729792126077,0.6600150551337257,0.5813501260526719,0.7178818158906904,0.8264641924394593,0.7820807805894038,0.7556119656876263,0.7002851057164854,0.927435983570826,0.8306494224151764,0.9117355598165922,0.8728001020358443,0.9105105574636762,0.8877408313918326,0.8965709990998666,0.7744142284832762,0.9298996168992516,0.9138718045548041,0.9050433685566165,0.8988278505931515,0.8391629112614251,0.9270506846855496,0.9019873905823277,0.7841406132622457,0.7888307551294091,0.8617695841434545,0.8756682850409403,0.7544492430992775,0.8861817684926439,0.7341782737830623,0.869375090598179,0.7754429521801218,0.6778248456756673,-0.8974377252676773,0.29796531532145604,-0.3743810209904987,-0.6376061978533064,-0.24343786995775343,-0.25359170471427933,-0.44888718291537066,-0.17769723615063202,0.053989410301658484,0.19104205223625034,0.3594268961833794,-0.926884880810513,0.2780534538245441,-0.5021360430416585,-0.6792438654644162,-0.3784625789478329,-0.1214084455082672,-0.18079712198732406,0.06751759659961297,0.3641697791571731
0.8753877086629033,0.8453259791552226,0.8633573195131082,0.8623741810537154,0.8340657688641676,0.7398547042924022,0.8187535972069493,0.9006788483343852,0.8064789833326967,0.8151467982149361,0.8919348253263012,1.0,0.8895167921478454,0.8648812280749691,0.8521849845920818,0.8012376533335919,0.8230371516938497,0.6292922339567014,0.54224657374651,0.688886351432057,0.8061162879563227,0.7156753225862985,0.7330431169872871,0.6021517462764525,0.8941316176850099,0.7684594814434064,0.8760297254779126,0.8270713722005093,0.8491016149523463,0.8642945406508001,0.8194151673782041,0.6800755174446531,0.8900601376240304,0.8713425953135998,0.8170254512606588,0.8256953062787228,0.8247843809955492,0.8988227605639741,0.8238320001998671,0.7329355637152065,0.7105838079344943,0.7895805729417014,0.813976707860973,0.7519206550108313,0.8454003671714652,0.68987041433264,0.8318192405110549,0.7067991429281517,0.5542824721506993,-0.8645887113739892,0.2537664484514958,-0.47929998543375063,-0.617837763829663,-0.27738676836285764,-0.2634595002354669,-0.4781239305001291,-0.22309307464147396,0.11027524447362726,0.19279391221032516,0.43888665801634946,-0.8690298592313754,0.23190587513935945,-0.5993436114469686,-0.6311058059679584,-0.4105650807385832,-0.1382339572907869,-0.20212099103899606,0.006167722504866926,0.29808196719438024
0.8919897541103599,0.9027811748209617,0.8829156516113104,0.8973142189605128,0.8866430850545653,0.8064249575166099,0.8663055729459571,0.9128206557428327,0.8518440835666751,0.9008533137029603,0.9049063772878767,0.8895167921478454,1.0,0.8344300313901879,0.8985492535285775,0.8611965629458485,0.86725956992795,0.6968474664080202,0.6001807703987967,0.7771670812516449,0.837205429293457,0.8009466060443031,0.7742380866618805,0.7035453670159079,0.8928578690052391,0.8390346723578367,0.9058389602441065,0.8355322680069797,0.8962656694379177,0.913204641787281,0.8558311718689234,0.7820605069420629,0.9293123138920194,0.9126500535891152,0.8830485286014524,0.9034654399779113,0.8345371358096296,0.9172821398541888,0.8792244127582363,0.7700103151269369,0.8045021771217198,0.8655862022277879,0.8741675496213062,0.7831005995118121,0.9012724381138987,0.7330169425637086,0.8832677379987212,0.7977817388412195,0.678107644393419,-0.9058447589027562,0.2643513861569583,-0.41703025897792084,-0.6414814606031701,-0.3010276655709066,-0.2755107458578158,-0.486332452122249,-0.2585219596608545,0.011374622172477962,0.13896549030682726,0.3559616838053001,-0.9285254325711109,0.2535938724725763,-0.537953435908201,-0.6611688488958587,-0.4092567442675784,-0.1588856715961628,-0.2342826449539386,0.03832557004655257,0.3671266651997167
0.8683195565842189,0.853254080305014,0.8797302968562398,0.8711202864993104,0.8195224393620207,0.7902274379069859,0.8476555671556797,0.8704192609087635,0.7979938191278948,0.7924522084432939,0.8214597651661525,0.8648812280749691,0.8344300313901879,1.0,0.8192189493687315,0.7501695779076761,0.8461281816847821,0.7124478739436179,0.6413777784049213,0.7786291609459991,0.7905557279901572,0.7133887387951686,0.7350408713481613,0.5555871583616286,0.8530263089674078,0.7944654564109777,0.8572077448541302,0.716515248234667,0.8473517455739408,0.8543560631583448,0.7246138192377054,0.6686918975258399,0.849971103847301,0.8711808111077448,0.7786181673356647,0.7919080899181504,0.911155414564607,0.8753860032466073,0.818765003255529,0.6756322876516309,0.7312498175617158,0.8102481991906703,0.8068632077673171,0.7357919814463691,0.8233053535259469,0.6843936375905333,0.8234336869920466,0.6655543854983412,0.5205884448895735,-0.8855590391658905,0.16225610077342484,-0.5408708968733734,-0.6375193593299132,-0.2835048541412535,-0.28417027732350647,-0.43047218309818247,-0.319998948843039,0.12002431742195167,0.24481763488331212,0.6043341952158638,-0.8271513837845806,0.1851438299139817,-0.6171019807675401,-0.633120398701511,-0.3022780529025419,-0.10730165921450642,-0.25023390142634483,-0.00601740830359117,0.2403813759537848
0.9056286333758296,0.950265062200455,0.9171668997641356,0.9211234901363251,0.8850833415736216,0.8732659110397791,0.9247079294847488,0.9110327123024942,0.8932913706380221,0.8855975353767411,0.8827593658227535,0.8521849845920818,0.8985492535285775,0.8192189493687315,1.0,0.9082927647887975,0.9180613589878762,0.7974351419215685,0.7389504482565344,0.837106171206908,0.8028751887987905,0.8177514939443185,0.8235936114798819,0.7494286298576159,0.8910798943191837,0.8970917905068531,0.9440807726615568,0.8385888626179577,0.946285336528541,0.9409493430088621,0.8359709758602355,0.8151768301049601,0.9455694312637036,0.9603079938391654,0.9113250792856858,0.9245266559743787,0.8771352179794363,0.9467045277239345,0.9157669734366098,0.7992872433840531,0.8754224076200348,0.9228826306435899,0.8713225500016609,0.7936538573278864,0.904152568241786,0.7725365280131538,0.9035973632550417,0.8191331208360846,0.73788567671627,-0.9527926419628499,0.2965676748704069,-0.45842530399177267,-0.7051432803088042,-0.3393607672385989,-0.2778685865964648,-0.4745010913069004,-0.337117291519956,-0.04011720815590778,0.13809119932329306,0.38152948953608895,-0.9545480393334927,0.24405873964252128,-0.5627053284505973,-0.6962204729246445,-0.4470147838998494,-0.12750961971795347,-0.366186508300493,-0.03998616539651189,0.32415686922736275
0.8018721481914768,0.9070499389782769,0.8771344287758543,0.8851287032051317,0.8403534011058894,0.8429459824219651,0.8965555668216281,0.8717150737335202,0.8341021484618808,0.8667058235421591,0.8368191881299331,0.8012376533335919,0.8611965629458485,0.7501695779076761,0.9082927647887975,1.0,0.9009504744860206,0.8204468823547367,0.7986280223910048,0.855401176459562,0.7782005247672731,0.8667531105233506,0.8629565275749816,0.7583367299647011,0.8083757858360012,0.861877736148143,0.8799456482208314,0.7809595859802638,0.8908563685108404,0.9141737582758763,0.8230845754522768,0.8084359681336387,0.8887505212812804,0.8996446539600673,0.867528411765285,0.9094230446957305,0.8298162262419764,0.9081572929791845,0.9031881794916805,0.8381917157034312,0.8408270342565083,0.8857506389444243,0.8547493090810045,0.7812564650342076,0.8724754426974404,0.7401862980950418,0.8751628061295249,0.8174201761994326,0.6968263518116132,-0.9109527713367497,0.26107928553149246,-0.3835196551029181,-0.6592934849270533,-0.32599875653902366,-0.3110174369994523,-0.43188025174284767,-0.2754308857174921,-0.01556050896748349,0.17309426725707538,0.3829007893071558,-0.9085131907640779,0.2765844831048074,-0.48918345956876,-0.6650673382460603,-0.429801466563711,-0.11113931929568177,-0.2802448421901208,0.01919259050548899,0.2896603511586144
0.8570367594609125,0.9466546625881097,0.9345150605913498,0.9260419846270103,0.895196419313765,0.8763368176279855,0.9668793088515053,0.8765405552053288,0.8696772882872543,0.8915617774063284,0.870729792126077,0.8230371516938497,0.86725956992795,0.8461281816847821,0.9180613589878762,0.9009504744860206,1.0,0.8669292175320958,0.7766372913374773,0.8896584005966915,0.8413714324691777,0.8777038511167721,0.8377766189625923,0.7308037718250225,0.8610790317890978,0.9209952753696414,0.9132045764264519,0.8086922688221949,0.9389030105449878,0.9296753695324631,0.849257836048771,0.8210784734271808,0.9103424335594154,0.9401423408315781,0.91345221512662,0.9079346788798901,0.8758567190346939,0.9319004094239883,0.9208321609869127,0.8099767678524319,0.8551582869426461,0.9328489368512015,0.9042241402381559,0.7332895352620923,0.8865249783145428,0.7635186143681983,0.8714349959672305,0.7895142631295412,0.7074557874862172,-0.9462231501483179,0.26076875982049286,-0.4240554413065431,-0.6785535074333001,-0.30526840009155104,-0.2794067885280996,-0.4125116983513637,-0.3097372588975048,-0.049596997249222466,0.18047385082324946,0.49406352290394534,-0.9316946936624526,0.2599912774816828,-0.505478076556664,-0.685449517141475,-0.37459658409652535,-0.07680100240690706,-0.31272359760013657,-0.02313933730445105,0.2892386985488881
0.6847704905088208,0.805844651549896,0.824182113523265,0.8254655617560318,0.7404769328348856,0.8141385142967654,0.84571416118293,0.703716546638378,0.727195488600822,0.7190355057554273,0.6600150551337257,0.6292922339567014,0.6968474664080202,0.7124478739436179,0.7974351419215685,0.8204468823547367,0.8669292175320958,1.0,0.860009179107296,0.8789586232958052,0.7340516483830166,0.8482802436049307,0.824682686275648,0.6383064274397391,0.6565336572866098,0.8060699894341935,0.7747146703331744,0.5908053492411482,0.7931264176483417,0.8148021689602662,0.6703329137884795,0.7231065426035689,0.7375995080156559,0.8016174561886015,0.7592342096123044,0.7568961306937225,0.7532602436788852,0.7761257441626536,0.8018277663740114,0.7164551888702726,0.7353724005448736,0.8144359106589188,0.7314175662839882,0.6024139677137937,0.7359441046278662,0.6195077310216587,0.7467495345226712,0.702963448119918,0.5771891453568789,-0.8355217465361153,0.14677465750706095,-0.43113666972278275,-0.6543875633320977,-0.3787160066709623,-0.28587174341985727,-0.31376913167051174,-0.4201583660541112,-0.16596744394065352,0.11157260280097074,0.5262269116612275,-0.7704683341752703,0.18443819439872938,-0.49741276759370745,-0.5902679939446811,-0.35728570708307,-0.07443166753608073,-0.4176277761144455,-0.12476867632507055,0.17192555799447184
0.6282164687503883,0.7610737819859976,0.7405185767317161,0.747658063365681,0.6778822804695712,0.8033086168507646,0.7682148419014437,0.6557499769299433,0.6773044315719186,0.6565476470902198,0.5813501260526719,0.54224657374651,0.6001807703987967,0.6413777784049213,0.7389504482565344,0.7986280223910048,0.7766372913374773,0.860009179107296,1.0,0.8328166314936296,0.6596065900178512,0.7436383373443305,0.7764382586532115,0.6126025846852126,0.571308056494149,0.7332969348905549,0.6885266162102558,0.5084003918216071,0.7360397054042211,0.7430322229378209,0.5682704805565343,0.6559492364947926,0.6796097952871464,0.7294701176199443,0.6667081231610212,0.6955728165556081,0.730757241379969,0.7143127430045364,0.7443812593366387,0.6662510209203333,0.7586425339274172,0.7876923425000097,0.6625814839243809,0.6287095283962496,0.667293609147611,0.6002176057987724,0.6860218909549625,0.6200811255409328,0.5339500103253463,-0.7707811555964981,0.07608648796289869,-0.3636164410394187,-0.5859607163494126,-0.31788808656160705,-0.2895938064114565,-0.2407183755752827,-0.44187938509417846,-0.06118874889908508,0.12084955623641702,0.43446073497539967,-0.6967264452265913,0.10075641919917101,-0.39824402450024715,-0.539117467534699,-0.30649821646523384,-0.009279729856244258,-0.40464513694251897,-0.04882355598609651,0.10439857667674972
0.7501082407822129,0.865268960315331,0.8626676919581502,0.865748531830588,0.8096888970435983,0.8653968220864869,0.881728650750016,0.7669315337550432,0.7859367547195825,0.8003298319877745,0.7178818158906904,0.688886351432057,0.7771670812516449,0.7786291609459991,0.837106171206908,0.855401176459562,0.8896584005966915,0.8789586232958052,0.8328166314936296,1.0,0.8153345711964571,0.8682577723717619,0.788325846165484,0.6912706601223425,0.7088884232131966,0.8294830555407448,0.7985224626120927,0.6659422113634186,0.8443131532402948,0.8542136772923511,0.7184862120991184,0.7951569760488487,0.8112495050409424,0.848407741192036,0.8099146656939602,0.820641126751203,0.8059631424065671,0.8315405129364163,0.8370212639373902,0.7526182390387796,0.8391703236206425,0.8626234015682389,0.8065710835800177,0.7020018833879256,0.8069187652380232,0.706867179186316,0.806739614635676,0.7256779287750357,0.6472922256613681,-0.8798090583675602,0.1641508127140822,-0.4028329197079044,-0.6544535587837547,-0.3215014287455582,-0.26599992814428874,-0.33803944221208315,-0.37900912106941537,-0.10185657032091183,0.1312892831215036,0.47902467935987886,-0.8295068476537173,0.18081950372367217,-0.4579280783140706,-0.6148335348801626,-0.34638994949973345,-0.06482485223021026,-0.3646865138206501,-0.056599212414570006,0.22836111684227306
0.7725477161848616,0.8266359847800009,0.8451896979168677,0.8385117175144764,0.8478949796030067,0.7627422037351708,0.8311724099996027,0.7985185097177607,0.7966117670255849,0.8058613766956726,0.8264641924394593,0.8061162879563227,0.837205429293457,0.7905557279901572,0.8028751887987905,0.7782005247672731,0.8413714324691777,0.7340516483830166,0.6596065900178512,0.8153345711964571,1.0,0.8040777419181314,0.694421892418908,0.6050367351679536,0.7922890825925504,0.7778031569754311,0.801075034122824,0.7235101697817475,0.8274851633071386,0.8466579382136757,0.8344370342230858,0.7732564779346519,0.82125242768516,0.8296308545268705,0.8161357042543456,0.7890340875116995,0.767750779845675,0.8302199249581697,0.8069457123270312,0.6982126725578072,0.7524517860660306,0.8114973397046618,0.8204330267467868,0.6755383598597845,0.8028713317224,0.6776216558722428,0.7667441019211312,0.676139976539348,0.5730496755466847,-0.8515523665546376,0.15034896597432976,-0.36143501741619,-0.6464617577530136,-0.3000624188268323,-0.21899588694739103,-0.35063758995605526,-0.2691105421909172,-0.03170804723197324,0.13555040183516143,0.4455627039631745,-0.822089911807172,0.16914161489942414,-0.4632387534068461,-0.6194311501808515,-0.36107981417930823,-0.08743699609173608,-0.2524704170605753,-0.009996472413219949,0.23036629573806094
0.7111121644559,0.8467705778242629,0.8198129791710359,0.8210788188201293,0.7969176664048988,0.795618351948785,0.8555485851729576,0.7566413768923012,0.7735802125615744,0.8120310615556527,0.7820807805894038,0.7156753225862985,0.8009466060443031,0.7133887387951686,0.8177514939443185,0.8667531105233506,0.8777038511167721,0.8482802436049307,0.7436383373443305,0.8682577723717619,0.8040777419181314,1.0,0.8184078745979414,0.753405557448087,0.7531915049376784,0.7963777299774573,0.8017396186807643,0.6901183697740043,0.8413560145450623,0.8376097482742134,0.8546210525484887,0.8649616990242299,0.812540462926286,0.83847717056831,0.8539230392820182,0.8629327902822891,0.7406826374137276,0.8385645119655893,0.8695254966675942,0.8608520240229376,0.7617160050311333,0.8335969984203575,0.8040464920138456,0.6342981863478843,0.7888556616940486,0.6589784374825182,0.8122343283540372,0.8210495340075268,0.6859160087879216,-0.8566907112469199,0.22837718134958965,-0.3296134639102866,-0.6920226404211117,-0.31401502468946185,-0.2799953067834932,-0.33162380760453436,-0.2634867917787148,-0.10756542759264782,0.11777369293429465,0.4336324172801817,-0.8406808691157596,0.25129858769618985,-0.40557301539962254,-0.6407028048146477,-0.3689234550656379,-0.08841938675354218,-0.22818493099840423,-0.001582032401487523,0.25848966878956675
0.7490079638734352,0.8283103562884979,0.788149463823032,0.8009991253573917,0.7548362753323605,0.7808928052286128,0.8027646498715437,0.8084578079638604,0.7739964904753265,0.799256608375272,0.7556119656876263,0.7330431169872871,0.7742380866618805,0.7350408713481613,0.8235936114798819,0.8629565275749816,0.8377766189625923,0.824682686275648,0.7764382586532115,0.788325846165484,0.694421892418908,0.8184078745979414,1.0,0.677100449849581,0.7353681894933748,0.7724438199667335,0.8165319644812636,0.6539177460091187,0.8025141173235788,0.8339827594304046,0.6940865109451003,0.6914321159649709,0.8050141419497341,0.8194058636996739,0.7659169475868552,0.8208028488276504,0.7807424442546116,0.8268770182062822,0.8788801162615117,0.8413188066395743,0.7509580567382382,0.8154197749948261,0.764506926438734,0.7269514791025083,0.7847547518142607,0.6434648580276557,0.8150864105127159,0.8238617248041167,0.6258274933293867,-0.8468343827176232,0.16845048420729733,-0.44387045629216965,-0.654523179643016,-0.2783158476075381,-0.3325822936591229,-0.392269137489705,-0.35041558477207935,0.020337187346641677,0.17093746411718802,0.3842916749749824,-0.8151591497442272,0.2025163938857752,-0.5353714731959337,-0.621743576889586,-0.3359985367422282,-0.1535248092064953,-0.2889864248456365,0.023450066590497785,0.25937084090156465
0.6448679024136711,0.7659453804834808,0.6697471429273373,0.6732309156806496,0.6773017640327499,0.68942203839245,0.7515963700561616,0.7074485716650756,0.7055044939712192,0.7804890590107875,0.7002851057164854,0.6021517462764525,0.7035453670159079,0.5555871583616286,0.7494286298576159,0.7583367299647011,0.7308037718250225,0.6383064274397391,0.6126025846852126,0.6912706601223425,0.6050367351679536,0.753405557448087,0.677100449849581,1.0,0.666674918831214,0.7563527269063264,0.7239803267651517,0.7231563025315362,0.7708332638769662,0.738572475172488,0.7367500508028871,0.8695042406930497,0.7499012805061871,0.734087115701571,0.7559126883223356,0.8482636804606792,0.6207809443650251,0.7433326148883203,0.7629884510433596,0.8301313278417175,0.7566769211093064,0.764663475738031,0.7553063957188977,0.6710480906495848,0.7460101166097981,0.7265667738458906,0.6851705583253835,0.8565041834105047,0.6801076259174508,-0.7333375087480544,0.24498617795959668,-0.16809209761706406,-0.5102647153162786,-0.21771230086878823,-0.1832972769784555,-0.3473234697710885,-0.23776906447923113,-0.08223758359933085,0.13000030846204913,0.14165249758283263,-0.7764498118626713,0.18882083842540476,-0.24899905451687465,-0.5103650705634816,-0.31781148599996406,-0.07053442448335126,-0.21991831583161123,0.06360101165936584,0.37476701216405967
0.9081975716345781,0.901675851654027,0.8712424709614406,0.8635944419890931,0.8637027938700464,0.7884533030908831,0.862563346535644,0.9087135316262152,0.8557889677817874,0.8761540403169192,0.927435983570826,0.8941316176850099,0.8928578690052391,0.8530263089674078,0.8910798943191837,0.8083757858360012,0.8610790317890978,0.6565336572866098,0.571308056494149,0.7088884232131966,0.7922890825925504,0.7531915049376784,0.7353681894933748,0.666674918831214,1.0,0.8116936388119597,0.9402989925755397,0.8503812676304514,0.9102523876876962,0.8881035712774192,0.8714898967005826,0.754694799134598,0.9295861019037966,0.9224829414342323,0.8996098851979314,0.8783378812915695,0.8525761851965803,0.9224501288381385,0.8708919113608828,0.7518232819480917,0.7575617831121368,0.8553752682875696,0.8624629712612284,0.7349738821960192,0.8673358558726193,0.7234737265504599,0.8648473461955455,0.767684869207961,0.6296901623952277,-0.9035602854446368,0.29120322068404014,-0.4569731936072954,-0.6570307536032085,-0.3064732089915873,-0.2696073454030306,-0.4635049528656324,-0.20527027104337944,0.07560762782342245,0.19646092060673093,0.42429837155456973,-0.9145817190159639,0.21771523410098778,-0.5657747734781505,-0.6758774544156136,-0.41424858439796647,-0.13691285104423234,-0.2093633826142266,0.049973017179110124,0.3329930516983182
0.8182113613961556,0.9104875300950487,0.9080369661466486,0.8853956051387207,0.8436565332450676,0.833443500956345,0.9458559428258371,0.8686060187064011,0.8520603110005442,0.8720213983295112,0.8306494224151764,0.7684594814434064,0.8390346723578367,0.7944654564109777,0.8970917905068531,0.861877736148143,0.9209952753696414,0.8060699894341935,0.7332969348905549,0.8294830555407448,0.7778031569754311,0.7963777299774573,0.7724438199667335,0.7563527269063264,0.8116936388119597,1.0,0.8843386824784605,0.8272832655017733,0.9049028238679748,0.901250537212837,0.806466410307273,0.8074891049768335,0.877716623005079,0.9012691965694284,0.8642413202689235,0.8961743633128999,0.8470276398697312,0.8955506816872375,0.8932186825544792,0.7815977023233457,0.8733508219827686,0.9095294004567527,0.8931949228530116,0.7645700819329352,0.8787287103968967,0.7744975881745115,0.8453464603189345,0.7629017088314891,0.681535071982311,-0.9069226933380778,0.21581500977069712,-0.3553858177157651,-0.6183704271967966,-0.2673754782682529,-0.24823155591492196,-0.4241106772575325,-0.31604827482297665,-0.004120066355528926,0.15058536240933124,0.4092964650470667,-0.9040964275612138,0.2108862727679485,-0.44876759397999627,-0.6353101604860666,-0.3384451670865548,-0.06534717693521792,-0.32985250712004266,0.02055767358529075,0.29065973747241935
0.9193004935882324,0.9415943575847431,0.9216681232371661,0.9172643136902199,0.8839736378145037,0.8539232193989811,0.9193665919783727,0.9348911097172746,0.8903196976278087,0.8989016583804078,0.9117355598165922,0.8760297254779126,0.9058389602441065,0.8572077448541302,0.9440807726615568,0.8799456482208314,0.9132045764264519,0.7747146703331744,0.6885266162102558,0.7985224626120927,0.801075034122824,0.8017396186807643,0.8165319644812636,0.7239803267651517,0.9402989925755397,0.8843386824784605,1.0,0.8614067330219762,0.9461917120220364,0.9357969557026126,0.8562165995870965,0.7900971813634683,0.9475808855543009,0.9581909757890774,0.9163635415702603,0.9152659703015886,0.8870952702867502,0.9508870263249203,0.9156213265484838,0.7879013101589666,0.8303093638849696,0.9088529416360207,0.8801840158808351,0.7936233758919506,0.9110735499193552,0.7569937704186703,0.9138515691288119,0.8103606065060958,0.6778588920764065,-0.9532290195511938,0.27419801968504226,-0.487683434499986,-0.7006318877907501,-0.3621049022954521,-0.28966065926261825,-0.49053586764210577,-0.3195585713393586,0.027464523387264256,0.18659041654473232,0.4385420110010307,-0.9478648736885625,0.21109662244931462,-0.6077380161821837,-0.7036961098971137,-0.43980225754214924,-0.1608572452530497,-0.3198841656689622,0.011071373896470074,0.32327430503085636
0.8601619289781074,0.8664259305585178,0.82926779238055,0.8114291708048916,0.8271608112116372,0.7737427994402666,0.833826695875555,0.8565706608278666,0.8237004204365557,0.8718511472675162,0.8728001020358443,0.8270713722005093,0.8355322680069797,0.716515248234667,0.8385888626179577,0.7809595859802638,0.8086922688221949,0.5908053492411482,0.5084003918216071,0.6659422113634186,0.7235101697817475,0.6901183697740043,0.6539177460091187,0.7231563025315362,0.8503812676304514,0.8272832655017733,0.8614067330219762,1.0,0.87940259105845,0.84485130223463,0.8392003717790998,0.7555230022573407,0.8917994776806006,0.8559737026389991,0.8677735009423916,0.8596969271623875,0.7471208713265401,0.8620909316264448,0.8356051631019721,0.7223519901159366,0.8125475944994488,0.8268999379729427,0.8427121450855483,0.7077918916380055,0.8514516294394637,0.7383121426876654,0.7933925914547,0.7163310290074523,0.6839638199348848,-0.8263326344223135,0.34459417333163395,-0.27784604396037343,-0.5147430266983839,-0.16805903386621895,-0.17769451386796895,-0.4333409748656022,-0.16302770373040695,0.0015973864368278435,0.21714885779760437,0.26025800124571635,-0.8955315325487715,0.23821159139302536,-0.4064500578782571,-0.556436395389356,-0.35786170959546354,-0.1154495360580573,-0.24585672217920565,0.043765327835317086,0.4356961588800384
0.9191997014667752,0.9681328745635628,0.9293938003864977,0.9234972118325329,0.9157211219827003,0.8966657691878086,0.9486781160050152,0.9158897741072319,0.9024670154808431,0.9155620670985588,0.9105105574636762,0.8491016149523463,0.8962656694379177,0.8473517455739408,0.946285336528541,0.8908563685108404,0.9389030105449878,0.7931264176483417,0.7360397054042211,0.8443131532402948,0.8274851633071386,0.8413560145450623,0.8025141173235788,0.7708332638769662,0.9102523876876962,0.9049028238679748,0.9461917120220364,0.87940259105845,1.0,0.9345279793098548,0.8720460953904929,0.8474428616936114,0.956931877274667,0.963584758413937,0.9452142559782477,0.9363427848188896,0.8918607318040755,0.95329754600916,0.9288070246428611,0.8132214705769462,0.8863587275265741,0.9441950348525007,0.906095216524787,0.7746790201255449,0.9120869417378066,0.7737640529263524,0.9040728064562058,0.8106560755289534,0.7434165924106485,-0.9564753631751871,0.2964745225449586,-0.39518869290733327,-0.6646863550550876,-0.2989389103366326,-0.2568081628211355,-0.42570637373127657,-0.297690507860725,-0.004227307446943024,0.21283256925036045,0.4312310267252082,-0.962474694057952,0.23577740606667724,-0.5087840347485053,-0.6755694740672576,-0.3961773846783631,-0.0992436903431355,-0.3264462063546277,0.02571586632607936,0.38057856287052855
0.8935451144499374,0.9438144123882978,0.9390888307843388,0.94078537278887,0.8779951169845835,0.8543721512441005,0.929279869433154,0.9186781855878494,0.8649950150447504,0.8976419404073293,0.8877408313918326,0.8642945406508001,0.913204641787281,0.8543560631583448,0.9409493430088621,0.9141737582758763,0.9296753695324631,0.8148021689602662,0.7430322229378209,0.8542136772923511,0.8466579382136757,0.8376097482742134,0.8339827594304046,0.738572475172488,0.8881035712774192,0.901250537212837,0.9357969557026126,0.84485130223463,0.9345279793098548,1.0,0.8584372626274024,0.8144651434780793,0.9329524952442416,0.944468011782407,0.8963799251427227,0.9231230241210374,0.891742905539251,0.9450751766996803,0.9235750246835285,0.8068597613694084,0.8670972251879696,0.9097181673913449,0.8955979740501127,0.7979511688805537,0.9100978036697969,0.7669510191410391,0.8905863141547153,0.8171921662121243,0.6936715063497023,-0.9557269398213641,0.24739823375511547,-0.45746489912650773,-0.6802464284952445,-0.32714704095153563,-0.2846205198383568,-0.5032196254916146,-0.3041680176594057,-0.018810872193645016,0.18680150992044425,0.44350005794513353,-0.9435167861077467,0.23058684895568043,-0.5558527447989705,-0.6771211153999349,-0.4231451385499026,-0.14042130007630838,-0.3021067689007792,-0.024484761955748127,0.3159752235506038
