0,1,2,3,4,5,6,7,8,9,10,11,12,13,14,15,16,17,18,19,20,21,22,23,24,25,26,27,28,29,30,31,32,33,34,35,36,37,38,39,40,41,42,43,44,45,46,47,48,49,50,51,52,53,54,55,56,57,58,59,60,61,62,63,64,65,66,67,68
1.0,0.9287985077969211,0.9135749412561504,0.8759542254181342,0.8107131679123559,0.8217021071069062,0.7376788293197153,0.906300853357964,0.8634726361984276,0.7386176798836348,0.8632650847758097,0.8864781167706766,0.8037918343149412,0.9111345565273834,0.9336366363168758,0.8470435290746531,0.5123923149802484,0.6133567271793224,0.6279959064581587,0.5831697434764963,0.8355402693220125,0.8398130773513927,0.7453710969141353,0.3922050848773009,0.864398779647331,0.6289586924511725,0.9387091739930039,0.8828345435199312,0.926118075675353,0.9003476009374657,0.8789942969395573,0.3600267131387672,0.9386421796881487,0.9152930018416766,0.916516640929397,0.8321367226980071,0.9158791920994778,0.9326913049325654,0.8669276061131153,0.600576164944531,0.7940527845258165,0.8344345781374114,0.7207067068378336,0.7459112619035502,0.793128131436234,0.5517812801284843,0.8630866217038592,0.42178248620424225,0.7655358600669557,-0.9337691232392125,0.3860640897265701,-0.3114037023962775,-0.4028632278659577,-0.3414460898825674,-0.10502768277235522,-0.061719591727609296,-0.13007477432830514,0.41552283687674746,0.18649928554443282,0.6911534622494644,-0.9350121856910155,0.26853692976086796,-0.3911972888013505,-0.3527386810746073,-0.3468110626485542,-0.029840696819852196,-0.16495995210289,0.4543291598371841,0.284807436750185
0.9287985077969211,1.0,0.938276843528157,0.891359460520178,0.8405857918437202,0.8440758049321339,0.8049752345336044,0.9599270360873486,0.9171719082054867,0.8283218386065284,0.8601648006096794,0.8510275184565018,0.8710371445573397,0.9023063888453982,0.9647851160748709,0.8521839758923401,0.5492208742420579,0.6867962428514656,0.6736765574183111,0.6161247767718294,0.8076193492019836,0.8399614637058419,0.7942275747617811,0.457192114477403,0.8398724103974498,0.7398238168375058,0.9496015803073632,0.9111676122576317,0.9623468903166259,0.9196594843656248,0.8810038754712278,0.42930589669936353,0.9633123284254416,0.947699423223418,0.9466739440383627,0.8899274946483389,0.9531777142209807,0.9556789665937838,0.9240483429137755,0.6299678940104905,0.8804470118089789,0.9234904677383257,0.8370493104102888,0.8221186421586324,0.8187892179039314,0.5789747454002668,0.8617156137319208,0.42100083700066543,0.8149813293633275,-0.9671044214337486,0.39648962667922155,-0.3690551615660556,-0.4931659738417094,-0.3955123595349924,-0.1091291683830932,-0.06479601837403817,-0.16060690976979033,0.4621516051668105,0.14551824330849247,0.7144471744352963,-0.965764253210684,0.2176304276056171,-0.43703916938644016,-0.43302203291652336,-0.40041429248298055,-0.015057379043289484,-0.16969679460420556,0.5119653804721277,0.24450368134377903
0.9135749412561504,0.938276843528157,1.0,0.928684699043368,0.8334636091470838,0.8819328404988837,0.7711626392013543,0.9164236575817039,0.8776357156468013,0.8001413095849532,0.800055575138626,0.8334256778551512,0.7991572710237137,0.8616015053495483,0.9328857025537659,0.8211139619801346,0.49221029085643714,0.629867209353752,0.6967498857098396,0.6547838858193303,0.8503847058963149,0.8320868288286914,0.716807249664103,0.3931664488645424,0.8233235693498051,0.717887561559965,0.923082385644085,0.8942372305459905,0.9236150987065258,0.8795283831052413,0.8702231958435241,0.357298386941941,0.9291455682461768,0.9027869788491081,0.9168483660728257,0.842234915282139,0.8969616143946898,0.9173284900976224,0.8708298698611742,0.6000208752682457,0.8716029867264455,0.8863168052045602,0.7572543140887481,0.7299918843466305,0.7943037265563597,0.5032109139862159,0.8178212609534004,0.38259158053737397,0.7703121053980516,-0.9406345996604312,0.3430744286777603,-0.3878902008417227,-0.4439842296713337,-0.401375883677519,-0.13272723096702163,-0.08948000374403975,-0.21460033330494185,0.3738393038825321,0.11140730305774316,0.747013706810094,-0.92998482455466,0.21107185980198032,-0.46458129207262616,-0.3820104387063468,-0.37264842807718307,-0.03725262677065752,-0.22575956819624748,0.4585382520140127,0.2066349016119946
0.8759542254181342,0.891359460520178,0.928684699043368,1.0,0.7580749146182747,0.9002190839384405,0.6087836820208212,0.8702535007668925,0.849839282837348,0.7176597331586162,0.7400065481544148,0.8051083733544752,0.8088260760581606,0.8107824551700926,0.9019803331090926,0.841348630105309,0.29438450822553364,0.554592795975054,0.7437294830835214,0.749565232410838,0.872086542146009,0.8259007537719076,0.6943853507922091,0.43571163871416935,0.7128056008945649,0.5529388461341778,0.8805557707926303,0.886861122686964,0.8646968712211435,0.8761097301963048,0.851562204131135,0.26991350293018923,0.8848349887060761,0.8688933567873909,0.8812261141647194,0.8182699590541522,0.8617075388199247,0.8746392865972881,0.8046338162516868,0.6824169929114589,0.869012149855767,0.8107210671504664,0.6838708700289062,0.6880498995991591,0.7685137828200121,0.45781702542719765,0.7818281547174892,0.5016899929351014,0.7263543291661305,-0.9107245471128512,0.3627689601672711,-0.25321835786879093,-0.33317654127246876,-0.37974270489634115,-0.008354849038491523,-0.029783017352225775,-0.3447745804150019,0.3108644178086324,0.07955047972801955,0.6835842114319325,-0.9030306522921416,0.26576305411135703,-0.33269942041354056,-0.2748171780868456,-0.33150032065603646,0.0133836069826194,-0.36074487457431303,0.35139690994335465,0.1489393650444465
0.8107131679123559,0.8405857918437202,0.8334636091470838,0.7580749146182747,1.0,0.7431302543293603,0.7905140370520155,0.8448718046065982,0.7767355373910662,0.8181227489052909,0.81545954727493,0.7887309786841845,0.7653575505790392,0.8137819417136629,0.7955573294235267,0.677009544985769,0.5637418632386261,0.5166233642290022,0.47644063345786475,0.4908736461090324,0.6814015915024807,0.6863162420574331,0.6582008193845642,0.31748739885446836,0.7864739681362407,0.7159217589087963,0.8093456498395655,0.7210023950158299,0.8370042271857295,0.7478286964217723,0.7281601550476441,0.3107669011299794,0.8554799431325681,0.8002403042776126,0.8073259049082442,0.7588628193022721,0.8096710907142961,0.8292963199135477,0.831192691924775,0.459321457083028,0.7264489375934426,0.8100760890622544,0.7231942898350364,0.6887013763991857,0.7605521144303935,0.5650484652160872,0.7572698338010921,0.27897481069965757,0.6354665130879663,-0.8039659991092994,0.26208431373026064,-0.2953967007982378,-0.34663926653077703,-0.19324377009674762,-0.19472924090948213,-0.0503271788328398,0.01793030478688444,0.4295201710741704,-0.014904149991336357,0.5835968382049126,-0.8258048229713121,0.16039846468494323,-0.3691016468577193,-0.34327605805380523,-0.24974916844137007,-0.053785308740894315,-0.05260691081117754,0.460079911538462,0.10891558314747571
0.8217021071069062,0.8440758049321339,0.8819328404988837,0.9002190839384405,0.7431302543293603,1.0,0.5587547741757513,0.8036218067885732,0.7769148220675056,0.6657619648448733,0.6576408466801499,0.738038019162496,0.7595138027810351,0.7553636016207457,0.8495268450272294,0.7745661396579013,0.2093494844320824,0.5509072243438139,0.8457771062110855,0.7914331784802298,0.7921221237224013,0.7859499404950371,0.667446080401458,0.40978729288393867,0.6539129469565783,0.5339809190815274,0.8375373447981587,0.7986259840625669,0.8190848492904257,0.7965803271808883,0.7448971089225088,0.27815364145630955,0.8489674571613276,0.8008409311577346,0.8104805561173444,0.7534901146702438,0.8058202146145435,0.8263693961705835,0.7587811068759441,0.6599504323506842,0.8795874167229475,0.7996053541430066,0.6774283153239444,0.6570266008781086,0.705696597487869,0.41473886152006223,0.6935310278589679,0.5043993798114056,0.7122063771122401,-0.8543392015904547,0.2920460168613029,-0.28828702017065727,-0.3172861482126971,-0.3103529568383597,-0.06801991539488489,-0.038834347210796503,-0.3149911504516343,0.3551844559400435,0.06232817965905786,0.6839692182335438,-0.8318073680315858,0.2645667773403902,-0.3525473996514899,-0.2394081632313022,-0.2591247420859645,0.015447350364806801,-0.32620989753082313,0.41250041906989265,0.1602268381894936
0.7376788293197153,0.8049752345336044,0.7711626392013543,0.6087836820208212,0.7905140370520155,0.5587547741757513,1.0,0.8023369160707288,0.7471676897614397,0.7793225597594062,0.7622989557370433,0.6628812516045968,0.6174176718536649,0.753103309368561,0.753558419660588,0.6416014965768709,0.8684892942077485,0.6268952671885428,0.3114978650283961,0.28227173657957266,0.5325418498040196,0.6482785379756951,0.6415096788575574,0.2565822095294006,0.8341867884496691,0.8890416135498603,0.7610284078349603,0.6800921124070665,0.7869946846609666,0.694672909474205,0.6874796238737708,0.44598750709867296,0.7712675244762572,0.7596370120546363,0.7747262154240593,0.724874157506145,0.7529050356343334,0.7803831593535994,0.8026827247996151,0.3343772069301397,0.6139145982104811,0.8069945472648022,0.703534981862543,0.6410004692903943,0.6802862821514889,0.5442002856283933,0.7343413000142711,0.11579306499351344,0.6173951830598182,-0.7598545105458709,0.23235097340907634,-0.47796323007259495,-0.5479917614989578,-0.3449906545445258,-0.31491642601031733,-0.19007330693805627,0.2128808786789511,0.42776914069771727,0.050952614503683935,0.5763163177161781,-0.7676774752589264,0.018236918140584892,-0.5107582749884627,-0.5445529848395655,-0.38859288507722317,-0.19732002687245773,0.15684169678901924,0.5248603676212571,0.18997113892910247
0.906300853357964,0.9599270360873486,0.9164236575817039,0.8702535007668925,0.8448718046065982,0.8036218067885732,0.8023369160707288,1.0,0.901116545621683,0.8655622123745583,0.8904173321548996,0.8622279453260424,0.8840826150987773,0.9028766019725399,0.9462383966085225,0.8538785298757273,0.5784092621266369,0.6547609291632746,0.6176918476886947,0.5971512909271525,0.8047968368329642,0.826610297148797,0.7945227332359918,0.41539512877597246,0.8510291920988329,0.7105204152337623,0.9391721697250723,0.872511891767119,0.9350049643520151,0.9069487348809553,0.8791592365544394,0.39240617937099936,0.9497477997589058,0.9584714668068881,0.9507003561126648,0.8812090405561949,0.9487798011304872,0.9542493734563505,0.9260516130805934,0.611219296557562,0.8437346863262356,0.9164813265475307,0.8110374522708765,0.8261961838070345,0.8301672000138323,0.5432472770863163,0.8810596231559737,0.39884778442201374,0.7916178436098227,-0.9586613036623605,0.4139939326404031,-0.3741068330935953,-0.5358988780611758,-0.4430211033854633,-0.1108380708696167,-0.03931068903815543,-0.09886711154622259,0.5280991184703049,0.11626482476413155,0.7011454752334753,-0.9647762340651246,0.20137816386896684,-0.45074835130330726,-0.49046558357073294,-0.4632201594475906,-0.020794826240170976,-0.10814419297949758,0.5590449585368351,0.22007312706652987
0.8634726361984276,0.9171719082054867,0.8776357156468013,0.849839282837348,0.7767355373910662,0.7769148220675056,0.7471676897614397,0.901116545621683,1.0,0.7797071688604493,0.8004572416968769,0.7729882466505412,0.8472995816482306,0.8238064738863471,0.9186536206123779,0.8276902314801219,0.5039827490615081,0.6339618506001313,0.6133096392059819,0.5560916623714145,0.7522439756347007,0.7737446455847357,0.7450286747765045,0.38185126674661635,0.762697179250892,0.7047396247028315,0.8908923435157318,0.8576598027987784,0.9004031285461993,0.8840865549568373,0.8401641725272745,0.3737191939247956,0.8874346733132582,0.9014436809512718,0.8988692719179519,0.8105471356069718,0.9052221108134867,0.8901979270371071,0.8796551375208818,0.571910095478363,0.8162377627482569,0.8586831923647325,0.7733348403414765,0.7834787395738164,0.7561646283532446,0.5405113413273589,0.8022102303339766,0.35876200137027886,0.7834022985427447,-0.919385168649054,0.5001954921389398,-0.36142830177048213,-0.48257040127997797,-0.3813699594709028,-0.09213457885572468,-0.0922163423105034,-0.22139156131584953,0.38592175920760563,0.16444853170948598,0.6775240873375415,-0.917364993976196,0.3087816600186642,-0.4243266824886924,-0.41378973952538367,-0.38124006582985376,-0.0043553416744485955,-0.20434199778810147,0.44496518757887854,0.21954600381633896
0.7386176798836348,0.8283218386065284,0.8001413095849532,0.7176597331586162,0.8181227489052909,0.6657619648448733,0.7793225597594062,0.8655622123745583,0.7797071688604493,1.0,0.7460775770455823,0.7057554999352896,0.7747735917819795,0.7576138424647764,0.7917651476855696,0.657172321569935,0.6018099562117093,0.5293343563044786,0.4504656579390364,0.48929646497706175,0.7016572253218364,0.67719880776839,0.6370211322540923,0.3712124119437911,0.755588442337496,0.7203408009920905,0.7961223044627465,0.7427614320959832,0.8059549701383717,0.7363760049014907,0.7459498750334757,0.4212378820961227,0.8060832901108792,0.8050517220462375,0.8109455583158409,0.7810057597467156,0.7900886416994617,0.7947666087349723,0.8153996623360412,0.4362674132520025,0.7435592543016777,0.8702087850864564,0.7624521827269954,0.7220741994586427,0.7773736627972966,0.5372377119344564,0.7674426209390209,0.24013189644663716,0.6854986562454397,-0.8100913553571307,0.2803239751056006,-0.42615522331433325,-0.5306640484328556,-0.3975495769600007,-0.19090202209079787,-0.08556465654277455,0.01019527655799013,0.4795032192229579,0.04613502524021565,0.6581063962070982,-0.819034465249297,0.08599605370027913,-0.49225667455992295,-0.5076171946839663,-0.40213351876811726,-0.05072650056012853,0.015818840192860437,0.528786124148874,0.1658064632933889
0.8632650847758097,0.8601648006096794,0.800055575138626,0.7400065481544148,0.81545954727493,0.6576408466801499,0.7622989557370433,0.8904173321548996,0.8004572416968769,0.7460775770455823,1.0,0.88889954280902,0.8057044225402562,0.9035978311819656,0.8374024428070266,0.7935016313931346,0.6026494958563202,0.5533479923020225,0.445041271937769,0.43578536426533315,0.7022670801560145,0.744472715592807,0.7430212096442914,0.3428917713980516,0.8504451773878692,0.6400305283076898,0.861053125398964,0.7701279050022203,0.854771909864907,0.8432474112803883,0.8343568470494173,0.29258267741083926,0.8843133891391348,0.8806710780791158,0.8579353407309326,0.7927599872481323,0.8827278235080428,0.9034853159014603,0.8665780672864722,0.5139702836461973,0.6544191096733158,0.7798015804926727,0.7006330130066264,0.7740518577870087,0.7848411612710732,0.607006289653672,0.8590203200367549,0.3595892004497635,0.6718673798673366,-0.8465142375257239,0.3915716882540133,-0.21958432074629447,-0.40824514699450365,-0.2835731748567464,-0.13765098795014705,0.03182179970644029,0.08799254853127687,0.5519129961192718,0.13444048517579296,0.5327673011594302,-0.8724248430393149,0.18058851695904984,-0.30406435084555583,-0.383407620342775,-0.37011774670770653,-0.052208110712457755,0.019684280255406666,0.5316113597089328,0.2506116088871325
0.8864781167706766,0.8510275184565018,0.8334256778551512,0.8051083733544752,0.7887309786841845,0.738038019162496,0.6628812516045968,0.8622279453260424,0.7729882466505412,0.7057554999352896,0.88889954280902,1.0,0.8050397551673244,0.9110588122036757,0.8376214506891586,0.7790602322139468,0.4718198185278148,0.5059556690700288,0.5072459390324228,0.5951205969678119,0.7946758526324481,0.7190934622526941,0.681322069605188,0.38000806234312307,0.7665779611886184,0.5400080403715002,0.8466949474235812,0.7747927208330735,0.8364008263574926,0.8420473922980742,0.8118814692295615,0.29921095622308896,0.8959842606407948,0.8473397066308139,0.8182826728300655,0.7788313440261456,0.8628228108840551,0.8927380108293989,0.7947985173365789,0.5510391854849348,0.683921821115664,0.7408316778945527,0.6569999163791557,0.7417392881050782,0.7738264875081645,0.5931670442150649,0.8132062048434698,0.4064279340598461,0.6508450368802944,-0.8453605604495086,0.3745106687474095,-0.19783416161415812,-0.2982685459850078,-0.26062993115350597,-0.08076905983549588,-0.00636142665158004,-0.09119072624599163,0.4308610791364237,0.0838797248927749,0.5314329071957853,-0.8625332463213752,0.19726142692480392,-0.29338764636316034,-0.2595044749691887,-0.3380007507149125,0.028443713996480907,-0.16701272563261582,0.40856311227876985,0.2070190534944848
0.8037918343149412,0.8710371445573397,0.7991572710237137,0.8088260760581606,0.7653575505790392,0.7595138027810351,0.6174176718536649,0.8840826150987773,0.8472995816482306,0.7747735917819795,0.8057044225402562,0.8050397551673244,1.0,0.8190480622255917,0.8661030981045874,0.7796960530486088,0.3561113987377287,0.5773123834691749,0.6483518691226305,0.6616463073342886,0.7250419924572147,0.6836699849835466,0.7492853745827027,0.43840212797990985,0.6764278111451919,0.56017194969003,0.8416288529162843,0.7994799644646978,0.8586928555306196,0.842587389315354,0.7489107658045292,0.30352219585344564,0.8705997686646679,0.8740480453189392,0.8419071853481841,0.7902952340157238,0.8828694648667015,0.8765511750547144,0.830314978431705,0.6317223300206288,0.8151757292823258,0.8235196383763056,0.81669220140172,0.842888051931734,0.7671795752841667,0.5638604794053661,0.7795000315412975,0.4601158687561938,0.7084438677133682,-0.8696572036890664,0.47738927605187537,-0.23012561456893774,-0.38989299786599085,-0.3079886241288722,-0.04970517371650118,0.023572124315504126,-0.1953236032937026,0.45693209962545744,0.10807060053246842,0.6036201607324178,-0.8823007835002624,0.26816698007745726,-0.31258732053787097,-0.32942354091366166,-0.3536029078753224,0.06384281785366977,-0.22592273956368297,0.4603253770222956,0.16636476255994898
0.9111345565273834,0.9023063888453982,0.8616015053495483,0.8107824551700926,0.8137819417136629,0.7553636016207457,0.753103309368561,0.9028766019725399,0.8238064738863471,0.7576138424647764,0.9035978311819656,0.9110588122036757,0.8190480622255917,1.0,0.8943171019491415,0.8034427329395402,0.545371007533888,0.5902480933644397,0.557208454756341,0.5466479396141075,0.7762513613775704,0.7604283290787227,0.7527942481250863,0.44656442691641846,0.8183036225665308,0.6522547060046799,0.9124708580887488,0.829031196966528,0.889510090710086,0.8766895280120088,0.8409266402001807,0.3563130224022754,0.9306310197830461,0.9177716012693817,0.8746501552083296,0.848238957056323,0.8949795781489821,0.9432937793255112,0.8413167629462857,0.5971198355488514,0.7350160926557747,0.8145156066268097,0.7259157408242292,0.7572035949358049,0.8275458505530422,0.6233433568820673,0.8584630740525636,0.43874555030539164,0.7119361478418931,-0.8958385883270612,0.4137580800227456,-0.20792379535434344,-0.384987294518709,-0.3161543904570432,-0.09146774171762541,0.04911567742969998,-0.06073905165714365,0.49245219043370836,0.20218743388279742,0.584324205439429,-0.9145689269538615,0.2324713605285226,-0.31549548594477317,-0.35915819105972596,-0.397769279100983,0.013099795473699048,-0.145844074817845,0.4746008385741994,0.3036412870122881
0.9336366363168758,0.9647851160748709,0.9328857025537659,0.9019803331090926,0.7955573294235267,0.8495268450272294,0.753558419660588,0.9462383966085225,0.9186536206123779,0.7917651476855696,0.8374024428070266,0.8376214506891586,0.8661030981045874,0.8943171019491415,1.0,0.8842253038461054,0.49659167416788746,0.6741666982286588,0.6921405473637572,0.6297661457830348,0.8177064572023721,0.8494325174904319,0.791780465096174,0.44331387832825236,0.8225866110254686,0.6926336248055549,0.9572831156685947,0.9102741084059635,0.9486022641098028,0.9341883528393481,0.8896575219781563,0.3953815406186229,0.9528086866869043,0.956901805456814,0.9514507457171953,0.8715061800504371,0.9519097201845518,0.952741331465239,0.8967694101850614,0.6456284833024762,0.8704992120106604,0.8966789374241061,0.8021504665456288,0.8025032051987593,0.8122768471817982,0.5468662090150634,0.8662021335914624,0.45271234062069954,0.8225377471846498,-0.9737179534741452,0.4534885881955427,-0.3560704735996557,-0.5042435073328536,-0.42715147261611347,-0.08758325548422977,-0.050386192910136,-0.21692288459845746,0.4401656304856714,0.18169639668880266,0.7401846446675852,-0.971960604532775,0.27270744721288087,-0.429626167140788,-0.43181175188646764,-0.4271188478735895,0.00020083970179929326,-0.21974189603730127,0.4824789843856366,0.26510571787054543
0.8470435290746531,0.8521839758923401,0.8211139619801346,0.841348630105309,0.677009544985769,0.7745661396579013,0.6416014965768709,0.8538785298757273,0.8276902314801219,0.657172321569935,0.7935016313931346,0.7790602322139468,0.7796960530486088,0.8034427329395402,0.8842253038461054,1.0,0.414135251738206,0.5556915482045848,0.6083877612326735,0.6132230916960297,0.7297152079099679,0.8411532427105579,0.6623321791030659,0.36339259183579825,0.7505964270890492,0.5563348189521465,0.8660754282449664,0.8207840237737405,0.8187282527940104,0.878480261752624,0.8259045133095572,0.2504985963148038,0.8476502880383746,0.8758260259653,0.8828628486116827,0.753733296352956,0.8642558618887615,0.864476779167431,0.7809783908566941,0.5540645949964855,0.7408737596037275,0.7642047128921259,0.6110252515789939,0.6754170318878894,0.7370036785541254,0.44378057605467375,0.8246821251813151,0.4296916040562217,0.7489859512635685,-0.8791571230674171,0.49027007332636285,-0.2880979327291278,-0.4433985136473171,-0.37286632088443966,-0.06373227621418047,-0.0031030181236457255,-0.15218050462036817,0.406998610381215,0.18823693584539633,0.6684068347151997,-0.8890303198063603,0.29700570380385544,-0.364236420608228,-0.3580868138955299,-0.39688473250761674,-0.0866606837114248,-0.14869423905624515,0.44377049400893986,0.2352074324588444
0.5123923149802484,0.5492208742420579,0.49221029085643714,0.29438450822553364,0.5637418632386261,0.2093494844320824,0.8684892942077485,0.5784092621266369,0.5039827490615081,0.6018099562117093,0.6026494958563202,0.4718198185278148,0.3561113987377287,0.545371007533888,0.49659167416788746,0.414135251738206,1.0,0.4798616727462167,-0.04681474587891256,-0.03113890731276024,0.28706927162413226,0.41319479268844933,0.4508863094315414,0.0990233302378316,0.6983428494567927,0.7529276701141272,0.5157531920017936,0.4069297098897593,0.5331624186995799,0.4491869675906002,0.48281169182942,0.42325737356759674,0.5127273841056635,0.5311013287178233,0.5393679060886313,0.5045209771013498,0.5176483606104582,0.5396244616725858,0.5830332990145678,0.06612140971859297,0.2686927090421517,0.5742861183260085,0.4622827505161528,0.45158517615388316,0.4750420072397736,0.4161415828671383,0.5629413213639782,-0.10872679014450308,0.4040508960034542,-0.503619360926942,0.13627240782405575,-0.4513115074500558,-0.5373911921915967,-0.3113173238503749,-0.34965229437102036,-0.23655741384383547,0.4008846167311412,0.3293601528697112,0.029373640920214075,0.35887144575641894,-0.524738842707967,-0.10383738416769545,-0.46275348129781335,-0.5780879721425494,-0.3996774605180196,-0.22836443860685485,0.33818172108969846,0.41163728516234077,0.16173970045807942
0.6133567271793224,0.6867962428514656,0.629867209353752,0.554592795975054,0.5166233642290022,0.5509072243438139,0.6268952671885428,0.6547609291632746,0.6339618506001313,0.5293343563044786,0.5533479923020225,0.5059556690700288,0.5773123834691749,0.5902480933644397,0.6741666982286588,0.5556915482045848,0.4798616727462167,1.0,0.6044331598227279,0.38408018518085624,0.3946729281097903,0.6531613559676049,0.6770638089675373,0.38087903228770714,0.5715797899893694,0.6491899702666256,0.6548890892594417,0.6107590608386487,0.6848853959764319,0.6205698309587551,0.5603861640242349,0.4392342472152242,0.657922458282868,0.6466459040926922,0.6480140341590815,0.6581771475011372,0.6703095224379843,0.6676419049779986,0.6488893905203947,0.48889660424380965,0.6184226685687115,0.6657886931624467,0.699753496769123,0.6337549236684128,0.5685015206064103,0.44459056966796445,0.5255591016528768,0.32104952407433524,0.5155522257333004,-0.6592657985013874,0.22554905714373746,-0.3185964077314552,-0.44821207706063143,-0.3689811348377728,-0.058503022890242735,-0.13768283753397714,-0.025821827522313243,0.29849986955063446,0.1234543018143592,0.5096325280166351,-0.6581222168149228,0.0678396015798785,-0.33294739605055523,-0.3878449130790322,-0.36558394464729566,-0.06630881786227162,-0.04259231001563837,0.3727261935548938,0.24460823826736428
0.6279959064581587,0.6736765574183111,0.6967498857098396,0.7437294830835214,0.47644063345786475,0.8457771062110855,0.3114978650283961,0.6176918476886947,0.6133096392059819,0.4504656579390364,0.445041271937769,0.5072459390324228,0.6483518691226305,0.557208454756341,0.6921405473637572,0.6083877612326735,-0.04681474587891256,0.6044331598227279,1.0,0.7551217724944924,0.6332728316738854,0.6535067091857707,0.5827319456978193,0.41145439769051656,0.4183007180675448,0.36171862840709046,0.6737121284320438,0.6664712653040518,0.6597055089882329,0.6255183006697468,0.5656741576572526,0.1930366124639721,0.6624238491870067,0.6356772077411859,0.6361518304996874,0.6079392606605621,0.6505874415134424,0.6551663182777336,0.5857756617413972,0.6425310737319726,0.7999250146440899,0.6627637603007764,0.6042236973401047,0.5739198155816606,0.5315183038495819,0.28645831748969125,0.4779295470181512,0.5098701177098959,0.5848274625720437,-0.6877085905557975,0.24623433364616326,-0.18972900504498022,-0.25451907715543776,-0.2858538913669637,0.05145920350083192,0.040656133627341884,-0.3936249836670281,0.2898431103170003,0.14476947020518147,0.5879540549688849,-0.6541479717940655,0.24282923086644387,-0.24564422265538857,-0.14490871832365226,-0.19140101703218124,0.08702902048693933,-0.37905417648011325,0.3494628795696211,0.1889490878382972
0.5831697434764963,0.6161247767718294,0.6547838858193303,0.749565232410838,0.4908736461090324,0.7914331784802298,0.28227173657957266,0.5971512909271525,0.5560916623714145,0.48929646497706175,0.43578536426533315,0.5951205969678119,0.6616463073342886,0.5466479396141075,0.6297661457830348,0.6132230916960297,-0.03113890731276024,0.38408018518085624,0.7551217724944924,1.0,0.6560490674695914,0.6029619498440408,0.45047183883946224,0.44700955063447834,0.3809698534625633,0.23326600471021341,0.6199874310879144,0.6044826020548454,0.5907327932690589,0.6300396574694355,0.5281980878303448,0.2211653028901918,0.6328417277923516,0.5938448482136905,0.5904760937351853,0.582866131409227,0.5911443162831942,0.6293570225531052,0.5036118872717199,0.6328340853370735,0.7087650460990009,0.5902208966270807,0.5236883004402544,0.5468850730712276,0.5814545934677443,0.3081284196803151,0.49699805470511893,0.5383126943110607,0.5418495650597803,-0.6484961248369961,0.13134108358194838,-0.1831493411696444,-0.1841090864183387,-0.31685207092700873,0.02283332197426138,0.0616626563754436,-0.36822051990288734,0.2441448224025723,0.03821417596969171,0.5205772939302376,-0.61018738252174,0.11795501524372853,-0.21932422464973536,-0.10719795885056066,-0.22348723503989104,0.0868460780272622,-0.37285231761106036,0.29033048840485237,0.05899875463965037
0.8355402693220125,0.8076193492019836,0.8503847058963149,0.872086542146009,0.6814015915024807,0.7921221237224013,0.5325418498040196,0.8047968368329642,0.7522439756347007,0.7016572253218364,0.7022670801560145,0.7946758526324481,0.7250419924572147,0.7762513613775704,0.8177064572023721,0.7297152079099679,0.28706927162413226,0.3946729281097903,0.6332728316738854,0.6560490674695914,1.0,0.7723303108513137,0.567734317787569,0.3665980248345097,0.7038962348902713,0.43696962964372754,0.8338261924520103,0.812659591736393,0.7828856619522025,0.8127047319902116,0.8505944877180824,0.2622873349226621,0.8051130096355521,0.8083221493573469,0.8160605416363635,0.7404936153647977,0.7871718273830043,0.795707936703418,0.738675089242356,0.5773205618541518,0.770184293795807,0.7596605501369569,0.6185628519297511,0.6184250235677422,0.7084971590696864,0.38096843095079275,0.7576741968268553,0.40265928613725865,0.6940273514317894,-0.837299458251216,0.28333546234371854,-0.21446789750029369,-0.3331458971831543,-0.3532451184943341,-0.024541483870808154,0.08950564442186221,-0.2807161782073679,0.33035543148648067,0.15843533485348182,0.6137434547160165,-0.8269390353099282,0.23584474947186407,-0.2871836333696202,-0.29511404316604933,-0.3004184629989923,0.06335730690003188,-0.2760828540845033,0.3623008387496121,0.1840636788297613
0.8398130773513927,0.8399614637058419,0.8320868288286914,0.8259007537719076,0.6863162420574331,0.7859499404950371,0.6482785379756951,0.826610297148797,0.7737446455847357,0.67719880776839,0.744472715592807,0.7190934622526941,0.6836699849835466,0.7604283290787227,0.8494325174904319,0.8411532427105579,0.41319479268844933,0.6531613559676049,0.6535067091857707,0.6029619498440408,0.7723303108513137,1.0,0.7045410362123112,0.4031663317053485,0.7905996958724059,0.544340727071768,0.8805713234505465,0.8027798214924895,0.8163929815399993,0.8420206424362433,0.880143876542781,0.4021273847300819,0.8233186278324723,0.8417596280128011,0.8714162045018867,0.7928356253365058,0.8247435493999387,0.8335108237750377,0.8100054598522154,0.668331336511433,0.7529566989529485,0.7759800564964623,0.6500469397828456,0.6238633435197992,0.7245274193518204,0.3796702453817828,0.8108227776522542,0.5083775680826941,0.7301815590635876,-0.8592039178245564,0.21455765515223962,-0.34607365606752283,-0.5171092941549851,-0.4766544872913561,-0.027501369540971453,0.032022868220800214,-0.09746813417412396,0.3890529516966218,0.18169374791018383,0.706530670581898,-0.8519234997431361,0.1453500132406868,-0.37877872166905746,-0.45190673958812305,-0.4320104754220223,-0.07307681048728774,-0.07876960394783215,0.47739138709687956,0.2888391915885572
0.7453710969141353,0.7942275747617811,0.716807249664103,0.6943853507922091,0.6582008193845642,0.667446080401458,0.6415096788575574,0.7945227332359918,0.7450286747765045,0.6370211322540923,0.7430212096442914,0.681322069605188,0.7492853745827027,0.7527942481250863,0.791780465096174,0.6623321791030659,0.4508863094315414,0.6770638089675373,0.5827319456978193,0.45047183883946224,0.567734317787569,0.7045410362123112,1.0,0.3271794826597181,0.6635274038499691,0.5662388251658272,0.7740453944503304,0.6965917811474732,0.7919307165360695,0.7241912152947085,0.7144758186174274,0.31394560558560736,0.7829042626860527,0.7871168993655098,0.77075900321803,0.723749675804987,0.8051448140940404,0.8130109191635453,0.8178821770559541,0.6461140510254679,0.6956174621500697,0.7429640284337481,0.7350691724875283,0.7448210656555895,0.6545332234051463,0.47268687313199803,0.7024354304310262,0.5357476457508458,0.6129968547561634,-0.788707296253034,0.35219733152033134,-0.264857599589061,-0.4206937871015008,-0.37862425856132426,-0.03534644203753189,-0.07439813823241123,-0.03830821655585474,0.4384036773159833,0.03282690492389047,0.5493996009748309,-0.7880662984335257,0.17394820244214018,-0.2983365394251556,-0.373195987476021,-0.4090410395502472,0.0009060593597357201,-0.0870065646821319,0.4482178361361489,0.16929818799762933
0.3922050848773009,0.457192114477403,0.3931664488645424,0.43571163871416935,0.31748739885446836,0.40978729288393867,0.2565822095294006,0.41539512877597246,0.38185126674661635,0.3712124119437911,0.3428917713980516,0.38000806234312307,0.43840212797990985,0.44656442691641846,0.44331387832825236,0.36339259183579825,0.0990233302378316,0.38087903228770714,0.41145439769051656,0.44700955063447834,0.3665980248345097,0.4031663317053485,0.3271794826597181,1.0,0.26207348274185555,0.2492784280187243,0.4198241658766313,0.4803357770434879,0.45487881479701087,0.46986438098963335,0.382679697044268,0.595545417789541,0.4687892129377307,0.42631918722412004,0.3775651668079748,0.6787731071593209,0.41589794869263585,0.43439784936694775,0.3217498283313544,0.6143795543956533,0.43028229720150624,0.39886697486530687,0.44229604402135764,0.45489568950844067,0.5145871077471061,0.4385314847583174,0.36072750340768195,0.5699640112955436,0.3659856164101042,-0.4235912171392547,0.0831420742613755,0.06724501685476322,-0.10879308241964981,-0.11697131112152012,0.11122944432003863,0.0911931490176247,-0.2484913943197035,0.14964171936831186,0.09238723890778909,0.15792128568695105,-0.42949813426926375,-0.016198705416769585,0.0412916002834693,-0.058064960372391734,-0.11601643639476546,0.19648590763491697,-0.2675904217232431,0.08018541478417286,0.15306697007664505
0.864398779647331,0.8398724103974498,0.8233235693498051,0.7128056008945649,0.7864739681362407,0.6539129469565783,0.8341867884496691,0.8510291920988329,0.762697179250892,0.755588442337496,0.8504451773878692,0.7665779611886184,0.6764278111451919,0.8183036225665308,0.8225866110254686,0.7505964270890492,0.6983428494567927,0.5715797899893694,0.4183007180675448,0.3809698534625633,0.7038962348902713,0.7905996958724059,0.6635274038499691,0.26207348274185555,1.0,0.7049266152690206,0.8732546829797464,0.777543928345167,0.8500519911656145,0.8111779596527013,0.8273573353978902,0.33516880281934,0.8401052798566384,0.8480437034084547,0.8698360406173746,0.7490501377055312,0.8152116740042504,0.8492387453624087,0.8382580471002211,0.4284203892311838,0.6658627615473622,0.815108909929224,0.6750981679528607,0.6796704336496677,0.7579604679782573,0.5041902798910615,0.8738601513590133,0.2514138660774163,0.6962119541933022,-0.8405869283429347,0.24925867210170125,-0.3968829815036383,-0.5198590622547842,-0.40996474348647644,-0.2298359718662588,-0.04462764974290478,0.162338982487249,0.4692627537700951,0.18807782757044067,0.6695098638075037,-0.8418435095194897,0.10876565649053549,-0.45548036615362203,-0.528762273176806,-0.4167561121236494,-0.12597642106815873,0.1272846546330148,0.5347877560437118,0.2975209656463618
0.6289586924511725,0.7398238168375058,0.717887561559965,0.5529388461341778,0.7159217589087963,0.5339809190815274,0.8890416135498603,0.7105204152337623,0.7047396247028315,0.7203408009920905,0.6400305283076898,0.5400080403715002,0.56017194969003,0.6522547060046799,0.6926336248055549,0.5563348189521465,0.7529276701141272,0.6491899702666256,0.36171862840709046,0.23326600471021341,0.43696962964372754,0.544340727071768,0.5662388251658272,0.2492784280187243,0.7049266152690206,1.0,0.6730530590456563,0.6316257358486256,0.7313442587113668,0.6107059179307668,0.5906945859853786,0.3987433832414872,0.6938732754091621,0.6716366958700704,0.6803518055138617,0.6493584464300804,0.6785860026277215,0.6924182037527409,0.718718707062932,0.2655097501140948,0.5998398057962716,0.782728745563373,0.7169627643967228,0.5960213419322599,0.6054752647470757,0.5301898067679561,0.6107634543861549,0.04842915416599278,0.5565188240582147,-0.6817474552057233,0.24663340921024243,-0.42638679667606,-0.4609317105687955,-0.24746249457074473,-0.2809592549197921,-0.21029145370928623,0.10287483217708698,0.3422422026559836,0.06549294338851006,0.546783384253068,-0.687023248238315,0.04207969001068284,-0.4619011417832223,-0.43922915533972395,-0.2763549190504609,-0.1577428451939665,0.09864192563259003,0.44914948796417176,0.17807686747560306
0.9387091739930039,0.9496015803073632,0.923082385644085,0.8805557707926303,0.8093456498395655,0.8375373447981587,0.7610284078349603,0.9391721697250723,0.8908923435157318,0.7961223044627465,0.861053125398964,0.8466949474235812,0.8416288529162843,0.9124708580887488,0.9572831156685947,0.8660754282449664,0.5157531920017936,0.6548890892594417,0.6737121284320438,0.6199874310879144,0.8338261924520103,0.8805713234505465,0.7740453944503304,0.4198241658766313,0.8732546829797464,0.6730530590456563,1.0,0.8945761955465906,0.9404812407716889,0.9258464542362157,0.9019834043483033,0.3839679118464926,0.9447312012154769,0.9591771743494145,0.9541145057764963,0.8644619714942531,0.9292565063401702,0.9564973577471702,0.8929640132749721,0.6346681050244076,0.8413593774386618,0.8938642005781584,0.7824619200784904,0.7686261377826146,0.8289865167009076,0.5282250103191866,0.894622915485171,0.44848189671366595,0.8092779935626817,-0.9647641365250393,0.3887497526754438,-0.34588835896409353,-0.5174728623132615,-0.4471206181574799,-0.10475491346888721,0.02629259076493677,-0.12842503912783587,0.4751256205496852,0.23288893139365782,0.7497973485001639,-0.960840686081119,0.25243017277083707,-0.421849046916739,-0.4719735048098331,-0.441191407112033,-0.027093767084740802,-0.15317955961829546,0.5250581930538154,0.3279454465975878
0.8828345435199312,0.9111676122576317,0.8942372305459905,0.886861122686964,0.7210023950158299,0.7986259840625669,0.6800921124070665,0.872511891767119,0.8576598027987784,0.7427614320959832,0.7701279050022203,0.7747927208330735,0.7994799644646978,0.829031196966528,0.9102741084059635,0.8207840237737405,0.4069297098897593,0.6107590608386487,0.6664712653040518,0.6044826020548454,0.812659591736393,0.8027798214924895,0.6965917811474732,0.4803357770434879,0.777543928345167,0.6316257358486256,0.8945761955465906,1.0,0.9182479544571691,0.9143131226743371,0.8590471855895406,0.3452946164077844,0.8933772365870838,0.88058413501879,0.8943920151966268,0.8298331454661616,0.8697528093164437,0.8751232920046903,0.823865397600836,0.6060546749988446,0.8626540607753465,0.8418311388045605,0.7637834742225964,0.7298831168505742,0.7922443065951439,0.5484664757311379,0.8154302152323704,0.4287305381959733,0.7442111257613099,-0.9123606995011471,0.37358297835988996,-0.2123027590270234,-0.34064366152064374,-0.3505201749848441,0.011981506232614514,0.03612689404986005,-0.24623162098029294,0.326692898499025,0.19557268547614765,0.6720166946973106,-0.9036944116411447,0.24353638983012635,-0.28107714629364616,-0.2813768882510599,-0.3015118828381668,0.049563041914554636,-0.23746067868223203,0.38637528863717513,0.30456919145314926
0.926118075675353,0.9623468903166259,0.9236150987065258,0.8646968712211435,0.8370042271857295,0.8190848492904257,0.7869946846609666,0.9350049643520151,0.9004031285461993,0.8059549701383717,0.854771909864907,0.8364008263574926,0.8586928555306196,0.889510090710086,0.9486022641098028,0.8187282527940104,0.5331624186995799,0.6848853959764319,0.6597055089882329,0.5907327932690589,0.7828856619522025,0.8163929815399993,0.7919307165360695,0.45487881479701087,0.8500519911656145,0.7313442587113668,0.9404812407716889,0.9182479544571691,1.0,0.9145928012012371,0.8626572926649364,0.40382733318032876,0.9542406003156407,0.9278452641615581,0.9288169177596493,0.8732557873824128,0.9328619633582002,0.9426418394547421,0.9077170138817542,0.6087831142070923,0.8618059492376671,0.9023689389559003,0.8420691098716154,0.827396589061915,0.8252708702963075,0.5988847637075665,0.8533573035902049,0.4096842914102134,0.7912022116366925,-0.9510899866316053,0.36871588022711843,-0.3197392843713987,-0.4374674378856408,-0.3657350862949856,-0.0945766338231097,-0.05180427450623546,-0.14822987982045113,0.43355699499063866,0.1654968154483532,0.7148764261943472,-0.943602968281592,0.21120948171561313,-0.38514377524560073,-0.38367088254708864,-0.3508421387770597,0.011461611990587617,-0.15641981532339705,0.4872228232833687,0.2751384399036892
0.9003476009374657,0.9196594843656248,0.8795283831052413,0.8761097301963048,0.7478286964217723,0.7965803271808883,0.694672909474205,0.9069487348809553,0.8840865549568373,0.7363760049014907,0.8432474112803883,0.8420473922980742,0.842587389315354,0.8766895280120088,0.9341883528393481,0.878480261752624,0.4491869675906002,0.6205698309587551,0.6255183006697468,0.6300396574694355,0.8127047319902116,0.8420206424362433,0.7241912152947085,0.46986438098963335,0.8111779596527013,0.6107059179307668,0.9258464542362157,0.9143131226743371,0.9145928012012371,1.0,0.8994541828689627,0.3692497779264043,0.9181135166141581,0.9294620265046831,0.9193785928983474,0.8523633480600776,0.9116524335630051,0.9182327522673175,0.8458444237308079,0.6525064479198744,0.8175641557802054,0.8322630466329082,0.76627109916219,0.7746452413806608,0.820167918081424,0.562160997652029,0.8714994532506046,0.4956587772809556,0.7701100346031192,-0.9344142518016383,0.41584499432308375,-0.20354837622807784,-0.41695810988756477,-0.37467157991891986,-0.0020247249130226695,0.055260480104734756,-0.2024440993849999,0.41700172931363316,0.21295546364830512,0.6362468777474436,-0.9368526564271358,0.26606296758650044,-0.2726913577759759,-0.35762614134267295,-0.38070735352213675,0.030070186323036655,-0.2167092041176298,0.41797546618743114,0.29868552512459856
