0,1,2,3,4,5,6,7,8,9,10,11,12,13,14,15,16,17,18,19,20,21,22,23,24,25,26,27,28,29,30,31,32,33,34,35,36,37,38,39,40,41,42,43,44,45,46,47,48,49,50,51,52,53,54,55,56,57,58,59,60,61,62,63,64,65,66,67,68
1.0,0.8768223489492207,0.8123928478237762,0.7867929681191411,0.8015044453320387,0.785682658438489,0.8177604876424123,0.8065933206432504,0.7958502694786211,0.7827856878305576,0.8393831582207675,0.8553580004288698,0.7678386397760839,0.7792142937047347,0.8716967093958347,0.7674295558473547,0.8006579298477656,0.4722023968652368,0.6001593018969565,0.5263796743357996,0.6892959300776197,0.7270374850702441,0.6905899560307608,0.6690088833504971,0.8641688120586473,0.7908250020033035,0.878829139115749,0.8839732485232819,0.8778592585371054,0.8698526669259475,0.7844422034887099,0.6494272873636918,0.8614698139179133,0.8527249184715618,0.8235921244971749,0.8358835481453456,0.7724367672863284,0.8658309315611538,0.7758840276804551,0.7342600424924827,0.7451149277318896,0.825381222368737,0.6829102967048385,0.5603703102145622,0.683605200200047,0.6169313856278169,0.7272728125121206,0.4903658021300528,0.5274725886115198,-0.8263194245005608,0.2994751843482838,-0.3543996134251397,-0.06986499541769034,-0.02736708315865408,-0.17415805631623102,-0.005755275013481245,-0.029613383082339323,0.1883685514772577,0.22076689080163728,0.0348412001779411,-0.8887144545796137,-0.03927485999237745,-0.34343501536129933,-0.22170526103162122,-0.2344763266461595,-0.035053647735942876,-0.04199895738539129,0.2730888534683274,0.22313606796093463
0.8768223489492207,1.0,0.859798491426123,0.8337317052199199,0.8698133623580604,0.8364331960726634,0.9130870328039742,0.9299970748566612,0.9004013360744935,0.8861299919557016,0.8795863827193302,0.8980359544140443,0.8619497287370392,0.8365352224510236,0.961550627779888,0.8925926606075597,0.8905204799265583,0.6010912992140485,0.7367051549053257,0.6380463126380198,0.7557967192621378,0.8310689127418847,0.8345509706128644,0.773123192045284,0.8548697541087577,0.9000605216542036,0.9349497373155865,0.8919087085556419,0.9632956440431336,0.9312764051528695,0.8420549739098196,0.7330262014409903,0.9430164575308183,0.9594436656921824,0.9212574185653027,0.9311242064180476,0.9015036321548561,0.9540481625712717,0.8990654031899281,0.8224405782417835,0.8740984018752319,0.9297976085093833,0.8256336053281442,0.6798915032404215,0.7906112985656527,0.6773988747592082,0.7934753611246156,0.5745486496980109,0.5672417003875637,-0.9491822413709751,0.4544696027555323,-0.3593520134009097,-0.28973731153887744,-0.04851638759429065,-0.2110242339644288,0.1416675382782596,0.01623847568372644,0.2770270016984217,0.2643388474325807,0.07259939767163551,-0.9624500183125484,0.06911430239124641,-0.3181136579269194,-0.4256583363962657,-0.2870763105133354,-0.07701445932741417,-0.014871829407895911,0.36815824008684594,0.21118041691277703
0.8123928478237762,0.859798491426123,1.0,0.8857993143568523,0.7876116771115452,0.8112450496359277,0.914767267410336,0.7477346823767285,0.8391367766643872,0.7668280854558892,0.7130884822500477,0.7840925210077411,0.7872316692223019,0.751471166319832,0.8988581444289099,0.8533690660409811,0.8967995994702828,0.7503158301882396,0.705982560352935,0.6152462215411956,0.6343002427840219,0.7800309745851407,0.730829065292147,0.6727867508367928,0.7377082338546623,0.902935391641978,0.8862458800695618,0.810988224554107,0.8550126570871001,0.8598478376735249,0.8226240377997824,0.6583515162374416,0.823533517415971,0.8229696099201766,0.839574207801328,0.860184810238159,0.8304604113415517,0.8567040257808167,0.8215011093051742,0.7284575078849082,0.7311321411144028,0.8212101548284072,0.6532242457586298,0.4034644440208483,0.6220438412902332,0.5675289581604623,0.6725081878418886,0.4514011465553231,0.5208055039371008,-0.901049239763647,0.383959346111551,-0.3421022512126091,-0.186426061925759,-0.19204679245616416,-0.16803951382125631,-0.04798347811806009,-0.21861296950485445,0.026122292890074273,0.22733805285686373,0.2717286321659794,-0.8825713104583832,-0.035162534237632846,-0.38710394253131847,-0.3233358084590159,-0.3033405760776135,-0.10454964492992584,-0.15272450992186587,0.11862422501185357,0.12036970151104431
0.7867929681191411,0.8337317052199199,0.8857993143568523,1.0,0.8098178309194594,0.8413567732295434,0.8485547781980969,0.7219786272188992,0.8120288577261755,0.7490879538595067,0.6720803594551038,0.7748771668681408,0.8073126051426806,0.7012178111738011,0.8795891349268775,0.8568249376047073,0.8569643545676715,0.690675713369384,0.6724354398100966,0.5889967950644317,0.654184171202883,0.793889608055751,0.6556891680615506,0.6332558334501955,0.7042339929114475,0.82857783044571,0.8691372257345147,0.7839456619752575,0.8280188510462482,0.8301757538032667,0.7876789776812728,0.6254420719247067,0.7752015449571389,0.7985344601526029,0.8407320634161775,0.8159875605373236,0.7932195379640333,0.8291147582444681,0.8104649964951206,0.6720230557754603,0.7233452111409022,0.7992643968016523,0.6262366345582123,0.410172578126054,0.6103349260452896,0.5313752647043146,0.6801434146005904,0.31762651148235543,0.5317161645175021,-0.8631548023510018,0.3774617054173984,-0.3603677294183448,-0.12299202009071675,-0.1451001168815615,-0.14542950678053854,0.038821642081801576,-0.1743338056192232,-0.006024241117073035,0.22080883384192979,0.1328794118786208,-0.8536109035003019,0.01451803233499124,-0.3241127519260287,-0.31393138625042666,-0.29484495553260304,-0.07399977937729893,-0.10246250619896564,0.1166067017475928,0.0731594812424437
0.8015044453320387,0.8698133623580604,0.7876116771115452,0.8098178309194594,1.0,0.8635974957183273,0.8321716749040857,0.7986299244934726,0.7851858444907986,0.789198953667611,0.742835344894481,0.7876219855626907,0.7763755546339434,0.6845704187539459,0.856503380931336,0.8544823849802132,0.818309962434472,0.5844922637749923,0.6819973680040786,0.5539023451083643,0.6160343495119498,0.7740917587894381,0.658048419849004,0.7050671337134453,0.761746500642369,0.8122736646315779,0.8345413335897185,0.8332413903289098,0.8606437470418803,0.829867976110703,0.7417238399445418,0.677577272262513,0.8243913088095556,0.8395434922829896,0.8467571271440065,0.8017986622065367,0.7688365627879893,0.8297487635702944,0.8062026735121719,0.6950410070901302,0.7943415248726193,0.8509256247136261,0.7248142257242495,0.5644307988582294,0.6858950785214882,0.5409822288915861,0.7320823175000728,0.41206749355477723,0.5507393055526669,-0.8298552624929493,0.42225435844293174,-0.2773019392090437,-0.173872287212245,0.03309948698971999,-0.2055198074065128,0.11632606034134957,0.013982115963585682,0.1913151465032585,0.24896407171955023,0.08249879532397034,-0.8573231355698744,0.05033336112474861,-0.20489728339669877,-0.26502794200728574,-0.16732366906017335,0.0055713859318572544,0.0644252423498089,0.3355144115200485,0.18966511915118903
0.785682658438489,0.8364331960726634,0.8112450496359277,0.8413567732295434,0.8635974957183273,1.0,0.7911574500675712,0.7667499176852881,0.7890273269807728,0.7964838124126472,0.7054546471323453,0.8006784972604961,0.8651113287016515,0.749596525568644,0.844187770930778,0.8150578078562,0.8180810630914171,0.5702219009820696,0.6527889487510546,0.587262855574045,0.6952418820635361,0.6972445414645578,0.6685345112319965,0.6346896619938743,0.7317672365929573,0.7949630882321496,0.8140160535158004,0.7864948307480308,0.8212952669429497,0.7952390561318962,0.6578453053701859,0.6092940822754269,0.808206807753832,0.8144963224004108,0.8038966682047045,0.7784596663293712,0.7789614668516066,0.8167291609535694,0.7880472740988362,0.6652164071684826,0.7491881573977142,0.8172681967263971,0.7196846939221394,0.5236625467620174,0.6428700253337485,0.5732798618630921,0.6700713871682885,0.3259515846725063,0.5648938311562186,-0.8008387929748039,0.42697014664594135,-0.3233864812003855,-0.09795952911669645,-0.006757224867261183,-0.1825456536558521,0.17760942127775373,-0.05716853762452592,0.11656826941478488,0.2125827607802725,-0.021268050286517296,-0.8458589242023259,0.02794647163318323,-0.20201487585542852,-0.29913549860550476,-0.23784029424165057,-0.0271080338031197,0.016060414461381248,0.24299656379834647,0.11604151787927834
0.8177604876424123,0.9130870328039742,0.914767267410336,0.8485547781980969,0.8321716749040857,0.7911574500675712,1.0,0.816955167819818,0.8823009119653559,0.8333999420049205,0.8097343190853817,0.7997889801438071,0.8036630258396518,0.7553973347975067,0.9309690589261922,0.8675700714220028,0.9307388191727641,0.7058710398697259,0.7193040315793741,0.6712570668226067,0.6530431914373964,0.8075355683945282,0.802582748751429,0.7632372312781344,0.7752077940214068,0.9429218799645567,0.908395089153726,0.8067496500098146,0.8912193005826369,0.8954000814326052,0.8450193130275894,0.6794310548579809,0.8674151372743697,0.8704314092797742,0.8817343583989332,0.9224320752822038,0.8733725150280943,0.9012256857924911,0.8790790475141662,0.8136055038490193,0.7899495754334425,0.8672981771958234,0.7336093221794321,0.48102168983292876,0.658730476720256,0.6415043276950512,0.7268329808744649,0.5768114299034421,0.49950444410010886,-0.9415261433685641,0.40191467397188596,-0.3278927624425742,-0.2662966641522101,-0.17550040178315576,-0.16806635724620445,-0.010588192971429308,-0.16326167693796703,0.1107076563072852,0.22964306139031382,0.17847052367766936,-0.9286146187201183,-0.034348271483163266,-0.4050905802376163,-0.39184549957113257,-0.32519795843648,-0.0735241139991818,-0.14259328021818043,0.19337093566270808,0.13961691948441515
0.8065933206432504,0.9299970748566612,0.7477346823767285,0.7219786272188992,0.7986299244934726,0.7667499176852881,0.816955167819818,1.0,0.8199215971949046,0.8800780190471433,0.9003297713999145,0.9002976202760966,0.8219886966706598,0.8164568293265796,0.9017171453250673,0.834802242616677,0.7836883574514492,0.4414723042249205,0.6178614673403751,0.5484411491936345,0.7551970094000543,0.7798759913344456,0.8146707862788285,0.772595507129169,0.8671874438098177,0.8145024039825357,0.8808545514770232,0.8448139929247218,0.9197676671939602,0.9003891573160203,0.7921307598733145,0.7131609250217882,0.944978903686934,0.9592105400759007,0.875283932105661,0.8768301744264129,0.8435260426065516,0.9230789084544748,0.8596995837239535,0.7974003645856907,0.8558207936121691,0.8686869918979141,0.8517991214067434,0.8217363334076296,0.8523241565772672,0.632031979538228,0.8041847612855966,0.6131666125428699,0.48348590550834375,-0.8915061025273437,0.4783703130011356,-0.30421233324097763,-0.3934401327653907,-0.012933307575143905,-0.21500119624832392,0.22187272523942073,0.1936134192235893,0.4160420836334069,0.2139736854910141,-0.0028238102240324206,-0.9100742546000407,0.13940046404715356,-0.24233504598416744,-0.4686077854528796,-0.2523273602311805,-0.0747526551951719,0.08668456829868909,0.5106776965256186,0.25095714936050456
0.7958502694786211,0.9004013360744935,0.8391367766643872,0.8120288577261755,0.7851858444907986,0.7890273269807728,0.8823009119653559,0.8199215971949046,1.0,0.8309534943009111,0.8129105202545107,0.8032679252698605,0.8237330957643385,0.7812627593098209,0.89847729942848,0.8351363744090479,0.8602374623177985,0.6082909991118067,0.6569647738765979,0.6158921212315437,0.6752692033984025,0.7580743446375047,0.7747409401085414,0.7222810955327871,0.7600075964486773,0.8675241059504224,0.8654413003172903,0.7977398965988696,0.865219933474972,0.8583259529004929,0.7863723598890648,0.6330243208459022,0.8486985470074645,0.8621605533570412,0.8509470169286218,0.8934802943264722,0.879105346245559,0.8832280078767138,0.8670287627438048,0.8003040814199981,0.781123084236649,0.8507478084163297,0.713705008855937,0.504282329025524,0.6362024525812966,0.6393753586870202,0.7074583365752796,0.5260629962191727,0.5564132967503349,-0.8854359857483693,0.4298930612395729,-0.3624284967773913,-0.24050159836055862,-0.08938468493284245,-0.1484447021018525,0.10158229049075658,-0.11141482496054511,0.15942631660634674,0.2518917159590564,0.041199920362249266,-0.9095041851032456,-0.03850145991910612,-0.3581878078509655,-0.4316436559255038,-0.3666206719622122,-0.09797914192004406,-0.11462607650313772,0.27095474229201394,0.11705988164951091
0.7827856878305576,0.8861299919557016,0.7668280854558892,0.7490879538595067,0.789198953667611,0.7964838124126472,0.8333999420049205,0.8800780190471433,0.8309534943009111,1.0,0.836325071394693,0.8086147549585142,0.8433195596177233,0.7622353186198472,0.8688874621506342,0.814359000046793,0.8206627718900624,0.4995418444355366,0.5960329481707484,0.6708109935543868,0.7965817270270554,0.7455342978745146,0.8060330209577743,0.7644077331063788,0.7833741960039264,0.8244956501295321,0.8326557159497151,0.8216791280451861,0.8703602032096263,0.8680619503328612,0.8000803571686909,0.7120152376544556,0.8722674614935831,0.878243959892067,0.8477032567315483,0.8741047051026668,0.8271309832391411,0.8751528825833023,0.8517993951395394,0.7890578240516675,0.8333442185204677,0.8678136061255811,0.8456761636475477,0.6901758662192184,0.7608312109283896,0.7106633218228335,0.7456064114603903,0.563657474957407,0.5441888035999334,-0.8650503395543692,0.45718273578526153,-0.2749097567953804,-0.3301856875951269,-0.042979620641191055,-0.14007124002514407,0.2118645242184143,0.07121146250536703,0.2766694697788044,0.24887764481297733,-0.06296815813709056,-0.8850695432103509,0.0751579238263987,-0.22340912985179964,-0.45772665889585806,-0.2589396721992244,-0.0713826656663867,0.03473620270701245,0.3855672797104924,0.17660993943055833
0.8393831582207675,0.8795863827193302,0.7130884822500477,0.6720803594551038,0.742835344894481,0.7054546471323453,0.8097343190853817,0.9003297713999145,0.8129105202545107,0.836325071394693,1.0,0.8541115849562805,0.7721706616314954,0.801932914907783,0.8639063599946029,0.7483197683081486,0.7589328266067824,0.3700968370588904,0.5621118748713917,0.47253564072298787,0.7019764248855245,0.7373138582497591,0.7737105001167229,0.7262992687087515,0.8937220368245582,0.7833473055494153,0.8655014796166974,0.7973320494696192,0.8531377406050029,0.8772358590340591,0.7989451740817914,0.6080431322601735,0.8965185974459459,0.8890334027556596,0.8364787852815677,0.8713864947230547,0.8369176487722348,0.9016741147823233,0.8252269100155616,0.8071906014958304,0.7242849844774127,0.8051345428215692,0.7413700239919986,0.6668761849193018,0.7321387910789661,0.658158701617705,0.773352812256296,0.6392392043429698,0.44102300749175194,-0.8337951228593464,0.3777733459947498,-0.2886155777246154,-0.27557957457288124,-0.06036672952874914,-0.18226354685350038,0.10879031846414522,0.10390919582238503,0.3371623884042922,0.18111214361869835,-0.09437265198645511,-0.9034060258289269,-0.0218286041066105,-0.3359504614406219,-0.3989106094926457,-0.3524154290204612,-0.09799172368615945,0.008703004285794617,0.4300647021817219,0.19237946332790698
0.8553580004288698,0.8980359544140443,0.7840925210077411,0.7748771668681408,0.7876219855626907,0.8006784972604961,0.7997889801438071,0.9002976202760966,0.8032679252698605,0.8086147549585142,0.8541115849562805,1.0,0.8554072026563323,0.8157626772080261,0.8981959196343879,0.8387152879422928,0.8067581573101165,0.4619267373131104,0.5967362791247958,0.5202508677924711,0.7643638689705506,0.7730646822474622,0.7718273591078794,0.7449057440008425,0.8791167199682995,0.8097059382417288,0.8981107159869337,0.8540250247566739,0.892774244728897,0.900217400402134,0.7839968081086486,0.6878018957193127,0.9025031920903673,0.9144228089977825,0.857117914311472,0.8675181939905097,0.8125733079700037,0.9157262215721685,0.8295033835875084,0.7938410571055552,0.7738503699320095,0.8368275048606959,0.7720272599647963,0.7048969926998665,0.7416488998825708,0.6558912809913627,0.7702154791107678,0.5337749475939088,0.5188111548112423,-0.8608306693284534,0.425778312457016,-0.3446774591971884,-0.18741880068435463,-0.07202107322375294,-0.19915535819522615,0.19060155767988016,0.04390211293395786,0.2351252618259628,0.19603895157639908,-0.061350963087405855,-0.9136573777199277,0.02758239715802734,-0.29455577218790047,-0.36010361061943175,-0.2980010435782056,-0.05782525084104397,0.01536004696253703,0.41480040067114987,0.20931489807621362
0.7678386397760839,0.8619497287370392,0.7872316692223019,0.8073126051426806,0.7763755546339434,0.8651113287016515,0.8036630258396518,0.8219886966706598,0.8237330957643385,0.8433195596177233,0.7721706616314954,0.8554072026563323,1.0,0.7881929270374833,0.863939182663243,0.8252218985888858,0.8355123511925386,0.4939474948586215,0.5976000999788634,0.6468765911965388,0.7905250219284784,0.7210966865350772,0.7875333874231294,0.7271634766417094,0.7459159188100852,0.8107003659301705,0.8302813319726211,0.7801922204072902,0.8333433213017655,0.8321470819281117,0.6957104763333766,0.6565462561722748,0.8315076440479782,0.8497745962029589,0.8148165122328598,0.8485307244966561,0.8165764780131715,0.8653838166416085,0.8337606893439031,0.7483834295844066,0.7651297446018734,0.8460510065252002,0.7753237808607552,0.603516974110264,0.6693759750137942,0.6853756556655765,0.7442639065063931,0.4570753432417496,0.5981954937738028,-0.8306880151182762,0.44106869664150616,-0.34057880311181987,-0.18756620393788098,-0.05103010602426198,-0.19333277116931707,0.20814141071945835,-0.049226471428690584,0.15507569416432868,0.20301102537308735,-0.08802000675079814,-0.8769809539365785,0.033047887118533986,-0.2550181214275683,-0.417450310070945,-0.29848735211778377,-0.060805165457509594,-0.03096298582831871,0.3100936508173297,0.10024274264980348
0.7792142937047347,0.8365352224510236,0.751471166319832,0.7012178111738011,0.6845704187539459,0.749596525568644,0.7553973347975067,0.8164568293265796,0.7812627593098209,0.7622353186198472,0.801932914907783,0.8157626772080261,0.7881929270374833,1.0,0.8209965483706463,0.692569422739547,0.744763914591935,0.4004796155615268,0.530135540133497,0.461341343636215,0.6595997879421124,0.6177132336376189,0.6994154686486506,0.6002950549805867,0.7540890954073464,0.7376264410223815,0.8132321293359025,0.7527189034816156,0.8208218025881704,0.7827507800217552,0.6388639218710531,0.5818872142534309,0.8275356292332369,0.8475568652168901,0.7230923579591928,0.7858541177779848,0.8501094509531923,0.867009820573387,0.733236900697238,0.6815865708301982,0.6703903391699173,0.7517553540133655,0.6407984821281197,0.5501606745580643,0.6322767038300784,0.6526820507846235,0.6205318298802688,0.4463385616935009,0.48420223513398764,-0.7827922559008038,0.37728977102078187,-0.3179943989258084,-0.07154367352689016,0.03613039130613892,-0.10828650651221697,0.2093291999256263,0.00045417525280550404,0.29067657216475745,0.2088332892945069,-0.034256627518151575,-0.8378895140610776,-0.0076255749099342785,-0.269718103733332,-0.2824155050908126,-0.259686275309565,-0.1063686514429531,0.02672907004735264,0.4090684942540474,0.2049615295543333
0.8716967093958347,0.961550627779888,0.8988581444289099,0.8795891349268775,0.856503380931336,0.844187770930778,0.9309690589261922,0.9017171453250673,0.89847729942848,0.8688874621506342,0.8639063599946029,0.8981959196343879,0.863939182663243,0.8209965483706463,1.0,0.9081057185459094,0.9117430191776735,0.646754758939123,0.7210625084963946,0.6287047487196434,0.7285856969832233,0.8364572720422455,0.8145107139200644,0.7578098621842464,0.8550318744938898,0.9147901216811614,0.9532424098368405,0.8715544752726787,0.9510844083033408,0.936745822278434,0.8549264754184579,0.7100858177412869,0.9294689243575374,0.9438203706401144,0.9284028424473506,0.9321530844523915,0.8974704159209237,0.9536398060630157,0.9035370117031193,0.817741809598015,0.8369054093998416,0.9079023424457797,0.7864658965986459,0.6207842395803489,0.7585813259594363,0.6622666905293536,0.776973438898057,0.5432381352336891,0.5631041843162765,-0.9589870521611775,0.47122401768716626,-0.3911211772331052,-0.26091322440702047,-0.11697183210119304,-0.1889849222249907,0.10138964149253606,-0.050449114468209724,0.18209055744654426,0.23932541598911083,0.09596962913681112,-0.968121496834396,0.03693524923505888,-0.3672732684476766,-0.4002659116776882,-0.33601699917958533,-0.10124241564517757,-0.0670027743646778,0.29399640824421,0.1814790654350468
0.7674295558473547,0.8925926606075597,0.8533690660409811,0.8568249376047073,0.8544823849802132,0.8150578078562,0.8675700714220028,0.834802242616677,0.8351363744090479,0.814359000046793,0.7483197683081486,0.8387152879422928,0.8252218985888858,0.692569422739547,0.9081057185459094,1.0,0.8782160941449931,0.6851660395407043,0.7069456891987641,0.5618249198674558,0.6563500043321019,0.8591628860320619,0.7418038718276666,0.7386827908881639,0.7907054085297247,0.8645367106627357,0.8870942850213641,0.8408437599600186,0.8863988624383825,0.8989589887862429,0.8305582244311402,0.7135030963924536,0.8621737727668773,0.879860997261289,0.9170047881098186,0.8656548251174908,0.820373584204651,0.8749103207239878,0.8903393696418481,0.7633561853794768,0.7859425726864763,0.8699853612532032,0.7412110541776475,0.578694038829185,0.7118947202476323,0.5669196694922664,0.7520001488302838,0.465759160741909,0.5703895461111145,-0.8920629904407809,0.4825073527716749,-0.29955460483892477,-0.28676008572336065,-0.07441277365079442,-0.2195324675529707,0.1730374268645479,0.02028773116581913,0.14296460429292926,0.2394219868204668,0.1131580841796962,-0.9016105871529528,0.05765605378295656,-0.2720973273384263,-0.41359199615172715,-0.2934384506007936,-0.05301926244871835,0.02651662349324793,0.28963782139108646,0.13632780682191353
0.8006579298477656,0.8905204799265583,0.8967995994702828,0.8569643545676715,0.818309962434472,0.8180810630914171,0.9307388191727641,0.7836883574514492,0.8602374623177985,0.8206627718900624,0.7589328266067824,0.8067581573101165,0.8355123511925386,0.744763914591935,0.9117430191776735,0.8782160941449931,1.0,0.7231104034317343,0.7064569251476545,0.6109491066438466,0.6701686089421345,0.7825805857533144,0.7548969316438846,0.720511291319846,0.763472720935916,0.9243400459105323,0.8914855852501087,0.815940088446346,0.8734233044176951,0.8883349066332626,0.8063826079201054,0.6764528012278981,0.8406890374320799,0.8407856859676798,0.8787159235752758,0.891897765381607,0.84941024386696,0.8776340703901768,0.8721692263678508,0.754423141489816,0.7588165169121738,0.8780438797990103,0.749706921148821,0.4654202097912561,0.5994243196584295,0.6226042377154296,0.7122970105693291,0.4504021625546814,0.5735463083401836,-0.9041060399986739,0.4630795076015203,-0.3477828149036198,-0.21067627250578236,-0.13875650169161988,-0.1330271359650951,0.07386599085353325,-0.15809155516224224,0.05693193742518926,0.27177850850398944,0.12045053590650227,-0.9105939603852807,0.00010748770703229955,-0.3497541413971499,-0.38985730744547104,-0.30267768741017054,-0.05929740162756146,-0.09520337009644356,0.18836944647582152,0.12565991630141418
0.4722023968652368,0.6010912992140485,0.7503158301882396,0.690675713369384,0.5844922637749923,0.5702219009820696,0.7058710398697259,0.4414723042249205,0.6082909991118067,0.4995418444355366,0.3700968370588904,0.4619267373131104,0.4939474948586215,0.4004796155615268,0.646754758939123,0.6851660395407043,0.7231104034317343,1.0,0.7260718451335709,0.5419041887567451,0.33348627337999487,0.6396415142119463,0.5446480750558467,0.46031176008325897,0.4262357741993405,0.7168396463091006,0.6087334824867844,0.5188261034412123,0.6061446546672744,0.5694512679708028,0.6151074654540608,0.4648199104300461,0.5147982875394123,0.5324383273900077,0.6178467921749196,0.5982982920433255,0.5850288334873175,0.5566098950379963,0.6514836787818131,0.5048065112988549,0.5396899781487101,0.5968260873473608,0.46885288351888216,0.19403154970937536,0.36493917991374214,0.35005227881126344,0.39687101468966846,0.2483337020462414,0.4363047454161399,-0.6733140656667561,0.3655650484068087,-0.2028832550541405,-0.18829807726203088,-0.22194160308331967,-0.1617701676445347,-0.01177548729416406,-0.33320455915106095,-0.13797763927408876,0.21719826952067775,0.31901426580892905,-0.6072797727618323,-0.05725020579303276,-0.23933841936337477,-0.27924049790905897,-0.26634605603940087,-0.07819467125687418,-0.19039121961684552,-0.06512537074011332,0.040176977081995704
0.6001593018969565,0.7367051549053257,0.705982560352935,0.6724354398100966,0.6819973680040786,0.6527889487510546,0.7193040315793741,0.6178614673403751,0.6569647738765979,0.5960329481707484,0.5621118748713917,0.5967362791247958,0.5976000999788634,0.530135540133497,0.7210625084963946,0.7069456891987641,0.7064569251476545,0.7260718451335709,1.0,0.6212975193653527,0.509295639075243,0.6830961191422813,0.6934918775702541,0.5233457009805422,0.5533347437151546,0.7110502557984311,0.6811688019199915,0.6179562298701506,0.7306823881586006,0.6573569499687829,0.630551249225037,0.4799704960277975,0.6534646072931172,0.6836669832359838,0.6671860224357102,0.6784895553138883,0.6387437200712182,0.6766869795333053,0.6692839192515365,0.5879875667438245,0.6972847619482259,0.7266291319768566,0.6271427621831844,0.44554007915017496,0.5526818861650764,0.48495513438136334,0.5369725686716308,0.3695052702080411,0.4052135220187001,-0.7349260751224118,0.33134546438893836,-0.249430292192476,-0.22829866026161982,-0.14449793872113637,-0.20810803378577916,-0.009666307097065254,-0.15144967251616986,0.04661277083833988,0.1518820914770612,0.15121571181485735,-0.6982423636626943,0.0013518694277405428,-0.22946594998801345,-0.33463619596940297,-0.24140646449556266,-0.0389998811923983,-0.09755219480221583,0.1036900105176301,0.06882583316666498
0.5263796743357996,0.6380463126380198,0.6152462215411956,0.5889967950644317,0.5539023451083643,0.587262855574045,0.6712570668226067,0.5484411491936345,0.6158921212315437,0.6708109935543868,0.47253564072298787,0.5202508677924711,0.6468765911965388,0.461341343636215,0.6287047487196434,0.5618249198674558,0.6109491066438466,0.5419041887567451,0.6212975193653527,1.0,0.6041899788208084,0.5398280296947038,0.7318348007934092,0.6178520204036475,0.3946857304077112,0.6330784156267542,0.5660260491249228,0.5010658753579,0.6193842111670104,0.5550135830462288,0.5285007999113216,0.5102968092755571,0.5727783921386889,0.5909788561643139,0.5456668266816386,0.6408707177228514,0.5540931727549956,0.578843914131684,0.5972731212927866,0.6482068580342353,0.7115944761309316,0.653869315562329,0.6384795238246752,0.470592848107597,0.5262015948592742,0.6213795463039856,0.46937985962161133,0.4895889665185367,0.39876092722616274,-0.6709048260496023,0.24936235008738666,-0.27674177571733244,-0.2761855427971196,-0.22466009554654398,-0.2092853817027169,-0.04447412941870432,-0.2786600674912172,0.0282404816144278,0.06891927240047113,0.02865248471570882,-0.6103360650723189,-0.023966208958323715,-0.2329519078476182,-0.3608405606427168,-0.19431401155327158,-0.04486275007704596,-0.23644152752672262,0.035131980488540916,0.03333327985221165
0.6892959300776197,0.7557967192621378,0.6343002427840219,0.654184171202883,0.6160343495119498,0.6952418820635361,0.6530431914373964,0.7551970094000543,0.6752692033984025,0.7965817270270554,0.7019764248855245,0.7643638689705506,0.7905250219284784,0.6595997879421124,0.7285856969832233,0.6563500043321019,0.6701686089421345,0.33348627337999487,0.509295639075243,0.6041899788208084,1.0,0.6244758257149722,0.7179889573673426,0.6183948966859947,0.6624500312499901,0.6689307524275354,0.7206993278681505,0.6855510709891326,0.7223163384736406,0.7463304745602649,0.6605079803690658,0.6259048119677495,0.7760637853223658,0.755893023085612,0.6979354676483118,0.7323405590939204,0.6632035027209187,0.7496965475463496,0.6644717703563312,0.6418422230737083,0.7189832935448808,0.7640341637338737,0.7552734186248511,0.6305593361474107,0.703144020552449,0.5804381495219089,0.6574961730814131,0.47253385160638,0.41146395277122433,-0.7431470987756434,0.3382974774129656,-0.29105206190118993,-0.3111390856256824,-0.06377359204036487,-0.09668200050475236,0.11538989720331341,0.029632531552272325,0.25047197710779123,0.1295748426994489,-0.09060656186258058,-0.7394920580814491,0.1709206022828831,-0.2302881737195343,-0.49162764174382995,-0.2285464177056038,-0.06320005349937784,0.002341165177662397,0.25017637599509,0.042463816072056355
0.7270374850702441,0.8310689127418847,0.7800309745851407,0.793889608055751,0.7740917587894381,0.6972445414645578,0.8075355683945282,0.7798759913344456,0.7580743446375047,0.7455342978745146,0.7373138582497591,0.7730646822474622,0.7210966865350772,0.6177132336376189,0.8364572720422455,0.8591628860320619,0.7825805857533144,0.6396415142119463,0.6830961191422813,0.5398280296947038,0.6244758257149722,1.0,0.7596320150323812,0.7913743499006703,0.7843186340446703,0.7825887586841894,0.8335983347961899,0.7901539305895972,0.8242414586741192,0.839930536562687,0.8894924714249736,0.7497562094218858,0.7971495663456264,0.8276789662880386,0.8678339842316781,0.8424390533324104,0.7467921025160815,0.8175251553262269,0.8281652399831145,0.8000491866734251,0.7144900154405022,0.7986765291888057,0.6793324733066404,0.562055918048898,0.7281183989420326,0.5139230440926107,0.8100396190500679,0.601220731042184,0.44403976266936696,-0.8339884476757946,0.3559673173232998,-0.21005177718598778,-0.31017354569916766,-0.1082777798988092,-0.21906950633703692,0.09457760743530585,0.05217563754188358,0.18831834389916943,0.1809088845040751,0.14473522259593263,-0.8363598887301642,0.09125891419646646,-0.2335320045563414,-0.4132784580965188,-0.2356801516062256,-0.09192571489836898,0.07313123252195111,0.2742252963091544,0.14918671398538763
0.6905899560307608,0.8345509706128644,0.730829065292147,0.6556891680615506,0.658048419849004,0.6685345112319965,0.802582748751429,0.8146707862788285,0.7747409401085414,0.8060330209577743,0.7737105001167229,0.7718273591078794,0.7875333874231294,0.6994154686486506,0.8145107139200644,0.7418038718276666,0.7548969316438846,0.5446480750558467,0.6934918775702541,0.7318348007934092,0.7179889573673426,0.7596320150323812,1.0,0.7838919481467936,0.6929361896744508,0.787235163884524,0.7573053262449504,0.7027732005368047,0.8056747179641027,0.7800895906992658,0.7244833515222987,0.6035469030434902,0.802525806371821,0.8218341834903851,0.7461623188623993,0.8548671149055216,0.7780072431014317,0.8335095040752762,0.8305319098525867,0.8731118221461792,0.7666467115306579,0.7889737889275871,0.7947933752234311,0.6712382314547202,0.6833813860683171,0.7056320769909036,0.6998114936106314,0.7607641735980197,0.41069040650497385,-0.8413293501426299,0.39988906771878935,-0.27326201285321394,-0.3685048952363945,-0.19100962314025174,-0.19250862813299713,0.09154045476022561,-0.08330062058629642,0.2252812081349241,0.13952889748294983,0.005783560867249423,-0.8220044917656919,0.052397522804778995,-0.30493848209739627,-0.4793323856410786,-0.2975812639183861,-0.11394567817737815,-0.13166040014895747,0.29685493944257213,0.1550481113088944
0.6690088833504971,0.773123192045284,0.6727867508367928,0.6332558334501955,0.7050671337134453,0.6346896619938743,0.7632372312781344,0.772595507129169,0.7222810955327871,0.7644077331063788,0.7262992687087515,0.7449057440008425,0.7271634766417094,0.6002950549805867,0.7578098621842464,0.7386827908881639,0.720511291319846,0.46031176008325897,0.5233457009805422,0.6178520204036475,0.6183948966859947,0.7913743499006703,0.7838919481467936,1.0,0.7053296844378477,0.7366960582328224,0.7445460723181012,0.727320638238996,0.7669431969793418,0.7739937250130418,0.76324491369721,0.7713865090980339,0.7621737634382776,0.7799797513811524,0.7677531300434564,0.8349070240530684,0.674448823421309,0.7583852377129614,0.7823228461920434,0.8413668438226445,0.724997775568972,0.7601359669572412,0.7340297794869438,0.6467417910913439,0.6933996877080109,0.5757280678407726,0.7980544883477396,0.7418655005349256,0.44365217104716803,-0.7683148111441408,0.3271713861162386,-0.19792981000194765,-0.328978321549964,-0.10711998316131731,-0.19079980194291654,0.1023202577527737,0.035868685213280176,0.20989063387632295,0.15224501353115386,0.05829410200650381,-0.780120333700636,0.07620684178535776,-0.2088395746092927,-0.4266619729313002,-0.1807440247567092,-0.08305080839461294,0.03383421572949903,0.3234426417994382,0.18561008529675604
0.8641688120586473,0.8548697541087577,0.7377082338546623,0.7042339929114475,0.761746500642369,0.7317672365929573,0.7752077940214068,0.8671874438098177,0.7600075964486773,0.7833741960039264,0.8937220368245582,0.8791167199682995,0.7459159188100852,0.7540890954073464,0.8550318744938898,0.7907054085297247,0.763472720935916,0.4262357741993405,0.5533347437151546,0.3946857304077112,0.6624500312499901,0.7843186340446703,0.6929361896744508,0.7053296844378477,1.0,0.7803158633319717,0.882521251871278,0.8607338487252242,0.8651902103799239,0.8883398516671939,0.8248438158632294,0.6723756027011875,0.8898571820905429,0.8749544851901281,0.8489992170721838,0.8294103443065386,0.7562256519867407,0.8685797969914495,0.791802987484796,0.7423847040324082,0.7043928042382167,0.80406069845209,0.7345691499001274,0.6669109692215343,0.7552226048323298,0.5888232763436914,0.7972071712612444,0.5587453795006146,0.4669634748072183,-0.8070496199516904,0.35538115290326233,-0.23432893783751899,-0.19049448668125027,-0.026363657531895308,-0.19643135939037404,0.10104381463147499,0.17880615198226119,0.3307722699149383,0.238892675500648,0.0014343278241010506,-0.8771940869003784,0.025188426302887076,-0.23308615561765023,-0.3161842731883706,-0.26267309203759487,-0.08774258339972313,0.12177992002185516,0.41789644099611667,0.260077537775118
0.7908250020033035,0.9000605216542036,0.902935391641978,0.82857783044571,0.8122736646315779,0.7949630882321496,0.9429218799645567,0.8145024039825357,0.8675241059504224,0.8244956501295321,0.7833473055494153,0.8097059382417288,0.8107003659301705,0.7376264410223815,0.9147901216811614,0.8645367106627357,0.9243400459105323,0.7168396463091006,0.7110502557984311,0.6330784156267542,0.6689307524275354,0.7825887586841894,0.787235163884524,0.7366960582328224,0.7803158633319717,1.0,0.8914757772551216,0.8131427079722925,0.8828165015835264,0.8836360752183349,0.8216747040164332,0.6796979711906225,0.8564165419980307,0.859325909203285,0.876093661361275,0.9042083933041483,0.8468445317797463,0.8861487699178485,0.8664195113615693,0.789012183088442,0.7955201026999692,0.8847193631487786,0.7742074260158034,0.5134794995302635,0.6540147872507315,0.6249175906028818,0.7274009430194888,0.5319460222901796,0.5377081730139672,-0.9191176782334751,0.43757756486955257,-0.33212091059436194,-0.2676781474985446,-0.14549248920484814,-0.1722908486413236,0.021436450197117363,-0.12846256605570988,0.11395782210806392,0.25576972733408926,0.15682123618282803,-0.911029948273923,-0.012707603410833405,-0.3466794679594983,-0.40705114498815786,-0.30367281037807015,-0.06246130017455432,-0.11843277917634315,0.2039407991718841,0.14535602277684948
0.878829139115749,0.9349497373155865,0.8862458800695618,0.8691372257345147,0.8345413335897185,0.8140160535158004,0.908395089153726,0.8808545514770232,0.8654413003172903,0.8326557159497151,0.8655014796166974,0.8981107159869337,0.8302813319726211,0.8132321293359025,0.9532424098368405,0.8870942850213641,0.8914855852501087,0.6087334824867844,0.6811688019199915,0.5660260491249228,0.7206993278681505,0.8335983347961899,0.7573053262449504,0.7445460723181012,0.882521251871278,0.8914757772551216,1.0,0.8736066396167397,0.9342600099294739,0.9374123266282238,0.8716168830746449,0.7068238916188653,0.9263219581333303,0.922722857650224,0.92552303398287,0.9116037425773637,0.8607548946170047,0.9338199171104382,0.8757821242674816,0.7851036432773101,0.7952149838245495,0.8925682808553485,0.7539696108829469,0.593261624337546,0.7521215115106226,0.6176254184016242,0.7931807243429414,0.5188278531610873,0.5441940030661379,-0.9318990867389286,0.398558743553093,-0.3701096142339809,-0.23172213545752016,-0.08242849152208657,-0.18513810213827267,0.04116642095551102,-0.02493476432659151,0.18282310879620822,0.23420007946743043,0.10883812971545043,-0.9491423445993915,0.02760478506102594,-0.35342763809760636,-0.3921389527075872,-0.33726153696437133,-0.11393845067586542,-0.039209809494905615,0.2853037551672155,0.17671309522916104
0.8839732485232819,0.8919087085556419,0.810988224554107,0.7839456619752575,0.8332413903289098,0.7864948307480308,0.8067496500098146,0.8448139929247218,0.7977398965988696,0.8216791280451861,0.7973320494696192,0.8540250247566739,0.7801922204072902,0.7527189034816156,0.8715544752726787,0.8408437599600186,0.815940088446346,0.5188261034412123,0.6179562298701506,0.5010658753579,0.6855510709891326,0.7901539305895972,0.7027732005368047,0.727320638238996,0.8607338487252242,0.8131427079722925,0.8736066396167397,1.0,0.9037669654214481,0.8922544578271066,0.8280927358146207,0.7593101098668232,0.8691361567582748,0.8787355836342339,0.8669823668391419,0.8444329065965441,0.7849499658931095,0.8639205094714647,0.8148485678822152,0.7184941113469367,0.8217518049961388,0.8820511049752167,0.7559584455397943,0.6320452711256664,0.7490693249287383,0.6022730343284182,0.7887220973677251,0.48866236664820056,0.5884956651794222,-0.8326234414288791,0.393913247197038,-0.27558943579204703,-0.14995752586429537,0.07321052841557482,-0.20070446869307695,0.16545838913867766,0.12758948452352795,0.27360637828560375,0.334104024661298,0.07800573505269799,-0.8777355498386159,0.10566141149559413,-0.20667145473494697,-0.3000683532178607,-0.132898233781455,-0.024905143510142475,0.12907432089541296,0.38581779819034256,0.281079577722075
0.8778592585371054,0.9632956440431336,0.8550126570871001,0.8280188510462482,0.8606437470418803,0.8212952669429497,0.8912193005826369,0.9197676671939602,0.865219933474972,0.8703602032096263,0.8531377406050029,0.892774244728897,0.8333433213017655,0.8208218025881704,0.9510844083033408,0.8863988624383825,0.8734233044176951,0.6061446546672744,0.7306823881586006,0.6193842111670104,0.7223163384736406,0.8242414586741192,0.8056747179641027,0.7669431969793418,0.8651902103799239,0.8828165015835264,0.9342600099294739,0.9037669654214481,1.0,0.9207714849192699,0.8418141029882825,0.7571149781220133,0.9369850805267171,0.9514880015845902,0.9093458173994199,0.9079129346254032,0.8574536268385267,0.9355157468678562,0.8829849279216282,0.792461099331906,0.878296755314772,0.9221953913006206,0.8245755970705045,0.7012229417353838,0.79865612764478,0.6614298818928352,0.7940858606132388,0.5424290001801658,0.581348238921653,-0.9306070582221819,0.4569980273595268,-0.34389892108731546,-0.25915686776708746,-0.025219459000617856,-0.21194213681783083,0.13326408444418725,0.047983298005176186,0.26207707392590135,0.2917751324888238,0.0979811840285633,-0.9434750157770316,0.07124984000474108,-0.2833749303424792,-0.3808986751091404,-0.2535571668219217,-0.064830596957011,0.031612604673514656,0.36821022041048623,0.2539853855581754
0.8698526669259475,0.9312764051528695,0.8598478376735249,0.8301757538032667,0.829867976110703,0.7952390561318962,0.8954000814326052,0.9003891573160203,0.8583259529004929,0.8680619503328612,0.8772358590340591,0.900217400402134,0.8321470819281117,0.7827507800217552,0.936745822278434,0.8989589887862429,0.8883349066332626,0.5694512679708028,0.6573569499687829,0.5550135830462288,0.7463304745602649,0.839930536562687,0.7800895906992658,0.7739937250130418,0.8883398516671939,0.8836360752183349,0.9374123266282238,0.8922544578271066,0.9207714849192699,1.0,0.8946796398764213,0.7427903360792435,0.9284760067925816,0.9234671434499148,0.925015373589148,0.9200815029548999,0.8537130696225097,0.9327071740231964,0.8852700695106622,0.8041597434906542,0.7989701541933787,0.8789031190802233,0.7855712666483469,0.6315502875733147,0.7514482094433074,0.6287772877089761,0.802570555134428,0.5684500673539116,0.5068608449719,-0.925184264983385,0.4525358042890922,-0.3050604683083413,-0.28609708300707776,-0.0989536790882183,-0.1697018678662028,0.09672894112412822,0.03682395725491281,0.2109034549562634,0.24795640009098788,0.06448325265270574,-0.9457093859508825,0.046558395839878725,-0.33157808576411474,-0.413026331793957,-0.3065904947000643,-0.07845165980475388,0.018717541905193435,0.32869252747674,0.1871827611984532
