0,1,2,3,4,5,6,7,8,9,10,11,12,13,14,15,16,17,18,19,20,21,22,23,24,25,26,27,28,29,30,31,32,33,34,35,36,37,38,39,40,41,42,43,44,45,46,47,48,49,50,51,52,53,54,55,56,57,58,59,60,61,62,63,64,65,66,67,68
1.0,0.9209270902147858,0.9429269162850751,0.9066374486493144,0.9387153567160986,0.8869738263720267,0.874980531129138,0.8513408715909048,0.7679503225678206,0.6923146515552264,0.8472967031119791,0.7529239561800986,0.7504544716706508,0.8183459692220206,0.8895685351134264,0.7580337630384274,0.7364500963717047,0.7277369552501192,0.8032719627081553,0.7495106372924247,0.6354059740436866,0.6965274648638238,0.6709478103395226,0.2826733709080039,0.76091295599363,0.8375555068829134,0.8585625825837735,0.9432375798542807,0.9442521783387442,0.8923806146628553,0.812112818511607,0.2787127939693589,0.9126802314165431,0.8819889020143504,0.8878134472612729,0.7634817684459079,0.8872455266862663,0.9059522108860699,0.8168680791790947,0.37127471076850016,0.8543884078364429,0.7377292502031367,0.7965460793827807,0.585392681454457,0.7441843383281304,0.3425996283805512,0.7022692969325394,0.3455013940365384,0.8434446955880944,-0.9305157570473447,-0.08915137993431503,-0.5146015430828116,-0.4091154264796637,-0.3345701369493138,-0.3324543968328073,-0.5905767490552047,-0.33506255266036195,0.182077342241743,0.22396922739574718,0.6669254348000412,-0.8980661253335683,0.011949283366528115,-0.518209722084557,-0.4123314213559572,-0.428296057436866,-0.30614900068375056,-0.21808229017927652,0.16222681242968806,0.13680420827620818
0.9209270902147858,1.0,0.9046410481696232,0.9370190392755834,0.9215185129294506,0.8917476664338702,0.9226042779703908,0.9099353294693664,0.8691474844251986,0.8379457064464831,0.904937560353148,0.8158355193018927,0.8585282233151986,0.8376790820128781,0.8925044428591491,0.856402072178988,0.8154321051370087,0.7001683340787148,0.8268627403180504,0.8326094612641711,0.7430762691780091,0.8132858572390343,0.805326679679595,0.47042766395242563,0.8477873816215171,0.8712477802119967,0.8693395508441568,0.9409636462032402,0.9704272263514571,0.9580871141845767,0.9052511428246987,0.3442730268454681,0.9595437496354359,0.9152088135972359,0.9653376541000755,0.9093163774631249,0.924634800569786,0.9638864993206429,0.9374168916266222,0.5650062920970568,0.920624736384722,0.8889449830133914,0.9056715956025357,0.7294598589787469,0.8575440637330976,0.5317358408725114,0.7741032855146852,0.471693583823361,0.8253624421780094,-0.9525757165498459,0.03143881090534715,-0.4961557669640635,-0.5147840038818547,-0.2877248709336364,-0.3283345142964301,-0.4941841584559211,-0.20967074082226178,0.2361632665503455,0.2849699484526564,0.5450249845960046,-0.9747824141842848,-0.06793229887377716,-0.4841766124665411,-0.48851355824889664,-0.5156217004211748,-0.3711057479761888,-0.07626051560026893,0.21492653664090305,0.24550024709980195
0.9429269162850751,0.9046410481696232,1.0,0.8936193184773721,0.9311776155364754,0.8668045752556305,0.898783645587124,0.8713172320826067,0.7233289605076177,0.671757094927656,0.8436418375254814,0.7139066461569638,0.7291231175300543,0.8507329394460817,0.9219239426062448,0.7407177469009526,0.789359736523512,0.8099303426376857,0.7547541892356437,0.7263732704411703,0.5816675258638838,0.6758796574904385,0.6472781812748717,0.29522060149297885,0.7533788955361123,0.8979597887752389,0.899117030108914,0.9022814903496158,0.9223558645121369,0.8748613896460681,0.7667737893040738,0.347810780307015,0.9045812573047213,0.9105155555798956,0.8922691037899219,0.7436158623748022,0.9143399130302751,0.9107141413332089,0.8102913145620633,0.28149366179871166,0.8352793025088857,0.6932493153732684,0.7686697628906128,0.5664510206896138,0.7498122490304454,0.3227221437020608,0.7502484019953355,0.28582826965453445,0.8633722143034787,-0.9425221372726715,-0.12543575727003164,-0.5284747240959803,-0.5015393051637937,-0.43145624328543497,-0.2982206160780194,-0.5738977314852199,-0.3162006428374552,0.1730092981522227,0.14912455096785257,0.7385253580761032,-0.8877393734422683,0.013200048416549611,-0.5566148446388184,-0.5044871665171291,-0.4873296781151169,-0.3159311374234461,-0.21503944908668482,0.11254040212646736,0.04430959942258472
0.9066374486493144,0.9370190392755834,0.8936193184773721,1.0,0.9122197596952666,0.9310385689122639,0.8498772517922656,0.8151379229636122,0.8938318247138285,0.8191641415334819,0.8186916946043606,0.8697704907416978,0.7606042495449783,0.7529263179814557,0.8141036988120579,0.8479157983778598,0.7067397665870336,0.6076530097861581,0.7905389397791479,0.8871812850982129,0.814835460610532,0.7429465270137219,0.7088649613844681,0.3883705410659258,0.7113923084831727,0.7756576417836087,0.7837692820232863,0.9378244816948839,0.9197919055429619,0.908909930655939,0.9059162828271513,0.17373943211906132,0.9047443015355762,0.8275920883573411,0.910429273341268,0.8601731656869973,0.8480672917114938,0.9056909313398637,0.8717475335334789,0.5771183175069613,0.9043931452345798,0.8179016128029503,0.8224029029051543,0.6520649369543696,0.7857303521335867,0.47563486441022357,0.6534071980929108,0.42761957724619276,0.7933095184344602,-0.9087035134986893,-0.016823194643765384,-0.41606612816029487,-0.3659257227512547,-0.24252583609628697,-0.36139101279715763,-0.5475761732263209,-0.3456961022761186,0.0740833464590881,0.25057355280976545,0.49431681761651847,-0.9512037891707321,-0.11802698688310743,-0.40136974642285966,-0.36400446646784984,-0.5091155055225247,-0.34597251747525354,-0.19665024461633376,0.10238113764975997,0.24040027200904834
0.9387153567160986,0.9215185129294506,0.9311776155364754,0.9122197596952666,1.0,0.9217154510089348,0.8640219710891028,0.8657714137274053,0.7821634851084583,0.7629524829325401,0.837008959174445,0.7905268620194509,0.7667862487028743,0.8184123314185136,0.8733928625256266,0.7899482970357506,0.7360885500146287,0.7013859316176456,0.7525288368120546,0.7890280671467818,0.6873023941678501,0.7156061276126593,0.6609258628388602,0.3609745656713826,0.7546330651208887,0.8295504533507341,0.848602365353281,0.9116622055770488,0.9210163560545632,0.8810077209748528,0.8222976792903532,0.2972568166969496,0.9266738001589832,0.8837031218461101,0.8930104499344474,0.78815924602283,0.8859896793390201,0.9041208292758305,0.8211754610592509,0.40272581080687925,0.8686555530733375,0.7516329115205027,0.809520279050366,0.636186740418629,0.7766603065854664,0.3776613662683244,0.7053405834605203,0.3664670640575748,0.8399573467944618,-0.9191157669704949,-0.0296232210284745,-0.49320064287327936,-0.4243658814345323,-0.30378293201243595,-0.2981090099810993,-0.5749515160279034,-0.29217498300401473,0.18358227944522132,0.2199270320237439,0.618818995742239,-0.9079005742691405,0.0039825094795554825,-0.49469178595011776,-0.40579675383214103,-0.4498194719099146,-0.30404299556493214,-0.16064255622022722,0.1713137981637155,0.17278310890046084
0.8869738263720267,0.8917476664338702,0.8668045752556305,0.9310385689122639,0.9217154510089348,1.0,0.7735535422945984,0.7930266803594385,0.8187225609220941,0.7995278390191387,0.7540602690753406,0.8289167239499537,0.7566977380628203,0.7502069271272368,0.7928514264487224,0.8038234200994584,0.6113751549654338,0.591651465685339,0.7686999153778405,0.8804308964410912,0.7663659924724333,0.6900338914701224,0.6517763544106241,0.39603526596466015,0.6846511118450594,0.7139875189922238,0.7735723643680719,0.8880441386798377,0.8712375539036153,0.8502519927319145,0.837074019244446,0.17105835223974517,0.8913053527878108,0.8003161068693447,0.8504517064306211,0.7798421694164355,0.8177468489523849,0.8619341833267085,0.803683465009219,0.4806322970111481,0.8804772875714044,0.7547472895397956,0.7724696038682732,0.6294240826192617,0.7426838143933219,0.43113577755111426,0.5920588767825156,0.44974657854323313,0.7750599509393028,-0.8730397237283476,-0.021597660006413992,-0.3606778779809448,-0.3188355934744777,-0.226229429033803,-0.2857836102261998,-0.5238648651840508,-0.37444802101946767,0.06886702117789954,0.22324632361624774,0.5024621111251018,-0.8955923393122066,-0.031731255961342464,-0.3623390415595284,-0.29889071822992636,-0.45306112159255096,-0.3124771964992157,-0.23493471820078682,0.08026120058359235,0.1939655516031726
0.874980531129138,0.9226042779703908,0.898783645587124,0.8498772517922656,0.8640219710891028,0.7735535422945984,1.0,0.8737931249544667,0.7756357759672402,0.7206687831886229,0.8906909277914348,0.6464118166104602,0.7839524834850995,0.8097389418294132,0.9052914002308531,0.752899162735851,0.9273189947486439,0.816599407491325,0.7856432524709881,0.6981570983683905,0.5693865575978275,0.7979857691965497,0.768146262404477,0.3741005278317021,0.8449161545483181,0.9486117764723548,0.8787455224994306,0.8657717315241951,0.9403190640976801,0.880857530074191,0.7966079879373098,0.461670217752214,0.8851449563967314,0.9057425046399483,0.9318721859985813,0.840967332925258,0.9111787707731074,0.9242610086721316,0.8871759016626832,0.4167166061328169,0.8046303632047924,0.8198449399042281,0.851219303151138,0.6106219669045488,0.8069291235689798,0.4456857081421713,0.8702246607919621,0.3015797195067158,0.8080217567859432,-0.919695081172901,0.0007908664918135132,-0.6262855982746525,-0.5904086541044447,-0.41042090898607025,-0.3259914779190067,-0.5246545279455722,-0.16252742130894254,0.28376424074267975,0.17373388155063246,0.6387697365521838,-0.9111236836810714,-0.0480781880882474,-0.627516569266269,-0.5931401290541513,-0.5482381503602217,-0.38312604890131186,-0.06320516172529189,0.20251235893276526,0.11617010481718519
0.8513408715909048,0.9099353294693664,0.8713172320826067,0.8151379229636122,0.8657714137274053,0.7930266803594385,0.8737931249544667,1.0,0.670685015567567,0.7680130859405625,0.9266841250304527,0.7484856808291415,0.8656744012590453,0.9146814210480063,0.9126160795450046,0.8309100591126918,0.7924346753785444,0.7633903011175132,0.7140473544917348,0.6737325873640698,0.6006547428835877,0.7373814111233387,0.812921961890267,0.4914543506653504,0.9045319599556462,0.8934066321824234,0.9255840659861254,0.8272108560540079,0.889703913135758,0.9086234431946644,0.7743494385651034,0.4404402718209117,0.9467740048649563,0.9627618873522718,0.9194468239617292,0.8211599254179012,0.9461133744208006,0.9404670418778516,0.8924771463425814,0.42941273909452604,0.8333444676024105,0.785978862007211,0.8668080461258656,0.7940645902147172,0.8497984887118974,0.4936918266122327,0.8124014851876544,0.49806203638091434,0.8335740203464982,-0.9283971857029428,0.05060830009039797,-0.5172536817129495,-0.6445466883345191,-0.39639859142367306,-0.23529162123538006,-0.38857549572175126,0.025792751869693115,0.4313977354563877,0.24422966394908907,0.5852769944076796,-0.8933038194804505,0.019916814125370344,-0.5368880297012961,-0.59707619853329,-0.525788252438569,-0.39430471000124195,0.1087275725523874,0.3439790231925201,0.17798353639903133
0.7679503225678206,0.8691474844251986,0.7233289605076177,0.8938318247138285,0.7821634851084583,0.8187225609220941,0.7756357759672402,0.670685015567567,1.0,0.835601251618896,0.7176155679708283,0.7949042709620727,0.7048512250866912,0.5715071652007773,0.6583552967123383,0.7694579751858566,0.670071410821295,0.4262476115772992,0.7547678122386379,0.8640789802975537,0.8280366422779727,0.7448514849378295,0.6866997696190061,0.42528940529007847,0.6254644516264486,0.652778966291778,0.6027012652535932,0.8653101156479539,0.8468352807060339,0.8390820630643465,0.9061186210956916,0.13086410080896604,0.7850523727248485,0.669655929807665,0.8314961001333282,0.8737903960601996,0.7092277929021638,0.8018634229215433,0.8393761089051047,0.7073490768410218,0.8500788447631913,0.873311873280888,0.7921522889936489,0.5990540211448195,0.749615694061705,0.6043510564926543,0.564017008441578,0.42049427482156126,0.6181207361817554,-0.7727315494630665,0.07640150082552626,-0.31567012575039705,-0.2745442851899374,-0.06812204658003931,-0.3612150919271329,-0.48620295771147815,-0.3500121446388322,-0.007133787292911399,0.31174533508560937,0.2803990473729649,-0.8887192859861759,-0.20910964452039402,-0.26074348517113966,-0.2656323171264436,-0.44416570222973517,-0.2774874129452915,-0.17011999969636274,0.07070840905760457,0.36735159268883333
0.6923146515552264,0.8379457064464831,0.671757094927656,0.8191641415334819,0.7629524829325401,0.7995278390191387,0.7206687831886229,0.7680130859405625,0.835601251618896,1.0,0.7449974708900691,0.8326894262341172,0.7918523146794083,0.6601791210179426,0.6289440636201552,0.8145972634255254,0.635955802944036,0.3881930845934359,0.630537666364902,0.84568550394722,0.842702894271492,0.7641773144763698,0.7520810423274641,0.5882763703850161,0.7055679724230449,0.6470562226288068,0.6374917774865063,0.7923065804664847,0.7796428789036546,0.8227517724679347,0.881996763590528,0.2309825660570433,0.8209281816322389,0.7094182612799257,0.8189935415089579,0.8839563526682558,0.7237878622467242,0.8017077363058968,0.8596247617415936,0.7445110836731444,0.8579803043738455,0.879695292293859,0.8774896577899562,0.8178968977488024,0.8734959183236973,0.7388205937935953,0.6061126581414215,0.5697395129185708,0.6117109841350351,-0.7482488281080757,0.20612170333267368,-0.3117494937506522,-0.41771341117924515,-0.04665086407602795,-0.2412835275339818,-0.3642026273809582,-0.037329280489480296,0.22019955427892582,0.36167977700642107,0.20532155413484185,-0.8585436511074827,-0.130870418785609,-0.2647240906675519,-0.3517551729623431,-0.43221366469058614,-0.3542622247778868,0.14081227039388533,0.2820088328347678,0.44579412191682355
0.8472967031119791,0.904937560353148,0.8436418375254814,0.8186916946043606,0.837008959174445,0.7540602690753406,0.8906909277914348,0.9266841250304527,0.7176155679708283,0.7449974708900691,1.0,0.7164611105075448,0.8498714664494311,0.8557078951006245,0.8792673233788788,0.8185629624371287,0.8227894749877606,0.7458182246412102,0.756619158281778,0.6462270626627015,0.6335209079476384,0.7601454050634999,0.8275922854698996,0.4510178514987269,0.8920130726047152,0.8848242367843293,0.8922467873849117,0.8403788989293328,0.8945079498504255,0.9162737136353206,0.8145503065030923,0.41334060598806915,0.9154856941807414,0.9164927327093803,0.9282415099722885,0.8402736961844535,0.9114021636562336,0.9282708918162584,0.900775705830732,0.47151158931634324,0.8278723721946081,0.8110332167003838,0.8620072538613922,0.7195807818609159,0.8147988391927455,0.46747518386979847,0.8131847858924952,0.46185918284562877,0.8094097431932252,-0.9162619449838802,0.08224454941150915,-0.5395800834690622,-0.6083530802462529,-0.4184967606701975,-0.2956358570505436,-0.41660691701196684,0.0015063644626766943,0.35838243090338784,0.20899617017380262,0.5551953721178653,-0.896198755944321,-0.006102941632490587,-0.5437225118448492,-0.5841173490236341,-0.5603599365386995,-0.4035711742471551,0.08087866761449083,0.27422043562381787,0.16467104274949504
0.7529239561800986,0.8158355193018927,0.7139066461569638,0.8697704907416978,0.7905268620194509,0.8289167239499537,0.6464118166104602,0.7484856808291415,0.7949042709620727,0.8326894262341172,0.7164611105075448,1.0,0.6879106075844826,0.6617991300751325,0.6423773125338741,0.8606484057174872,0.5063544246212134,0.361558889531853,0.6123328481756566,0.8172764973949551,0.8725199916410071,0.6156790893839588,0.6607182527959605,0.46308409709452736,0.6128406688600608,0.5847818947377103,0.6414895475920871,0.8169675243209424,0.7560460498214935,0.8213332644897033,0.8465746706232011,0.05374566975620977,0.8270714534897458,0.7008450367013949,0.7787120967371316,0.7936803223393476,0.705912528074785,0.789000581523058,0.7768278708275255,0.6830993242226377,0.8322113457389244,0.7522113600649254,0.7644948339005594,0.763443270865685,0.7443347435097561,0.5284319099164138,0.48177027114018706,0.5552404174983461,0.6525722187649564,-0.7701231880834095,0.11701543489180746,-0.25493447790690277,-0.27077136609673363,-0.08383322769088772,-0.3189121908272489,-0.42164853271280334,-0.15224368087694085,0.1209047212686029,0.33812179163129846,0.2490871443459341,-0.8395262670345506,-0.11750894986366191,-0.20001888741708163,-0.21838849379657738,-0.41330450143522024,-0.3068859663230296,0.026602077262851888,0.19266854710419226,0.384938422433967
0.7504544716706508,0.8585282233151986,0.7291231175300543,0.7606042495449783,0.7667862487028743,0.7566977380628203,0.7839524834850995,0.8656744012590453,0.7048512250866912,0.7918523146794083,0.8498714664494311,0.6879106075844826,1.0,0.7875316039211501,0.7900254337053773,0.8040150288357725,0.6871171314283516,0.6399182352175724,0.8141445131787345,0.7286809931749949,0.6552466145710232,0.792807713170387,0.8844907442141501,0.48524813784487364,0.859421991035577,0.7715114861811881,0.8062025798621886,0.7542268673091707,0.8249460446109772,0.8578913055379398,0.7780658485047687,0.3201375446032079,0.8657264236376808,0.8332577861932643,0.8697696265570592,0.8169380317248474,0.8354087723669059,0.8656504155760973,0.8890036008815367,0.5302094066759627,0.8178228352550913,0.8483385932204737,0.8663520787686719,0.7636207774118668,0.7939605133100363,0.5880786050796738,0.7226699967577821,0.5662831268528931,0.693406885242904,-0.8313026434922419,0.14543920781227876,-0.40188918452741407,-0.5665482574779835,-0.27779787060946476,-0.16828279896684006,-0.30413329526247435,0.00587902723036714,0.3640900819895637,0.2890613874850282,0.4268289750334937,-0.8465064901911464,-0.005706686931951413,-0.4303681493061269,-0.536481037429853,-0.5088211282788543,-0.4026211346248184,0.09599846684498681,0.28976717422656545,0.2466394468833755
0.8183459692220206,0.8376790820128781,0.8507329394460817,0.7529263179814557,0.8184123314185136,0.7502069271272368,0.8097389418294132,0.9146814210480063,0.5715071652007773,0.6601791210179426,0.8557078951006245,0.6617991300751325,0.7875316039211501,1.0,0.8786194371147229,0.710352848351692,0.7301782136189612,0.7596111569401724,0.6503728979044231,0.5963631580803782,0.4932874050401954,0.6684093209025892,0.7078594758112007,0.43876052465156284,0.8702425907941261,0.8454635611185862,0.9272465201680848,0.7488372350419528,0.825543185380722,0.8290437603972327,0.6736125243960224,0.4743975829606314,0.8923348322844121,0.9322061825174315,0.8482635965529466,0.7416847960183539,0.9226176785411638,0.8910787984139872,0.798996308748064,0.2796229054535597,0.7518254161987934,0.6582501039891248,0.7731827986397009,0.6373812716123483,0.7472443757576999,0.3231652585188784,0.7852094558364904,0.4612636232301284,0.845558083853718,-0.8911331116587448,-0.04561322721745071,-0.46744377426036854,-0.6282712789792771,-0.4182534966334104,-0.19527894411183433,-0.2895475604814661,-0.012949569255800432,0.3759775401071427,0.1434223119334325,0.6720160504077822,-0.8186162317861712,0.07449870733606341,-0.5346874201287585,-0.5781202916614491,-0.47166594517394567,-0.4377258258029523,0.00022735373448369838,0.22592089190628603,0.002477463327285848
0.8895685351134264,0.8925044428591491,0.9219239426062448,0.8141036988120579,0.8733928625256266,0.7928514264487224,0.9052914002308531,0.9126160795450046,0.6583552967123383,0.6289440636201552,0.8792673233788788,0.6423773125338741,0.7900254337053773,0.8786194371147229,1.0,0.7522962147162033,0.8259532879535635,0.8685295910688027,0.7537055919168192,0.6415925728299652,0.4805799567388575,0.7138200496298199,0.7344035768545958,0.3609775044075512,0.863349393243559,0.9143541133718807,0.9517490954585086,0.8234479632285886,0.9097725363337764,0.8751058312602507,0.7209419653467073,0.47758714094933086,0.9106754422263181,0.9506887747999836,0.9049236445247254,0.7540194171743078,0.9433839500999638,0.9303895791871054,0.8303194147440317,0.28682408579136914,0.7635926791360976,0.6970317348964639,0.7618944905406887,0.5922103184594302,0.7481710611586219,0.34649086363005205,0.8270527865338719,0.366085707042589,0.8500283683840499,-0.948251968324,-0.060794911608607005,-0.5797601052660755,-0.6133169871469993,-0.5237677386664111,-0.24924264448061204,-0.4573946681696932,-0.17679345529861268,0.26857074213066306,0.09999932804977923,0.7422678307271381,-0.8748569530704765,0.05573726659792537,-0.626057201975261,-0.6194398219556249,-0.5620679403207489,-0.3770717712802029,-0.14318480920986934,0.14058449667706124,-0.007093418190243698
0.7580337630384274,0.856402072178988,0.7407177469009526,0.8479157983778598,0.7899482970357506,0.8038234200994584,0.752899162735851,0.8309100591126918,0.7694579751858566,0.8145972634255254,0.8185629624371287,0.8606484057174872,0.8040150288357725,0.710352848351692,0.7522962147162033,1.0,0.6519397019862821,0.5472067649154264,0.703392758848776,0.7823081112038385,0.7721027814126549,0.7603741984677775,0.7998072963386115,0.5137028627615804,0.7546325452109639,0.7184943784173882,0.7599846172365483,0.8018548329901298,0.8044005289748846,0.8601462395641309,0.8405878362916491,0.23313066338540914,0.8606270133412358,0.7979455465695942,0.860444781329851,0.8428951076414657,0.7932200488591266,0.867091059481172,0.8618529356275224,0.6705052579376273,0.8095504691169331,0.8072453177795331,0.8138851847017946,0.7915159029390046,0.7988682676932659,0.5513141930167007,0.6700121822701693,0.5550872137336358,0.7048546521284517,-0.83980622951216,0.15158644987551254,-0.4369825901397989,-0.4561278166905477,-0.26470659727324203,-0.3198884245775902,-0.40056880276878126,-0.042599471164839996,0.24708439317332023,0.2585937626293229,0.3478888265645588,-0.8758223034813272,-0.04772405701117955,-0.3888584543356822,-0.43658476366683197,-0.5588003218229523,-0.34788232546462494,0.08904125680877781,0.23469971578214985,0.2652993084486927
0.7364500963717047,0.8154321051370087,0.789359736523512,0.7067397665870336,0.7360885500146287,0.6113751549654338,0.9273189947486439,0.7924346753785444,0.670071410821295,0.635955802944036,0.8227894749877606,0.5063544246212134,0.6871171314283516,0.7301782136189612,0.8259532879535635,0.6519397019862821,1.0,0.8059916733404192,0.6354858454799122,0.5422427101059362,0.43841269438110464,0.7552426476682994,0.7061905412085926,0.37812119220220014,0.8058844121337595,0.9026981903790263,0.816698843456627,0.731303168079317,0.8358171771996213,0.7772977387821373,0.6912520772088175,0.6109752976371154,0.7734295181967941,0.8305042102278701,0.8485411716794492,0.7807979271668698,0.829620490655562,0.8299743690355111,0.8081051208730715,0.32281492649531984,0.6671681219464269,0.7488470914685275,0.7760785295205057,0.5333110111512362,0.7617809748923055,0.41449967629240997,0.8974777037148713,0.1590195328013768,0.7113924942539526,-0.8174800283381567,0.053321200096191575,-0.6751576142396117,-0.6786284989910965,-0.468168170780403,-0.2943320936763907,-0.45707493040673236,-0.03981832120763137,0.28785460287663966,0.12394857005519702,0.6032115295585898,-0.8058905718299453,-0.04067909041067967,-0.676752897625612,-0.6811345445642148,-0.5700719681373897,-0.36734798027060395,0.02436891510364072,0.16794174831672443,0.06676013061897865
0.7277369552501192,0.7001683340787148,0.8099303426376857,0.6076530097861581,0.7013859316176456,0.591651465685339,0.816599407491325,0.7633903011175132,0.4262476115772992,0.3881930845934359,0.7458182246412102,0.361558889531853,0.6399182352175724,0.7596111569401724,0.8685295910688027,0.5472067649154264,0.8059916733404192,1.0,0.6391482236762179,0.4250883524276838,0.24110995895646856,0.6161733753714835,0.6198153893914818,0.19184626139974262,0.7404290540365313,0.8684483817020348,0.8736049500438976,0.6191801283160882,0.7387186243353965,0.667692708776934,0.4955371985155114,0.5427557145388928,0.7214964806751786,0.8263822391628418,0.7510180777119312,0.5420878712764472,0.8182699070321762,0.7658099284252139,0.6610039587119997,-0.006299797701468542,0.5464434019347242,0.49333714416233787,0.5889291469427786,0.36313746202890484,0.5574440846250722,0.11883498735833056,0.8125887527832292,0.13637999136546705,0.7395162563975934,-0.8084756341707807,-0.1142161838733877,-0.6274760209719272,-0.6663210255176147,-0.6773162243145845,-0.20221289812062254,-0.42601602374903197,-0.1236923639206401,0.2555389650472875,-0.06363617942001575,0.8299238771604782,-0.6772546169284243,0.14614369531607574,-0.7111466787136412,-0.7158424415860161,-0.5627588587303233,-0.327027582271272,-0.1440806035985521,0.05259150776431523,-0.21936176318761944
0.8032719627081553,0.8268627403180504,0.7547541892356437,0.7905389397791479,0.7525288368120546,0.7686999153778405,0.7856432524709881,0.7140473544917348,0.7547678122386379,0.630537666364902,0.756619158281778,0.6123328481756566,0.8141445131787345,0.6503728979044231,0.7537055919168192,0.703392758848776,0.6354858454799122,0.6391482236762179,1.0,0.748613938182002,0.6190583624155349,0.7165260732744807,0.7761826173085655,0.25241589341794207,0.6842164611809031,0.7311418645684319,0.7133530345790718,0.8046530046316557,0.8383770759404849,0.8026591673766782,0.7591638113621979,0.12812149629420694,0.7708271595145555,0.7348283743218508,0.808318008254888,0.7097030159072855,0.7586011256392617,0.8054632211589577,0.7983986188118131,0.4635171423684353,0.7711121177705244,0.7926762174376809,0.7495697305146927,0.5248475647335571,0.6371387271953919,0.42871888211934445,0.613793100074631,0.4036868798200908,0.6480132962893754,-0.7981977216871461,-0.013548374864999286,-0.37821243516201936,-0.35081224169974307,-0.25969951984116435,-0.2289568236773673,-0.435831276050795,-0.305766745640711,0.18204735098549576,0.24265308350117631,0.49311377549089924,-0.8099150584913185,-0.054522490540961484,-0.3819917061213298,-0.3770858734797399,-0.4257453109947934,-0.3208352876023381,-0.17181639713958705,0.16088112990528972,0.16062649962937797
0.7495106372924247,0.8326094612641711,0.7263732704411703,0.8871812850982129,0.7890280671467818,0.8804308964410912,0.6981570983683905,0.6737325873640698,0.8640789802975537,0.84568550394722,0.6462270626627015,0.8172764973949551,0.7286809931749949,0.5963631580803782,0.6415925728299652,0.7823081112038385,0.5422427101059362,0.4250883524276838,0.748613938182002,1.0,0.8416367463730998,0.7450298667898495,0.6683370016448261,0.41870801530286517,0.5644127983542311,0.6033618913820297,0.6054172066000593,0.8227627683341248,0.7894994638150841,0.7866826703931626,0.8637817776558898,0.06779163208811984,0.7804796426037928,0.6644946194345828,0.7903393821721031,0.8043168405081614,0.6902214285013862,0.7763742565122428,0.8004255102298792,0.6608989053409705,0.8580271719958134,0.7949537370087112,0.7681725175927611,0.6556656732805698,0.7387617660562181,0.580931465487133,0.5077670153846932,0.49620064409030884,0.6159843168026596,-0.759226032981803,0.04531588743855204,-0.2465382206097754,-0.2577467341601495,-0.049401595332215234,-0.2643956777174397,-0.4344660682361516,-0.3555486391609399,0.02916690475713591,0.327999387133781,0.3155336225360632,-0.8481768179085943,-0.11253082749047373,-0.2229684521112106,-0.24571814108242362,-0.3890502091943863,-0.27999357904798583,-0.13820506514416217,0.12139481589934288,0.3579278711049914
0.6354059740436866,0.7430762691780091,0.5816675258638838,0.814835460610532,0.6873023941678501,0.7663659924724333,0.5693865575978275,0.6006547428835877,0.8280366422779727,0.842702894271492,0.6335209079476384,0.8725199916410071,0.6552466145710232,0.4932874050401954,0.4805799567388575,0.7721027814126549,0.43841269438110464,0.24110995895646856,0.6190583624155349,0.8416367463730998,1.0,0.6346024149126712,0.6295309431715697,0.4180549904487016,0.5060428026175466,0.4692905265550658,0.4761591185239433,0.7511424331677785,0.6732700604580452,0.7385459207939283,0.867909008712523,-0.07034156460422147,0.709832002355467,0.551032056555827,0.7078495901344034,0.7590407157213083,0.5696086641145244,0.6763036590052719,0.7371420130258255,0.732622960430764,0.8026709432516465,0.7757176700939866,0.7377608978351075,0.6624753409450085,0.673333340169538,0.5522385877906177,0.3821427554977912,0.4952257610658248,0.5007041544254422,-0.6473720475156434,0.17514531180813905,-0.1664718216547108,-0.19306933921206232,0.039526666131501936,-0.30831092057644716,-0.41437130589707327,-0.2045848767224088,0.015612293359384936,0.3478924271669664,0.09758225657844011,-0.7773516223142919,-0.14778009317661475,-0.11532899411493014,-0.16063546453153799,-0.3709266022069031,-0.283221976805431,0.025800503020227076,0.14908351107516268,0.4325694156157307
0.6965274648638238,0.8132858572390343,0.6758796574904385,0.7429465270137219,0.7156061276126593,0.6900338914701224,0.7979857691965497,0.7373814111233387,0.7448514849378295,0.7641773144763698,0.7601454050634999,0.6156790893839588,0.792807713170387,0.6684093209025892,0.7138200496298199,0.7603741984677775,0.7552426476682994,0.6161733753714835,0.7165260732744807,0.7450298667898495,0.6346024149126712,1.0,0.8072674598449213,0.5555553991410218,0.7644393015976764,0.7272000072518596,0.7118978428519591,0.7299936724748529,0.7868995502904822,0.7861198085280309,0.8285681681980079,0.5066623220310535,0.7682607692706919,0.7473072183553141,0.8370496793276536,0.8726164333003487,0.7485856599939185,0.8157238668605072,0.8478286830443865,0.6247152331475513,0.7187793371847296,0.7926809264547038,0.7972875416755777,0.6258963451544408,0.7871770773608268,0.524670847912383,0.776568904751739,0.49298173150208774,0.6315573015431484,-0.7727127485413308,0.15066158214559297,-0.5158205423752482,-0.5467493241372211,-0.23064743974021348,-0.2573597527474505,-0.3416744909249865,-0.07156350253182811,0.2631749767391737,0.21146118344202836,0.42620185405039607,-0.8184455506359702,-0.04215535775515293,-0.4886942799571436,-0.545274296192519,-0.4884849411748354,-0.3544660541128442,0.03858699679739252,0.21633502991537476,0.22629172073099396
0.6709478103395226,0.805326679679595,0.6472781812748717,0.7088649613844681,0.6609258628388602,0.6517763544106241,0.768146262404477,0.812921961890267,0.6866997696190061,0.7520810423274641,0.8275922854698996,0.6607182527959605,0.8844907442141501,0.7078594758112007,0.7344035768545958,0.7998072963386115,0.7061905412085926,0.6198153893914818,0.7761826173085655,0.6683370016448261,0.6295309431715697,0.8072674598449213,1.0,0.45641405806859564,0.8193415200785236,0.7415280209165287,0.7495085220145419,0.6985085866760384,0.7700412773075298,0.8092259905810024,0.7529142629664509,0.2941114290722792,0.7952328871137747,0.7780551299600937,0.8368642487900869,0.8210790455086138,0.7823961607966975,0.8323705684250954,0.8975588975051926,0.6343872372299755,0.7393070793554422,0.8436581897402117,0.8472072272626334,0.7537899130491609,0.7779907166300676,0.6111716602502918,0.7500933614681988,0.5885449334516571,0.6234826118696289,-0.7830162832089894,0.17970392599836438,-0.46611318066822627,-0.5827409179880267,-0.3233190643093103,-0.24859773652550893,-0.2715578613104782,0.09781133054380331,0.3895089012787153,0.23695150121364464,0.3604679703382329,-0.8117254386634827,-0.06389935538834665,-0.4689526792262651,-0.5809952805178499,-0.5709203676989497,-0.42999870957243,0.20963544923146424,0.30209303812198024,0.2507807659086325
0.2826733709080039,0.47042766395242563,0.29522060149297885,0.3883705410659258,0.3609745656713826,0.39603526596466015,0.3741005278317021,0.4914543506653504,0.42528940529007847,0.5882763703850161,0.4510178514987269,0.46308409709452736,0.48524813784487364,0.43876052465156284,0.3609775044075512,0.5137028627615804,0.37812119220220014,0.19184626139974262,0.25241589341794207,0.41870801530286517,0.4180549904487016,0.5555553991410218,0.45641405806859564,1.0,0.5068740683754154,0.34702426687947946,0.39501669584887833,0.37951510295621077,0.4000930676422005,0.521671836238276,0.5226379785955634,0.5385792747891015,0.48147631948616465,0.43812531424271267,0.47178604234040933,0.6485976715590082,0.42606925007167934,0.4750176698321992,0.5185413260683887,0.575621060098988,0.4731989904402746,0.5286637306151173,0.5023653991840319,0.5828171597136882,0.5670371387896598,0.5324668071611195,0.3906475837919272,0.6902315318416463,0.33194480087895556,-0.41497218482923043,0.2528085877640684,-0.03656721587986629,-0.36721259923974786,-0.011216784765156942,-0.03759399234418111,0.04332977127593791,0.14965015784972655,0.1760468324101056,0.20883377585256307,-0.029944549660795183,-0.4832819523958371,-0.15010456153782226,0.013877197104659681,-0.23691110901609108,-0.26232427012384335,-0.2647123762654952,0.19784777419467622,0.1531360895337874,0.2860754959302746
0.76091295599363,0.8477873816215171,0.7533788955361123,0.7113923084831727,0.7546330651208887,0.6846511118450594,0.8449161545483181,0.9045319599556462,0.6254644516264486,0.7055679724230449,0.8920130726047152,0.6128406688600608,0.859421991035577,0.8702425907941261,0.863349393243559,0.7546325452109639,0.8058844121337595,0.7404290540365313,0.6842164611809031,0.5644127983542311,0.5060428026175466,0.7644393015976764,0.8193415200785236,0.5068740683754154,1.0,0.8426575904387844,0.8942395225964669,0.722679242765461,0.836755300660342,0.8536236801486845,0.7153602483602073,0.5508891885384746,0.8824736222061235,0.8982841205262901,0.8837820587331618,0.813112419646327,0.8919209147064734,0.8882584966216585,0.8561118338427836,0.4114198652569555,0.7223454774078472,0.7796942788811831,0.833308876528442,0.6851685553336362,0.7864193012185411,0.4716780879989536,0.8350549202944533,0.48147037729015607,0.7615754902866015,-0.8579093057435073,0.08400985206067489,-0.5406061400371028,-0.6799908846060547,-0.4015919077527025,-0.21126843642901869,-0.24989908435224847,0.0947608690251739,0.41126662684014414,0.1335084824258838,0.5144976925747438,-0.840441985731813,0.002768782807607604,-0.5989067712667661,-0.6433986527326206,-0.5603000946360549,-0.4524242794040909,0.08822073803555071,0.2502497095265995,0.08212499883969182
0.8375555068829134,0.8712477802119967,0.8979597887752389,0.7756576417836087,0.8295504533507341,0.7139875189922238,0.9486117764723548,0.8934066321824234,0.652778966291778,0.6470562226288068,0.8848242367843293,0.5847818947377103,0.7715114861811881,0.8454635611185862,0.9143541133718807,0.7184943784173882,0.9026981903790263,0.8684483817020348,0.7311418645684319,0.6033618913820297,0.4692905265550658,0.7272000072518596,0.7415280209165287,0.34702426687947946,0.8426575904387844,1.0,0.9086835327702635,0.8041170757239946,0.8864201156183579,0.8402572382723508,0.700738666497342,0.4909266680857458,0.8629412746992028,0.921742871219159,0.8930625373692227,0.7592330122626781,0.9178801992136971,0.8984065584129876,0.841223041105286,0.2887718077012052,0.759269851762753,0.7415617486036598,0.8121345010445876,0.6014772959415549,0.7698572001893336,0.3830345986111145,0.8739502329705539,0.2739961054759943,0.8196872328947702,-0.903427371765699,-0.023692834817751567,-0.6202671016667488,-0.655994303452783,-0.4688865361044597,-0.288616063850931,-0.4806215241061586,-0.06975435382144247,0.3599616598408696,0.14994378820589385,0.7059522788272014,-0.8486117394822683,0.018817864015792544,-0.6480436120685912,-0.6541688112039485,-0.5230873989252153,-0.38102039717083563,-0.00041336521633606377,0.23998365976056033,0.03800028662201382
0.8585625825837735,0.8693395508441568,0.899117030108914,0.7837692820232863,0.848602365353281,0.7735723643680719,0.8787455224994306,0.9255840659861254,0.6027012652535932,0.6374917774865063,0.8922467873849117,0.6414895475920871,0.8062025798621886,0.9272465201680848,0.9517490954585086,0.7599846172365483,0.816698843456627,0.8736049500438976,0.7133530345790718,0.6054172066000593,0.4761591185239433,0.7118978428519591,0.7495085220145419,0.39501669584887833,0.8942395225964669,0.9086835327702635,1.0,0.7861632028207034,0.874150066757676,0.8565969327292299,0.6949354677059436,0.5153510977478368,0.9110651016723271,0.9558265773605521,0.8959206367959559,0.7496662461924959,0.9434474199496021,0.9260349664718011,0.8267770018202861,0.2612441703655322,0.7517800889097901,0.6818390483206821,0.7771029271288021,0.623464780126894,0.7560929550654601,0.32150314430457183,0.8513791535391713,0.39263639437965897,0.8600132077800989,-0.9420562115618374,-0.047935472565005265,-0.5897800872075918,-0.6835841731983032,-0.5631165577261575,-0.2353798390977014,-0.38940881288764123,-0.06519314934790363,0.32641760027354905,0.07748435293219158,0.7400863713268222,-0.8547496963135344,0.10390393821068393,-0.6519146539462966,-0.6763651607589681,-0.5901704866569175,-0.43807527589239903,-0.055227553629772934,0.1559421849020046,-0.05744025519090289
0.9432375798542807,0.9409636462032402,0.9022814903496158,0.9378244816948839,0.9116622055770488,0.8880441386798377,0.8657717315241951,0.8272108560540079,0.8653101156479539,0.7923065804664847,0.8403788989293328,0.8169675243209424,0.7542268673091707,0.7488372350419528,0.8234479632285886,0.8018548329901298,0.731303168079317,0.6191801283160882,0.8046530046316557,0.8227627683341248,0.7511424331677785,0.7299936724748529,0.6985085866760384,0.37951510295621077,0.722679242765461,0.8041170757239946,0.7861632028207034,1.0,0.9413585536820402,0.9235701218697976,0.8997721148052622,0.22301032012020322,0.9028562849609176,0.8343774521415128,0.9002526919551904,0.8366376526481822,0.8464425870286443,0.8993923052736881,0.8662990430285581,0.5378946899443103,0.9177046074031389,0.8296627723616667,0.8474056897446829,0.6659685430845218,0.8061187807905987,0.48755504215509066,0.6549708180208081,0.4015614233404102,0.7809021136673989,-0.9029287397577797,-0.008405256707344266,-0.4300056571018322,-0.3736920213963269,-0.2157685306387385,-0.35575293144716497,-0.5735310110436499,-0.3224451768610035,0.13731958089109578,0.3170649148839154,0.5173362448129245,-0.9280353153025737,-0.07308763346834282,-0.38895021685170406,-0.3575839961851725,-0.4210947623886651,-0.3083066867207242,-0.15317604972439836,0.1755292552688431,0.2783412673510186
0.9442521783387442,0.9704272263514571,0.9223558645121369,0.9197919055429619,0.9210163560545632,0.8712375539036153,0.9403190640976801,0.889703913135758,0.8468352807060339,0.7796428789036546,0.8945079498504255,0.7560460498214935,0.8249460446109772,0.825543185380722,0.9097725363337764,0.8044005289748846,0.8358171771996213,0.7387186243353965,0.8383770759404849,0.7894994638150841,0.6732700604580452,0.7868995502904822,0.7700412773075298,0.4000930676422005,0.836755300660342,0.8864201156183579,0.874150066757676,0.9413585536820402,1.0,0.9405165929871585,0.8712109052121264,0.35532506847816137,0.9380110929956256,0.9105059383342248,0.9510832797636666,0.8685278758905147,0.9215809209924388,0.9524113220918515,0.9087380280431808,0.49027189804844457,0.8867201755108288,0.8526378392500862,0.8751980084313112,0.6588477476946617,0.8247155348483468,0.48116092868370414,0.7790123523271402,0.4030116703836933,0.8243021188984336,-0.9503935675304381,-0.02085825001786464,-0.5251897724720904,-0.4954335160309528,-0.32831373266122554,-0.3287452818822052,-0.5290672325661528,-0.26050253507511606,0.21838875908583646,0.2546833290257975,0.6063936007942241,-0.954341165179423,-0.0579179861046845,-0.5207692926284753,-0.49539610312681737,-0.5070936538872652,-0.3538602533675436,-0.13841565758982127,0.1826599213684693,0.19856679036296374
0.8923806146628553,0.9580871141845767,0.8748613896460681,0.908909930655939,0.8810077209748528,0.8502519927319145,0.880857530074191,0.9086234431946644,0.8390820630643465,0.8227517724679347,0.9162737136353206,0.8213332644897033,0.8578913055379398,0.8290437603972327,0.8751058312602507,0.8601462395641309,0.7772977387821373,0.667692708776934,0.8026591673766782,0.7866826703931626,0.7385459207939283,0.7861198085280309,0.8092259905810024,0.521671836238276,0.8536236801486845,0.8402572382723508,0.8565969327292299,0.9235701218697976,0.9405165929871585,1.0,0.912872434226832,0.34826844740550783,0.9460364972497537,0.9007165569907718,0.9471193671268363,0.9012568901021246,0.9058037187510962,0.9497569682912006,0.9302544751261436,0.5783837417127623,0.9082674226946842,0.8711166693121285,0.8836813548714202,0.7465173044029138,0.8514962166518731,0.556459362138264,0.7272360030304545,0.5347277041302305,0.8018315829777931,-0.9317782448744569,0.03957707948642104,-0.41509559774757215,-0.5067988697780221,-0.27885559402552323,-0.300238290074371,-0.4424614495552469,-0.16838453927653418,0.21474788043209828,0.29368462097654474,0.483407814955457,-0.9553287581595673,-0.11500828418829893,-0.40753241319376543,-0.47618030104651693,-0.5101576780288686,-0.3819053728599553,-0.05700117603727796,0.19003433640425907,0.26339747429944693
