0,1,2,3,4,5,6,7,8,9,10,11,12,13,14,15,16,17,18,19,20,21,22,23,24,25,26,27,28,29,30,31,32,33,34,35,36,37,38,39,40,41,42,43,44,45,46,47,48,49,50,51,52,53,54,55,56,57,58,59,60,61,62,63,64,65,66,67,68
1.0,0.8554831561020245,0.8867382976115502,0.8738675308868227,0.8727309661010448,0.8850607886576997,0.7817272811166873,0.8471448862370397,0.8582126027059397,0.783258899115202,0.8103052936280981,0.8439810587509837,0.7862036691664258,0.7940589749178503,0.815612649312321,0.7290947145211968,0.7765444068520325,0.7122510748683363,0.5505952705368943,0.7554779834571167,0.8129199009714746,0.7582773679533403,0.7407400185777241,0.7452577836578093,0.851527029990069,0.731938448836698,0.8368413366677306,0.9321173251567504,0.8844186123646808,0.8056511265572635,0.7891217065272086,0.7242897341089518,0.8644676431546512,0.8284802953172153,0.8014101296927322,0.7881193289572842,0.8161625621636499,0.8117202720971634,0.8009943516853543,0.6348326550043172,0.7602634335663903,0.7604652798952817,0.7731481394644425,0.7562064985992409,0.8155097963904793,0.6631153994421797,0.8142141521619787,0.6339616720689315,0.6446564931721677,-0.8572775929509167,0.16436028957668958,-0.6137539834572698,-0.44419890896823755,-0.1250761007544203,-0.10819096465726126,-0.30270555264985644,-0.23087092251855462,0.17840008992032957,0.5084613257715259,0.6196429521873422,-0.8120712366316953,-0.030939479341716813,-0.5578842385131967,-0.5028905697046896,-0.429128279755726,-0.18826647066938354,-0.3761669164389865,-0.09967542542919694,0.36770773809566515
0.8554831561020245,1.0,0.935197469084055,0.9459589723881674,0.9521184670996554,0.9493460302005976,0.9548865216194617,0.9653487555050171,0.9625064901058381,0.9401198233282753,0.9207487674177558,0.9282405196271808,0.946510200623215,0.9370712480137189,0.9596304801820631,0.9072316349438893,0.9440672344584741,0.904232700923242,0.7429632124264466,0.9299856440131855,0.9249870133454451,0.9164516683580927,0.9093816480342308,0.9045143209409717,0.8905058118534555,0.9213266513375168,0.951808052401545,0.8735191553736851,0.9680555668222838,0.9563484136924724,0.9403505465010737,0.8687544199198856,0.9566532865499724,0.9661808819238312,0.9574667546112605,0.9536379706318041,0.9586449155007857,0.9634305131769341,0.9636403131770486,0.8003811912631223,0.8679207939054999,0.95312582507542,0.9420317174491553,0.9221741040012418,0.948027869979372,0.8694990654959482,0.9482379746106184,0.7273344857049964,0.8073881086232062,-0.9549954714524176,-0.009294128049210542,-0.5258630754432618,-0.6576056950321332,0.010729448676654988,-0.044656322236237125,-0.0468447435168108,-0.13835024104738772,0.2689751296749747,0.3881037834226724,0.40044362513549064,-0.9669701785382433,-0.28974784060217007,-0.5200514779543197,-0.6967245666322675,-0.5775550953722842,-0.12370050661699884,-0.36847794167341835,-0.08345114459813537,0.3381402198439029
0.8867382976115502,0.935197469084055,1.0,0.966048635093681,0.9243598359197058,0.9206939716211134,0.9259078462556484,0.9235370589533307,0.9255876997207093,0.9129962673379053,0.9148127436176064,0.9419199600920352,0.9041552808973773,0.8972111205089266,0.9220414948583209,0.8593494542775977,0.9263833365940837,0.8507242521042043,0.6612027463262076,0.8719070278082159,0.9340764832940758,0.8712874954863173,0.8099094206119666,0.8417218620347793,0.8851170153784025,0.8935119737381738,0.9258180725126878,0.9111310969860273,0.9552213656006125,0.9349301034259451,0.9244475923799513,0.8486805448130706,0.9141191654667771,0.9274178400049264,0.9246495315699421,0.9074594930068028,0.9130291166538458,0.9340735674013216,0.9224295039898445,0.706242067840158,0.7860409668133018,0.8921363645576663,0.9129703551123657,0.8611806954110199,0.936013519968781,0.8264395189493648,0.9064742683658455,0.6269563852168509,0.691549231720761,-0.9523481184594966,0.04134622052032973,-0.6007529963476477,-0.6235817472357619,-0.1552908764850976,-0.1430546368669351,-0.1798229590176186,-0.17590832170078005,0.13397296548108703,0.3312456765633535,0.5341456013815832,-0.9222710514214395,-0.16316888733718082,-0.5872271803023095,-0.6611770217337053,-0.5663630606365462,-0.21072373582772833,-0.37618463013496517,-0.17311641058911004,0.25655536271654933
0.8738675308868227,0.9459589723881674,0.966048635093681,1.0,0.931091025618547,0.9360641108207267,0.9408194133267174,0.9336211766886615,0.9358046803578448,0.9267432103949017,0.9141131568604195,0.9430466243690695,0.9303286090722376,0.9195732741631094,0.9372035673813472,0.8862257349278845,0.9390952698589946,0.8696933964406435,0.653828884938866,0.8948179020443087,0.9408962329932389,0.9018025332926931,0.8364429679423151,0.8665697443728798,0.8709861089105454,0.8991324987806635,0.9366471653666827,0.8868907172687531,0.9555919313748854,0.9422915118905792,0.9345271642322237,0.8649197031804935,0.9239316586087869,0.9396628814211442,0.9383187762874414,0.9228038452208877,0.9314936561792747,0.9448997879560489,0.934787099556211,0.7297949371941523,0.8102507371291116,0.9061201278022432,0.9214322587740011,0.871285303990953,0.9433416612066393,0.8386987708015263,0.9219034211302,0.6636240217003031,0.7345072524984969,-0.9481163444514196,0.015612375892788249,-0.5791427386491124,-0.6379114172367724,-0.09539391318544523,-0.10018486204774735,-0.11241368879715717,-0.15492601751842672,0.16730639764484065,0.3440434656534087,0.46854072574620875,-0.9410020698348242,-0.22161541325933048,-0.5813785625556505,-0.6844909324257603,-0.5940326698242965,-0.17999974387293988,-0.37647994438374016,-0.16009274776533658,0.27341220512974085
0.8727309661010448,0.9521184670996554,0.9243598359197058,0.931091025618547,1.0,0.9452482221837836,0.9173067971962394,0.937935443879115,0.9293313019455477,0.9208582631257547,0.9004625452419771,0.9099886357366165,0.9170246765780429,0.9107857672113978,0.9219981132851751,0.8670962453011799,0.908875108055593,0.8637926362433987,0.6957709155248221,0.8984431816674688,0.9081941839510022,0.8849601259619584,0.8721233486296065,0.8765103412984823,0.8557324389494432,0.8826359456299506,0.9231795686940751,0.8762622155544099,0.9453602392664391,0.9180162274898279,0.9004715555849435,0.8519287888173028,0.9321214605401836,0.9280662244333695,0.9170936786712759,0.9182431172413722,0.9201187023581084,0.9362204641736892,0.9313971840826551,0.7721248406972772,0.8697181206399859,0.9213240261666198,0.9100025072755402,0.8857296579743443,0.9209595017337483,0.8265148880127949,0.9159291885386043,0.7185626484323265,0.7757716155105988,-0.9284419176060223,0.013642306614888317,-0.5511292127932651,-0.6061947315271444,-0.005985282581191098,-0.06046508718642847,-0.09355368435869638,-0.1686000318698597,0.21583925325151335,0.39188163826626365,0.431125817848157,-0.9334546521953928,-0.26216388184413725,-0.5291325413127916,-0.6572676201492402,-0.5518066552759262,-0.1406006802574937,-0.36600131445538725,-0.08389679594542282,0.3047448957504821
0.8850607886576997,0.9493460302005976,0.9206939716211134,0.9360641108207267,0.9452482221837836,1.0,0.9177213631699614,0.9242615538670095,0.9281356151433311,0.888485420338746,0.8647023541101844,0.9032525588950268,0.911847833534369,0.8952130971960981,0.9233943681653175,0.8820543882757488,0.8903911514423862,0.8791798494792629,0.746264376795519,0.921927235264152,0.8811202947670856,0.8847252799729016,0.8701405807676883,0.8636905950194145,0.8454199042045992,0.8915857199783334,0.9224409691304138,0.8861087007463209,0.9517868406773452,0.9080769648224689,0.8851553710567127,0.8175342349064237,0.9302119794896851,0.9221098231638412,0.9155221547685554,0.8980097745325533,0.9221444379928513,0.9217505969728182,0.9193290941689175,0.7464582765936558,0.8840864459616292,0.909008502605857,0.9091655710014592,0.87500167056033,0.9090353173089489,0.8024361882960314,0.9119978586773332,0.6980015348467179,0.73940105219241,-0.9347851416933977,0.015994996615193994,-0.5322070817332577,-0.5940427203753595,-0.027200077214197628,-0.06305311998105823,-0.13434712701560192,-0.23598698979374308,0.2025415657307466,0.39269955234028275,0.4647190880173088,-0.921923343036045,-0.2417940398646779,-0.5099438549991842,-0.6306548708453404,-0.4970567180448495,-0.11939015625606782,-0.444348829830377,-0.09429652465021868,0.2810653872845617
0.7817272811166873,0.9548865216194617,0.9259078462556484,0.9408194133267174,0.9173067971962394,0.9177213631699614,1.0,0.9447323608364545,0.9382729127219612,0.9416307412359749,0.9113046907057087,0.9084200583805636,0.9548934485779127,0.93869405727411,0.9570323148443811,0.9219859005461162,0.9680308730695422,0.9327867748548032,0.7426956643883396,0.9347780953563659,0.9245239198732965,0.9332730262838024,0.8975223083459708,0.8987168804195107,0.8607734865178263,0.9551722025512298,0.9501668249637345,0.8150387015606747,0.9430934223318237,0.9524905658919933,0.9420654981818177,0.8904108690910884,0.9244076684095703,0.9543770293603261,0.955500346481614,0.9488800577872099,0.9564154779524214,0.9630396089309122,0.9588878127396487,0.7620707013243311,0.8367614380970241,0.9529606642808284,0.9575423015845196,0.9017560535743869,0.9487133315186053,0.8906600508398004,0.9348257218435475,0.703051817701804,0.7731518604629897,-0.9460171803630434,-0.07266594002609683,-0.5171590761498178,-0.7193429905440327,-0.027456933458893842,-0.05649186059032078,-0.0027593630718505493,-0.13812047810530423,0.21090763545745875,0.2961837137506029,0.37565106837924694,-0.9572659895875755,-0.3301349157232836,-0.5288768594981054,-0.7399520891779603,-0.5933655386127845,-0.11822846335058593,-0.3575689805858949,-0.12110776031818309,0.23109276540727802
0.8471448862370397,0.9653487555050171,0.9235370589533307,0.9336211766886615,0.937935443879115,0.9242615538670095,0.9447323608364545,1.0,0.9523425481738227,0.9466201984335116,0.9418158448156302,0.920593559341989,0.9495326372949794,0.9498492463466525,0.9539024583829403,0.9072702318019954,0.9419273431181633,0.8822145774927032,0.6738257709598844,0.895128067736685,0.93184056802807,0.9193602627106321,0.9109338438107002,0.8969308437408081,0.9017065419342363,0.898313256223437,0.9554943742622759,0.8546109785665578,0.9493033452514394,0.95094094588036,0.941183011183879,0.8886550674617236,0.9543890173272461,0.9647570107687169,0.9554435353945775,0.9532824664462068,0.9635670742909772,0.9634508463593876,0.9561470398740411,0.7946226186792615,0.8309021931329813,0.9329236364106495,0.9255691717622769,0.9146348632320024,0.9453280311595519,0.8660986433992928,0.933599071354495,0.7525337346025994,0.8167628640016688,-0.9430608143413272,-0.028316567363521013,-0.5666088365542498,-0.6974686959149735,-0.000833131399251067,-0.03584917185273437,0.020493585847503003,-0.0863670224110625,0.30945043424044055,0.42918126950004115,0.401792968750099,-0.9622625595571448,-0.30640892696299604,-0.5690574760923578,-0.7293734888549857,-0.6158663403949055,-0.13660053632577762,-0.30187228049342707,-0.07006233070928976,0.338132510409276
0.8582126027059397,0.9625064901058381,0.9255876997207093,0.9358046803578448,0.9293313019455477,0.9281356151433311,0.9382729127219612,0.9523425481738227,1.0,0.9302572793798426,0.9110787160154465,0.9208218487077869,0.9295992343205296,0.9254443517861068,0.9436042827313149,0.8876731855135823,0.9337850836254861,0.8759483899795076,0.6960387641437841,0.9013651848022435,0.911095068165644,0.903276193579079,0.8922215069865692,0.8932030976808216,0.8989404085737953,0.8953227826776348,0.9388674148046582,0.8668452536947129,0.9557726518462825,0.9416951883075301,0.927353613759878,0.8698602171771117,0.9513885205922284,0.9558890190857084,0.9451878827897453,0.9468388377515653,0.9449909388378368,0.9456928767209056,0.9525948696851553,0.7805601813235276,0.8234482564176313,0.927848622735531,0.9163907252487056,0.9076575383017786,0.9370205006009314,0.8700489383884591,0.9394964397679761,0.7136021227227242,0.801004125305624,-0.9398492143605117,0.025247368502842822,-0.5525320036954066,-0.6529721940547571,-0.007781389519017758,-0.03856881314622655,-0.07597917769769857,-0.08209159687094644,0.30143669353812896,0.4024501004921196,0.4091332213535976,-0.9532859491124124,-0.24534278358099962,-0.5453560958839344,-0.6949487133672292,-0.5881608314450252,-0.12585245290045105,-0.31450361992255077,-0.08728664391004835,0.3587536107995815
0.783258899115202,0.9401198233282753,0.9129962673379053,0.9267432103949017,0.9208582631257547,0.888485420338746,0.9416307412359749,0.9466201984335116,0.9302572793798426,1.0,0.9465348887903211,0.911892817329862,0.945505929426497,0.9345445940406144,0.9239722583408849,0.883635319400512,0.9556543566094721,0.8606094537580993,0.6307959479052844,0.8703056187483053,0.9453536597263082,0.9109722629874669,0.8710057839008637,0.8771336259158308,0.8672706911628569,0.8871174346926406,0.9264263435032275,0.8227896950690449,0.9213918655602782,0.9490624430974631,0.9481646182891306,0.8975896240652933,0.9180476513527002,0.938052416664122,0.9478294142801515,0.9445624350248918,0.9322650986950628,0.9496900325784502,0.952417680039698,0.7531662375647132,0.7796233260022057,0.9367172567402456,0.9343068810140728,0.9079938756688475,0.9486416427132724,0.895964062143073,0.9192456625575561,0.683448102355986,0.8101285952551804,-0.9161858780005256,-0.01790160484962745,-0.5282679484545626,-0.7085152504740134,0.007305324267518333,-0.06106168162554172,0.05205037557259043,-0.0009753953070668044,0.27823184966787523,0.3670531140893987,0.347087744327603,-0.953771095204204,-0.3058113377310895,-0.5549883334143173,-0.7583966502956226,-0.6544427278821161,-0.1622506941247838,-0.22634747856494722,-0.08236741594438032,0.3248493520931214
0.8103052936280981,0.9207487674177558,0.9148127436176064,0.9141131568604195,0.9004625452419771,0.8647023541101844,0.9113046907057087,0.9418158448156302,0.9110787160154465,0.9465348887903211,1.0,0.9078037146869898,0.9189384187342063,0.917244644959461,0.9082053681548418,0.8505232353432489,0.9348650519185063,0.8186047047762564,0.5749455564630885,0.818955252679659,0.9403249612324399,0.8886562643832837,0.8442009165120309,0.8486592105394334,0.9014035249092363,0.8503619708175663,0.9208887597134109,0.8354720858149558,0.9092545951458797,0.9399351179423407,0.9429770304452842,0.8757901517666279,0.9072307858687424,0.9280502939273485,0.9274905008377397,0.9222068753690605,0.9185084189088174,0.932236177717548,0.9275197221753141,0.7181903507871342,0.7329361882467259,0.9012848932139238,0.9053966131297694,0.8755583083492827,0.9293485900992737,0.8640078208008214,0.8921589763187955,0.6747971258773438,0.7907911689001843,-0.9007867818671722,0.012234893579497842,-0.5297604020480756,-0.6659925960286127,-0.010795646457805737,-0.05506659746767006,0.04548694242475099,0.017428133341083858,0.26819258461873735,0.4230031926498506,0.38408359745859544,-0.9337165817579863,-0.24937790315523453,-0.5539374568735513,-0.7268600814799763,-0.6440297464955769,-0.17813239893257793,-0.19468243466357674,-0.08704035970845181,0.3381057905008646
0.8439810587509837,0.9282405196271808,0.9419199600920352,0.9430466243690695,0.9099886357366165,0.9032525588950268,0.9084200583805636,0.920593559341989,0.9208218487077869,0.911892817329862,0.9078037146869898,1.0,0.9016515337742372,0.9039253738148972,0.9182030182524711,0.8517508286363559,0.9161322566939313,0.8223219302896244,0.6340698649023034,0.8695216538796494,0.944739597615686,0.8541019064142854,0.8116870929902368,0.8404511532308971,0.8807831146130106,0.8690059798053572,0.9117836698820306,0.8678562170244264,0.933879477905637,0.9384058017754607,0.9224655556369205,0.826293817022707,0.9276530763135904,0.9307156767633421,0.9270541461152785,0.9076085623886883,0.9108330078724267,0.926125221508223,0.9211161004495769,0.7253830436519622,0.759359705624624,0.8874813604927907,0.9027614570632332,0.8785565182606456,0.933110654260415,0.8448653641461915,0.9009372478193205,0.6349592381136517,0.7145977113778257,-0.9319205531887399,0.02522499592027271,-0.5496840503490221,-0.601406731239186,-0.08372056306343818,-0.09679686816108243,-0.0899646492202102,-0.07685160971733718,0.19733709946209052,0.3382026976538466,0.44256100415343613,-0.9245731010376134,-0.19630565782461357,-0.5525933249501852,-0.6413331978436112,-0.5785633504419642,-0.1727884044714567,-0.32300819383582835,-0.1441730137531759,0.3092718578106575
0.7862036691664258,0.946510200623215,0.9041552808973773,0.9303286090722376,0.9170246765780429,0.911847833534369,0.9548934485779127,0.9495326372949794,0.9295992343205296,0.945505929426497,0.9189384187342063,0.9016515337742372,1.0,0.9490724372887067,0.9502940426068625,0.9305720688179941,0.9513507163679257,0.90254903421307,0.6699237712214674,0.9125342778578506,0.932754710144885,0.943643409271812,0.896935011273894,0.9021262594132006,0.8705294789344376,0.9117371839224946,0.9516748589048731,0.8044673729134083,0.929798498179667,0.9488262890558222,0.9468338568140492,0.8983311951555789,0.9283069577936108,0.9500192957234158,0.9530946354204817,0.9457738978451115,0.9577678138784911,0.9579014163176436,0.9480146221734916,0.7590809506514917,0.8126563069724982,0.9369947207114343,0.932459137915996,0.8930380786648147,0.9401907394334813,0.8791526964834042,0.9260233218811608,0.7409556473826074,0.8010516351331911,-0.9282396773974028,-0.07419618642130356,-0.5137572474608061,-0.7346417512262141,-0.0008442913089963278,-0.027583293493382066,0.05551863469142105,-0.09721944580915083,0.24616034333828918,0.3645657845028373,0.3605303813309532,-0.9554889045094462,-0.35137679356194057,-0.5396521985054259,-0.7613589526820239,-0.6227070266943775,-0.11724462262476759,-0.3103495744212826,-0.11520879360419589,0.2693305076851294
0.7940589749178503,0.9370712480137189,0.8972111205089266,0.9195732741631094,0.9107857672113978,0.8952130971960981,0.93869405727411,0.9498492463466525,0.9254443517861068,0.9345445940406144,0.917244644959461,0.9039253738148972,0.9490724372887067,1.0,0.950162476586265,0.9014397779302874,0.942834937005031,0.8818322819913318,0.638478794941337,0.8848424539396417,0.9258980872504361,0.9174816931735186,0.8895790283827589,0.8944347066196606,0.887604957138388,0.8911935756401406,0.9527985599684613,0.7990822431762679,0.917388105976651,0.939337920800514,0.9328975164941768,0.8878541687920695,0.9377670203387803,0.9543404510421882,0.9449634679205423,0.9373736829297922,0.961976798840806,0.9527457296572077,0.9373414566244217,0.7509932385230412,0.7897670564844674,0.9250344816081271,0.9104765244913768,0.8882906724853751,0.9257346230605427,0.8613402973467955,0.9108428765334463,0.7454188571889233,0.8254926341734883,-0.9152374406239209,-0.07405671750904728,-0.529639291176019,-0.7140804564520584,0.010219056215150775,-0.0017341113919399802,0.06367001912396371,-0.07222711415666887,0.28419618974430644,0.38246563986703863,0.3264089594411764,-0.9525348341297576,-0.35021874260756003,-0.5542597336958789,-0.7535802233471288,-0.645531166376627,-0.10262680002308856,-0.2913997236510098,-0.13039565378743548,0.26671660413852005
0.815612649312321,0.9596304801820631,0.9220414948583209,0.9372035673813472,0.9219981132851751,0.9233943681653175,0.9570323148443811,0.9539024583829403,0.9436042827313149,0.9239722583408849,0.9082053681548418,0.9182030182524711,0.9502940426068625,0.950162476586265,1.0,0.9270285577906774,0.9468578651013149,0.9156773051159046,0.7218074924755882,0.9230780338262082,0.9185336169887948,0.9240687206032555,0.9005228959810275,0.9011894248788758,0.8938803929011111,0.9236223002049134,0.9606575819194144,0.8255876669635173,0.9481677428459809,0.9529965486292911,0.9399378342449073,0.8758431765326609,0.9455519432299917,0.9726913502216428,0.955348031957009,0.9469717140377076,0.9662976485489331,0.9659671459690035,0.9514726350211153,0.7807095990446964,0.8265921997103479,0.9383821889748388,0.9312672631905795,0.9031344710567822,0.9384167982448731,0.8711610681585807,0.9365282065096151,0.7382048261664755,0.7988117306582152,-0.9466251495288024,-0.059163314157572575,-0.5270705602077471,-0.6952700029561177,-0.021921510152035566,-0.02450968158926852,-0.010061899834913946,-0.14936751098368314,0.24060880735748333,0.3455473822154719,0.36760613886150884,-0.9633708536005403,-0.34033231803068204,-0.544087992246032,-0.7231673892210564,-0.6211732598049852,-0.11807370194815699,-0.3816759953647542,-0.1369734209478564,0.27289055499610565
0.7290947145211968,0.9072316349438893,0.8593494542775977,0.8862257349278845,0.8670962453011799,0.8820543882757488,0.9219859005461162,0.9072702318019954,0.8876731855135823,0.883635319400512,0.8505232353432489,0.8517508286363559,0.9305720688179941,0.9014397779302874,0.9270285577906774,1.0,0.9039255143669855,0.9163275578308184,0.7264429294484057,0.8976655666784773,0.8664983584549738,0.9268157179563569,0.8985592216568861,0.8690154572558849,0.7946284657795967,0.887862332290975,0.9086017772680768,0.7554828297486047,0.8918429986690902,0.9034862190526014,0.9021059548209963,0.8611317463729543,0.8706330580367703,0.914091027070517,0.9201943039324588,0.9031240547529954,0.9193179721637283,0.92779941694928,0.9122864968741592,0.7749050577714044,0.8012133190075924,0.8987985562271609,0.8931168911605383,0.8337950668524472,0.8846754611576461,0.8220450490372004,0.8898769406244521,0.7573074430348654,0.748914432787428,-0.897448281407764,-0.0636378385312643,-0.4910999567137867,-0.7268335886778993,-0.008714807778274804,-0.027449136379376838,0.05748029321598503,-0.16632566870203996,0.22386820453849252,0.30234409283794933,0.31394787947504044,-0.9158613586120363,-0.3544829702777105,-0.5063154998991826,-0.7436437246201791,-0.6045320363301739,-0.11159764567615646,-0.36637389370310425,-0.10393052125665835,0.20625501678228475
0.7765444068520325,0.9440672344584741,0.9263833365940837,0.9390952698589946,0.908875108055593,0.8903911514423862,0.9680308730695422,0.9419273431181633,0.9337850836254861,0.9556543566094721,0.9348650519185063,0.9161322566939313,0.9513507163679257,0.942834937005031,0.9468578651013149,0.9039255143669855,1.0,0.8990319255534399,0.6686026143027353,0.8967735449121381,0.942443066804777,0.9279427544372448,0.8792701753618255,0.8862304024495299,0.8777243199167046,0.9294034891532007,0.9446995201040734,0.8103904906924931,0.9312098365439523,0.9555502083596497,0.9529687845343964,0.9037685605953871,0.9205401690406294,0.9515266253418267,0.9549182337968439,0.9481688241417393,0.9470927934579153,0.9587174525290117,0.955631320078674,0.7392549294690527,0.7853933026588871,0.9442301340695154,0.950561611828771,0.8964979787720644,0.9499519145527717,0.8972110811966522,0.9268791385422056,0.6826987567333831,0.7898142110350012,-0.9315103551862389,-0.04874682480218839,-0.530000657006157,-0.7218368996529763,-0.0232201680624916,-0.06588663952604201,0.018216604956896438,-0.05907886581810346,0.22814906746322072,0.3080467016173259,0.35701215895375576,-0.9576250595576198,-0.30974093445130935,-0.5560024316328254,-0.7536576547845839,-0.6413281690309643,-0.14265676369848185,-0.2902208702756996,-0.12685693780809737,0.2517324287694262
0.7122510748683363,0.904232700923242,0.8507242521042043,0.8696933964406435,0.8637926362433987,0.8791798494792629,0.9327867748548032,0.8822145774927032,0.8759483899795076,0.8606094537580993,0.8186047047762564,0.8223219302896244,0.90254903421307,0.8818322819913318,0.9156773051159046,0.9163275578308184,0.8990319255534399,1.0,0.8374127057280195,0.9271032346923747,0.8300657857560032,0.925254070581851,0.9112793493710047,0.8737162596222025,0.7701228159515747,0.9278176560150286,0.8976794177256711,0.730204883771676,0.8827831925383831,0.8843463953062564,0.8807730381498143,0.8403226646399501,0.8606872402581277,0.9012028482566757,0.8951578861446726,0.8963703645464982,0.9106381555236651,0.9141598369524455,0.9116456837371512,0.7717367920465945,0.8464585494861596,0.9008714036064682,0.9070117639902336,0.8307166906638992,0.8696653346363884,0.8078714606153513,0.8934537095535767,0.7337518584136886,0.7375085641926731,-0.8935200792485363,-0.16176807139795513,-0.46840103203417893,-0.6985545939106805,-0.014081049835263962,-0.0196153088578353,-0.022956252487216028,-0.25254962960122934,0.15375546182250038,0.22316239277204067,0.2959040049644885,-0.9048509469778926,-0.40246725697766716,-0.4825816967036471,-0.7265649361032513,-0.5685858016482176,-0.058684980443883525,-0.4442350078155391,-0.1412469210803614,0.12770428386030488
0.5505952705368943,0.7429632124264466,0.6612027463262076,0.653828884938866,0.6957709155248221,0.746264376795519,0.7426956643883396,0.6738257709598844,0.6960387641437841,0.6307959479052844,0.5749455564630885,0.6340698649023034,0.6699237712214674,0.638478794941337,0.7218074924755882,0.7264429294484057,0.6686026143027353,0.8374127057280195,1.0,0.8213197273346403,0.5948034890879808,0.6801373259364483,0.7572069391140712,0.6771446677678006,0.5689226655231928,0.7950119182596112,0.6825785612337789,0.6063725768225828,0.7269370249532274,0.6925245699883641,0.6610128385778421,0.5597749671276904,0.6756858603225276,0.7012393758236507,0.6959677102907725,0.687486947769853,0.698329554698221,0.7081988156411739,0.7269480968933918,0.6626961341441429,0.7857810632203329,0.762471474323874,0.7555390642669803,0.6926374804706716,0.6642795185093013,0.6228784398478913,0.7130181382859204,0.5408445212453384,0.5034003604803471,-0.7365069347271941,-0.15267467714896255,-0.25550341478440197,-0.47193504013536824,0.004749821212726933,-0.050849079469887426,-0.1615301650542566,-0.36092679605608957,0.06133066214851671,0.08679002933670492,0.25202353989441706,-0.6993890722503019,-0.32029179896780163,-0.22782824488489042,-0.4658026135986761,-0.272494973402494,-0.0023671913840262494,-0.5051540457722378,-0.07142775591311266,0.06549995123379938
0.7554779834571167,0.9299856440131855,0.8719070278082159,0.8948179020443087,0.8984431816674688,0.921927235264152,0.9347780953563659,0.895128067736685,0.9013651848022435,0.8703056187483053,0.818955252679659,0.8695216538796494,0.9125342778578506,0.8848424539396417,0.9230780338262082,0.8976655666784773,0.8967735449121381,0.9271032346923747,0.8213197273346403,1.0,0.8540607911793999,0.897006045555736,0.8824712263487134,0.8870006943429453,0.7888561278739651,0.9307106633635797,0.9036614495450812,0.7818345773258084,0.9193010927404508,0.9044322789846704,0.8838576543400465,0.8196705850815434,0.8984587265690899,0.9132099656327068,0.9087865926002666,0.9070634843344924,0.9182427543149978,0.918531352034808,0.9220976474472725,0.785518528698857,0.8832334152583522,0.9225072042313294,0.9153478858563684,0.8807063101085333,0.9019281358141175,0.832660768900287,0.9063888594523138,0.7073915956432482,0.7190911459587577,-0.92032119953644,-0.12414404416547618,-0.4440515590990421,-0.640954340515796,-0.012803759166788848,-0.04369081295034795,-0.05204736613138787,-0.2378801352015117,0.16193221628209226,0.2583584384679447,0.35238410163619643,-0.9108453377934086,-0.35649370239906664,-0.4240187696467037,-0.6588174728103149,-0.4985341358807546,-0.06279507770980602,-0.4418790509467609,-0.1201632965237649,0.1932637282852545
0.8129199009714746,0.9249870133454451,0.9340764832940758,0.9408962329932389,0.9081941839510022,0.8811202947670856,0.9245239198732965,0.93184056802807,0.911095068165644,0.9453536597263082,0.9403249612324399,0.944739597615686,0.932754710144885,0.9258980872504361,0.9185336169887948,0.8664983584549738,0.942443066804777,0.8300657857560032,0.5948034890879808,0.8540607911793999,1.0,0.8827437682888428,0.8226419563397379,0.8527567224233157,0.8789276704585239,0.877992544218118,0.9275602688397147,0.8507617268217721,0.9222303443886912,0.9498192194966385,0.9533406537514403,0.8714161546316164,0.9116191811526773,0.9290779563226134,0.9388879868592862,0.9186598085851121,0.9220363901632856,0.936245066741936,0.9246509669714177,0.7070555451121516,0.7518819592246843,0.9081573327627976,0.920340194705949,0.873182633623323,0.9423626110022554,0.8654299108389103,0.8922601452959249,0.6601028424090518,0.7512880814726198,-0.9238051361840112,-0.003311132110353444,-0.5375034486417404,-0.6793910563405611,-0.05906190360782102,-0.08409223400073465,0.006272575798364256,-0.04353930962981597,0.20903257600839112,0.3699091404727379,0.42527640014326457,-0.933650680686602,-0.23494187335324737,-0.5494232388005321,-0.7104274880938942,-0.6157933695865724,-0.1755437421077714,-0.26887085820299605,-0.1403222791783101,0.30381436554587643
0.7582773679533403,0.9164516683580927,0.8712874954863173,0.9018025332926931,0.8849601259619584,0.8847252799729016,0.9332730262838024,0.9193602627106321,0.903276193579079,0.9109722629874669,0.8886562643832837,0.8541019064142854,0.943643409271812,0.9174816931735186,0.9240687206032555,0.9268157179563569,0.9279427544372448,0.925254070581851,0.6801373259364483,0.897006045555736,0.8827437682888428,1.0,0.9204756282682662,0.9128862736481268,0.8242464814600157,0.8802761958543522,0.9223487739834089,0.7579688709085344,0.8955091891009361,0.9154891127925835,0.9274724439581981,0.9139887576619368,0.8923120349915378,0.9249240040123177,0.9247259265705702,0.9344657948562238,0.9342122478376218,0.9331517932485099,0.9365885098180288,0.7956777905519149,0.7988380594090831,0.9009942888677357,0.9022248718304289,0.8457671792193335,0.9067956847358479,0.8392861418156233,0.9192247357025236,0.7876440009394703,0.8176219032505168,-0.8904920619231063,-0.0932355062388198,-0.5080216923601789,-0.7146797943102037,0.029689786540582328,0.001053076455665359,0.07573939336242783,-0.09333843105244465,0.2496014416021483,0.3314753907484189,0.29253004094101615,-0.9347920301597052,-0.381306167852056,-0.536205957310979,-0.7687666357933118,-0.6478806146448121,-0.09784383736435945,-0.3095457808865668,-0.11125753878707566,0.23974709586643875
0.7407400185777241,0.9093816480342308,0.8099094206119666,0.8364429679423151,0.8721233486296065,0.8701405807676883,0.8975223083459708,0.9109338438107002,0.8922215069865692,0.8710057839008637,0.8442009165120309,0.8116870929902368,0.896935011273894,0.8895790283827589,0.9005228959810275,0.8985592216568861,0.8792701753618255,0.9112793493710047,0.7572069391140712,0.8824712263487134,0.8226419563397379,0.9204756282682662,1.0,0.8876607756147654,0.8028289058847957,0.8592884890417174,0.888935944509145,0.7346160477049914,0.8670090709915127,0.8689960586845766,0.8642212500811264,0.8435370507637998,0.8902281387892033,0.9051394480670043,0.8888884112783023,0.9101903584567496,0.9133465551314637,0.9024421129890893,0.9152060451970502,0.8386175488561036,0.8451057763429087,0.8925935836597442,0.8784928451031389,0.8459091689845051,0.8613914569828222,0.8164755536044263,0.9048845701009584,0.8321784478384746,0.8360605478201262,-0.8578475670389244,-0.09464502670062212,-0.45286915808259803,-0.6598187998287207,0.14076910588149885,0.04435585462076386,0.09869708295360136,-0.10859509401202098,0.34786341081727357,0.3766770773085034,0.2304091908458041,-0.9117458097370413,-0.408217776147425,-0.47179208843555337,-0.6947686875011369,-0.5672299640813863,-0.045903801187232696,-0.3073763466406555,-0.005200922838781453,0.3015845332240896
0.7452577836578093,0.9045143209409717,0.8417218620347793,0.8665697443728798,0.8765103412984823,0.8636905950194145,0.8987168804195107,0.8969308437408081,0.8932030976808216,0.8771336259158308,0.8486592105394334,0.8404511532308971,0.9021262594132006,0.8944347066196606,0.9011894248788758,0.8690154572558849,0.8862304024495299,0.8737162596222025,0.6771446677678006,0.8870006943429453,0.8527567224233157,0.9128862736481268,0.8876607756147654,1.0,0.8112882633671176,0.8596220871117153,0.8967802557489497,0.7654903357922749,0.8852977996424505,0.8925393720941587,0.8881271416682227,0.907207746275651,0.8929537429780311,0.9053101660924662,0.8952849855653139,0.9452371120492725,0.9085208104896807,0.9057152667455253,0.9115940651944743,0.8594447988434782,0.8133632120156208,0.8933195243356593,0.8656088963512466,0.8577653415232978,0.8895972428392523,0.8279334662220197,0.8999084116070729,0.8209885354878491,0.8107067378299545,-0.873286908889802,-0.08840718289330528,-0.45456322227269685,-0.6715963961077897,0.04657145533554897,0.03708821841955126,0.07143288334984087,-0.09390569050828751,0.26829060295339313,0.33733199308587436,0.2806031590588451,-0.9088592271243554,-0.3651475551839746,-0.4586615932479487,-0.7056468907625372,-0.5736261693607326,-0.06471548867387952,-0.3163504014960898,-0.10877012159763513,0.2940248179961203
0.851527029990069,0.8905058118534555,0.8851170153784025,0.8709861089105454,0.8557324389494432,0.8454199042045992,0.8607734865178263,0.9017065419342363,0.8989404085737953,0.8672706911628569,0.9014035249092363,0.8807831146130106,0.8705294789344376,0.887604957138388,0.8938803929011111,0.7946284657795967,0.8777243199167046,0.7701228159515747,0.5689226655231928,0.7888561278739651,0.8789276704585239,0.8242464814600157,0.8028289058847957,0.8112882633671176,1.0,0.8043472507146587,0.9129297274616889,0.8497735349416445,0.8991265383492821,0.9002212439765981,0.8896333511899596,0.8047935378240881,0.9188305555502666,0.9103882825350136,0.888300403767865,0.8728722528031155,0.8961430381990022,0.8822354494079367,0.8761186868840513,0.664358629155199,0.6783970852396075,0.8540996121530344,0.8436386321885284,0.8463148104965865,0.8807973844748134,0.8108957625728435,0.862983839892342,0.6652161015350991,0.7219746502080125,-0.8867402307840749,0.04712185040599968,-0.5297718077229974,-0.6148537348843045,-0.0980594681464386,-0.03501561830832261,-0.09465801328358796,-0.03292528974980274,0.26421192647783637,0.4680855823554992,0.48996797853848006,-0.8847408995281802,-0.16706366508906262,-0.5383706778621319,-0.632135723149555,-0.5688616972756304,-0.1302274655281431,-0.21498660129898536,-0.10098210205018991,0.3596853042297201
0.731938448836698,0.9213266513375168,0.8935119737381738,0.8991324987806635,0.8826359456299506,0.8915857199783334,0.9551722025512298,0.898313256223437,0.8953227826776348,0.8871174346926406,0.8503619708175663,0.8690059798053572,0.9117371839224946,0.8911935756401406,0.9236223002049134,0.887862332290975,0.9294034891532007,0.9278176560150286,0.7950119182596112,0.9307106633635797,0.877992544218118,0.8802761958543522,0.8592884890417174,0.8596220871117153,0.8043472507146587,1.0,0.9100221979532256,0.7840111054700042,0.9133302125173893,0.9120844835778347,0.894695567997894,0.8406140211278889,0.8846070240754487,0.9131914639354135,0.9128143281429709,0.904703683224822,0.9174212965451238,0.9244839950040169,0.917530612716848,0.7163337397873458,0.8477834906380786,0.9310357018702701,0.942747544875389,0.8758097162898112,0.9047347315668378,0.8498016685592846,0.8931304456813698,0.6445566349329063,0.6967358997161935,-0.9236046969958458,-0.11273823803824556,-0.47780146269095275,-0.690666418239781,-0.0458295105116254,-0.07124798666364196,-0.04336588247802238,-0.21896271819233765,0.1472473505341797,0.23415688424608497,0.38186330152568093,-0.9100601075874194,-0.3182998509575958,-0.4657124581374632,-0.6845627785190082,-0.5013029132769009,-0.09081635531259459,-0.401056326822035,-0.13660444731036767,0.15233962598353556
0.8368413366677306,0.951808052401545,0.9258180725126878,0.9366471653666827,0.9231795686940751,0.9224409691304138,0.9501668249637345,0.9554943742622759,0.9388674148046582,0.9264263435032275,0.9208887597134109,0.9117836698820306,0.9516748589048731,0.9527985599684613,0.9606575819194144,0.9086017772680768,0.9446995201040734,0.8976794177256711,0.6825785612337789,0.9036614495450812,0.9275602688397147,0.9223487739834089,0.888935944509145,0.8967802557489497,0.9129297274616889,0.9100221979532256,1.0,0.8467745863180706,0.948349575438746,0.9487486709579629,0.940455235473759,0.8878850068591182,0.942922869926594,0.9596361536106903,0.9547314703986536,0.940305677590112,0.963016563148304,0.9607658681720604,0.9462424679191196,0.7520863565232732,0.8116160953076655,0.9310316918140207,0.9255621551319924,0.8853854866747515,0.939764140692075,0.8522096275413533,0.9206704823588719,0.7457112537923468,0.7820720594566163,-0.950900718366814,-0.04905534986460157,-0.5702546812953336,-0.7304568022817279,-0.08401740836917224,-0.0426925279870671,-0.02423198859121143,-0.15497598868493315,0.195936952872412,0.39764031620210755,0.445721024205838,-0.9519979579334567,-0.3048574551676505,-0.569451840451798,-0.751550433818496,-0.618687971129929,-0.12251885149085409,-0.36274565974198236,-0.1535814320333063,0.23648653717929663
0.9321173251567504,0.8735191553736851,0.9111310969860273,0.8868907172687531,0.8762622155544099,0.8861087007463209,0.8150387015606747,0.8546109785665578,0.8668452536947129,0.8227896950690449,0.8354720858149558,0.8678562170244264,0.8044673729134083,0.7990822431762679,0.8255876669635173,0.7554828297486047,0.8103904906924931,0.730204883771676,0.6063725768225828,0.7818345773258084,0.8507617268217721,0.7579688709085344,0.7346160477049914,0.7654903357922749,0.8497735349416445,0.7840111054700042,0.8467745863180706,1.0,0.9103780555110066,0.8485438179659689,0.8331977539343455,0.7509741013931025,0.8666312723814084,0.8384722225983421,0.8356949643039286,0.8142937634516116,0.8215393987695966,0.833802767241333,0.8318113162482005,0.6485022545543787,0.7765716115352034,0.8102615370899311,0.8301317210348467,0.7945008738254431,0.8478017759538382,0.7095160193880452,0.8244750691157323,0.5928501598887329,0.6202088608813293,-0.8885216059969769,0.1932651393162197,-0.5611479051092898,-0.4845714783589228,-0.14177761143366832,-0.15828486286157978,-0.2789060356536102,-0.21640067127832344,0.13940386728839993,0.4761797613916051,0.6216608022998132,-0.8291317717743865,0.011115469050161933,-0.4937427992223699,-0.51045239027504,-0.40509175554760024,-0.207602875925714,-0.3536134882341083,-0.11759888212513368,0.3653310443471592
0.8844186123646808,0.9680555668222838,0.9552213656006125,0.9555919313748854,0.9453602392664391,0.9517868406773452,0.9430934223318237,0.9493033452514394,0.9557726518462825,0.9213918655602782,0.9092545951458797,0.933879477905637,0.929798498179667,0.917388105976651,0.9481677428459809,0.8918429986690902,0.9312098365439523,0.8827831925383831,0.7269370249532274,0.9193010927404508,0.9222303443886912,0.8955091891009361,0.8670090709915127,0.8852977996424505,0.8991265383492821,0.9133302125173893,0.948349575438746,0.9103780555110066,1.0,0.9518645194950957,0.9333543853188991,0.8568415771706611,0.946509136973597,0.9531259922394939,0.9479258739194089,0.9355304640763789,0.9421123526569096,0.9507329820754639,0.9486323346891302,0.7700827021409701,0.8477406902838962,0.9333637644164146,0.9310919281568314,0.9049830406246849,0.9442284631431179,0.848030220513556,0.9319507133048622,0.6946695408831968,0.746824561545207,-0.9655880102264932,0.03492872646185608,-0.5584054314255439,-0.6433219269416374,-0.080564678820885,-0.09368707465617715,-0.1389685227895332,-0.178945055753821,0.1975797099396972,0.3800727283756367,0.4907385626908111,-0.947099512944282,-0.20406671877687826,-0.5294769259450938,-0.675004970700791,-0.5516552126595672,-0.14875777234389664,-0.3931899928541775,-0.12580703311195784,0.3062046671546387
0.8056511265572635,0.9563484136924724,0.9349301034259451,0.9422915118905792,0.9180162274898279,0.9080769648224689,0.9524905658919933,0.95094094588036,0.9416951883075301,0.9490624430974631,0.9399351179423407,0.9384058017754607,0.9488262890558222,0.939337920800514,0.9529965486292911,0.9034862190526014,0.9555502083596497,0.8843463953062564,0.6925245699883641,0.9044322789846704,0.9498192194966385,0.9154891127925835,0.8689960586845766,0.8925393720941587,0.9002212439765981,0.9120844835778347,0.9487486709579629,0.8485438179659689,0.9518645194950957,1.0,0.9701004368796716,0.8794993075291555,0.9362987178859523,0.960853910546859,0.964748163717183,0.9513802592791952,0.9521283888529225,0.9607967636511204,0.9587230099956725,0.7732946557938422,0.7856168601637897,0.942802282539682,0.9417767677286839,0.9122342676864363,0.9571306563048907,0.8878677312226392,0.9279575484834468,0.7004006256261001,0.7813816308166796,-0.9477501308492631,-0.021923304091437775,-0.5058170008263846,-0.695886323233306,-0.03894630655422465,-0.048655737320127734,0.0018184279507974025,-0.06925300406270345,0.2225885843177556,0.35158217009717685,0.38419780294024974,-0.9622022445983295,-0.2850731222260643,-0.5129659781153862,-0.7307493430849876,-0.6256197380664963,-0.1482893530104921,-0.3070515472774998,-0.13953748628678056,0.3096070254507597
