0,1,2,3,4,5,6,7,8,9,10,11,12,13,14,15,16,17,18,19,20,21,22,23,24,25,26,27,28,29,30,31,32,33,34,35,36,37,38,39,40,41,42,43,44,45,46,47,48,49,50,51,52,53,54,55,56,57,58,59,60,61,62,63,64,65,66,67,68
1.0,0.7809231834300044,0.7502518679903725,0.8130338938557959,0.7787738356793432,0.8029659191155668,0.7175297900234829,0.7762800478507257,0.6246732659695098,0.3963315060315936,0.5954087344330548,0.364918888300882,0.44986416535115453,0.3910246779553679,0.7677486921809378,0.41334725091594926,0.6630396107958021,0.45684706664923236,0.40908318465939203,0.3570055084612164,0.3532007575953107,0.1751671576123024,0.5178655500518545,0.5366643853818233,0.8486337577922701,0.6275262944184374,0.8410617489826028,0.9130842168948488,0.8701254313179547,0.751142179649716,0.6020282835164033,0.24737235814385938,0.8308635507574453,0.771122469946546,0.633696924025825,0.6605615730136669,0.6682912410436983,0.7571553531189124,0.6789423891428062,0.4401881618167025,0.7097554479087176,0.5652044663389852,0.4558409853533265,0.4758544747391072,0.6043637468680872,0.2770899376727406,0.605901000742942,0.35702656460153387,0.4831354511556138,-0.8340443870316736,-0.4874254994466466,-0.4920339318600833,0.19117052633491738,-0.22104246442590017,-0.16394977518607462,-0.5282398405627503,-0.5625175579573282,-0.026484311447771035,0.22003076825212653,0.6641164307809212,-0.7941160385831986,-0.39841951539367,-0.4277939091525551,0.02156142364836869,-0.17906425339769722,-0.27461599318758034,-0.5358559320557378,-0.15110109560030296,0.3529668005694596
0.7809231834300044,1.0,0.6413562247396751,0.7256379718205109,0.915547017107475,0.9042973440774794,0.8136851742918327,0.8660524306236157,0.8894028060562937,0.738685601909498,0.7469165779048166,0.5902360770174739,0.7480544623927858,0.3621683706108787,0.695782851245658,0.5593990914425989,0.74256901479471,0.46220682329607865,0.7052937988471722,0.6210212861990119,0.6383705127012997,0.37782543448640005,0.7400410891127193,0.7530857884628309,0.7786369524458476,0.6825816085325117,0.7760301067114216,0.8586481554992246,0.9049588100845309,0.8716490199309177,0.807021890930995,0.4155051278728758,0.8698594859956796,0.8390836218267506,0.8699916965780684,0.8438097009349882,0.694963612317435,0.8206609900455814,0.8731123563958072,0.668802266804565,0.8765924527411473,0.8631627595254292,0.7705751652633189,0.6804093466480259,0.8454803405970995,0.4419466483378158,0.8032063699243942,0.5423118548219708,0.5254948669511021,-0.8895561614230311,-0.09156834177576392,-0.20046008959721862,0.0414467135065425,0.06365859443157386,0.1307586763365131,-0.31439483267654256,-0.2860319736165376,-0.029073479036348028,0.5050847432834652,0.6107233255071568,-0.8798306646691704,-0.013793809447062152,-0.0997789121000477,-0.10641562068003295,0.016094392027908917,-0.038792854303145975,-0.2708829496887402,0.048864857082864276,0.5800615271932431
0.7502518679903725,0.6413562247396751,1.0,0.9250231687927498,0.5754051514705681,0.5934537303134486,0.8487742643939781,0.6741938544299457,0.4022421494046212,0.26903564247623074,0.5245406054292511,0.14267468222943505,0.30592519683678904,0.3819924486139526,0.6936010923308602,0.3917003667083575,0.812531485724158,0.6492664411886327,0.24319158059909676,0.21604284405307522,0.1572264742565116,0.03811236071815582,0.4433555005192044,0.4694230713582105,0.6208438891784624,0.8892549288936712,0.7592617943342026,0.7589095117304175,0.7776887612348515,0.7407991972562856,0.5383768551598977,0.14578822481013531,0.6326224628067642,0.7899708720153472,0.5820912736249574,0.6015441777354937,0.5255071613958578,0.7051962103979937,0.6248121786516084,0.3258998735820408,0.5477537551435897,0.43231420142444876,0.4096849461753412,0.1621224973649917,0.44661952267611765,-0.010694286841910901,0.5242549118658306,0.2760575625500051,0.4549893888509805,-0.8039725468466437,-0.5343543297717045,-0.6438544322920254,-0.0765117555373267,-0.4703632637801503,-0.24422780249231843,-0.6269793740769736,-0.6523548761614237,-0.15597890824505478,0.01669439787958777,0.5315051433309882,-0.8053510734727704,-0.4647148735708564,-0.6211125928880031,-0.32537619514505006,-0.43960946942127044,-0.40101162053945627,-0.6601747084632698,-0.18778446489817446,0.09681388190099255
0.8130338938557959,0.7256379718205109,0.9250231687927498,1.0,0.6756575801945535,0.7158014060811876,0.8694110943917202,0.7503871589009528,0.5156236102466593,0.3600912611437012,0.5835142972370111,0.22617739812000875,0.37204382902471644,0.4468334027957817,0.7446294535520837,0.42270269839354707,0.8101050131051872,0.5751444054574565,0.3684913619411325,0.31137496159819306,0.265240124901757,0.1201074683660405,0.4713751213057617,0.5033613741481223,0.6711601117692897,0.8585924636631656,0.8093541509662099,0.8387721795340146,0.8579308029867446,0.7886215825998262,0.5883829944122787,0.2121918589052493,0.7140396967778211,0.8350259534833887,0.6357089498126202,0.644207313950931,0.5930818047079507,0.7621447522226605,0.6600762548507478,0.36709371902100724,0.636010299230652,0.5388066268551195,0.4829692522905202,0.2807675431768622,0.5357566408394149,0.10042707243334853,0.5676299122645662,0.3081400779788933,0.45164175599623496,-0.8541369158953971,-0.49194052498107993,-0.5936124272142997,0.005025436106841245,-0.3793145303154732,-0.22348850833898193,-0.6018182791814596,-0.6375733751829256,-0.16331666245546214,0.08174417022097291,0.5552696802429611,-0.8440856360418727,-0.41481083157021315,-0.5507262138623732,-0.24224551864521468,-0.3352638433460958,-0.3706324312990434,-0.6429723509186803,-0.18516983956857458,0.1611958234923799
0.7787738356793432,0.915547017107475,0.5754051514705681,0.6756575801945535,1.0,0.9060253951299578,0.7483410386664947,0.7935664954093248,0.8647341675619822,0.6995547205539266,0.6611094529398881,0.48953268851446236,0.6620456280374326,0.25716717635139963,0.6124134972078905,0.4598517506555334,0.6573106325682705,0.4106025410642167,0.6631744665582152,0.5440565101977903,0.5753712760187691,0.30111315198812655,0.6858359805867865,0.6835092945657012,0.7415482841164015,0.6124318109592322,0.6825160217973967,0.8602089539504706,0.8854121902928971,0.7821664894199868,0.7326104671137826,0.33679715255876425,0.8111188942525264,0.7534695147368465,0.77928045591991,0.7608421515865371,0.6188263574376985,0.7212133916808204,0.7888998392431217,0.6288751443632166,0.8959426873161936,0.8422101241808349,0.715647639529277,0.6240369901361754,0.7715258080634003,0.39234992119564416,0.7245083637599866,0.5156380377794192,0.43025976233704766,-0.8338083150492427,-0.12461486495433628,-0.1997711305154198,0.11559802984407443,0.12259506228476302,0.16506344935138986,-0.3162726018006646,-0.31275194146832014,-0.04452754703216468,0.5694309600667895,0.5744460604314163,-0.8089490952744388,-0.06787331016977247,-0.09741269801741767,0.007609481622540551,0.05284197085669027,-0.06097376792262545,-0.32643664381647686,0.00875524756486142,0.6247709216736038
0.8029659191155668,0.9042973440774794,0.5934537303134486,0.7158014060811876,0.9060253951299578,1.0,0.7470864491628131,0.8299545915988723,0.8494264541526527,0.6781905118833212,0.6899367888457689,0.5077856695845915,0.650029405279954,0.3547046706916584,0.6477890771496009,0.4644288381273313,0.6564398674702427,0.3443506431844315,0.6786769891491233,0.5933003736812663,0.620881698832975,0.3613816113099736,0.6204548120006255,0.6403508088409751,0.7356283492794171,0.5813631611412172,0.753528781685789,0.8843612817441864,0.883986078155624,0.8128390098141309,0.7179595304132879,0.4037639082979824,0.817817673842323,0.7707701176425852,0.7901386962871075,0.7341218926274615,0.6541314841467695,0.7477134772993134,0.757778452035293,0.5549297544666539,0.8662831351737093,0.8346484475164541,0.7170894468274124,0.6566482021065627,0.8087375894563622,0.43063413300318765,0.7089029293517048,0.45534197958712896,0.4419623151268452,-0.8451621545272022,-0.15987262554669457,-0.19140812933546547,0.136874143046897,0.05463738198568171,0.08790890401538548,-0.33863808492595987,-0.3734589794275714,-0.008907470170010708,0.46147494598345135,0.6055086174413691,-0.8158366775664629,-0.0866323687732214,-0.09773666169427007,0.03954621592218264,0.040446169817410504,-0.024521414688799835,-0.3537130801176474,-0.016682564810018164,0.537329422325441
0.7175297900234829,0.8136851742918327,0.8487742643939781,0.8694110943917202,0.7483410386664947,0.7470864491628131,1.0,0.7683618663149963,0.6430981995151877,0.5572918305539689,0.6355185666878501,0.31170923812860285,0.5366991350748839,0.3844469179251624,0.6831512085936313,0.4822610193288271,0.9119729437241139,0.6650980370409327,0.5613867222694626,0.4892346321090228,0.4440665057399108,0.22467788218567333,0.575468749154448,0.595712880345983,0.6430319611902475,0.9081226808531278,0.7470970981619874,0.8075104993139632,0.8614967313199069,0.8660218987212681,0.733390797581717,0.25888206895834853,0.7156737798526627,0.8574905355631175,0.7616860027014745,0.7360385113541301,0.5493837593976447,0.7775294219157372,0.7764953928421592,0.47991443333473655,0.7336652535040742,0.706927936717571,0.68007968234403,0.36732937626197676,0.6683422651994341,0.19232498387698363,0.6578416616210032,0.34411402788561424,0.4447915874919276,-0.8864413805019874,-0.2682463473325373,-0.4305392718699495,-0.13911884773684052,-0.23307983877541993,-0.07319126020642688,-0.5065744963997467,-0.49481153381784554,-0.21045260981252667,0.2276187992671605,0.5104756267585182,-0.8889267095384045,-0.2100869942142815,-0.38005630212612285,-0.36231802707598704,-0.261471738950491,-0.2677490940634706,-0.5281343826124537,-0.15919496134576352,0.2784229948109334
0.7762800478507257,0.8660524306236157,0.6741938544299457,0.7503871589009528,0.7935664954093248,0.8299545915988723,0.7683618663149963,1.0,0.7742310583261925,0.6251269624701452,0.865475960470941,0.5572203859497947,0.6279876103724079,0.6337487348122084,0.726342218913578,0.588476768535781,0.7028333612474863,0.37018613034922265,0.5639998113874422,0.5838721797670532,0.5705007574500749,0.4300245507216025,0.5599892971777337,0.6359365910393087,0.8250774114964612,0.6415156823531517,0.8338453208176935,0.8227540763170098,0.8370007160954793,0.8409364053761128,0.7143230283995053,0.4644543125033754,0.8491928413288984,0.8872478895148888,0.8117964123328918,0.7535951909566929,0.7588553059158737,0.8686516967607569,0.7625381703096913,0.5081916576820721,0.769296120715325,0.7242664805098512,0.6424225444003658,0.6704050238632667,0.7755528278236578,0.4235009102336489,0.6682630975474945,0.4055381886870017,0.5815498496394036,-0.8331375808883995,-0.1564829245872804,-0.27156352691278346,-0.018613865036535407,-0.049975969522159165,-0.017997482774678393,-0.26091886729580815,-0.2761026724201948,0.008724949146810981,0.2943902293651567,0.5625132136753666,-0.8463321036088202,-0.08763212410954162,-0.2227567842106129,-0.18665287871684091,-0.009281860106848432,-0.09655153313990297,-0.23470000714661696,0.152651409178586,0.37668852874986114
0.6246732659695098,0.8894028060562937,0.4022421494046212,0.5156236102466593,0.8647341675619822,0.8494264541526527,0.6430981995151877,0.7742310583261925,1.0,0.7665414909660802,0.706095038669364,0.6619526270640653,0.7452720770302352,0.290125447521417,0.5350452703998435,0.5231553142277998,0.5501363301303772,0.2818352393392367,0.7158204670247662,0.6433915726454522,0.6695100926189567,0.40985879504181205,0.6876419762237004,0.6906660575653376,0.6712889032002262,0.4736910750090031,0.6176496945748561,0.7239895808176597,0.7667478156063159,0.7289496929825537,0.7118783301144723,0.42221431200661147,0.7713723880320404,0.6753513222161808,0.8188528002119884,0.755540650754307,0.627767660327393,0.6900156559362888,0.7856099921915167,0.6666437317172988,0.8320703119226048,0.8449958363891132,0.7240873366202241,0.7284569235434447,0.8182584514693664,0.530136361370149,0.7380216256592674,0.5317703072398289,0.39862373586284755,-0.7413804360774255,0.09412841046596995,0.020129156839596037,0.09460013877041018,0.2598625663744257,0.26595810419175425,-0.09642600024260095,-0.07916222776426106,0.05178601396755652,0.6222215263440786,0.5244572665149501,-0.7184458139436395,0.14957423935819544,0.11970432280190565,0.02984682224472188,0.21897201768276076,0.1352757572480513,-0.05149367910629595,0.1637055783965978,0.6568330496668555
0.3963315060315936,0.738685601909498,0.26903564247623074,0.3600912611437012,0.6995547205539266,0.6781905118833212,0.5572918305539689,0.6251269624701452,0.7665414909660802,1.0,0.6624896632376245,0.4963648910495424,0.8378168487395443,0.21329915599549795,0.3097188353683166,0.3970621208055248,0.5285865435150202,0.1811238698654166,0.8007864974958055,0.750287159478694,0.7974735927422544,0.6218986269542338,0.6170823628595282,0.6884564343113498,0.4519910347094725,0.40399316685571657,0.3832452942064989,0.5684750966807941,0.5889081294354892,0.6360019360562758,0.7598757766695913,0.55713710594866,0.5606630855601358,0.5909239129086803,0.7542534515706214,0.7178465410080417,0.327541396497725,0.5139574070692743,0.7212156687899688,0.636263131739815,0.7465455194384796,0.8573381649082904,0.8431840757882532,0.5418641423978497,0.761995974550169,0.4037250888890438,0.682244662008792,0.4540155451414502,0.4748932597077006,-0.6126917437243686,0.22211851283045128,0.1056358489779961,-0.22608515897814116,0.29215381022257914,0.2708660342739007,0.031977883261692645,0.026336029170912708,-0.22218717673735847,0.5127761301837996,0.4075826896477686,-0.5979609123712066,0.2889421248193444,0.22225040874665053,-0.23780220178620753,0.24834729961901603,0.11751900519667689,0.05028885830876183,0.08413103967408712,0.4898206126018835
0.5954087344330548,0.7469165779048166,0.5245406054292511,0.5835142972370111,0.6611094529398881,0.6899367888457689,0.6355185666878501,0.865475960470941,0.706095038669364,0.6624896632376245,1.0,0.52425754048864,0.5926144200308893,0.6449323422499128,0.5324007388709908,0.5291637779505223,0.5743242089964719,0.2265061892204809,0.5068617362465324,0.5293327907281788,0.5286446620160072,0.4725564748219985,0.4426407286054158,0.5484881818378543,0.7199219564614062,0.5207974398894669,0.6724702043953457,0.6698486760786736,0.6769560983779771,0.6886323116978083,0.6256020460523353,0.4617082491041628,0.7265384954407984,0.7857168010881173,0.7391237966471255,0.6460264943003936,0.6136593689591271,0.7372966510493287,0.6579412932354528,0.43907707665721996,0.6809014545673931,0.6677309810914835,0.5923813684461056,0.5925625096085291,0.6645963639160615,0.3524603012323428,0.5439102914839908,0.3193241726042566,0.5881089548000262,-0.6705997628398358,-0.00900934516478624,-0.16893781185014686,-0.13053792551270557,0.09205966964998252,0.03359101561895522,-0.07200304300281427,-0.0794261621461061,-0.06829025529306354,0.3012537793862908,0.4281269083317502,-0.7111108728551429,0.052544671112943704,-0.12151393922354142,-0.253604298376585,0.11115598860276579,-0.052827791528692096,-0.02878912012315638,0.24035691481187998,0.36678846228359846
0.364918888300882,0.5902360770174739,0.14267468222943505,0.22617739812000875,0.48953268851446236,0.5077856695845915,0.31170923812860285,0.5572203859497947,0.6619526270640653,0.4963648910495424,0.52425754048864,1.0,0.6968371015885344,0.37419335259245895,0.5406050064360118,0.7540951371397352,0.2500678941056849,-0.009547135092535216,0.48041874882501306,0.5488956205034728,0.581659450165402,0.37674476253363964,0.6302645855620074,0.6281106772946222,0.4858617840440277,0.17200581329422215,0.4934722276989598,0.3734021817417739,0.4530810889753652,0.5273174345901642,0.49055425650802104,0.43023792537207006,0.5910157443928234,0.4587165430493364,0.6694847759767627,0.6409124954910319,0.6482547027353746,0.6299353382502608,0.6191226037315264,0.6079650205433246,0.37813611796907864,0.49090862693940035,0.46935945368199483,0.7323140783761759,0.68089539214348,0.7099386430857085,0.6728319297485335,0.5537763083001586,0.3183927839509905,-0.44225507219047544,0.2661176864511117,0.22944072825890788,0.10564268696112535,0.2016757657262734,0.10645070743575515,0.14451092864549725,0.2568262148930647,0.18290969674920005,0.30260509653319406,0.30958118041171423,-0.4590915964761621,0.30648234885760184,0.26755043152399327,0.03721490911371443,0.1603757603285627,0.13066237831847632,0.34338604065463746,0.2297132669606427,0.34577057475104306
0.44986416535115453,0.7480544623927858,0.30592519683678904,0.37204382902471644,0.6620456280374326,0.650029405279954,0.5366991350748839,0.6279876103724079,0.7452720770302352,0.8378168487395443,0.5926144200308893,0.6968371015885344,1.0,0.21379653783446187,0.48232723100830416,0.6051692115971685,0.511357754793305,0.22050782945328667,0.7665591947812341,0.7924356526709023,0.8157920282297496,0.6395824315634461,0.8135493498054336,0.8415808183420439,0.47484069113374316,0.40089651430599604,0.4687220642056066,0.5535089852604648,0.5944423558779819,0.7030411157832464,0.7837726341634774,0.633275382783274,0.6143878353734543,0.6098530880134648,0.8162486227878694,0.8460846401026278,0.47241295279913226,0.6316863784186973,0.8308082881118548,0.8030722101744778,0.63827410699979,0.74808927545758,0.7671510409710922,0.6405694331136479,0.8201235564700634,0.5952744788086853,0.8400445720103601,0.6525077024743929,0.5735411532026012,-0.6332873677086165,0.16280214496156628,0.161224073425583,-0.09366145658262197,0.19436847532775814,0.23350219780566045,0.05047281922663378,0.04522899656609106,-0.09692571649190164,0.39914523011144454,0.475345743060577,-0.6339743884543136,0.22675790480502586,0.25442496560593963,-0.17069722061407286,0.11725609801019521,0.13378227287363664,0.10309948488758182,0.05645628362875623,0.42319748653953715
0.3910246779553679,0.3621683706108787,0.3819924486139526,0.4468334027957817,0.25716717635139963,0.3547046706916584,0.3844469179251624,0.6337487348122084,0.290125447521417,0.21329915599549795,0.6449323422499128,0.37419335259245895,0.21379653783446187,1.0,0.5604346303531057,0.44676600673409944,0.3496863520586313,-0.007878599743224409,0.18025227512307856,0.324543883704002,0.277346735464196,0.36342651818059307,0.03879540592234265,0.1757468334919568,0.47953603091629793,0.30136217448409947,0.577444799287779,0.3752418131090663,0.38055187840935906,0.44449143526191814,0.2690237357693077,0.37192997663592475,0.49601762609347966,0.592526201536588,0.37223386623174987,0.3091107183781773,0.5598478631083144,0.6391763000491583,0.2797106769777299,0.039346133720561255,0.22902548508185314,0.23076674457328264,0.2226080716913635,0.3669414833157821,0.33402453105447183,0.3229771103518733,0.17490261587396386,0.014442447603001137,0.3763493264224482,-0.3743766034092327,-0.052670831414969733,-0.13488905206914545,-0.04752822481093279,-0.07837861075385734,-0.22923020070950298,0.020168767906413223,0.00022642988994567162,-0.08813970231350222,-0.10876634727153782,0.1789466116045542,-0.42996622105502535,-0.05209208274795793,-0.1922224957983633,-0.2247890508767779,0.05783473109872646,-0.11682884994880136,0.006330767177870947,0.14289895282899753,-0.07643655204128891
0.7677486921809378,0.695782851245658,0.6936010923308602,0.7446294535520837,0.6124134972078905,0.6477890771496009,0.6831512085936313,0.726342218913578,0.5350452703998435,0.3097188353683166,0.5324007388709908,0.5406050064360118,0.48232723100830416,0.5604346303531057,1.0,0.6531448964529468,0.6267176259226058,0.3785530168548275,0.4169474879915651,0.4315603634918241,0.3760922740737621,0.2525218130342358,0.5479985122464412,0.5790085216683483,0.7040042695221934,0.6246437538490298,0.8434756653020326,0.7060163522470226,0.7706576588636556,0.7625966060104045,0.5743026590936341,0.3531303014930552,0.7933362442772888,0.7824655411688,0.615716680834752,0.6786913755155826,0.7361786151068974,0.8599569870284526,0.6668952879318534,0.4459955702248504,0.4859465719567883,0.4519190403643623,0.41783779161951795,0.499026905938916,0.6094100146144872,0.4660036113656083,0.6491713270479194,0.431159870715207,0.4753660053430479,-0.7559312178405001,-0.30736686146687253,-0.33361458141135064,0.17366266103471853,-0.25402422869612146,-0.16173634110331925,-0.39430247406405927,-0.3898741261395213,-0.05891658395563241,0.04935207237727578,0.5175479698963078,-0.7571413944491482,-0.24860044851622456,-0.3121869775437356,-0.0829624848472114,-0.2136922996327996,-0.24624750021669048,-0.3813153227383816,-0.14620030783066973,0.16638215123018255
0.41334725091594926,0.5593990914425989,0.3917003667083575,0.42270269839354707,0.4598517506555334,0.4644288381273313,0.4822610193288271,0.588476768535781,0.5231553142277998,0.3970621208055248,0.5291637779505223,0.7540951371397352,0.6051692115971685,0.44676600673409944,0.6531448964529468,1.0,0.429850288076649,0.22095453326057451,0.40192253331267225,0.4875630994798614,0.4274241785397077,0.3313057767578988,0.6458264520358837,0.6509986663599437,0.4380115163020446,0.4238674668334171,0.5315138866801407,0.44129541488774005,0.5114018099805949,0.6075721726378898,0.514575600418544,0.3884065647686724,0.5200985216773223,0.6020486794498227,0.679597388182615,0.6769183490768704,0.567155909604157,0.7072451308419496,0.6240085315660745,0.5811314020969761,0.3672125107393077,0.42088725779563946,0.44220144732733774,0.48333446133507796,0.6006655242201324,0.5130508416764995,0.6370135279495398,0.5669753314771183,0.40123216092067004,-0.5307647210114368,0.08234765568183662,-0.020626199365455334,-0.10183163385593723,-0.05749401710757158,-0.04685471529520413,-0.03398592728306447,0.024873386672748313,-0.04591191476607295,0.11746136302336745,0.3043443182822057,-0.5709093131611713,0.07333775222744413,-0.02405153375774752,-0.25217381099666464,-0.1303804699678799,-0.04925185207412848,0.053906661863957456,0.10426180591496377,0.12714285444801873
0.6630396107958021,0.74256901479471,0.812531485724158,0.8101050131051872,0.6573106325682705,0.6564398674702427,0.9119729437241139,0.7028333612474863,0.5501363301303772,0.5285865435150202,0.5743242089964719,0.2500678941056849,0.511357754793305,0.3496863520586313,0.6267176259226058,0.429850288076649,1.0,0.756974404137975,0.5088197086689055,0.47963459273329573,0.445641008000699,0.26303377759184937,0.530182431929081,0.5730794039785679,0.6090645385761406,0.8693502810731132,0.7151884690139622,0.7418147727362978,0.7806251154275162,0.8465019427021789,0.7754983811795206,0.24392394487222416,0.6548365002333937,0.8133337158514347,0.723508929683154,0.7065906169938427,0.47832290109951214,0.7251781763814785,0.7455072845934114,0.44670845768579387,0.6508166543292692,0.6482100419342174,0.6808160345811469,0.2846981989236655,0.621627241489727,0.10604981705261224,0.6048412917473543,0.2926965096173783,0.46921766210624444,-0.845033805364427,-0.24866633556911252,-0.4369678363302783,-0.25772267112092906,-0.31493492332096473,-0.10940097442709239,-0.5463258253240709,-0.5013298602727723,-0.2107027853397633,0.14094489671589328,0.5005259715340572,-0.8578537744017076,-0.1899991858902146,-0.4001378604202352,-0.46537493180746614,-0.352639415985101,-0.2677265439215282,-0.5329846122298614,-0.17284733619920048,0.20555667175593376
0.45684706664923236,0.46220682329607865,0.6492664411886327,0.5751444054574565,0.4106025410642167,0.3443506431844315,0.6650980370409327,0.37018613034922265,0.2818352393392367,0.1811238698654166,0.2265061892204809,-0.009547135092535216,0.22050782945328667,-0.007878599743224409,0.3785530168548275,0.22095453326057451,0.756974404137975,1.0,0.23218620532653922,0.1783479728546066,0.08439836930344587,-0.011199121216970153,0.42470177620996086,0.3708799898071106,0.40095661280459655,0.7090877953579483,0.45312336613374554,0.47821218349445005,0.5131698262867745,0.5554754648985768,0.5620671785269976,-0.0715339696769162,0.38596409073026255,0.4960783200234144,0.4324514814532262,0.4472671923040139,0.2571904408147047,0.4083172034040222,0.5066214453307096,0.3022174455971778,0.4168220656961673,0.3189094158627342,0.3621683846916593,0.018049827478750464,0.31415625405581193,-0.15340819051731955,0.3515283908789828,0.21485973367803074,0.2358424913340007,-0.6039753493301492,-0.2880231235483508,-0.49965554385228994,-0.2429217680114502,-0.4140081958958064,-0.08754493193183419,-0.5830122899034668,-0.5407154437750371,-0.10302586524647407,0.10115376956486873,0.39312435030825604,-0.5932985301338335,-0.24702928540792785,-0.4641380272661875,-0.3879560273482354,-0.4862598471116276,-0.24829770081658092,-0.5561524510481063,-0.1561007850742115,0.14736958382128235
0.40908318465939203,0.7052937988471722,0.24319158059909676,0.3684913619411325,0.6631744665582152,0.6786769891491233,0.5613867222694626,0.5639998113874422,0.7158204670247662,0.8007864974958055,0.5068617362465324,0.48041874882501306,0.7665591947812341,0.18025227512307856,0.4169474879915651,0.40192253331267225,0.5088197086689055,0.23218620532653922,1.0,0.8108323546553862,0.8296897604872467,0.5834026937278999,0.6053419968093942,0.5859100839131929,0.39339268702704355,0.39911582766546533,0.40014960859764853,0.5437841132529424,0.5971780111072407,0.6568207024214852,0.7372112215148362,0.4564683505497735,0.5465868777777944,0.5338610802845849,0.6905660373455299,0.6466811419157387,0.37700511351737087,0.5187787666053659,0.6723316464294227,0.5757211621683308,0.6658970937758846,0.8062875482864396,0.7884989423312112,0.556598426479245,0.731964778785465,0.5259685628660218,0.6747242527475883,0.38255545307495126,0.37007508195876165,-0.5985743663278239,0.18061369708589314,0.14682848392188363,-0.06728323228718251,0.22585061256087643,0.2069477068622922,-0.040049528603566795,-0.06772657682345831,-0.1828827462724885,0.37814909076423714,0.3340306673804682,-0.58409467808685,0.22502678506402476,0.25695012425760455,-0.10435711992973751,0.15927912123166,0.12371375944197828,-0.07805493160624447,-0.10235075306045101,0.3987162419614455
0.3570055084612164,0.6210212861990119,0.21604284405307522,0.31137496159819306,0.5440565101977903,0.5933003736812663,0.4892346321090228,0.5838721797670532,0.6433915726454522,0.750287159478694,0.5293327907281788,0.5488956205034728,0.7924356526709023,0.324543883704002,0.4315603634918241,0.4875630994798614,0.47963459273329573,0.1783479728546066,0.8108323546553862,1.0,0.8841047412767857,0.7988971190026327,0.5508116358029254,0.6465103321687325,0.36500173422370263,0.3049245653321449,0.4195001155044776,0.4695187695505871,0.48934307617964323,0.6674370666874367,0.7684395122286906,0.6975720340657156,0.4815590384262152,0.5393573774196515,0.7079199881817652,0.6868572064293968,0.4048203108864333,0.5555461151333527,0.6554469160706947,0.6065170580001494,0.5182053292273704,0.6488859304487217,0.6986899429746627,0.5773192007937696,0.7775565365530067,0.6814187831021884,0.6485947810663597,0.42279559764922614,0.498549559253552,-0.5304909131619693,0.17864954248781506,0.24322893503108306,-0.10333741561441546,0.13226598760613967,0.175649664792776,0.11067416298117264,0.013316591546719244,-0.10178924154042913,0.22200998127471389,0.3478963049366695,-0.5521963726081092,0.2057506053157657,0.28189317579666734,-0.14954632532667153,0.10017880256914136,0.17759570050736453,0.03823509064231314,-0.012993498593662195,0.2572880170020093
0.3532007575953107,0.6383705127012997,0.1572264742565116,0.265240124901757,0.5753712760187691,0.620881698832975,0.4440665057399108,0.5705007574500749,0.6695100926189567,0.7974735927422544,0.5286446620160072,0.581659450165402,0.8157920282297496,0.277346735464196,0.3760922740737621,0.4274241785397077,0.445641008000699,0.08439836930344587,0.8296897604872467,0.8841047412767857,1.0,0.7381732786797889,0.5618294319215194,0.6240867606221284,0.3867706907265331,0.24464279455262328,0.40910826206069356,0.4728193871388591,0.4837299255391191,0.6514428588162321,0.751901259435872,0.6418901809332462,0.505705832096269,0.5015474621344297,0.7119487776177794,0.6739895736681987,0.408363293074526,0.5297020317648755,0.6668348230443885,0.6174654352547614,0.548585796175105,0.7217220981186449,0.7794282548924265,0.6051137349355467,0.7597640994840456,0.624368590616076,0.6756980388928463,0.41069881058758656,0.47485986835529226,-0.5167693411949512,0.23465714478967453,0.27981226019612376,-0.11453985050387448,0.20435455349333792,0.20062461431616713,0.11012110890664874,0.0755485479074145,-0.041185944624584525,0.2881461050204046,0.34752330660859243,-0.5375651515802562,0.26534374615890605,0.34169967136087825,-0.12177999303937988,0.15175007064806656,0.21485104749423595,0.09492828045700347,-0.002569265331850107,0.3278942679626079
0.1751671576123024,0.37782543448640005,0.03811236071815582,0.1201074683660405,0.30111315198812655,0.3613816113099736,0.22467788218567333,0.4300245507216025,0.40985879504181205,0.6218986269542338,0.4725564748219985,0.37674476253363964,0.6395824315634461,0.36342651818059307,0.2525218130342358,0.3313057767578988,0.26303377759184937,-0.011199121216970153,0.5834026937278999,0.7988971190026327,0.7381732786797889,1.0,0.35672545217308,0.5429043929911782,0.22025444488744061,0.06619525250635813,0.2440907867810911,0.26984030536593867,0.25146353038906855,0.41231376680711146,0.630825811811831,0.8439968677835806,0.300204776456482,0.377839920835389,0.47123761830053906,0.49853394960555625,0.21615413400184913,0.35879134525070705,0.41731120574120517,0.46061010642960715,0.3085557904074404,0.4164942209469337,0.48112158785626735,0.40962038116689764,0.5515153904498981,0.5458418397717063,0.4051958231129724,0.4052592172691683,0.5283212399263574,-0.2915907067283568,0.192623593677133,0.2685113897658673,-0.12298382042914668,0.16324715156020578,0.15083593904243492,0.27986642840443227,0.12046767324648848,-0.20314376277777782,0.09030353625836873,0.22858298528426374,-0.3200107104999247,0.23487409135398146,0.30317097845739177,-0.15206832902366238,0.1836616022189214,0.20035348241817663,0.17305436678003192,0.048013610673817826,0.11265326159748712
0.5178655500518545,0.7400410891127193,0.4433555005192044,0.4713751213057617,0.6858359805867865,0.6204548120006255,0.575468749154448,0.5599892971777337,0.6876419762237004,0.6170823628595282,0.4426407286054158,0.6302645855620074,0.8135493498054336,0.03879540592234265,0.5479985122464412,0.6458264520358837,0.530182431929081,0.42470177620996086,0.6053419968093942,0.5508116358029254,0.5618294319215194,0.35672545217308,1.0,0.8771710060538895,0.48985025308264435,0.5310227457724881,0.49480672764371186,0.5815807048978495,0.6565479763804374,0.6837989653123839,0.7190437852800793,0.44358947845413144,0.6157569416282817,0.586052856720676,0.7675907934850882,0.8533334541844044,0.5300913172080367,0.6273697857986883,0.8371831161689581,0.8606083458025869,0.6193217463334227,0.6459961876026451,0.6409424457779607,0.5268433201343281,0.7046964084163129,0.42051642377962495,0.8671536342087405,0.8362828989855385,0.48420747932579505,-0.6766056941192197,0.0012048467015569233,-0.05540443909885669,-0.005141815448415314,0.021603910768057743,0.18063146713897393,-0.1527256909738477,-0.1236272154218993,-0.02854963348532532,0.42847191487959385,0.5168547487010552,-0.6707473383132999,0.05579668709045263,0.05181516658283717,-0.13742703214192784,-0.10917981661567037,0.017444253302387764,-0.0831008346987277,0.009829155840180025,0.449974644535747
0.5366643853818233,0.7530857884628309,0.4694230713582105,0.5033613741481223,0.6835092945657012,0.6403508088409751,0.595712880345983,0.6359365910393087,0.6906660575653376,0.6884564343113498,0.5484881818378543,0.6281106772946222,0.8415808183420439,0.1757468334919568,0.5790085216683483,0.6509986663599437,0.5730794039785679,0.3708799898071106,0.5859100839131929,0.6465103321687325,0.6240867606221284,0.5429043929911782,0.8771710060538895,1.0,0.5250580409114608,0.5236559044119053,0.5487735132485912,0.6088714331498093,0.6703401691172125,0.7224612746362632,0.7944587139001289,0.6640375043524577,0.6512602944911583,0.6702096962367909,0.7865872195927631,0.8975842331449221,0.5238184180370469,0.6706327355308047,0.8403256698383826,0.8455134108812783,0.6191966791799809,0.6572772646819866,0.6624148221550926,0.5508772586128308,0.7608890685960733,0.4765823965127696,0.8498174985466896,0.8333374533622417,0.6219690769799839,-0.6810368421586138,0.007937765861413383,-0.05301080329915344,-0.04977098710313666,0.03429779527285787,0.16063459172251318,-0.11864803676553151,-0.10705816469123236,-0.0934786875039078,0.34659202235628855,0.4852386877302961,-0.7155524715737841,0.07309888498400258,0.043393422408486745,-0.20362648328108457,-0.09289000435084467,0.004672527779489677,-0.06401751211188403,0.03541733205451878,0.4073614703223912
0.8486337577922701,0.7786369524458476,0.6208438891784624,0.6711601117692897,0.7415482841164015,0.7356283492794171,0.6430319611902475,0.8250774114964612,0.6712889032002262,0.4519910347094725,0.7199219564614062,0.4858617840440277,0.47484069113374316,0.47953603091629793,0.7040042695221934,0.4380115163020446,0.6090645385761406,0.40095661280459655,0.39339268702704355,0.36500173422370263,0.3867706907265331,0.22025444488744061,0.48985025308264435,0.5250580409114608,1.0,0.5386464081450337,0.8252245501212878,0.8007677301511364,0.791566316554763,0.7112896048165214,0.605850542270845,0.25395291915854756,0.8679197337096096,0.7469186730650889,0.6567195220955768,0.6392385762068218,0.7280556306252814,0.7582860576101336,0.6643715876910161,0.41810501333325983,0.6981961387126301,0.5806802811469662,0.4714735238082105,0.5887315190535409,0.6232078000852458,0.31117636857151554,0.5842960493932372,0.33789160781212957,0.49664349949779113,-0.7624434818211389,-0.288365652198865,-0.38661613480696766,0.1060166612274576,-0.09071899461733951,-0.10192491548765316,-0.3806165724165784,-0.34794826487809527,0.059685180694583194,0.29787011220082893,0.6109072229061944,-0.7498879865008923,-0.20952636870615735,-0.33199203402684774,-0.03906993617866757,-0.05242080677148945,-0.19961681112800256,-0.29760155035958935,0.0614631839010001,0.42529489511362184
0.6275262944184374,0.6825816085325117,0.8892549288936712,0.8585924636631656,0.6124318109592322,0.5813631611412172,0.9081226808531278,0.6415156823531517,0.4736910750090031,0.40399316685571657,0.5207974398894669,0.17200581329422215,0.40089651430599604,0.30136217448409947,0.6246437538490298,0.4238674668334171,0.8693502810731132,0.7090877953579483,0.39911582766546533,0.3049245653321449,0.24464279455262328,0.06619525250635813,0.5310227457724881,0.5236559044119053,0.5386464081450337,1.0,0.6615858169124315,0.6967186436280152,0.76770569227218,0.7596019064891208,0.6130811445312341,0.13475875682476984,0.5961270606615001,0.7795708022494918,0.6386994048218972,0.6460566791561755,0.4632795851754781,0.6834458238355393,0.6828068464949728,0.40059898834216007,0.604212404462204,0.5530836401850441,0.5484427225677516,0.1793736217890675,0.49502993168867904,0.007769692171092191,0.5746677487813932,0.3184618613093027,0.4095969480028711,-0.8061094538313134,-0.33870221292763525,-0.5364079545753492,-0.18892942848245564,-0.3511137299070629,-0.12575129248451536,-0.5577549938309431,-0.5372487160242613,-0.2326138054458198,0.13537424768119116,0.4540488451108038,-0.8153836226862411,-0.28627913835578445,-0.49385870358806466,-0.44163081516830544,-0.38184063403039825,-0.3499250393685598,-0.580685244243583,-0.1706084490052703,0.16747033397764616
0.8410617489826028,0.7760301067114216,0.7592617943342026,0.8093541509662099,0.6825160217973967,0.753528781685789,0.7470970981619874,0.8338453208176935,0.6176496945748561,0.3832452942064989,0.6724702043953457,0.4934722276989598,0.4687220642056066,0.577444799287779,0.8434756653020326,0.5315138866801407,0.7151884690139622,0.45312336613374554,0.40014960859764853,0.4195001155044776,0.40910826206069356,0.2440907867810911,0.49480672764371186,0.5487735132485912,0.8252245501212878,0.6615858169124315,1.0,0.8076624123415068,0.8216835735656857,0.8295366136397175,0.6353141779607827,0.3314789993729288,0.8490813256571438,0.8361795635581124,0.7140897101103068,0.6974120913113749,0.7890809079875477,0.8661449518097004,0.7111096218070654,0.4031013721898159,0.6041401350891487,0.5500991677429188,0.5107779072241577,0.5234615501745064,0.6640216126339791,0.3244815068584449,0.6284581061970279,0.3453252804696236,0.5570758005744436,-0.8261313466360096,-0.31313359656932194,-0.40591005786119827,0.08420557510841596,-0.28126033561487335,-0.1771500913775722,-0.47172763729919914,-0.44661750305439757,0.10410776735994345,0.11774201897816261,0.6027135475283434,-0.8463419391724679,-0.24048571526295143,-0.3742007946916275,-0.12955587599784407,-0.23875355733936204,-0.19483692197319974,-0.4020714075699303,-0.007085417685683594,0.28513348714023623
0.9130842168948488,0.8586481554992246,0.7589095117304175,0.8387721795340146,0.8602089539504706,0.8843612817441864,0.8075104993139632,0.8227540763170098,0.7239895808176597,0.5684750966807941,0.6698486760786736,0.3734021817417739,0.5535089852604648,0.3752418131090663,0.7060163522470226,0.44129541488774005,0.7418147727362978,0.47821218349445005,0.5437841132529424,0.4695187695505871,0.4728193871388591,0.26984030536593867,0.5815807048978495,0.6088714331498093,0.8007677301511364,0.6967186436280152,0.8076624123415068,1.0,0.9179597232721697,0.8145559282765351,0.7002930136039978,0.3221523055942367,0.8154675078156025,0.8193299538906379,0.7385365824643672,0.7291563215881723,0.6257721879811114,0.7665674610742719,0.7479107499600832,0.5037385725494071,0.8317415825386505,0.7222158703097479,0.6190028197988605,0.49006368880874585,0.6992682825606578,0.2692082236810314,0.6640251065836439,0.40542970930232985,0.5051729996931177,-0.8893693406278615,-0.40152668508915373,-0.4377848064008689,0.07255729875754159,-0.14791091128484848,-0.09250727798008658,-0.48983762861886454,-0.5385904220385525,-0.112153391308807,0.32434721603450883,0.6595052714643921,-0.8543316976396306,-0.3194353631457304,-0.35921443466574055,-0.07790335907356682,-0.13855429639207364,-0.22728542695491769,-0.5234835623099057,-0.13757496309403733,0.4249727086446148
0.8701254313179547,0.9049588100845309,0.7776887612348515,0.8579308029867446,0.8854121902928971,0.883986078155624,0.8614967313199069,0.8370007160954793,0.7667478156063159,0.5889081294354892,0.6769560983779771,0.4530810889753652,0.5944423558779819,0.38055187840935906,0.7706576588636556,0.5114018099805949,0.7806251154275162,0.5131698262867745,0.5971780111072407,0.48934307617964323,0.4837299255391191,0.25146353038906855,0.6565479763804374,0.6703401691172125,0.791566316554763,0.76770569227218,0.8216835735656857,0.9179597232721697,1.0,0.8580075237579029,0.7398289208893857,0.32012976059007764,0.8571757996336534,0.8547715092060559,0.7775627909409185,0.779272748270583,0.6876485702156421,0.8199373387921624,0.8005235529869084,0.5625669411164462,0.8257595545273072,0.7652428372325121,0.6640823582394335,0.5413676340218558,0.7371824033698646,0.3269327408632636,0.7322567048499719,0.47789160466759856,0.48174397251174667,-0.914851875037462,-0.30091751678149553,-0.3986929582844953,0.09257145041572717,-0.10599158584770232,-0.03428450499011108,-0.491886769128718,-0.4858399167750163,-0.11760398451380888,0.3643335727199796,0.6041476612866563,-0.8973353175584681,-0.21515382160518767,-0.3087433290257038,-0.10446374511671852,-0.1310843567674685,-0.22114325433720686,-0.48756700372786815,-0.11397876807184011,0.45718918202764613
0.751142179649716,0.8716490199309177,0.7407991972562856,0.7886215825998262,0.7821664894199868,0.8128390098141309,0.8660218987212681,0.8409364053761128,0.7289496929825537,0.6360019360562758,0.6886323116978083,0.5273174345901642,0.7030411157832464,0.44449143526191814,0.7625966060104045,0.6075721726378898,0.8465019427021789,0.5554754648985768,0.6568207024214852,0.6674370666874367,0.6514428588162321,0.41231376680711146,0.6837989653123839,0.7224612746362632,0.7112896048165214,0.7596019064891208,0.8295366136397175,0.8145559282765351,0.8580075237579029,1.0,0.8416476111973631,0.446621500357383,0.7943821603438469,0.8802703939973354,0.8655548384526119,0.8546794711055972,0.686497246358236,0.8709822205212797,0.8711593066309998,0.6131802558525221,0.7204693095530564,0.7470864213255374,0.7570567191770967,0.5546311692567469,0.8168952601836394,0.4103613774120181,0.7858792473361347,0.46974654937411126,0.6010226539960533,-0.891208430790066,-0.14551484743990098,-0.2510063344758292,-0.09063738993650663,-0.18156562420972444,-0.02397896796559595,-0.39679177615204025,-0.37998839810826746,-0.022849822534718976,0.23144021841546203,0.5821899519263558,-0.9192375190024897,-0.08664257606332867,-0.20275864330001264,-0.2799903878401015,-0.22821466089005424,-0.12577955153733547,-0.37409496936736464,-0.05196267038917538,0.34532560543762386
