0,1,2,3,4,5,6,7,8,9,10,11,12,13,14,15,16,17,18,19,20,21,22,23,24,25,26,27,28,29,30,31,32,33,34,35,36,37,38,39,40,41,42,43,44,45,46,47,48,49,50,51,52,53,54,55,56,57,58,59,60,61,62,63,64,65,66,67,68
1.0,0.8392559992485595,0.9005809767399251,0.8436406324144704,0.8360897659505696,0.8721202233187442,0.7896130851389517,0.8579095318553852,0.7863561346917959,0.742048402506754,0.8215294325557283,0.6520551027154674,0.5457733568277703,0.9157716916090486,0.722559588463017,0.7480717601423739,0.7213255940729771,0.7604984349191766,0.49490549914744064,0.4391518246418517,0.6306836650133423,0.5339699782108689,0.41042961764293306,0.3317213126042255,0.7642355751336798,0.7767558481278404,0.7658456023222967,0.8978362820355729,0.8479066496499605,0.7795025396452666,0.6052923304190062,0.5166035306025594,0.8499783521934847,0.850419162619645,0.8167069900464636,0.5805293250013501,0.8961148640075861,0.8279581038281351,0.6917387323203713,0.10168238815526805,0.7556179645476386,0.7383104250149796,0.6909269845913467,0.7283458391124256,0.7472967592442854,0.7477395183230159,0.7426372515939834,-0.01727334998790728,0.5904002357145639,-0.8126363769385972,0.296854370958784,-0.6181516930730435,-0.3334247038974677,-0.3935695648086806,-0.1400046401014838,0.1227845918105681,-0.393033566940268,-0.21397855953430053,0.3111868900414761,0.7643197262838117,-0.8282075670946234,-0.0071274655835156485,-0.6631456697198774,-0.4207237560191457,-0.2435379797277752,-0.03759591885495333,-0.36032927074690757,0.2328019829666551,0.3895184887014064
0.8392559992485595,1.0,0.9476861693172394,0.9489473676932707,0.8294375063729127,0.8716687944639507,0.9538557177037316,0.9540650572166536,0.913460821949475,0.862383099421662,0.9035631429537491,0.811181938036063,0.7973261477720734,0.8908689221451418,0.9357077753542669,0.9264800724015306,0.9184749968915922,0.8807273700097209,0.7282972784584978,0.7436452932046506,0.8078656035058857,0.8328812749861582,0.7415728443388174,0.6588182683244389,0.911066435639361,0.9096488921773069,0.9626883825756118,0.8859498334609437,0.9692481831677923,0.9433059592269332,0.8676427700622462,0.7396866406844975,0.9618746386950208,0.9607144341503686,0.9586975762354364,0.8858155485974206,0.929076887504901,0.965186148731829,0.9127208175274862,0.5263026917713931,0.8535261705395406,0.9290368761633588,0.8847109591404216,0.8188549642194215,0.8717772036174815,0.8071327451528408,0.873993545721759,0.3944675990222551,0.8080291081226902,-0.9761349142848875,0.37267251095773457,-0.53677941985134,-0.597504156736217,-0.379684855854064,-0.1372379917455536,-0.01245340627538364,-0.26665464636199127,-0.013281292587222522,0.18101602262524213,0.8407067724981768,-0.9728035406436087,0.11052276415165598,-0.6016817933606159,-0.608947366224362,-0.4497958336743187,-0.21636155391360018,-0.3574894498768265,0.1469642108256932,0.372105225582353
0.9005809767399251,0.9476861693172394,1.0,0.9522599950768518,0.8570001623916177,0.8916043726256851,0.9106706401344025,0.9408810203000826,0.8814215706931645,0.8410506838922376,0.9040310896154351,0.790376658630941,0.7191826000933533,0.9160948862703816,0.8832975137909415,0.8833295997753232,0.8685908620336993,0.8540721772565081,0.67019339573317,0.6492753387909753,0.786761585681967,0.7510556036472891,0.6450671091369296,0.5676562591714523,0.8860525056146038,0.8924472180665547,0.921716164756421,0.904459525442348,0.9409553958787593,0.8989154991354744,0.7920872060812116,0.6387913471672164,0.9527545908662352,0.940786593173667,0.9218376916192651,0.8013872204445752,0.934421713237411,0.9423831243754127,0.8580341430448024,0.40735033124630554,0.8214388680298336,0.8673088148672969,0.8097519333151926,0.760417680472326,0.8430960392250744,0.7772762342663898,0.8557804277412933,0.2552062772084383,0.7320337077903276,-0.935053144862125,0.3789347837353757,-0.5516403315388176,-0.48891273240763994,-0.36811041866372085,-0.1365672103739335,0.005129239050490088,-0.325735891952278,-0.08097548379301427,0.20449106854267793,0.8462681641030124,-0.9488377084144698,0.1288211427671917,-0.6347513428967426,-0.5353249683879151,-0.40036439342770325,-0.16857119278354074,-0.36117289654324947,0.17064095823316058,0.37751577549846643
0.8436406324144704,0.9489473676932707,0.9522599950768518,1.0,0.8555626642144659,0.8509490201546378,0.9082379096638387,0.9434969657191723,0.9032035092219467,0.8489931239746806,0.9109247021293876,0.865661195816836,0.7930020524582726,0.8852508511237326,0.9214688573804569,0.884898973387609,0.8768994122421933,0.831807908474554,0.6625204688845531,0.7247951860159667,0.8680086767276425,0.8045349288429754,0.6935643848740145,0.5827167963787742,0.8988705088824135,0.8554660126691751,0.9399145002562546,0.8737586441910451,0.9272154321643721,0.9278499646400186,0.8440515762410176,0.6468937978073017,0.9521896690097903,0.9473737565350567,0.930856529732484,0.8407783252537554,0.9146821540279737,0.9496374014930317,0.8805376057587703,0.4883582750850631,0.7861609390323835,0.8619039129367796,0.8147741636503306,0.7367705120368724,0.842363878308297,0.7590409004870879,0.850084121342474,0.35047426714757524,0.7605733699323003,-0.9500824777572864,0.4117696955933672,-0.5259964206144687,-0.5450505498165655,-0.37711762469897003,-0.11709014776193293,-0.023347052037427075,-0.24892309108065178,-0.03405458874693537,0.16691417046418242,0.8109302676669864,-0.9537495259059071,0.17165866775769917,-0.5905496308430938,-0.5623096108243266,-0.460770434186325,-0.18637998283410095,-0.3418708745052837,0.14545591522812742,0.3559013859538423
0.8360897659505696,0.8294375063729127,0.8570001623916177,0.8555626642144659,1.0,0.8369757488302837,0.8079564069803112,0.878965903920133,0.824572158017534,0.8439606422491852,0.8475709293941843,0.6805993784907947,0.5868135207436034,0.8763444459972168,0.739442977753621,0.7679359862275602,0.7383044692535145,0.7418780758623478,0.4870573902681504,0.5375314696168528,0.7013089441090341,0.6523391986481664,0.5786088715369961,0.4401282637482979,0.7770652235560896,0.7690087615641692,0.7952403940561764,0.8038931644300367,0.8220174492630055,0.7919033850456543,0.6497799430866141,0.5307122103213413,0.8736200085460313,0.8442000435729315,0.8320267714758969,0.6627172568705229,0.86712834424154,0.8411709631669612,0.7545797928137983,0.30222729094732165,0.70271346223371,0.7551916712380061,0.7271553445014197,0.7029976232877656,0.7905132490180165,0.7410554734473421,0.7681853127504974,0.1975363760587172,0.6421792949873407,-0.8139515098533442,0.3670937958806204,-0.5153115835262709,-0.31890183551069057,-0.25436848341590784,-0.08282193593739341,0.17144478681721875,-0.2374460808529317,-0.003941142523694926,0.21884719067539896,0.7377759980164255,-0.8291216026345211,0.08489793085764982,-0.5807836259956235,-0.352897227887057,-0.23854819998003043,-0.0856916618510072,-0.3062914234520725,0.24599057422305534,0.356207150880218
0.8721202233187442,0.8716687944639507,0.8916043726256851,0.8509490201546378,0.8369757488302837,1.0,0.8192013122747124,0.8465593046495141,0.8148156079122713,0.7726487367455475,0.7817084629270309,0.6335191155283323,0.6364233486833099,0.8801206275145537,0.7650050891451082,0.8442360943307128,0.7454848130865812,0.8423527171570007,0.7141274988914651,0.6161337872063329,0.6383369835974443,0.6482780549123588,0.5760675475739522,0.5048959093387854,0.7358069871092623,0.8096201930233555,0.8033271785311026,0.8395677111312613,0.8531476763795146,0.774841005104206,0.6551768399715314,0.5871410031478954,0.8654216098002914,0.8541880642795723,0.8430636907358096,0.687662277431094,0.8815626768252612,0.8496397825162257,0.7681916017249042,0.30891945152116584,0.8167025530948775,0.7837552105084467,0.7398314343974057,0.7317296863795103,0.748101052513015,0.7335912955595583,0.7729543655600952,0.17033001133083264,0.6770638685329374,-0.8499134768509258,0.29757217706258104,-0.5670611577318566,-0.4000473453360222,-0.3610125734135966,-0.17685221580585064,0.13748326015478446,-0.3892899238157573,-0.1238973774408744,0.19860137555443289,0.7574080905569658,-0.8490795234759425,0.035152804311039114,-0.6164082875495198,-0.4341841601285964,-0.30692702280804346,-0.06465470795378761,-0.43470850675527395,0.1775936387298965,0.28835221644721926
0.7896130851389517,0.9538557177037316,0.9106706401344025,0.9082379096638387,0.8079564069803112,0.8192013122747124,1.0,0.9282769592560047,0.8701205839674372,0.8300932905816225,0.8705724670613043,0.748711397013955,0.7583121260362116,0.8615310482152714,0.9106805537051184,0.8986801573334459,0.9469012291036923,0.8692541639209118,0.7030893419706173,0.7269522475390278,0.7508991337108043,0.8214218826542493,0.7363121541965558,0.6613006254541661,0.8822853270186695,0.9339724271766437,0.9399593046786242,0.818386528512237,0.9428873729798518,0.9077346640307533,0.8323108741219385,0.7451837618000421,0.9212869989314776,0.935113565089118,0.9230992052537448,0.8735910763084459,0.9033580435377558,0.9418642639201323,0.8863954479837962,0.518488763529921,0.8212858088528,0.9360674198619898,0.8920643447991861,0.8136006422953809,0.8502176437497626,0.8014955578886224,0.8656675222227038,0.39345137458597434,0.7954372971612479,-0.9441196965573949,0.32126413878933235,-0.5504952586197144,-0.6001494958277738,-0.338005804436009,-0.1170166811269215,-0.018038164043356397,-0.2276458071845174,0.04482927327807435,0.14222040247307363,0.8171343171874279,-0.9377155261311153,0.11559448152391417,-0.5979940725627491,-0.6260522334855514,-0.43162195586053953,-0.2134477549163652,-0.3234918082413458,0.1803045088725598,0.34184645566776944
0.8579095318553852,0.9540650572166536,0.9408810203000826,0.9434969657191723,0.878965903920133,0.8465593046495141,0.9282769592560047,1.0,0.8998004908598988,0.9006790090564669,0.9484957070054769,0.8165859927223451,0.7429108982373268,0.9182083438472084,0.9021852434834141,0.8896084583431257,0.8915110362642504,0.8565436917676663,0.6464020633172515,0.649228150878136,0.814495974391964,0.7993323272762999,0.7247887703830139,0.5958622109623983,0.917297063980138,0.8829287753191463,0.940749773444512,0.8837404349675895,0.9481103167956825,0.9363748353850089,0.8304475119059747,0.6754282197380387,0.9586258835043964,0.9602407908607098,0.94041666508583,0.8408488469908046,0.9388488285143194,0.9598204412440129,0.9036399828154326,0.46656786054345006,0.7875313297428803,0.88897130404529,0.8560656285950438,0.797817956960119,0.8707319013831091,0.7911988742306757,0.864991638724184,0.34704885215265385,0.7540463437001441,-0.9465937525757023,0.40963249805720675,-0.5119187580191479,-0.537026367078448,-0.3291731666975249,-0.10993934278154638,0.017471496654952193,-0.17931255581782446,0.018505005477734735,0.21307307930141803,0.8415685144125605,-0.9602950234951257,0.11750586168920919,-0.6070078247277189,-0.5646403177144712,-0.4007424520721937,-0.19959674779882122,-0.2654768558783464,0.23974303858841722,0.4088502569129456
0.7863561346917959,0.913460821949475,0.8814215706931645,0.9032035092219467,0.824572158017534,0.8148156079122713,0.8701205839674372,0.8998004908598988,1.0,0.8750338450701031,0.8733281128300379,0.8198167074656201,0.7472893488087998,0.8367853576166828,0.8626489494904742,0.8583048840885361,0.8512037667904127,0.7953273431637894,0.6172944626356287,0.6899206514719807,0.8289217735140795,0.8144871483873534,0.7147293735080178,0.604461488562748,0.8818372551246607,0.8165285867423107,0.8983660007079507,0.8507196852373151,0.894116042607448,0.9027548054845725,0.840801399584821,0.7101486373766391,0.9152419491040948,0.8918274316948567,0.9249871410779162,0.8387214674440313,0.8672504764615996,0.9037811584554197,0.876933880664346,0.5283514069257585,0.7748907926553016,0.8606542727406835,0.8183028647936011,0.7141345613291282,0.8319813377990413,0.7568392885021893,0.8161102171451242,0.38428579930635204,0.7593921493858389,-0.9184003424782612,0.3608572919497613,-0.479701714162459,-0.5259517479484008,-0.34282247822286577,-0.1319836714256653,0.04968785984194113,-0.23912722219850768,0.004681929188863771,0.2067386596291095,0.7590877603375585,-0.9157357918773706,0.11148315834362571,-0.540286010330231,-0.514929072253463,-0.3933209434915983,-0.19078692411695547,-0.35695401763365264,0.09041098924946582,0.31887250554983176
0.742048402506754,0.862383099421662,0.8410506838922376,0.8489931239746806,0.8439606422491852,0.7726487367455475,0.8300932905816225,0.9006790090564669,0.8750338450701031,1.0,0.8701154594241388,0.7606121659089855,0.678263732501702,0.839910013575089,0.7933600594869573,0.8053856809447697,0.7937573886811674,0.766068282579995,0.5533525049086908,0.6286940609259081,0.7811174463122771,0.7601719519587578,0.7424421714269852,0.5922290132284421,0.8316461236978336,0.8103440471607428,0.8506022960561117,0.8129162128424088,0.8612208472954577,0.8497175923209626,0.7805934509674771,0.6735352780980243,0.8887682774214382,0.8516156908892187,0.8612861556826311,0.78902093800377,0.8322786183423395,0.8630762738456693,0.8574145388730076,0.48600843117990994,0.7599482805735834,0.8263760385546589,0.8404182482895598,0.753358306759233,0.8431152678807976,0.7753398467330237,0.7615294690868082,0.388253765739144,0.6788602512183626,-0.8564842666840554,0.3813899275631785,-0.38943024188472347,-0.4659833959723325,-0.22274895452246157,-0.12087104036968196,0.06444167887739621,-0.10647659070755405,0.08184128725024503,0.2099629664194918,0.7359139873925095,-0.8696698543469801,0.15683915025751477,-0.49849977446927307,-0.4546928353371254,-0.2947513664993371,-0.19182570816837774,-0.21747449743707903,0.20391231304531457,0.38160356197704376
0.8215294325557283,0.9035631429537491,0.9040310896154351,0.9109247021293876,0.8475709293941843,0.7817084629270309,0.8705724670613043,0.9484957070054769,0.8733281128300379,0.8701154594241388,1.0,0.8272795937087714,0.7017880236953873,0.8706307037707066,0.8659738368345441,0.8370204913085154,0.8632655183741232,0.797173593431953,0.6015490977227339,0.549352480149485,0.8441292348154851,0.7863009845505233,0.7134304297629442,0.5497334815391957,0.9226426186758491,0.8105135971881696,0.9050478898811702,0.8449304952083417,0.899053886404187,0.9228408795186079,0.8149230317719978,0.5981515233556413,0.9277646477012964,0.9218901406681426,0.912326868794384,0.8074734284266646,0.8986979888417592,0.9266287913691826,0.8867280174299993,0.46319390590992443,0.683384240251895,0.8422392848931567,0.7993770502566402,0.6944117243520028,0.8356097725471456,0.7020008095218826,0.8394147536966157,0.3288371804678048,0.7052648918492153,-0.9020217075844855,0.42528096066203447,-0.44092189150611455,-0.48747408013290383,-0.2967630602055141,-0.08276489479723977,0.03993854197487975,-0.12943245616292026,0.057990587490976804,0.21875170072893402,0.813396627367827,-0.9268884010301258,0.12147593819630734,-0.5524596330276039,-0.5094571564773038,-0.39783212739568896,-0.21020576770857344,-0.21667678820476652,0.21844674033683423,0.39798314211659447
0.6520551027154674,0.811181938036063,0.790376658630941,0.865661195816836,0.6805993784907947,0.6335191155283323,0.748711397013955,0.8165859927223451,0.8198167074656201,0.7606121659089855,0.8272795937087714,1.0,0.807522763854957,0.7038767092257517,0.851417219175819,0.7404767376848289,0.7793141106721106,0.6264123045800957,0.477732269473849,0.6707866664113316,0.8956344641616067,0.7613291249706025,0.6547295604873301,0.5542466201026663,0.8432884046662177,0.6724342821924486,0.8368875935714232,0.7501742140500235,0.7841031717363056,0.8737779417799427,0.8013396095589481,0.5818063963276329,0.8437747641844238,0.8082082345772006,0.8205516466805607,0.7955116908137612,0.7443346993566429,0.8143525695894686,0.7966391993799344,0.5535322661601491,0.5872777305544139,0.7445662648445371,0.7022162404761687,0.5723784513508754,0.7424975138456221,0.6107022384596177,0.7159295277438444,0.46557582118566104,0.6535619202885874,-0.839699705661004,0.39648791083067036,-0.3599229132675311,-0.5219548236622269,-0.3581691413307921,-0.07460852974590286,-0.1133499648822671,-0.10275432910710654,0.013330688571100126,0.07846631326331399,0.6853246973985129,-0.8503266129118612,0.21199990927471965,-0.4487210343308867,-0.4937813763135207,-0.49171260614622836,-0.2595940546544935,-0.2386607116928691,0.019859088935600497,0.24610806555158887
0.5457733568277703,0.7973261477720734,0.7191826000933533,0.7930020524582726,0.5868135207436034,0.6364233486833099,0.7583121260362116,0.7429108982373268,0.7472893488087998,0.678263732501702,0.7017880236953873,0.807522763854957,1.0,0.6271014463049356,0.8557485075941417,0.7658525078617407,0.7507092297327629,0.6398099216202457,0.580671468947381,0.794975268856608,0.7536754281466255,0.7855927447841581,0.6444424173871794,0.6204332097788952,0.770723730718714,0.7074497409722038,0.813784503790465,0.6347142401194598,0.7735857116885765,0.7939714323500757,0.7968811701333377,0.628960603155223,0.7717648823823772,0.7665910790047481,0.7831071930003027,0.8115341815378561,0.6966385507182252,0.7888724934847924,0.7565041567127643,0.5853443864343473,0.633623634344443,0.7544223816503456,0.7032726159380215,0.6553084826177332,0.7178437492239844,0.6450042308518672,0.7271422222554002,0.5218117966718238,0.7001768884549455,-0.8131026488904181,0.35202450188119916,-0.37146464516972505,-0.5993189726959377,-0.3091452686086722,-0.10041178922166052,-0.11324487609088311,-0.08444039625385989,0.06996379046604378,0.04334346704719417,0.6259675515049318,-0.7981415572862575,0.2168127673338478,-0.4073839629420391,-0.5555224853980778,-0.45121077119481096,-0.30113246804291677,-0.17778999322229247,0.05161127126873793,0.2917754477248265
0.9157716916090486,0.8908689221451418,0.9160948862703816,0.8852508511237326,0.8763444459972168,0.8801206275145537,0.8615310482152714,0.9182083438472084,0.8367853576166828,0.839910013575089,0.8706307037707066,0.7038767092257517,0.6271014463049356,1.0,0.7960032278958658,0.8169540727719626,0.8052406562282046,0.8268804933934955,0.5666411962700695,0.5781198868129893,0.6998049905714515,0.6511956975536466,0.5782231803855227,0.46188897889968034,0.7934274082776785,0.8411339438682509,0.8426668105939495,0.85537912912424,0.8795815120122711,0.8291500091262991,0.6848170642281333,0.588072979758487,0.8964073890127521,0.916209322458386,0.8578226306901514,0.6888667838377694,0.93060952322348,0.897316550202132,0.7921505227929703,0.25179677439852266,0.7651926608148083,0.8000512724891846,0.7666838577978558,0.7580397564098347,0.7862232384987771,0.7625779648924105,0.7823493340873894,0.13603567588028442,0.6820138579502693,-0.8695605012936551,0.35328504760683616,-0.5857381903286805,-0.4562544581691044,-0.3482154221462131,-0.10498886571877694,0.1575500280599401,-0.31037179897619427,-0.08225877517873306,0.23479776789215115,0.781583402866891,-0.884110815254025,0.006341220032053638,-0.646220261223285,-0.5193984216759352,-0.3376934409080804,-0.08766215964398506,-0.32954282562371545,0.29002130592065667,0.3846349358096203
0.722559588463017,0.9357077753542669,0.8832975137909415,0.9214688573804569,0.739442977753621,0.7650050891451082,0.9106805537051184,0.9021852434834141,0.8626489494904742,0.7933600594869573,0.8659738368345441,0.851417219175819,0.8557485075941417,0.7960032278958658,1.0,0.8841117193243146,0.9095147824971185,0.8142529497532174,0.6996131303710779,0.7770025720382102,0.8270816636485565,0.8558665974934653,0.7541214326647349,0.6657969531164603,0.9100645123290096,0.8369411107062363,0.9513315502076466,0.7946951188800162,0.9090657940144393,0.9313446000937406,0.8791487900841047,0.7025892045518749,0.9216068243572813,0.9224877180231443,0.9100994197391958,0.9055092023802167,0.8608927732730983,0.9267585818632725,0.8924702615129186,0.6161852555376746,0.7466624421164668,0.8842771146029983,0.8248912168972038,0.7301063998342603,0.8260311988054703,0.7379359341677725,0.8409832253843371,0.49089023166360723,0.7900880873997511,-0.9450039450373812,0.385605475714106,-0.4730236149027965,-0.6329916473622619,-0.39119703300016545,-0.10133042811537138,-0.09931735195513453,-0.1947642049037612,0.022480504608133275,0.10443490310323104,0.8083361795066768,-0.9419633705139034,0.15429438976327886,-0.5449418080210613,-0.6186263604987368,-0.5398525236153391,-0.2877700987896268,-0.32605259858365276,0.06447199398626473,0.3118292848409927
0.7480717601423739,0.9264800724015306,0.8833295997753232,0.884898973387609,0.7679359862275602,0.8442360943307128,0.8986801573334459,0.8896084583431257,0.8583048840885361,0.8053856809447697,0.8370204913085154,0.7404767376848289,0.7658525078617407,0.8169540727719626,0.8841117193243146,1.0,0.8604909209146162,0.8993264478325668,0.7675413120348109,0.7389531788830065,0.7291236503670552,0.8471593207780486,0.7820579054787566,0.6670224122713153,0.8432399890131328,0.8497274373947247,0.9085046171724691,0.7927529314215349,0.9015236284874157,0.8743090939403985,0.8255578520163204,0.6907065689772995,0.8980533030306115,0.9001187632079862,0.913076578856136,0.8589844381024584,0.875974079446759,0.9213552398355792,0.8921908053891187,0.5649426027159694,0.7919228918467222,0.8618467205554067,0.8078291442664802,0.740612926539879,0.7997975751706679,0.7252192713136487,0.8493107914395684,0.44083802329117977,0.77397872209798,-0.9227870398331753,0.3388455245751286,-0.4960322646218488,-0.6177810496500044,-0.37787513456034344,-0.1478456358908735,-0.009150297611776796,-0.2598960190137458,0.006144681347301956,0.11300469322177396,0.7887671808227368,-0.9201738674627927,0.0674031695100449,-0.5605351670017608,-0.6148942385767834,-0.46157885364607193,-0.22761977246837173,-0.35648466581149246,0.15499695408991804,0.33449068508783647
0.7213255940729771,0.9184749968915922,0.8685908620336993,0.8768994122421933,0.7383044692535145,0.7454848130865812,0.9469012291036923,0.8915110362642504,0.8512037667904127,0.7937573886811674,0.8632655183741232,0.7793141106721106,0.7507092297327629,0.8052406562282046,0.9095147824971185,0.8604909209146162,1.0,0.8409352225387814,0.6900062223787738,0.6873652533171278,0.7726557347755665,0.8338699048757392,0.7458921174192518,0.6594763373857367,0.8839641229722586,0.8805838635730786,0.9235462414210109,0.7631827463331339,0.9034402966955167,0.9045756303041093,0.8366435269094363,0.7261206895147936,0.8938907227718681,0.9035341433675365,0.899359323574113,0.8814840342634622,0.857967785790477,0.9121845315100316,0.8778405935791056,0.5564817674419994,0.7341107098500993,0.9232276753849677,0.8646670853470445,0.7329344234828917,0.830510539824046,0.749834580837085,0.8363293296699,0.4307365127617435,0.7789726592598477,-0.9223279234538845,0.29985536929269163,-0.5016419329275145,-0.6352700822610923,-0.3670221439153489,-0.09877699957719893,-0.04359393153424679,-0.19225997565548328,0.049031797481150614,0.11305265049777208,0.7857806584973739,-0.9180173986945002,0.11306805260045014,-0.559781740731702,-0.6371435883954598,-0.49152053537035545,-0.24352448383872635,-0.31473986039581714,0.1325305345653875,0.31431556563336727
0.7604984349191766,0.8807273700097209,0.8540721772565081,0.831807908474554,0.7418780758623478,0.8423527171570007,0.8692541639209118,0.8565436917676663,0.7953273431637894,0.766068282579995,0.797173593431953,0.6264123045800957,0.6398099216202457,0.8268804933934955,0.8142529497532174,0.8993264478325668,0.8409352225387814,1.0,0.7825910138913397,0.6371799241351348,0.6404855875989033,0.7808403226895935,0.7587535950659575,0.588200358474332,0.774369604292453,0.824408927860038,0.8506087261152114,0.7538349100945156,0.8582570258484797,0.8098588912940562,0.7418007734441785,0.6288358870202085,0.8522463540065168,0.8656831351869194,0.8518802141351999,0.7687649961273341,0.8624090443557979,0.8805509077946869,0.8509619087408297,0.44081656839713923,0.7607354874498529,0.80328415556212,0.7803937064783105,0.7070513997494243,0.7283575672857711,0.6836031847443089,0.7986354496882785,0.33614170628340656,0.7335635548871318,-0.8755332033474249,0.30464754812534567,-0.5372344152276379,-0.5987106011775964,-0.4057026665621576,-0.1709223221111593,-0.01470354792121865,-0.2880628994079696,-0.013383789702675009,0.1757394623984378,0.7432062262510092,-0.8656148230271609,0.033682514871930476,-0.5828813447278676,-0.6114940640175891,-0.4199403318735899,-0.15549819613946145,-0.3452556947023292,0.2317011643850744,0.3627337366611632
0.49490549914744064,0.7282972784584978,0.67019339573317,0.6625204688845531,0.4870573902681504,0.7141274988914651,0.7030893419706173,0.6464020633172515,0.6172944626356287,0.5533525049086908,0.6015490977227339,0.477732269473849,0.580671468947381,0.5666411962700695,0.6996131303710779,0.7675413120348109,0.6900062223787738,0.7825910138913397,1.0,0.6066726661826771,0.5523523396905321,0.6889587023485514,0.6974447084059491,0.6114126836871643,0.6212012324618396,0.6707597530307207,0.7177138909926014,0.5482761579463401,0.704761299304554,0.6586030233656597,0.6934199197142539,0.5312012531612174,0.6746541878760173,0.675952574072511,0.6888473135631298,0.7178182366725196,0.6419557519038063,0.7093938662352368,0.7196942140732457,0.5485348963940017,0.6647575945826474,0.6985156171774858,0.6754228257971323,0.5763728655551861,0.5609106641693762,0.46895026945778684,0.6345090816436533,0.39449040501855887,0.6399059366823066,-0.7202204262561591,0.24691831004936,-0.2953334410575194,-0.5319420588911866,-0.27769922088601795,-0.16730427207998821,-0.09450863823615933,-0.23556882014367048,0.04913185999226087,0.030383060662073687,0.5964029838017848,-0.7023351529490465,0.08304517436336216,-0.33748442526899985,-0.5094747574045551,-0.437694970082933,-0.2219542219599574,-0.35726152759191654,0.045112066849246124,0.1859572039404983
0.4391518246418517,0.7436452932046506,0.6492753387909753,0.7247951860159667,0.5375314696168528,0.6161337872063329,0.7269522475390278,0.649228150878136,0.6899206514719807,0.6286940609259081,0.549352480149485,0.6707866664113316,0.794975268856608,0.5781198868129893,0.7770025720382102,0.7389531788830065,0.6873652533171278,0.6371799241351348,0.6066726661826771,1.0,0.6571651792624735,0.745930793287338,0.6879719758983976,0.6847207866355107,0.6034262275520494,0.6803211554015366,0.7501720959099056,0.5719661529009401,0.6975362496537083,0.6910374363573741,0.7462738833253397,0.6950370675417348,0.6934051126623056,0.6934617155261333,0.6981773036175829,0.7856749605351975,0.6095763490573097,0.7008941768688176,0.7213472020152396,0.6515162770910338,0.7223374034534358,0.7036665361331971,0.6906575829517823,0.5854244016746805,0.6142705286475426,0.582554111476174,0.6212443627064019,0.5712796749496432,0.7318245356655365,-0.7579318832091768,0.26977217757554767,-0.3814907560114585,-0.6159156416794956,-0.31175313727742066,-0.07866017701134147,-0.09621172574608443,-0.16764638090750028,0.05266095220239204,-0.055605638048390624,0.5336983182601769,-0.7128179989416342,0.20428022239233468,-0.3405624458726136,-0.5577756720757313,-0.4723377788405324,-0.19597267146690794,-0.32908410444954284,-0.05284086925220317,0.15228023818784026
0.6306836650133423,0.8078656035058857,0.786761585681967,0.8680086767276425,0.7013089441090341,0.6383369835974443,0.7508991337108043,0.814495974391964,0.8289217735140795,0.7811174463122771,0.8441292348154851,0.8956344641616067,0.7536754281466255,0.6998049905714515,0.8270816636485565,0.7291236503670552,0.7726557347755665,0.6404855875989033,0.5523523396905321,0.6571651792624735,1.0,0.7728659990117662,0.6936371568828673,0.5305382045707193,0.8235720093519258,0.6830203914295951,0.8363834004981531,0.7111350123003493,0.778900952209654,0.8635306579427103,0.8666138132050085,0.5802461750243765,0.8272784358533684,0.8131807306587243,0.8192221316374084,0.7852392003352736,0.7535361480927416,0.8254415080454975,0.8142818020796356,0.5683416962861387,0.5943557274259941,0.7619557369209295,0.7346269466554933,0.5600846948424955,0.7441970846536183,0.5905834200820179,0.6992263294153429,0.4224973876427684,0.7071599084971082,-0.8358149283414749,0.42786577565284806,-0.35633617412067764,-0.5204260706800242,-0.2860096031762017,-0.081529570676925,-0.03353371631224981,-0.10242457702534312,0.07704191921552986,0.09955568955212404,0.625014515451565,-0.8296415713626442,0.2558939801292216,-0.4020571504146632,-0.46850344221173135,-0.4630357558190462,-0.22991946718129497,-0.2572263779927605,0.03582243344893023,0.24993507923271524
0.5339699782108689,0.8328812749861582,0.7510556036472891,0.8045349288429754,0.6523391986481664,0.6482780549123588,0.8214218826542493,0.7993323272762999,0.8144871483873534,0.7601719519587578,0.7863009845505233,0.7613291249706025,0.7855927447841581,0.6511956975536466,0.8558665974934653,0.8471593207780486,0.8338699048757392,0.7808403226895935,0.6889587023485514,0.745930793287338,0.7728659990117662,1.0,0.8785439366202258,0.7663782812356758,0.8426228835762565,0.7237783447498888,0.8634860166930821,0.6773297857705782,0.8047003609240437,0.8671002150012804,0.8997518114501523,0.7437535440036275,0.8215737312862903,0.8036991692241455,0.8533217493323203,0.9272564529290009,0.7331221543556196,0.8468050588069185,0.9085289946363633,0.7807385940069657,0.6564269213741151,0.8093439897191868,0.7658569458931163,0.6036460790805284,0.7599554246566342,0.6208288848353375,0.8156216612099987,0.6596175258937771,0.7360437226645917,-0.8465290525605562,0.3295166774929608,-0.3162535636102753,-0.6074715111747901,-0.2365138896884515,-0.03878938163226011,-0.05516574934563116,-0.012248948213568311,0.15425726319512395,0.007634103584365402,0.6831698612208872,-0.8476273256337323,0.19034644619340188,-0.41371435358769487,-0.5663814108339847,-0.4699677753627852,-0.2918121134682014,-0.23962616842031323,-0.0003128042270386221,0.2354081702204885
0.41042961764293306,0.7415728443388174,0.6450671091369296,0.6935643848740145,0.5786088715369961,0.5760675475739522,0.7363121541965558,0.7247887703830139,0.7147293735080178,0.7424421714269852,0.7134304297629442,0.6547295604873301,0.6444424173871794,0.5782231803855227,0.7541214326647349,0.7820579054787566,0.7458921174192518,0.7587535950659575,0.6974447084059491,0.6879719758983976,0.6936371568828673,0.8785439366202258,1.0,0.7597933447012098,0.7343747753142652,0.6423461644948724,0.7828493781253568,0.5526866945144011,0.7069471650525148,0.7600504118179298,0.7855043055988371,0.635025672084126,0.7363910638462472,0.7127582595702078,0.7579525863433928,0.8427437032455581,0.645357106359461,0.7554857058512371,0.889776826390348,0.7919848381772824,0.5794198219739621,0.7167047908765697,0.7277144193737296,0.5414132323224757,0.6477077235226448,0.4990822679197022,0.7233010743411534,0.724106841426802,0.6877455930378096,-0.7663278159719921,0.3302204163543291,-0.22999431382410268,-0.5955213247284609,-0.21236289742300593,-0.09337651166726209,-0.0842079049272206,0.0036843011492102415,0.21990347876536506,-0.0004322319901476332,0.5954885399589528,-0.7557145321773263,0.19307861958087202,-0.3168793370481954,-0.5281568895557026,-0.4577428065782936,-0.27838174644128505,-0.1815503072316662,0.06940473852418372,0.23206216123115037
0.3317213126042255,0.6588182683244389,0.5676562591714523,0.5827167963787742,0.4401282637482979,0.5048959093387854,0.6613006254541661,0.5958622109623983,0.604461488562748,0.5922290132284421,0.5497334815391957,0.5542466201026663,0.6204332097788952,0.46188897889968034,0.6657969531164603,0.6670224122713153,0.6594763373857367,0.588200358474332,0.6114126836871643,0.6847207866355107,0.5305382045707193,0.7663782812356758,0.7597933447012098,1.0,0.6262554961408902,0.6369507810641905,0.6848375629195422,0.5044488679201214,0.6352776008679439,0.6505959475928753,0.6927406617286838,0.7794813885982563,0.6361753408520376,0.5996485103630098,0.6471774991779604,0.8323886216172321,0.5287361813435919,0.6406964314931792,0.7331882476872204,0.8188140775351287,0.5809249470456606,0.6868649199195569,0.6517769041601688,0.5392562700136342,0.600012651000971,0.481853850144307,0.6958848528603941,0.7868863450516934,0.5323830927249539,-0.6543005483119779,0.1840613911020713,-0.14120275941935292,-0.4728658860932166,-0.14531799648851024,0.015503639121971606,-0.08307194648651733,-0.017239835574412346,0.16809951420519775,-0.06430705186373661,0.5200878081819782,-0.6624741676393984,0.17880712691689077,-0.27673768646999874,-0.43992557338328936,-0.4431697942167198,-0.27360091879691484,-0.2182495815223438,-0.03822460156604135,0.12570395011770552
0.7642355751336798,0.911066435639361,0.8860525056146038,0.8988705088824135,0.7770652235560896,0.7358069871092623,0.8822853270186695,0.917297063980138,0.8818372551246607,0.8316461236978336,0.9226426186758491,0.8432884046662177,0.770723730718714,0.7934274082776785,0.9100645123290096,0.8432399890131328,0.8839641229722586,0.774369604292453,0.6212012324618396,0.6034262275520494,0.8235720093519258,0.8426228835762565,0.7343747753142652,0.6262554961408902,1.0,0.8144146716973886,0.9381270195025871,0.842650851047274,0.9159362542971938,0.9469527431261976,0.8661229614620759,0.6691064219562162,0.9269076949226313,0.8978425250006513,0.9284716162932608,0.8759394897993307,0.8533469719691738,0.9182821602749499,0.8927972863341856,0.5648756133457873,0.7049300758863003,0.8695862164304653,0.8151415982873869,0.7170147032897788,0.8611153645051591,0.7275813435677402,0.8668920134734289,0.44632070348097896,0.736793974194213,-0.9180032422662787,0.3982583120247826,-0.4199322879829932,-0.5279091384502687,-0.3207573692167932,-0.12618250220968688,-0.09769439625050297,-0.1315365080909804,0.0404144883689195,0.2051886929768661,0.835155556138706,-0.9401529134077967,0.1451086134019556,-0.5467554739576959,-0.5319895619328352,-0.4489039979171132,-0.30710166419011836,-0.25163680529547816,0.07349057802347587,0.3705166798685193
0.7767558481278404,0.9096488921773069,0.8924472180665547,0.8554660126691751,0.7690087615641692,0.8096201930233555,0.9339724271766437,0.8829287753191463,0.8165285867423107,0.8103440471607428,0.8105135971881696,0.6724342821924486,0.7074497409722038,0.8411339438682509,0.8369411107062363,0.8497274373947247,0.8805838635730786,0.824408927860038,0.6707597530307207,0.6803211554015366,0.6830203914295951,0.7237783447498888,0.6423461644948724,0.6369507810641905,0.8144146716973886,1.0,0.8846892364511938,0.7881433005268328,0.9151633463038386,0.8319611659353792,0.7741217708795051,0.7450270088352103,0.8746006103381926,0.8858962882518676,0.8597740475260238,0.8070805494419893,0.8698900543253638,0.8898769583816553,0.8139727995390823,0.4387178869545606,0.8444190400292716,0.9117349791460871,0.8848389685260015,0.8252263376486229,0.8229867718142729,0.8034185763823624,0.8056151941388959,0.3154405313753831,0.744191928557634,-0.8903945486838658,0.2686436968042726,-0.5323814893430503,-0.5512891098774391,-0.2683362025310559,-0.11359891898911662,-0.0015784070533528065,-0.28444763783731575,0.02120705514016506,0.15999976701042795,0.761631613586987,-0.884405216866657,0.10280458621444116,-0.5681299419881718,-0.5853508741982245,-0.3318436233529978,-0.16925259736761677,-0.31567819578427425,0.2152321879969841,0.3439473493060513
0.7658456023222967,0.9626883825756118,0.921716164756421,0.9399145002562546,0.7952403940561764,0.8033271785311026,0.9399593046786242,0.940749773444512,0.8983660007079507,0.8506022960561117,0.9050478898811702,0.8368875935714232,0.813784503790465,0.8426668105939495,0.9513315502076466,0.9085046171724691,0.9235462414210109,0.8506087261152114,0.7177138909926014,0.7501720959099056,0.8363834004981531,0.8634860166930821,0.7828493781253568,0.6848375629195422,0.9381270195025871,0.8846892364511938,1.0,0.8349281706419699,0.9479722336257016,0.9470957273885259,0.8917223928733681,0.7208188534196994,0.9506772989697172,0.9467818438456935,0.9470380252338755,0.9135069066709343,0.8936576832864748,0.9572992384300171,0.9266497057808146,0.5950787186012372,0.7929962815091426,0.9138528490860675,0.8694768671154449,0.7762559647775302,0.862614013402077,0.7624378777833779,0.8676338994921664,0.4684746799074973,0.8164548763675404,-0.9677299924675841,0.39896191883334486,-0.4887328347653801,-0.626759900907856,-0.3663933107292137,-0.14055588172085048,-0.08443089572557197,-0.21031882722517128,0.04857566973304789,0.1495290814556992,0.8248464334057107,-0.9689131855225863,0.1442956825075677,-0.5758268961160552,-0.6210949306166156,-0.5124150188955365,-0.28382451594407565,-0.31628987889226645,0.12342430301228745,0.360599682190422
0.8978362820355729,0.8859498334609437,0.904459525442348,0.8737586441910451,0.8038931644300367,0.8395677111312613,0.818386528512237,0.8837404349675895,0.8507196852373151,0.8129162128424088,0.8449304952083417,0.7501742140500235,0.6347142401194598,0.85537912912424,0.7946951188800162,0.7927529314215349,0.7631827463331339,0.7538349100945156,0.5482761579463401,0.5719661529009401,0.7111350123003493,0.6773297857705782,0.5526866945144011,0.5044488679201214,0.842650851047274,0.7881433005268328,0.8349281706419699,1.0,0.9007039770078852,0.8748987236403415,0.7445305167355571,0.6565662354455604,0.8960234961645305,0.860526263452987,0.876663297206373,0.7405232366267284,0.8582641721393651,0.8524948897227603,0.7876424287834299,0.35427553006763934,0.8378844138756408,0.8077946439721772,0.7629469466702156,0.735664427854312,0.8251349660889975,0.7682743838438175,0.7751287069078937,0.21990159060649536,0.6393570269567287,-0.86796697323816,0.3431753848126749,-0.49089500355016313,-0.3596363428560228,-0.3224514452488618,-0.13660730451494846,0.01618651046771098,-0.2640790293670984,-0.1573192416972893,0.29190421739670513,0.8102749122453713,-0.8836067877469761,0.10400829236409428,-0.5841246756282399,-0.41551252940992806,-0.2759078874202281,-0.11090821178109882,-0.34845367906035724,0.06302168537188689,0.3740653566200842
0.8479066496499605,0.9692481831677923,0.9409553958787593,0.9272154321643721,0.8220174492630055,0.8531476763795146,0.9428873729798518,0.9481103167956825,0.894116042607448,0.8612208472954577,0.899053886404187,0.7841031717363056,0.7735857116885765,0.8795815120122711,0.9090657940144393,0.9015236284874157,0.9034402966955167,0.8582570258484797,0.704761299304554,0.6975362496537083,0.778900952209654,0.8047003609240437,0.7069471650525148,0.6352776008679439,0.9159362542971938,0.9151633463038386,0.9479722336257016,0.9007039770078852,1.0,0.9353517837746683,0.8583450368517481,0.7439875191260278,0.9498177154219557,0.9426323735248504,0.9442972322258166,0.8666229088741052,0.9179663069831078,0.9497643998115888,0.8907206082179909,0.48602231530001927,0.8641333339822317,0.9277424025158665,0.8955645226776826,0.8408426321380621,0.8876475204789184,0.8181477808891124,0.8594343564392581,0.358050742098718,0.7765386619680333,-0.9567152703353335,0.36172778880506834,-0.5302265248215604,-0.5600544954977222,-0.34132507676467555,-0.15085357574766886,-0.034486100140506855,-0.24547926367985298,-0.015775222966329282,0.20883954208810007,0.8289194521464753,-0.9576134016811692,0.1158112319216252,-0.5902688857015554,-0.5855569052761983,-0.3954985001155645,-0.2272219785434599,-0.3101162274252298,0.15127667148892374,0.38701765031458235
0.7795025396452666,0.9433059592269332,0.8989154991354744,0.9278499646400186,0.7919033850456543,0.774841005104206,0.9077346640307533,0.9363748353850089,0.9027548054845725,0.8497175923209626,0.9228408795186079,0.8737779417799427,0.7939714323500757,0.8291500091262991,0.9313446000937406,0.8743090939403985,0.9045756303041093,0.8098588912940562,0.6586030233656597,0.6910374363573741,0.8635306579427103,0.8671002150012804,0.7600504118179298,0.6505959475928753,0.9469527431261976,0.8319611659353792,0.9470957273885259,0.8748987236403415,0.9353517837746683,1.0,0.9132328155210349,0.7353299975405367,0.9407803602790543,0.9283003045583734,0.945016841088456,0.9033200783448883,0.8779728032791869,0.9399583517817709,0.9148497922045697,0.5915834388593769,0.7612513622801866,0.8993539548471523,0.8600105572511118,0.7373015032480175,0.8682277237331231,0.7475972049333661,0.8547178347436603,0.46816219483744265,0.7703732318861563,-0.9499427211292453,0.39116936252984436,-0.45308544234715115,-0.5692342879563977,-0.34688134132533066,-0.10757568884129812,-0.0644329249881838,-0.1415159477961433,0.0039937206232615605,0.17245260113807165,0.8255977447208577,-0.9578778116504587,0.13675657414122125,-0.5549105562074886,-0.5632899830765461,-0.47097344342766934,-0.2719554985601236,-0.311381900796776,0.07415161191540343,0.3416613929080296
