0,1,2,3,4,5,6,7,8,9,10,11,12,13,14,15,16,17,18,19,20,21,22,23,24,25,26,27,28,29,30,31,32,33,34,35,36,37,38,39,40,41,42,43,44,45,46,47,48,49,50,51,52,53,54,55,56,57,58,59,60,61,62,63,64,65,66,67,68
1.0,0.5714392524511518,0.48073796948194947,0.5697542552663141,0.7447483167436365,0.7127505597278365,0.31413060154016764,0.5817530378997531,0.702833991566219,0.38070887182548785,0.6264025512323433,0.6888942886585216,0.5600016536731203,0.5375720523988556,0.48103491582142344,0.3768443227191789,0.23824712582047827,0.23976527349018134,0.38884521443038567,0.3192627211448481,0.33373085051689405,0.11954578639179878,0.2468316377414265,0.26963227647596744,0.5088566727081433,0.1696033287431691,0.35425988882544296,0.8081266744577865,0.5265161351810212,0.48307536999832623,0.29029170588102465,0.11492645469475413,0.4668869119961702,0.4777500313209349,0.48445724318959216,0.391861949195031,0.5120012355096194,0.4964425892316574,0.420671433398447,0.20703578787703988,0.5931331451332396,0.45814158737774996,0.3853008449204126,0.5626243369082489,0.44318570833582066,0.42602098798343124,0.47085943477122877,0.1566985049393165,0.0257854468061009,-0.5769386751237171,0.2517390772280068,-0.3216685121730327,-0.09382168069846118,-0.04715770225995467,0.1630795239107996,-0.3527661268094976,-0.26546492417101647,0.30612442210555696,-0.2860522779375202,0.7218204661727305,-0.4122634069297512,0.19476792054273043,-0.3124950637081968,-0.08999579864498161,0.0664102056917248,-0.08353779229649708,-0.17825954972749936,0.06961894672657361,0.24503226012398754
0.5714392524511518,1.0,0.899721464701696,0.905168585068872,0.6459087255437531,0.7659920629367241,0.912063620166088,0.965596255970347,0.848190207574628,0.907167654836725,0.9109795451526558,0.7672855896384403,0.8732685318883336,0.9466565755516863,0.9645727538923234,0.9123173163168714,0.8539412874144416,0.8751545041662289,0.8758128228527583,0.877355797889903,0.7948717627700725,0.8304635241847634,0.8711401671185487,0.868577100006624,0.9058931339349782,0.8277057675825045,0.9155764692514992,0.7936904277944113,0.9574054674448294,0.9554126982056781,0.9033825184383094,0.7788646690921385,0.9426470982454537,0.9613278356190412,0.9586334782919715,0.93844701420186,0.9681713841728378,0.9599810507721042,0.9482908670139675,0.831129281515464,0.7685713911373021,0.9156476890655968,0.9006321050886159,0.8395948230339624,0.9050037947373712,0.6348261198793647,0.91833162226992,0.8225592336279826,0.7268182490236615,-0.9741762509150065,0.42337560000588903,-0.6204696283590426,-0.6943756166486057,-0.3271095420587583,-0.292903130291568,0.08014201077278255,-0.27767830041637553,-0.08834086602142328,0.10697068471630393,0.6064580733293652,-0.9568737593565941,0.056996467489016975,-0.5611620485234116,-0.7193944318056356,-0.3908853252459368,-0.2853007188117203,-0.5853086540430238,0.047271359155875305,0.11289488567329468
0.48073796948194947,0.899721464701696,1.0,0.900237404704938,0.46005908161123676,0.6282639410967726,0.9148108519128151,0.8662512314368901,0.7126082284284412,0.845072858450764,0.8180375546561638,0.6225830888588395,0.7221940832331166,0.8728819815842004,0.9158341822633244,0.8411397613525954,0.8764415614025454,0.8861687800578315,0.8203174590390685,0.8289967943403446,0.8039941864817676,0.828952408028403,0.7844653263997631,0.8202040137189626,0.8773523129161401,0.8565617918991298,0.912682542428544,0.7379397072258361,0.8991303652659693,0.9151751853701751,0.882164416285259,0.7707862476031098,0.9106799088731641,0.9081924613820112,0.8927609038270176,0.845360329660942,0.8947187728481112,0.8846953829108151,0.8709772337722491,0.7300068652748771,0.6341834310963884,0.8324666245192621,0.8691405474512045,0.6968471033720426,0.8471287776124355,0.49591766812193383,0.8586698537669618,0.7492072064489965,0.7914401781601635,-0.9142869180829094,0.34690937114337944,-0.6492940264813502,-0.7058589130531516,-0.43532833600353915,-0.36625682933412296,0.0003955075962989831,-0.4545238802505025,-0.29699306976480416,0.26798888342262206,0.5767616588336105,-0.9197634950711931,-0.05904679204522137,-0.5694821801122958,-0.7429386832294228,-0.4503104248329562,-0.26745721762927244,-0.693563622649744,-0.09471158880184244,0.04165588547702305
0.5697542552663141,0.905168585068872,0.900237404704938,1.0,0.5882541830282656,0.7882820929743418,0.8325420509720456,0.892082553711216,0.7958723280604018,0.8288725179370874,0.8422998908231911,0.7698662854915918,0.8163670409842432,0.8621682318893842,0.8976643060093795,0.8286767905901233,0.7839279385219705,0.8059790973922006,0.7823607236119587,0.8292120781705365,0.840770384304759,0.7820630130607098,0.7492585052193617,0.769447805639444,0.8478084735091106,0.7378003245373264,0.8373995218430516,0.7304871105203063,0.8558892273812788,0.9088111886630585,0.8426892934928988,0.6547584097769982,0.8852581087357616,0.897069511510665,0.8880529958588234,0.8284322667170769,0.8920133912793928,0.88220699462376,0.8615703688430518,0.7238134562461974,0.6268847408567353,0.78020631271834,0.7958962428695062,0.7542448893497905,0.8439999293793232,0.5099877182930921,0.8371413186523028,0.6972590933966633,0.6654740910063555,-0.9178190839424597,0.3352409920096597,-0.6515262214161123,-0.665423411512451,-0.4274449816998845,-0.27568237301519727,-0.019291302275439327,-0.38822058982232266,-0.11953098154998883,0.07734492278646865,0.6390986325124741,-0.888827913319411,-0.037050791061414685,-0.5633751183590202,-0.6705171274025605,-0.44751378821242394,-0.2695414129757617,-0.6142485418362005,0.026898464955726453,0.04660713191157058
0.7447483167436365,0.6459087255437531,0.46005908161123676,0.5882541830282656,1.0,0.8237559478052106,0.4232617577079843,0.6446770630474018,0.7291851659875359,0.564126342214089,0.6468537801725918,0.7283699609220757,0.6873037964698532,0.5949803208590506,0.5571326623972849,0.5104997255740806,0.35548791147526815,0.341759571346845,0.5036524878978101,0.494306695250359,0.45733020275544567,0.31304881878938184,0.45064321300367655,0.4352558817265034,0.46752591064348153,0.29836867559982977,0.39231057048929635,0.7089234502009055,0.5830328500164158,0.543028530404357,0.4177490729044084,0.2728329813529402,0.5036795422872631,0.5585850836823066,0.5605583247694713,0.5373751757770512,0.5851433323641735,0.5837615000894213,0.548746797755679,0.4309201689812229,0.669690125357258,0.5550922199268822,0.516710862626475,0.6572497254094529,0.5435465192290779,0.47538882406344535,0.5123987824146115,0.3746963157486938,0.09637967313871627,-0.6263139469604073,0.31368881705133866,-0.23148135590710744,-0.1994356490209662,-0.014691449121040178,0.0694385123719471,-0.2008748154602694,-0.10022172464996969,0.27931129116915526,-0.4183146869649397,0.5333875861730841,-0.5124902858584532,0.19874876248654857,-0.2307595601998412,-0.19464299188648793,-0.006050517522571686,-0.1048352258020414,-0.168583972281248,0.15166566083577596,0.13444243152567795
0.7127505597278365,0.7659920629367241,0.6282639410967726,0.7882820929743418,0.8237559478052106,1.0,0.5662911924603885,0.7619403702735253,0.792780518043701,0.6822529367766463,0.7287488965576401,0.7755684628652982,0.7907294043280423,0.7215420658563115,0.7070959268938632,0.6736913081063498,0.48177126981628476,0.5159548113535193,0.625754318791529,0.6917654369543396,0.6116388384954007,0.5188408970163128,0.5600767724872879,0.5663962258632017,0.6134775986899839,0.4522457820163638,0.5691646513880348,0.7291989038445857,0.6933845096542788,0.6982967498756487,0.5917471235802737,0.38206365202812725,0.658097498858956,0.709362573715232,0.694735820410281,0.6613996863589944,0.7239412947388143,0.7161355707379203,0.6827532688807211,0.5620138142336584,0.6749322659105873,0.6493568927883019,0.6120585863884208,0.7277115882147396,0.6746655990903685,0.53933431342477,0.6398365369636679,0.5044910989694147,0.2754684186204347,-0.7556054300713086,0.344819161831117,-0.37834295648994143,-0.3831850408473883,-0.17998172698721793,-0.028514129302533435,-0.1664033744707448,-0.23456110723530865,0.13152736707903298,-0.23283593365253302,0.6450493374639347,-0.6724138868920836,0.11026740387782079,-0.3660167916537739,-0.3705513029277567,-0.19397082335266405,-0.17637612884673678,-0.3774073856045069,0.0873748958353902,0.14338355544556328
0.31413060154016764,0.912063620166088,0.9148108519128151,0.8325420509720456,0.4232617577079843,0.5662911924603885,1.0,0.8845133870254843,0.686969400417802,0.8979655292991189,0.8012100181280065,0.5607240887209567,0.7525538794029111,0.8860564113540222,0.9406118564884219,0.9042833844636563,0.9517222799475529,0.9520257752168542,0.8719261003986764,0.8862650085319886,0.7746298131849599,0.9150385430088439,0.8923816873342726,0.909390179205719,0.866702385361729,0.9499363452579137,0.9485477732061497,0.6470767302976157,0.9253010969206287,0.926026188672821,0.9363367108526421,0.8883284355619798,0.9260356715585009,0.9355594846098926,0.9199183998167175,0.9190800926138302,0.9156715094025221,0.917669937375878,0.9270474292926967,0.8442078138290154,0.6705732971237176,0.906265508166786,0.9309590105818704,0.7402422834207013,0.8879374490615918,0.5622431748099922,0.8952379829132223,0.8700717951007192,0.8602645724810463,-0.9093583540941177,0.3409310110042638,-0.605887641525488,-0.7751758786578452,-0.38717915229707306,-0.42722042204613275,0.18646696633074575,-0.31956540639900655,-0.2991156261157538,0.3046795452208893,0.44955959183327443,-0.9564306468673953,-0.0795967923121481,-0.5410507208475822,-0.8176183357444666,-0.4780224359230119,-0.3112040982073841,-0.6827574315568963,-0.026604909408684416,0.014495061903137376
0.5817530378997531,0.965596255970347,0.8662512314368901,0.892082553711216,0.6446770630474018,0.7619403702735253,0.8845133870254843,1.0,0.8317467460934119,0.8832139690057078,0.9432755207885559,0.7935160512692837,0.8720988446706649,0.9501376384192117,0.9571504559189667,0.895647260478886,0.8281001954206723,0.8460165134239065,0.8485770137697873,0.8493948688115636,0.7843900013677654,0.7993854315082302,0.8642222636187683,0.8430699432975282,0.8994258642622116,0.793698932948223,0.9031690780325683,0.769009378001572,0.9373992822045153,0.9485092381655245,0.8766714007326589,0.7515465076281249,0.9405255310170483,0.9598426618830797,0.9494386225801716,0.9181386483530684,0.96291774724216,0.9641151269778442,0.9379183723916346,0.8243062655027049,0.722244973641072,0.883537000375495,0.8741655348128046,0.8655872751167886,0.9036187918758444,0.6244635770408599,0.9020599112933915,0.8234964847531707,0.6997954987043505,-0.9616117072868549,0.3458061899524301,-0.6476729535620587,-0.6975035588841086,-0.3269220014827948,-0.2797507478928871,0.1255180654041487,-0.2471081841362509,-0.018976210114018045,0.10586957736110018,0.5992854688358585,-0.9401011003789199,0.007381653272536668,-0.5852561080836106,-0.7125905469980491,-0.39707423523959773,-0.30849891547740094,-0.5743836502086841,0.050318739681602526,0.14969776265682258
0.702833991566219,0.848190207574628,0.7126082284284412,0.7958723280604018,0.7291851659875359,0.792780518043701,0.686969400417802,0.8317467460934119,1.0,0.7414273602738636,0.7852885178863083,0.7673598962304065,0.8323218436605145,0.8005699061105808,0.7828847714674424,0.746951017111124,0.6202348484504956,0.6469952124915245,0.6859377600177368,0.6752355316208621,0.637125913557079,0.5782275690374878,0.662100386937021,0.6726474841498257,0.7355878450965002,0.5994728110680152,0.6922904619399034,0.7805940758216278,0.7925872203128866,0.7862864668389509,0.6941800666872339,0.53143001481969,0.7707551470504398,0.7784651535592121,0.8079354860488407,0.7649773367160165,0.8147854751085153,0.7898085428799198,0.7768329945308283,0.6492650420527711,0.745734302324458,0.7714647214593103,0.7281959808681707,0.7111384143644262,0.7297945454329873,0.6145724932837964,0.7784473849971727,0.588242965745447,0.4438317900603574,-0.8377309326875155,0.4039106991790905,-0.4915038692596067,-0.5147566323563993,-0.18669153152166937,-0.047096646049358204,-0.004757241889763565,-0.1856110719340567,0.07405287026278735,-0.1114603695603343,0.6414460221358332,-0.7609335132500357,0.1392573214216473,-0.46223955454347104,-0.4929748889200235,-0.22305710334497028,-0.22531119748398576,-0.40062581453335233,0.14042029735949876,0.16328422447302096
0.38070887182548785,0.907167654836725,0.845072858450764,0.8288725179370874,0.564126342214089,0.6822529367766463,0.8979655292991189,0.8832139690057078,0.7414273602738636,1.0,0.7937687995305298,0.6526400117811958,0.8332073148909108,0.8623626885020135,0.907034619916644,0.9014466942776748,0.8436484743922735,0.8788354110975054,0.8489691265654239,0.9027653901201818,0.7970333916774083,0.8719695410655899,0.8918537651168479,0.8941357742417314,0.8092288763387423,0.8548935340146395,0.8759921708512313,0.708122087537448,0.9075654343282336,0.9121377204167325,0.9166651042431437,0.8173230030202469,0.8887469022981637,0.906177961228619,0.9058265972176215,0.9267546114979424,0.8972701711021536,0.9012718235758429,0.9276425723392201,0.8769120654765314,0.7431971193220663,0.8896834541677492,0.8871242707504396,0.8062131652249469,0.8951002881789246,0.5982941893602743,0.8520917081383523,0.8502857902845808,0.7532995924916942,-0.8965682073672017,0.3576743221519323,-0.5368221955563557,-0.6961275413373617,-0.33951023728656776,-0.37160405133870605,0.1884001961711625,-0.20393693898966636,-0.22337401682091212,0.15520393863893112,0.41822867627112514,-0.9277181184481068,0.008429722550380127,-0.4860654402593252,-0.7419586754621768,-0.4601375925746291,-0.2550876132249963,-0.561555966278727,0.02634721411513476,0.056062310426246605
0.6264025512323433,0.9109795451526558,0.8180375546561638,0.8422998908231911,0.6468537801725918,0.7287488965576401,0.8012100181280065,0.9432755207885559,0.7852885178863083,0.7937687995305298,1.0,0.805749903191904,0.8292568313096973,0.9163933408297086,0.9056948712515946,0.8193816827581653,0.7631164588553052,0.7568884514651378,0.7850183169641326,0.757962174414055,0.7564247682698079,0.7108767336896399,0.8106294551304726,0.7543625086727825,0.8687740381791119,0.6902654486544104,0.8392309099755143,0.7547363557265849,0.8751274604271175,0.8913099957125898,0.798217800291542,0.6748065599967906,0.8820224409837671,0.9024729564080765,0.8943488369387598,0.8466844511950878,0.9157131717476585,0.9223984354906755,0.8741634232964152,0.748790165768834,0.6483843203667925,0.8014480056936809,0.7933418623972062,0.8199562110652969,0.8385553954005918,0.5740933934555239,0.8426875197570621,0.7587361759912151,0.6186202278275172,-0.9130309003256681,0.36519307342807733,-0.6338588589431197,-0.6275636229142445,-0.32148913054444067,-0.23344717274397422,0.06317180049329882,-0.24007458119190286,0.0422282329277158,0.0578397126481896,0.596148597795393,-0.870550739927429,0.0587382468211475,-0.5728155562493675,-0.6275107284845733,-0.37135319643826187,-0.2951018553261224,-0.4911622146209701,-0.016501791664873817,0.15883664831696953
0.6888942886585216,0.7672855896384403,0.6225830888588395,0.7698662854915918,0.7283699609220757,0.7755684628652982,0.5607240887209567,0.7935160512692837,0.7673598962304065,0.6526400117811958,0.805749903191904,1.0,0.7894957539397569,0.7306170806816781,0.7287638640008979,0.6729894204546403,0.5301635376160482,0.5287821321033752,0.5909825603391013,0.6265979857382904,0.7125368490322632,0.4978123341423919,0.6261607218328111,0.5305199655656271,0.690120632970663,0.4155300994602744,0.5939136716541318,0.6929148775783648,0.6822476796824775,0.7296945916256072,0.5997064876430094,0.41460439826021267,0.7059333698343785,0.7364351249695777,0.7257184268419181,0.6772529810460551,0.7363078778373111,0.757351878814129,0.700760854010469,0.583407836467124,0.547797008926622,0.5911556858357724,0.5697133504499451,0.7183765923250621,0.6736452601589311,0.4486527988570741,0.6423469988362166,0.5369309515100339,0.33325629576875326,-0.7818852462223026,0.3640787734303296,-0.5505381548429208,-0.41892797820940825,-0.2688718650024716,-0.0627258704114321,-0.10865647660864984,-0.23686428044238725,0.18564301914783388,-0.24075192006824256,0.5936577932085173,-0.6850400378009209,0.1997366833144613,-0.48784244508435914,-0.3946636440144657,-0.28965254019187975,-0.20024944299861727,-0.3248145433957235,0.056324811890052506,0.15297083940267692
0.5600016536731203,0.8732685318883336,0.7221940832331166,0.8163670409842432,0.6873037964698532,0.7907294043280423,0.7525538794029111,0.8720988446706649,0.8323218436605145,0.8332073148909108,0.8292568313096973,0.7894957539397569,1.0,0.8263742445641205,0.8414284263595428,0.8350279594367122,0.6788037127992467,0.7479971623773873,0.7939845351054271,0.80557606882968,0.6757206584767116,0.7136344380003297,0.8144493426646211,0.7561246453115991,0.7651153388748909,0.6605083386352262,0.7545927131274991,0.7007054745654783,0.8279003904315902,0.8323258357743497,0.7892328351380931,0.6081210346069308,0.8036017686824815,0.8378744840809912,0.857819519090792,0.843544270535161,0.854843947566691,0.8592798037938114,0.8675736771530702,0.7886150254263636,0.7145967575510959,0.7885525277702211,0.7688238634101241,0.818271751975562,0.7972027955793156,0.6657414650466682,0.7870555312297729,0.7311431170732751,0.525052838187682,-0.8552567859221119,0.37496913466689447,-0.4998798190107811,-0.5436872805010327,-0.24970327801870532,-0.14488552015758763,0.10661548035138321,-0.18266889925956503,0.054474289676332416,-0.025522365687104892,0.5780145710960789,-0.8261408178694284,0.10650403374904503,-0.4799730321872735,-0.5625758328141635,-0.33387428717509887,-0.23611350963208114,-0.45028318643808646,0.09931214407530392,0.10483404822829274
0.5375720523988556,0.9466565755516863,0.8728819815842004,0.8621682318893842,0.5949803208590506,0.7215420658563115,0.8860564113540222,0.9501376384192117,0.8005699061105808,0.8623626885020135,0.9163933408297086,0.7306170806816781,0.8263742445641205,1.0,0.9434709349542715,0.8759624859168494,0.8317361826712528,0.8439908016062408,0.8312349611446785,0.8271415883712803,0.7803195574852769,0.7975331396507912,0.855894921035812,0.8350798831910394,0.9058164875540327,0.8146318608473047,0.9154119575927068,0.7390519945748768,0.9272111159142944,0.9226191054564287,0.8685899512917784,0.7716880803849788,0.93448194967545,0.9491371554900832,0.9277657828959498,0.9071636100527164,0.9562872306618614,0.9521508884196743,0.9153008610895091,0.798326295531492,0.7139537240447834,0.8834350207778782,0.8668929375314722,0.8062699932931334,0.8736012483770726,0.6269561289611952,0.8911198651003784,0.8315086384843043,0.7337045735871661,-0.9429185897407039,0.4241276894630532,-0.634897876950778,-0.6984898780037523,-0.32695626092796215,-0.29084657829084787,0.10576237480376245,-0.2979557468931701,-0.11406069199675048,0.17799995891802906,0.5853933198357096,-0.9332607451114713,0.04592037031697249,-0.5871230957751447,-0.7274121783757544,-0.412540232215266,-0.28666972583878786,-0.6068828407128175,-0.023924613075872295,0.14696469536831225
0.48103491582142344,0.9645727538923234,0.9158341822633244,0.8976643060093795,0.5571326623972849,0.7070959268938632,0.9406118564884219,0.9571504559189667,0.7828847714674424,0.907034619916644,0.9056948712515946,0.7287638640008979,0.8414284263595428,0.9434709349542715,1.0,0.9237268886242079,0.8976284674283919,0.9099360913591625,0.876086254800543,0.890188194348843,0.8173662519715655,0.8793243169520789,0.8905443368115579,0.8886302672154621,0.9197443368331061,0.8673725436762324,0.948098229598571,0.7373094417327504,0.9526142653959487,0.9659459239973943,0.9330542773369914,0.8272957036861832,0.9561616073156461,0.9783535587084569,0.9593504891171326,0.9444456071795473,0.9649835045179543,0.970693344367283,0.9562430053339172,0.8471598700197673,0.6935599591921291,0.90316950858985,0.9094605918445529,0.8196126931487615,0.9149157123390195,0.600104905187665,0.9213724427392666,0.85797608437947,0.7912219559949656,-0.9694056004067303,0.3883473296910613,-0.6630127484202222,-0.7476728251746454,-0.4078181134436889,-0.33533435686094804,0.09873807055928703,-0.3330085898915331,-0.17403328798787232,0.18950285995009264,0.5706967399095968,-0.9753651807066493,0.007246479787506095,-0.5930405373597719,-0.7756370189222082,-0.48687687104664823,-0.30637347204609,-0.649913048285542,-0.02392288798767038,0.09540591435802487
0.3768443227191789,0.9123173163168714,0.8411397613525954,0.8286767905901233,0.5104997255740806,0.6736913081063498,0.9042833844636563,0.895647260478886,0.746951017111124,0.9014466942776748,0.8193816827581653,0.6729894204546403,0.8350279594367122,0.8759624859168494,0.9237268886242079,1.0,0.8510682350392096,0.9067908649779386,0.8787725286838849,0.8904235952867703,0.7611013489033864,0.8903551927209146,0.9137596739747815,0.874026641331775,0.8463013076549736,0.8405143538949749,0.9050571893542524,0.6702236466147077,0.9004587243863835,0.9223229570798128,0.9114774353884836,0.7878790116420435,0.9122797875616825,0.927571996552707,0.9206095044481295,0.9284798099312492,0.9109364706477965,0.9185349291493696,0.9422336956043973,0.8947812817791038,0.6727543633853844,0.8655962451064725,0.862679693573313,0.7637264131517492,0.8628254881103057,0.5490712050362464,0.8702813868228301,0.8656799360033197,0.7551356370149905,-0.9136124107678094,0.37280335537301257,-0.6007354128653901,-0.7491441875846299,-0.4028246830699987,-0.33804700793252107,0.20841405943471314,-0.24855797899823906,-0.2142220930744752,0.18777182812915083,0.49281502474301175,-0.9384105550955105,0.017610263836000804,-0.5540209082569441,-0.772232287989551,-0.4966027576163426,-0.3147568182693395,-0.6071099915673327,0.04070309351813521,0.07590255401792897
0.23824712582047827,0.8539412874144416,0.8764415614025454,0.7839279385219705,0.35548791147526815,0.48177126981628476,0.9517222799475529,0.8281001954206723,0.6202348484504956,0.8436484743922735,0.7631164588553052,0.5301635376160482,0.6788037127992467,0.8317361826712528,0.8976284674283919,0.8510682350392096,1.0,0.9020578297153009,0.7745644640573299,0.8228174684247387,0.77698454167216,0.8875737555755183,0.8541925660226943,0.8709211968306163,0.8322775790097372,0.9229012962800696,0.9180437298131771,0.5624129303722388,0.8511063264700768,0.8818983560394598,0.8928228473153208,0.893129284248193,0.8851255893449531,0.890225564662072,0.8691551336939246,0.8730025578684897,0.8637791799258373,0.872421043721745,0.8728375273850896,0.8004808141369031,0.5549746090713796,0.8468218560822317,0.8846407339530961,0.6639508359461264,0.849164800920063,0.46258981321538956,0.8647382344859288,0.8337618477566402,0.8597963119588256,-0.8620782349108201,0.328530224937003,-0.6285314027853428,-0.7699330784089374,-0.4391882508241146,-0.4362354957318148,0.16297136058513603,-0.30132393189241496,-0.32576329606467597,0.32778179508460775,0.4017733162746835,-0.914651582433917,-0.1131924146549445,-0.550053774936822,-0.7981539500807286,-0.5276785606448018,-0.300317406634931,-0.6309470555779445,-0.06565364321198879,-0.019152001597132345
0.23976527349018134,0.8751545041662289,0.8861687800578315,0.8059790973922006,0.341759571346845,0.5159548113535193,0.9520257752168542,0.8460165134239065,0.6469952124915245,0.8788354110975054,0.7568884514651378,0.5287821321033752,0.7479971623773873,0.8439908016062408,0.9099360913591625,0.9067908649779386,0.9020578297153009,1.0,0.8996860347595412,0.8920331827646624,0.7343095394545893,0.9272204709869523,0.9018748898021406,0.8870126098446448,0.8478205613076985,0.9187221099803633,0.9299173364441453,0.5782021623952206,0.8955551140031325,0.9046011811414028,0.9339729114943736,0.8458276788704873,0.9041452881507268,0.9071898599558796,0.904571627749445,0.896853210373315,0.8822238939080449,0.8873073271836633,0.917766786137133,0.8493994411221535,0.6071135874902438,0.8508691121197244,0.8948414440128957,0.6958444636756249,0.8471696857077231,0.5189695536851278,0.8457201927475052,0.8653532963524562,0.8638091287602421,-0.8744867361629771,0.3138155522315738,-0.6219392485020856,-0.7921265084836301,-0.4312218391457741,-0.4290570515519441,0.2222341153752177,-0.3216618645810042,-0.32236676876460035,0.32741499149270986,0.40692609452556655,-0.9379904474478895,-0.08852399664940044,-0.572253933679785,-0.8386896504017504,-0.5258938193028451,-0.29222744660471994,-0.7028828012383709,-0.027302095714098324,-0.0049152003872005405
0.38884521443038567,0.8758128228527583,0.8203174590390685,0.7823607236119587,0.5036524878978101,0.625754318791529,0.8719261003986764,0.8485770137697873,0.6859377600177368,0.8489691265654239,0.7850183169641326,0.5909825603391013,0.7939845351054271,0.8312349611446785,0.876086254800543,0.8787725286838849,0.7745644640573299,0.8996860347595412,1.0,0.8695564366618428,0.6666439869735518,0.8305703174366907,0.8576900144533175,0.806169462536085,0.8000885377810776,0.7906308022672002,0.8444653973344303,0.6628528878931953,0.8952192149196462,0.8674645878040549,0.8651765244239311,0.7167532789185362,0.844379559888956,0.8722905267573685,0.8679895419031517,0.8528904819649867,0.8605308037566186,0.8608922297805006,0.884961326815209,0.7932499207714357,0.6868210364475736,0.8282785955383686,0.8529598489059635,0.7668480791678232,0.8119883605169658,0.5718683307942416,0.7920677530761064,0.7833602774350354,0.7078741922750683,-0.8614196628324651,0.31973235447246307,-0.5344983861071476,-0.6649855254206447,-0.3197740768239223,-0.3609168469735536,0.13235917727230015,-0.2763625097392552,-0.15489441569598308,0.14201973568809917,0.4586750738457092,-0.8838363399139986,0.009950695807302202,-0.5139064270245404,-0.7166129052422796,-0.38082132009976627,-0.28769413434208163,-0.6143134100765401,0.04676296964603353,0.045736054551620185
0.3192627211448481,0.877355797889903,0.8289967943403446,0.8292120781705365,0.494306695250359,0.6917654369543396,0.8862650085319886,0.8493948688115636,0.6752355316208621,0.9027653901201818,0.757962174414055,0.6265979857382904,0.80557606882968,0.8271415883712803,0.890188194348843,0.8904235952867703,0.8228174684247387,0.8920331827646624,0.8695564366618428,1.0,0.7610614142851814,0.9056174659361155,0.8738299185338662,0.8740462389986963,0.7762509677345546,0.8278373060246011,0.849510654867603,0.6250613500431882,0.8832449296855912,0.889186621308045,0.9044260646338927,0.7880059835965565,0.8534807930602,0.8877103819343513,0.8795936081574213,0.8867636928079523,0.8633144028080826,0.8791659020369524,0.9020180628423217,0.8561213614829635,0.6846161720984545,0.8296167276649181,0.8467287791165942,0.76671191165787,0.8584749451877546,0.5530169379284497,0.7990070897625605,0.8441611679830481,0.7406265035175399,-0.8592904283408638,0.32900206886563327,-0.5172273093330501,-0.6889647878336485,-0.36655053636479695,-0.39059848112195383,0.16900319432084365,-0.27661479376891157,-0.22874610329768613,0.15949723166893165,0.4061083802823793,-0.9111951940194645,-0.04979872724312919,-0.4702168985981266,-0.7281821714324983,-0.48666011678303395,-0.22267711880965044,-0.6347099272648891,-0.004208514661433601,0.005881593914738659
0.33373085051689405,0.7948717627700725,0.8039941864817676,0.840770384304759,0.45733020275544567,0.6116388384954007,0.7746298131849599,0.7843900013677654,0.637125913557079,0.7970333916774083,0.7564247682698079,0.7125368490322632,0.6757206584767116,0.7803195574852769,0.8173662519715655,0.7611013489033864,0.77698454167216,0.7343095394545893,0.6666439869735518,0.7610614142851814,1.0,0.7855546749550127,0.7500498845837641,0.7342476745350128,0.7497993896830671,0.71407347292709,0.7777546514473669,0.5922222012345494,0.7451481245234661,0.8409214569425201,0.8234735394768432,0.7200785828876939,0.809041449461197,0.8221374116287764,0.7964924078608375,0.7928241073899668,0.8022335157947232,0.8102869661144548,0.7922813848642842,0.7159133580300938,0.5026009753772107,0.7019086455470399,0.7459505924294692,0.6489365164252743,0.7830111127413268,0.36979240524838247,0.7444328959402106,0.7033681153476155,0.7047268809540468,-0.8192061443699354,0.36215574526654437,-0.5988246049712327,-0.6871471633879103,-0.4614494415159494,-0.35599459529673655,0.09319976749243133,-0.3037555548561878,-0.2715821654681292,0.10443827725278654,0.37269338944153085,-0.8269884424619449,-0.031535233965994725,-0.48272286879202764,-0.6709140512873848,-0.5427802209673327,-0.24958456958701014,-0.5393057029848731,-0.09206457919945377,-0.01715870245879533
0.11954578639179878,0.8304635241847634,0.828952408028403,0.7820630130607098,0.31304881878938184,0.5188408970163128,0.9150385430088439,0.7993854315082302,0.5782275690374878,0.8719695410655899,0.7108767336896399,0.4978123341423919,0.7136344380003297,0.7975331396507912,0.8793243169520789,0.8903551927209146,0.8875737555755183,0.9272204709869523,0.8305703174366907,0.9056174659361155,0.7855546749550127,1.0,0.8963861195688978,0.9063359790644434,0.7930350402920117,0.8915494989450434,0.8922313022978835,0.4958697323558717,0.841505086677168,0.880761500408092,0.9488908611963263,0.8767949240326072,0.8547495486312293,0.8758484350730413,0.8663658890105219,0.8983563269057387,0.8455893555248781,0.8571656488241822,0.9065626737932996,0.8927223200404033,0.5453872577725416,0.8102634908368498,0.8555788197058064,0.6582612515891638,0.8329720579508024,0.45552740646729684,0.8291544554882267,0.8953350889049311,0.8701182035778052,-0.8268589636973603,0.3072237251550719,-0.5359034395677931,-0.7643162873041645,-0.44203587023367275,-0.4568346203189203,0.26225735854170534,-0.24805423546531477,-0.36288178320046505,0.3249350194358501,0.3069391714164278,-0.9140100804331416,-0.10521610933713957,-0.4591904487628365,-0.8056811320477025,-0.5728491661769388,-0.251558713843638,-0.6662938971042897,-0.04768586998892334,-0.040762315449545485
0.2468316377414265,0.8711401671185487,0.7844653263997631,0.7492585052193617,0.45064321300367655,0.5600767724872879,0.8923816873342726,0.8642222636187683,0.662100386937021,0.8918537651168479,0.8106294551304726,0.6261607218328111,0.8144493426646211,0.855894921035812,0.8905443368115579,0.9137596739747815,0.8541925660226943,0.9018748898021406,0.8576900144533175,0.8738299185338662,0.7500498845837641,0.8963861195688978,1.0,0.8731316363548899,0.8204042477765637,0.8373021690109462,0.883230722365246,0.5655182176289045,0.8672048106506481,0.8766634482029229,0.8958723308622273,0.8306954672155134,0.8810917955836802,0.8901559994308103,0.8920424470627675,0.9129126390628077,0.8845411871435307,0.8992809063978313,0.927514882252235,0.9095596611230485,0.6320271512657658,0.8249131662448993,0.8432580490116631,0.7408101441299471,0.8321773729133287,0.5247433332716391,0.8335334456711695,0.9239604356102643,0.7879585159813873,-0.8543546631354714,0.3619627576370511,-0.5691934995021973,-0.7308791050218204,-0.34080292682537,-0.3845438792599062,0.31870751993708757,-0.15301985191088774,-0.1969382118017926,0.23437708566729507,0.3513461006511445,-0.9116382113068652,0.004565345827287856,-0.5104458076148515,-0.7773399260605193,-0.48934981237926684,-0.27829783830393257,-0.5656695137809603,0.002589840129630885,0.05032896270710708
0.26963227647596744,0.868577100006624,0.8202040137189626,0.769447805639444,0.4352558817265034,0.5663962258632017,0.909390179205719,0.8430699432975282,0.6726474841498257,0.8941357742417314,0.7543625086727825,0.5305199655656271,0.7561246453115991,0.8350798831910394,0.8886302672154621,0.874026641331775,0.8709211968306163,0.8870126098446448,0.806169462536085,0.8740462389986963,0.7342476745350128,0.9063359790644434,0.8731316363548899,1.0,0.8115265238795305,0.8939468241642065,0.8909090140436443,0.6148222170494979,0.8867826184235504,0.8882274366370175,0.9218527287708305,0.9033710864798693,0.8717504725280508,0.8850146251701358,0.8870216430330023,0.933330990927031,0.8733596153051674,0.8741696685990056,0.9173456875393095,0.8938190540549911,0.6828051008327771,0.8779959010298378,0.882925888963469,0.7394685347572587,0.876597281001128,0.5849367932015875,0.8680232915372637,0.8970090764566527,0.8061566615118038,-0.8490104889179562,0.30403738082872456,-0.4800030497898506,-0.7043859703553097,-0.29903948757873133,-0.398196426671953,0.295484853445092,-0.18100158606251004,-0.26984140561641695,0.2751999399984625,0.3630605206899597,-0.9134881466963678,-0.09827722884439449,-0.4404171269220574,-0.7567883690193697,-0.4466643204107757,-0.24673630791188583,-0.6000509119394456,0.026937746524749343,0.06053042773206581
0.5088566727081433,0.9058931339349782,0.8773523129161401,0.8478084735091106,0.46752591064348153,0.6134775986899839,0.866702385361729,0.8994258642622116,0.7355878450965002,0.8092288763387423,0.8687740381791119,0.690120632970663,0.7651153388748909,0.9058164875540327,0.9197443368331061,0.8463013076549736,0.8322775790097372,0.8478205613076985,0.8000885377810776,0.7762509677345546,0.7497993896830671,0.7930350402920117,0.8204042477765637,0.8115265238795305,1.0,0.7813283259445966,0.9231438655739184,0.6963613390477577,0.8948434419012838,0.9074669091567554,0.8526835005244372,0.74054154161965,0.938748294091176,0.9156705231869204,0.9034253042680461,0.8734529780092263,0.9150021060001143,0.9074032245320798,0.8875652935610031,0.7590175178481297,0.6146148531309252,0.8315935931899386,0.8199737628111192,0.7475834747673713,0.8397697791391094,0.5247407108244071,0.8862500401135289,0.77729706007263,0.777281802542451,-0.9142165909721985,0.38288465511001807,-0.688862085691034,-0.692919559935745,-0.40720275584755644,-0.29817788754399943,0.07394883712991586,-0.3470213380544477,-0.17129066893200443,0.28124845519647496,0.5895848217598031,-0.9129441257937354,0.014127916136911702,-0.6056882000824592,-0.7303518653681204,-0.45665636984571195,-0.2570221334263729,-0.6297959544720998,-0.04907880185670651,0.14320018935644613
0.1696033287431691,0.8277057675825045,0.8565617918991298,0.7378003245373264,0.29836867559982977,0.4522457820163638,0.9499363452579137,0.793698932948223,0.5994728110680152,0.8548935340146395,0.6902654486544104,0.4155300994602744,0.6605083386352262,0.8146318608473047,0.8673725436762324,0.8405143538949749,0.9229012962800696,0.9187221099803633,0.7906308022672002,0.8278373060246011,0.71407347292709,0.8915494989450434,0.8373021690109462,0.8939468241642065,0.7813283259445966,1.0,0.9074193247632275,0.5481875099989834,0.8540751274556683,0.8537479544441714,0.9012002186756228,0.9066709808909256,0.8591824990285779,0.8634997494188286,0.8473806517388152,0.871331894774278,0.8428724283300095,0.8398505478636414,0.8611923850980374,0.8150508549107578,0.6361394716605934,0.8769635094463122,0.9057408143952673,0.6431259615864682,0.8231343015033152,0.5489315145263659,0.8363100512312144,0.8471419725940866,0.8698980025859205,-0.8204206028014325,0.3053230313453641,-0.5278000528349496,-0.7540894759679179,-0.33936736768660086,-0.4453486487660106,0.24993011589290018,-0.2785467824181343,-0.36410928593740066,0.3823311774093349,0.33146287374807154,-0.8968419611432998,-0.1213121121252472,-0.4761485290219894,-0.8016511069485555,-0.4575723381054957,-0.29896881971766187,-0.6635387672303305,-0.035798953329373565,-0.0030214441254990424
0.35425988882544296,0.9155764692514992,0.912682542428544,0.8373995218430516,0.39231057048929635,0.5691646513880348,0.9485477732061497,0.9031690780325683,0.6922904619399034,0.8759921708512313,0.8392309099755143,0.5939136716541318,0.7545927131274991,0.9154119575927068,0.948098229598571,0.9050571893542524,0.9180437298131771,0.9299173364441453,0.8444653973344303,0.849510654867603,0.7777546514473669,0.8922313022978835,0.883230722365246,0.8909090140436443,0.9231438655739184,0.9074193247632275,1.0,0.647686607122309,0.917470562801049,0.9314282587485884,0.9257679634183092,0.8559608233706528,0.9569924843528408,0.9464755028009184,0.9286041939341797,0.9187416467009839,0.9327826336584356,0.9319099104809349,0.9281074942599654,0.8360999251913835,0.6281848433131527,0.8837953568560963,0.8923015474453675,0.7398164805659154,0.8746340416713251,0.5421182391960961,0.9068523595049588,0.865858310442862,0.8739040366048734,-0.9221731491401464,0.3594278775701823,-0.6880762715393404,-0.7915300619973373,-0.4315439062343117,-0.4090986159475453,0.17229175045290943,-0.323652366347018,-0.2862285695107149,0.36497202356316155,0.4990565819850124,-0.9605513802265038,-0.06970835851105031,-0.6172584706747909,-0.8337368263292285,-0.5185639733246412,-0.3230368353759101,-0.6847332441732673,-0.06809705835037964,0.08999628445439446
0.8081266744577865,0.7936904277944113,0.7379397072258361,0.7304871105203063,0.7089234502009055,0.7291989038445857,0.6470767302976157,0.769009378001572,0.7805940758216278,0.708122087537448,0.7547363557265849,0.6929148775783648,0.7007054745654783,0.7390519945748768,0.7373094417327504,0.6702236466147077,0.5624129303722388,0.5782021623952206,0.6628528878931953,0.6250613500431882,0.5922222012345494,0.4958697323558717,0.5655182176289045,0.6148222170494979,0.6963613390477577,0.5481875099989834,0.647686607122309,1.0,0.7918839477048905,0.7500859363716781,0.6381728314287209,0.4970249817678845,0.7157372906554841,0.7245520111940824,0.7369709517998692,0.689705184019692,0.7507146980071115,0.728074880869128,0.7097878644999784,0.5233305608159565,0.8005788173405983,0.749056377401575,0.6813608624665989,0.7224542081930796,0.7183301180606904,0.5602130014159042,0.7273662159218012,0.4896510500280036,0.3943028846799136,-0.7941869996525179,0.38300852420941206,-0.4120550509301162,-0.3737788613652571,-0.17782984768456733,-0.14413553257996412,-0.1537466689455495,-0.32871324615093184,-0.005865585661836551,-0.07048378160801969,0.6217091292470415,-0.7063178123184659,0.19025195331408792,-0.368579660438987,-0.4041670356099163,-0.14998519189137963,-0.1860817729433607,-0.3781651128818677,0.012982170172153735,0.18255568691719945
0.5265161351810212,0.9574054674448294,0.8991303652659693,0.8558892273812788,0.5830328500164158,0.6933845096542788,0.9253010969206287,0.9373992822045153,0.7925872203128866,0.9075654343282336,0.8751274604271175,0.6822476796824775,0.8279003904315902,0.9272111159142944,0.9526142653959487,0.9004587243863835,0.8511063264700768,0.8955551140031325,0.8952192149196462,0.8832449296855912,0.7451481245234661,0.841505086677168,0.8672048106506481,0.8867826184235504,0.8948434419012838,0.8540751274556683,0.917470562801049,0.7918839477048905,1.0,0.9425953753782449,0.9122670333598183,0.8076455037658392,0.928091019606976,0.9490451122368943,0.9451593018782429,0.9328124231774264,0.9407415498448702,0.9434202576765338,0.9420205354929514,0.8288724987961018,0.7845675628745776,0.9271875792037985,0.9153605176087344,0.8420657484991769,0.902551077174805,0.6497328489574077,0.9011483402474919,0.8340508471189572,0.751736631815508,-0.9466812121546505,0.37717752568214064,-0.5842720261048165,-0.6774396350497235,-0.3063264483566329,-0.33848241328184453,0.107822899032336,-0.3059842459865944,-0.16093585810180883,0.17439918072336827,0.5451381672321375,-0.9497794991562865,0.025950203429584314,-0.5318207590200711,-0.7241276479467733,-0.3820072477200528,-0.2632617313485151,-0.6226491829631856,0.02218698590855768,0.11727947811590349
0.48307536999832623,0.9554126982056781,0.9151751853701751,0.9088111886630585,0.543028530404357,0.6982967498756487,0.926026188672821,0.9485092381655245,0.7862864668389509,0.9121377204167325,0.8913099957125898,0.7296945916256072,0.8323258357743497,0.9226191054564287,0.9659459239973943,0.9223229570798128,0.8818983560394598,0.9046011811414028,0.8674645878040549,0.889186621308045,0.8409214569425201,0.880761500408092,0.8766634482029229,0.8882274366370175,0.9074669091567554,0.8537479544441714,0.9314282587485884,0.7500859363716781,0.9425953753782449,1.0,0.9389537681750191,0.8116989745929627,0.9460417847781455,0.9645545534016788,0.9563621625126939,0.939512392621208,0.9575588962966952,0.9540097266668479,0.9518111921270823,0.8498207253864501,0.6852528169643939,0.8886418701916263,0.9028220928129415,0.8080488491911513,0.9139596386394186,0.5821722195318833,0.9142060873442573,0.8373286287139944,0.7838100423280379,-0.9613427438844142,0.35496005930173896,-0.641979906265728,-0.7491106506492762,-0.41610750559777143,-0.35487053779062777,0.12803468256240003,-0.2955939367986786,-0.1652038270611683,0.17834831113394867,0.5404953873286564,-0.9664471926897786,-0.023733781599229176,-0.5661543894059958,-0.7639601157954993,-0.47766035991728234,-0.3019141986370203,-0.6275478505927813,0.013227425137198594,0.08546329524106056
