0,1,2,3,4,5,6,7,8,9,10,11,12,13,14,15,16,17,18,19,20,21,22,23,24,25,26,27,28,29,30,31,32,33,34,35,36,37,38,39,40,41,42,43,44,45,46,47,48,49,50,51,52,53,54,55,56,57,58,59,60,61,62,63,64,65,66,67,68
1.0,0.8836672647702046,0.8605394041237223,0.8471395000113126,0.745703866636854,0.8186222664458797,0.7044882825376069,0.8548952556629897,0.7953868703614958,0.5128095498334443,0.7926128293347932,0.8107194577895055,0.6941094578773778,0.8796190110305159,0.9042222788816933,0.7906078603789004,0.4969560316047853,0.5208277697878622,0.7104239644874323,0.6071266368968492,0.6866753264145514,0.734587307012738,0.7060550683254854,0.221821718050813,0.8836128241752521,0.6142347749414245,0.910348772845494,0.8260225476519346,0.8596263471133521,0.8522533457602309,0.7673586908948766,0.21163843023580328,0.8898741525218394,0.8652490955860804,0.8609006463913398,0.6299587381120244,0.880703976161678,0.8972373899411965,0.7949982342050609,0.5615874930361505,0.7096197196718657,0.8124588705957067,0.6732000222692629,0.600573178825574,0.5804438886216338,0.31628285383596877,0.7800368328872506,0.3177940382698641,0.6032741104287791,-0.8920909701309374,0.3484897948254537,-0.49045910570794476,-0.37258067972834935,-0.3356800983781015,-0.27658188405371054,-0.342755953723853,-0.31393222832961687,0.44608409723233755,-0.023392200458217292,0.6232378560001832,-0.8967432845182568,0.24338377160305702,-0.5217244054320167,-0.34366137593737955,-0.3591758847142991,-0.1431092902169224,-0.37602544004931215,0.387792114470484,0.1373105241889
0.8836672647702046,1.0,0.9181378359342538,0.8772214532803002,0.7937009933022335,0.8284047275970541,0.8269668750818929,0.935372733668175,0.8583275496713852,0.5962522984313529,0.7806426665064471,0.7447901788650656,0.7439813660235902,0.8739918064947618,0.9443043770073968,0.7647447068900547,0.6006710220311444,0.5884092471382669,0.7259827481004769,0.6114653117583608,0.6259450891627321,0.7125411561743515,0.685752890112187,0.37487302206093615,0.843790039719925,0.7370012790815581,0.9366397310301672,0.8942995284327524,0.9239853817338552,0.8616142563562678,0.7654699484549413,0.316985577790404,0.9503881979743211,0.9171486240533314,0.9187787061474874,0.7553761385673533,0.9231577827343608,0.9269875272836842,0.8492740333536518,0.6506366038342356,0.8600360896958898,0.91683822563611,0.8161026858665554,0.6884016749365535,0.6094740165932133,0.3684168156658041,0.7928454898499472,0.39776641093261966,0.6955786199656134,-0.9504918799307078,0.38730820962968865,-0.45950673905510603,-0.3914838788314389,-0.3462334124688394,-0.2740318004271001,-0.36912309435567575,-0.36322945391630473,0.5062257887368582,-0.07784435111538918,0.6823418033787866,-0.9471812746534831,0.23494054727447478,-0.49180825000747136,-0.37380094559252297,-0.32201598768421685,-0.15481167524365663,-0.454966652404969,0.4721122257470195,0.06314152155857677
0.8605394041237223,0.9181378359342538,1.0,0.9154944755987776,0.8348689994648345,0.8256626427926769,0.8128596320929583,0.8957186038587587,0.8128680786206763,0.5869737564308245,0.7336872764177572,0.723241899946487,0.6798416487836619,0.8187540182581433,0.8946942820713437,0.7492021814334828,0.5601798607501872,0.5791461966239927,0.7240005847622172,0.681457191098251,0.6437752892215642,0.6952125348787999,0.5825046037021083,0.27156586460863436,0.7809418054755125,0.7776311034579787,0.8868497508644798,0.8613413935015372,0.8684900882078728,0.8053121646196123,0.725465855872504,0.24488979357404986,0.9170655322296947,0.8532040747762066,0.8771661369672713,0.6586752775573446,0.8494142619248064,0.8737360414082942,0.787894322489313,0.5267451595363309,0.8456484020823948,0.8809183059071657,0.745155026786932,0.5861120402338105,0.5785814618804624,0.2956050261634626,0.7489512782017941,0.24152588692963883,0.6443986872474219,-0.8894293838234477,0.3195849930138625,-0.5044175145884128,-0.31857474130785696,-0.3251299334196549,-0.2651819384423868,-0.4250902201122544,-0.3988138244748915,0.4464938432665162,-0.17720702662211835,0.714887619193739,-0.9118635118059119,0.17459507400118188,-0.5435084135933035,-0.31040765372517437,-0.3368922710942266,-0.11480344563661402,-0.4867519274425156,0.4252886584995978,0.008121815520195096
0.8471395000113126,0.8772214532803002,0.9154944755987776,1.0,0.7866441892075715,0.8785663397294488,0.6762110234851223,0.8712297756327099,0.8190234730790914,0.5358182185255658,0.7330968678223961,0.7276013124960877,0.7126809554712751,0.796853277324525,0.8628829026507419,0.8314365867203397,0.38844048719054786,0.4664646225617272,0.7434482352987826,0.7737206282773543,0.7315195392247292,0.7199521753869038,0.6207533205032479,0.14675501109139602,0.7527957461350531,0.6520728338145425,0.8701907899905962,0.8454679628543569,0.8066118049490963,0.8466069808897403,0.7420790830467888,0.07203951690696575,0.8681851985485544,0.8508695693473401,0.8705798166866308,0.5521590839051062,0.8488112086942031,0.8604069589961079,0.7866646342290566,0.5017477873741667,0.8126497417013208,0.8164355834340314,0.644526915337932,0.5554257442356906,0.5446250999000445,0.2276185990804933,0.7395544332946518,0.2975962924345616,0.6018246319612661,-0.8807202534728582,0.390688173496145,-0.43127523304509796,-0.2792893215451969,-0.31872119015273404,-0.2505654914458057,-0.34021414944236233,-0.399674227562594,0.41966821129112164,-0.14082870597914612,0.6567183339913623,-0.8984446816148435,0.2607202583364127,-0.48825498926120975,-0.2709509077360569,-0.34690273540930605,-0.12117293236454389,-0.45932885590246003,0.4038699826052097,0.0015707697321738032
0.745703866636854,0.7937009933022335,0.8348689994648345,0.7866441892075715,1.0,0.7248793533187078,0.6917774978146433,0.8301963912902217,0.7448382130708893,0.6922750013973147,0.721934740019121,0.7155959132203883,0.6731824859737899,0.716298919534636,0.7695661810466331,0.6035305823029343,0.48714815167362324,0.38171130320363617,0.5289453008028318,0.5762352211125403,0.6334743576518961,0.551856219603804,0.5493972676633104,0.22938319686135308,0.7062349622388827,0.6565971336867467,0.775931293868329,0.6939114447003165,0.7835401253985573,0.6788090810277062,0.6407169372274863,0.19231421547282998,0.8385780620852211,0.7314048832606201,0.7773252068303312,0.5566003326814488,0.7512926198767798,0.768124418318134,0.7698406441141251,0.4581111237712144,0.7229872415049281,0.8025886307014137,0.6881411422100754,0.5476324473782282,0.5817506249122113,0.2856166050338069,0.7138026319350155,0.2014206703961281,0.5874575504970667,-0.7754376923467525,0.25952380142247555,-0.45928207099409313,-0.2558292863244341,-0.28273727373057483,-0.1989752396614307,-0.37531490979022414,-0.2748247852379385,0.4086551758195619,-0.2551384819848628,0.6685887032741575,-0.8003396019069091,0.09715082765703084,-0.4775264839097055,-0.2625282651578398,-0.29911915913776826,-0.08730672883839426,-0.30864589611777776,0.4675670796450111,-0.05855899985875362
0.8186222664458797,0.8284047275970541,0.8256626427926769,0.8785663397294488,0.7248793533187078,1.0,0.5608233020429423,0.809203846312688,0.7231442997682833,0.45961907404409286,0.6917792696330152,0.6767831855442458,0.6970282814350248,0.7571966329089961,0.8179668106736198,0.827332012729143,0.25518351918985704,0.47679258665926455,0.8445261679059481,0.7360775197467707,0.6264960532929906,0.7231679287097461,0.6369277044568031,0.14304394685549138,0.7234584255634517,0.5368458966287167,0.8345897489346107,0.7732743296292088,0.7522577616481091,0.7868630309516654,0.6564318380682573,0.06585227242793916,0.8316128344144734,0.8031187948124512,0.8379936290156709,0.5129558535085891,0.8123462042368595,0.8247765076631846,0.7422813225795528,0.49256169365870023,0.8214579060738562,0.7647518249749488,0.5902981110734411,0.5306007565585242,0.4665704207604878,0.1702658886446281,0.7145957793798045,0.34514441740880064,0.6219698841417454,-0.8392826257103859,0.3823779224295947,-0.4361736074123331,-0.3102236388199953,-0.2938906257179859,-0.21205723342026278,-0.28450327908851275,-0.36717007353935227,0.44370902841472687,-0.089980886286977,0.6573550385850966,-0.8442875361375665,0.3332220378785109,-0.4948469870702867,-0.2635527625870607,-0.3203521683750899,-0.11051635769717806,-0.41234111230075604,0.415214558070422,0.00533955533300492
0.7044882825376069,0.8269668750818929,0.8128596320929583,0.6762110234851223,0.6917774978146433,0.5608233020429423,1.0,0.7640357655648709,0.7163238390007048,0.47914441369427174,0.5978974324039373,0.5363129998417282,0.49408467539331125,0.7154009334312561,0.792141548093046,0.5411272835139083,0.8375797882606086,0.6396795287486501,0.5098612225745086,0.37279207530487635,0.37875731948924546,0.5490356107958362,0.47516885805212705,0.3789986235558229,0.7197174023274903,0.8646899542753113,0.7530065247459667,0.7099241570123617,0.7894056075139672,0.6538405829459292,0.5855513357550511,0.4235617204187868,0.7861375927364778,0.7347505904753068,0.7275079329213622,0.6940361081011674,0.7177631324396524,0.7355653146419922,0.668513754022334,0.5098152624585954,0.6703011634258148,0.8105403531555023,0.7849905529173503,0.522906966053484,0.515775180891387,0.3641553958561884,0.6395410213549031,0.1642401836680863,0.5040580688280827,-0.7614754927727421,0.2258569115384885,-0.4271629072339363,-0.35945988452978417,-0.32603526803213556,-0.2718112681323384,-0.4187151610568183,-0.30932214857136425,0.32868910901869147,-0.11229006047558938,0.5364915480791613,-0.7706807422790063,0.020081068717006403,-0.4558765849586494,-0.3998383785236446,-0.2993170554414966,-0.1214385219190746,-0.3940618921427986,0.3277105912792197,0.045345651894226735
0.8548952556629897,0.935372733668175,0.8957186038587587,0.8712297756327099,0.8301963912902217,0.809203846312688,0.7640357655648709,1.0,0.8587006686803796,0.7025862927448628,0.8535362704855433,0.8056411177560379,0.8320265571791761,0.889010026637406,0.9180257749295868,0.7770975260899804,0.5570320669284433,0.5298714912595656,0.6850435882955529,0.6430187407071704,0.6954900667220093,0.687552778942924,0.7282482475965338,0.30553855669431096,0.8540651827096526,0.6727785076457993,0.9347217208826522,0.8514054519123874,0.8993650382453937,0.8669846753108831,0.7838762825864498,0.24903587502821806,0.9408782728631222,0.936816359082322,0.935931494065831,0.7032536606392016,0.9257795328572299,0.9441920020106458,0.866590890932348,0.6276275956588109,0.8388646697760047,0.9041666284411064,0.7966862452452398,0.7347153256937321,0.670485189815616,0.333881948423734,0.8342620354341644,0.35884019547735346,0.6766578126457932,-0.9547776261138436,0.45444431101960914,-0.48632074025922944,-0.41233316631692224,-0.3851190393729295,-0.2659144710454313,-0.37572156580999316,-0.31554308613006915,0.5967058714779759,-0.12430325943739247,0.687172386371812,-0.9537432167502066,0.24493925348889362,-0.5205462585644016,-0.410912643107252,-0.37769659042600073,-0.1166820938616596,-0.43904865644764596,0.5516178587460275,0.022960694007023254
0.7953868703614958,0.8583275496713852,0.8128680786206763,0.8190234730790914,0.7448382130708893,0.7231442997682833,0.7163238390007048,0.8587006686803796,1.0,0.659334373676505,0.7164405443753267,0.7077931260110528,0.7454146505873588,0.8046407283496201,0.8372098295370123,0.6807172811454888,0.5161812761192031,0.3920389765051785,0.6263832819118426,0.5818359203250264,0.6750234274597952,0.5656030577269499,0.6530773906311331,0.16632013959423267,0.7432480604545177,0.6565289973136207,0.8436381119870158,0.8002441806239652,0.81042666998147,0.7964094365101535,0.7218559570232712,0.14567807316822606,0.8314928050217131,0.8113591979192157,0.8235794503883986,0.5712143683210362,0.8433699198314146,0.8314865672667805,0.806369230427197,0.5074742827908609,0.7120133034689105,0.8452630891793095,0.6774081457522766,0.6689787892633107,0.5855529354589433,0.3710132860645099,0.733752334480461,0.27185788612196105,0.5864079827007984,-0.8570690587585226,0.42140850598692675,-0.3701128836164307,-0.28014877072236843,-0.30821639876234047,-0.25767140027343377,-0.3440706319982187,-0.24540474482006364,0.46508411474248984,-0.13741376275092332,0.5318213720336245,-0.8426059160474182,0.2772736797137934,-0.41321940562435244,-0.3152640379598331,-0.30415397840071484,-0.161919734958267,-0.3450861041547852,0.46026074446111986,-0.006367174088017479
0.5128095498334443,0.5962522984313529,0.5869737564308245,0.5358182185255658,0.6922750013973147,0.45961907404409286,0.47914441369427174,0.7025862927448628,0.659334373676505,1.0,0.6078092293604138,0.6258232057584594,0.7584915243656549,0.5873158560917147,0.5519542563516169,0.36166961593443064,0.3721937216955492,0.12921762896450473,0.2557762145028398,0.3855390102365117,0.5741957823634969,0.2167737840005295,0.4616206371900736,0.2277894332269066,0.4901095712493944,0.41601271083019087,0.5848502868122921,0.5483868073778445,0.6104263201655582,0.5156090947501467,0.5586057229273018,0.22591972516486367,0.616008203258124,0.5818004259791808,0.5832812217511558,0.4785884753361689,0.6026756234958954,0.608581072535058,0.5704549677916024,0.2973505818979453,0.5619211862261183,0.617559199035875,0.5205173872799375,0.573268220226835,0.6279680468325909,0.41305745271444416,0.5713844517639939,0.12940659868547058,0.4504037097207991,-0.6177452179225097,0.42917799279252705,-0.2929077153636767,-0.24911615964099995,-0.2650548836360962,-0.14547671034385948,-0.3136083488558221,-0.19682983609051358,0.45918434883935805,-0.16354177713552254,0.44358032857517093,-0.6237250364007675,0.2550329253840608,-0.3170684173186047,-0.27815013829241786,-0.24584977360090904,-0.08971449806055583,-0.30711340359349387,0.4405438018469545,-0.08819437909270815
0.7926128293347932,0.7806426665064471,0.7336872764177572,0.7330968678223961,0.721934740019121,0.6917792696330152,0.5978974324039373,0.8535362704855433,0.7164405443753267,0.6078092293604138,1.0,0.8630034498554567,0.8098556447076558,0.8461852848361909,0.7950863270018899,0.7122775350955226,0.43013835954436147,0.41916147432366657,0.5950407279870918,0.5075433840160831,0.7155380289315355,0.6152944317136263,0.7282172388077823,0.12148644349689411,0.8355851112133373,0.49031127701618926,0.8369572643247594,0.6724613822273041,0.7712513291188982,0.7751365423593303,0.778400559142635,0.10916317184750834,0.8173117141626745,0.8412896350999224,0.8293444525466259,0.5018105535741169,0.8413713986060316,0.8796539466940894,0.8069171651651417,0.4994376709283154,0.6474714848162104,0.7269588801994707,0.6520231308380523,0.6229667061182238,0.5640767571175656,0.25526185539300184,0.7644695266130198,0.28390719315748697,0.5495823471948603,-0.8413623990432587,0.41614769663402795,-0.4878150632535031,-0.4182494105544241,-0.36696335902614824,-0.23709071785499122,-0.34400170563449395,-0.19162363744758845,0.5387896357361096,-0.03785098597901346,0.5521291200448936,-0.8272489531192424,0.26073131328720667,-0.5076787130919918,-0.41167147625289185,-0.38548747323650734,-0.1196868524346026,-0.3059211277496486,0.5252572572665438,0.0543824280667352
0.8107194577895055,0.7447901788650656,0.723241899946487,0.7276013124960877,0.7155959132203883,0.6767831855442458,0.5363129998417282,0.8056411177560379,0.7077931260110528,0.6258232057584594,0.8630034498554567,1.0,0.7820393313606703,0.8338260006413762,0.7845554659882304,0.7039751187045067,0.3879412900749258,0.32916460109072343,0.5134637916605623,0.5817825627065984,0.7974583296741208,0.531710283482864,0.6553296899906552,0.1685270834903587,0.8058323525188186,0.45627930832063307,0.8084222523019244,0.6459373450414734,0.7336196112632963,0.7760661080053688,0.7509269543168701,0.13184406706623258,0.8174672835753877,0.7903154146528167,0.769265250547837,0.5083938971337069,0.8136065795055192,0.8553016495519075,0.6988952692940831,0.4556814436844303,0.567962324824862,0.7137627065968776,0.5614040822326751,0.6062336318786817,0.6039314093005764,0.30135094476876106,0.7068016285309983,0.31358818021222745,0.4856023026868826,-0.8040447591471593,0.41356572647882844,-0.4506868412407804,-0.30312877542861255,-0.302528526356008,-0.21766159943474597,-0.3339723400211267,-0.1828734294324978,0.5008289212534044,-0.03981596769900299,0.5232164134251845,-0.8090348817603472,0.29840183062595727,-0.472023803521247,-0.2854078684339178,-0.3553757852606554,-0.12665242872757498,-0.3404771953191101,0.4639095086807213,0.11557973563153653
0.6941094578773778,0.7439813660235902,0.6798416487836619,0.7126809554712751,0.6731824859737899,0.6970282814350248,0.49408467539331125,0.8320265571791761,0.7454146505873588,0.7584915243656549,0.8098556447076558,0.7820393313606703,1.0,0.7804109796669931,0.7491197316270333,0.6377572700803786,0.3198134568883997,0.32213257902664205,0.5747255445219845,0.5948766455946987,0.6934286520974705,0.48597226092153883,0.7034070032181745,0.22645379311380265,0.6856284867187087,0.40456262113882957,0.7892711125102012,0.671927452918669,0.7302767402483885,0.744660484648446,0.6946338590672463,0.16667348348516306,0.7603656621429653,0.8118584908653738,0.768971828565118,0.5639983278333854,0.8223274563122177,0.8274199557994458,0.742953081001047,0.48993448229308656,0.687231338351709,0.7203729399633904,0.6453057180754602,0.6972316161206891,0.6173797144962588,0.35935681114355095,0.7012864116916947,0.3231187485663473,0.4949272717243958,-0.8158817393952652,0.5513138601410724,-0.3375150161868369,-0.3231400864806608,-0.28231959180293553,-0.19185500243884662,-0.2612951461373915,-0.26270577678680884,0.5816030546805455,-0.011504324615838397,0.494415417553355,-0.8005907750677383,0.4012357931649022,-0.38464348996578873,-0.30171043682616516,-0.27346713364078634,-0.06706552128847393,-0.3946044462524355,0.5252472077581709,0.02644337849043852
0.8796190110305159,0.8739918064947618,0.8187540182581433,0.796853277324525,0.716298919534636,0.7571966329089961,0.7154009334312561,0.889010026637406,0.8046407283496201,0.5873158560917147,0.8461852848361909,0.8338260006413762,0.7804109796669931,1.0,0.9026326450814941,0.7532084203395422,0.5362355687951392,0.519955960843995,0.664139311294529,0.5969815210922336,0.6814893716359542,0.6584314831929836,0.7251231475261373,0.2903717542649623,0.8459643028295211,0.6137776192513179,0.9245842138518857,0.793417229888993,0.8654864170739822,0.854240945449859,0.775557262058309,0.26420793995760805,0.8987918422786247,0.921770951864778,0.8517427892145937,0.6600301517932405,0.9126204735503115,0.9394031332634275,0.7939752053627808,0.5715767458365777,0.7062907412057162,0.8073002786401353,0.7130756075902228,0.6787022395559448,0.642932785418522,0.38774722981668774,0.7567494884967921,0.34737724442335643,0.5625080572187311,-0.9086095072704502,0.47135443557680984,-0.4288872304715594,-0.34719551555802897,-0.3244455232000743,-0.2045167937057708,-0.2849340312021474,-0.2887795706301797,0.5269565267371471,0.047201323460541206,0.5695738842987819,-0.9086346067361695,0.2916479463992816,-0.4615875615292196,-0.3235151907172981,-0.33533322926247555,-0.06952127242684919,-0.40617188977039514,0.48011472043340064,0.17785727967662868
0.9042222788816933,0.9443043770073968,0.8946942820713437,0.8628829026507419,0.7695661810466331,0.8179668106736198,0.792141548093046,0.9180257749295868,0.8372098295370123,0.5519542563516169,0.7950863270018899,0.7845554659882304,0.7491197316270333,0.9026326450814941,1.0,0.8047904710689027,0.5978995876645196,0.5972808667499312,0.7147078692677723,0.6262892499986882,0.627943404684265,0.741366186621074,0.7351560578988271,0.36734380891818924,0.8764733843180995,0.6992638302526831,0.9569550242117305,0.8591086641876216,0.9124469102832723,0.8913516543490418,0.7871731708333258,0.33164743284119896,0.9481703051131767,0.9282102870406626,0.9150154992752493,0.7481593088030227,0.9403427320991131,0.9455465307696416,0.8396368299704616,0.6701861499877761,0.7948394832522712,0.8828252490629181,0.798630460136891,0.6940923911493697,0.6552187660997397,0.3996872840292988,0.7971197650029295,0.43090883956662746,0.6478853618790557,-0.9546390309812947,0.41255569038760403,-0.47163495479951134,-0.39702524853467336,-0.3880056738098511,-0.27080320042737543,-0.3483717252044965,-0.3591441043295355,0.4799573270998604,-0.05088620326996376,0.6702548024832456,-0.9546517917217794,0.23298492288422978,-0.5044214907274995,-0.37692244345804726,-0.3778686427275115,-0.12354238614353852,-0.47381304455653245,0.43110200525513764,0.10622149738935015
0.7906078603789004,0.7647447068900547,0.7492021814334828,0.8314365867203397,0.6035305823029343,0.827332012729143,0.5411272835139083,0.7770975260899804,0.6807172811454888,0.36166961593443064,0.7122775350955226,0.7039751187045067,0.6377572700803786,0.7532084203395422,0.8047904710689027,1.0,0.3108501370163266,0.44191751268839385,0.7089406603861667,0.694017514713677,0.5889062955959974,0.7771341600074945,0.6047647433676069,0.11403656444564556,0.7808942728785201,0.4866996522181588,0.8064909384604129,0.7170623291153374,0.6881813057324873,0.8205332275697661,0.701068713738498,0.06888866078305493,0.7782576936399611,0.8052524529080743,0.8313945466457965,0.5005325224835503,0.8062734118831981,0.8189777804909427,0.7123028760781684,0.4684097256163584,0.6653615727041238,0.6805149874992671,0.49672298640353146,0.4679472890927873,0.4752980331071649,0.11821968597000207,0.7444880434115356,0.3237701073553998,0.5552477922767224,-0.8223632746330811,0.3728419185039171,-0.49862889730456467,-0.39652230323205095,-0.42398937785555674,-0.22766190358261895,-0.3006674534822144,-0.28105908878042923,0.3715290014237237,-0.059051161450998424,0.6400699862124166,-0.830781413232534,0.26821093662513545,-0.5447658252669305,-0.36896363635398755,-0.4488840199296191,-0.1559284304075904,-0.3737311653569693,0.32706849112177466,0.07539213566315948
0.4969560316047853,0.6006710220311444,0.5601798607501872,0.38844048719054786,0.48714815167362324,0.25518351918985704,0.8375797882606086,0.5570320669284433,0.5161812761192031,0.3721937216955492,0.43013835954436147,0.3879412900749258,0.3198134568883997,0.5362355687951392,0.5978995876645196,0.3108501370163266,1.0,0.5880359814643559,0.24624007666639022,0.11823063467391927,0.18561893981153843,0.3604116660233634,0.33238947887909004,0.4375149145449147,0.5683259697374766,0.6806528434910787,0.5492801314630993,0.45081972136526827,0.5676837802649894,0.4567500732816616,0.42083692543821505,0.5652919492461672,0.5640355646168063,0.5354547956948464,0.5052806611761107,0.650259958069224,0.5150417471923802,0.5319607647755319,0.4541727965940655,0.3890230216955466,0.3759565575480862,0.6531693061058245,0.6472675199910202,0.3881402794553859,0.39910774989419173,0.30122903805632345,0.4488873319164328,0.04194155235919457,0.30737921102455046,-0.5587501924414847,0.18258208562713604,-0.3800636414074516,-0.3501721236045708,-0.34888189875044534,-0.21341987839252932,-0.34902142118339474,-0.22957146474034862,0.17377417605058879,-0.06820697087739695,0.3407800118551825,-0.56197981590626,-0.08866057863615204,-0.4091808153520773,-0.41687820208884274,-0.2881141596521768,-0.11485579646878256,-0.33839583885794117,0.13517239927790228,0.10382777150480772
0.5208277697878622,0.5884092471382669,0.5791461966239927,0.4664646225617272,0.38171130320363617,0.47679258665926455,0.6396795287486501,0.5298714912595656,0.3920389765051785,0.12921762896450473,0.41916147432366657,0.32916460109072343,0.32213257902664205,0.519955960843995,0.5972808667499312,0.44191751268839385,0.5880359814643559,1.0,0.6342905277154539,0.32076361502505435,0.08270971171626385,0.6834901739878441,0.4801309218136912,0.3897115190029152,0.5436232207471663,0.5942270180157501,0.5842612859193116,0.48418809522624734,0.5621557847034799,0.47617761469345377,0.3447298094800293,0.4503504296652285,0.5617717379040168,0.5498093432042529,0.5451057431557746,0.6084737729427471,0.5228547820525276,0.5464611805692251,0.4636904000130166,0.5592793697207041,0.5137116827066923,0.5512510204291808,0.6268642903424206,0.3217442586209734,0.2449775991540292,0.13408266489705076,0.40018676727842534,0.23798925480634667,0.34332197176974943,-0.5681938182606204,0.1357428178484968,-0.41473483859630683,-0.32522179656698197,-0.2748802711877516,-0.18073655891782314,-0.21431772073932964,-0.2603370182945251,0.2065414443252027,-0.014732050564045526,0.420993876622522,-0.5741501556845873,-0.02571425006835192,-0.41541373225621914,-0.32834867508007964,-0.2521133182452426,-0.1028876786920388,-0.34295956575649894,0.1438288926151154,0.1251027760872692
0.7104239644874323,0.7259827481004769,0.7240005847622172,0.7434482352987826,0.5289453008028318,0.8445261679059481,0.5098612225745086,0.6850435882955529,0.6263832819118426,0.2557762145028398,0.5950407279870918,0.5134637916605623,0.5747255445219845,0.664139311294529,0.7147078692677723,0.7089406603861667,0.24624007666639022,0.6342905277154539,1.0,0.6090243680698278,0.4489047833926297,0.7265188112315683,0.5998142712354462,0.07667768287414072,0.6336797621692154,0.5224383377378647,0.7366759722926816,0.6869920704702464,0.6619581519979735,0.6726133562663845,0.5550920644155384,0.02901627663256632,0.7023164161143434,0.7050113990140167,0.7381331079623819,0.44619103275276306,0.6992888950423002,0.7188785653979636,0.6640125514296926,0.4706722449829789,0.7128157958180488,0.6671222731158891,0.5463953774108542,0.44020696130630554,0.3035930545979436,0.09829242146635468,0.5860458456987623,0.28188821289655003,0.5235791958897537,-0.7304578095872737,0.28151662398511257,-0.3975815599962981,-0.3085262359349919,-0.2459310129953228,-0.22079516565719928,-0.22663162381224616,-0.3003048274342359,0.37923898085550534,-0.05354636961304789,0.5524327688960451,-0.7262640993874416,0.24683659084906928,-0.4531057022143931,-0.26060827871661885,-0.2672868915106234,-0.11476427807426595,-0.35624820466888246,0.32826075873790495,0.024593818274695558
0.6071266368968492,0.6114653117583608,0.681457191098251,0.7737206282773543,0.5762352211125403,0.7360775197467707,0.37279207530487635,0.6430187407071704,0.5818359203250264,0.3855390102365117,0.5075433840160831,0.5817825627065984,0.5948766455946987,0.5969815210922336,0.6262892499986882,0.694017514713677,0.11823063467391927,0.32076361502505435,0.6090243680698278,1.0,0.5890691482366912,0.5451107541955853,0.41608857610753075,0.13895078097515434,0.4782161841791328,0.394523276678684,0.6375505653844976,0.6509433155017613,0.5948089423463245,0.6891224756345681,0.49852595553467927,-0.011907898088399142,0.6558348257376894,0.6246671542788704,0.6142244224238727,0.3933017743520705,0.6202712242291616,0.6463940061850787,0.48849028806633055,0.40549201155798664,0.6260889757245452,0.5822285846563086,0.4397226413031273,0.508969949445621,0.5317492887601902,0.26757020487892363,0.4915854799872574,0.32523233424705517,0.40528715359746986,-0.6372284200430943,0.24586628349515555,-0.24789391577749328,-0.053758055507017725,-0.17789772700913592,-0.08885728619915552,-0.1955080275553887,-0.3171138021514814,0.3361161836821754,-0.07403595797521947,0.4392354946760699,-0.6573025056866597,0.24010894678926387,-0.2956038215697529,-0.054927839761418094,-0.2360189312308111,-0.02029483953748627,-0.4064440247737908,0.28194799355468303,0.07969789873041824
0.6866753264145514,0.6259450891627321,0.6437752892215642,0.7315195392247292,0.6334743576518961,0.6264960532929906,0.37875731948924546,0.6954900667220093,0.6750234274597952,0.5741957823634969,0.7155380289315355,0.7974583296741208,0.6934286520974705,0.6814893716359542,0.627943404684265,0.5889062955959974,0.18561893981153843,0.08270971171626385,0.4489047833926297,0.5890691482366912,1.0,0.4288879884329514,0.5248842731220402,-0.029183913433149036,0.5832589944568455,0.311967831528021,0.6872899507320823,0.6006133876704656,0.5787705830591292,0.6987402153869806,0.7476107943886848,-0.07602599144627761,0.6614973161647908,0.6747788843934628,0.6652183819270288,0.30139543275206904,0.6749713816428509,0.6990544087931309,0.6064357983980001,0.2770423057744212,0.5353445756896764,0.6155213333330715,0.41982721999768113,0.4900916226158327,0.4614750403387322,0.15802139061305862,0.5757944065384963,0.21035331248572303,0.4516430519096197,-0.6953770446874276,0.38110783746460486,-0.3034950199869791,-0.21424668705847552,-0.24103332381776807,-0.10550203748201029,-0.18998948158282666,-0.2780576713668527,0.4098356052429825,-0.10147942588693665,0.431565941672308,-0.6953095796990514,0.3275126968627052,-0.3637973958476726,-0.22077857739725815,-0.2880116231024824,-0.013894008004948851,-0.3437709821539882,0.38696437387837423,-0.0013331481985022825
0.734587307012738,0.7125411561743515,0.6952125348787999,0.7199521753869038,0.551856219603804,0.7231679287097461,0.5490356107958362,0.687552778942924,0.5656030577269499,0.2167737840005295,0.6152944317136263,0.531710283482864,0.48597226092153883,0.6584314831929836,0.741366186621074,0.7771341600074945,0.3604116660233634,0.6834901739878441,0.7265188112315683,0.5451107541955853,0.4288879884329514,1.0,0.6941448960478691,0.20515002735527224,0.716956874267196,0.4900046712279421,0.7585583226665447,0.6701200261155522,0.677775418521905,0.6915669391281793,0.654778998848137,0.20870067347365007,0.7098226615439758,0.7157541686495157,0.7477921525326885,0.559597675344437,0.7033377117683723,0.7202118019626749,0.7361828045114818,0.6479579068368185,0.6264471174630605,0.6127557267613661,0.5862058062695907,0.4160115781227175,0.36043741733667434,0.10757215372664782,0.652823440241673,0.3748317657743481,0.4862932730728297,-0.7432397213413512,0.1678979124961184,-0.48866304339305416,-0.3994581081752986,-0.4132743255244794,-0.18373179689524677,-0.20510910469515223,-0.24808241627244465,0.2639304740702507,-0.057306414784444384,0.5549731777299316,-0.7390204222877069,0.09058831168199379,-0.4998185597311256,-0.3939456768719575,-0.4253274627939851,-0.10956494693769249,-0.2882611764669785,0.2182376571573727,0.05782051457636456
0.7060550683254854,0.685752890112187,0.5825046037021083,0.6207533205032479,0.5493972676633104,0.6369277044568031,0.47516885805212705,0.7282482475965338,0.6530773906311331,0.4616206371900736,0.7282172388077823,0.6553296899906552,0.7034070032181745,0.7251231475261373,0.7351560578988271,0.6047647433676069,0.33238947887909004,0.4801309218136912,0.5998142712354462,0.41608857610753075,0.5248842731220402,0.6941448960478691,1.0,0.16842943227769047,0.7163180286612416,0.33902609825971824,0.7503876951048709,0.5973144906213421,0.6752398309446154,0.6616180483394657,0.6626652515878012,0.1598523673187465,0.7003819332541271,0.7421608886784773,0.7221977911884576,0.5263664823461419,0.7594033428974053,0.7692075275219872,0.7998814687092952,0.68437531520589,0.5674676403047662,0.597840417378824,0.5987865709590675,0.6122605728156663,0.4956525656970713,0.28047528340453765,0.6381398570640521,0.4707943088320528,0.44353310081513825,-0.7563622829932386,0.4052424093509025,-0.402214354076354,-0.4043992143377549,-0.4145284964572892,-0.24249840813395052,-0.21805731420374388,-0.17857289106139684,0.46233078834000074,0.017600020666451097,0.39898802879038914,-0.716532726519427,0.25578464133454687,-0.408987968277207,-0.39487390896204067,-0.3931063061962966,-0.08730509629736503,-0.22622592385587137,0.437002907296474,0.024850145357285466
0.221821718050813,0.37487302206093615,0.27156586460863436,0.14675501109139602,0.22938319686135308,0.14304394685549138,0.3789986235558229,0.30553855669431096,0.16632013959423267,0.2277894332269066,0.12148644349689411,0.1685270834903587,0.22645379311380265,0.2903717542649623,0.36734380891818924,0.11403656444564556,0.4375149145449147,0.3897115190029152,0.07667768287414072,0.13895078097515434,-0.029183913433149036,0.20515002735527224,0.16842943227769047,1.0,0.20047306760347913,0.33162424713698857,0.3272907849626538,0.33164244788527314,0.4160812644062844,0.27385699742841585,0.15454995074539302,0.827997040141524,0.3505527940690707,0.3217016612147808,0.22055803754672615,0.7787984838802251,0.3091534783162492,0.2918331216036174,0.17239432971557406,0.5332344814488618,0.3331430906469609,0.3536108976371725,0.5213981324810112,0.3353632009767813,0.3631614962979093,0.38554795435918937,0.1374597375358798,0.5016012584297004,0.21144088785823306,-0.318145854353333,0.11503163766701538,0.0030803224464803648,-0.09625033748900819,-0.03693629009244982,-0.013959587654900482,0.037827199077982765,-0.2729249808154684,0.15999322142494024,0.07589606754267948,0.23258180663384054,-0.334248225005156,-0.02411105622563523,0.0029933197081910023,-0.029328265708293052,0.015197557456733604,0.09389318759651158,-0.3595246983034022,0.021561479701790256,0.15813646199146178
0.8836128241752521,0.843790039719925,0.7809418054755125,0.7527957461350531,0.7062349622388827,0.7234584255634517,0.7197174023274903,0.8540651827096526,0.7432480604545177,0.4901095712493944,0.8355851112133373,0.8058323525188186,0.6856284867187087,0.8459643028295211,0.8764733843180995,0.7808942728785201,0.5683259697374766,0.5436232207471663,0.6336797621692154,0.4782161841791328,0.5832589944568455,0.716956874267196,0.7163180286612416,0.20047306760347913,1.0,0.5968661700315879,0.8699431941973489,0.7294592809196176,0.8178952567974502,0.8109553307092382,0.7207402627334714,0.19962444400454574,0.8642927796708412,0.8636428542103799,0.8689781052430103,0.6202374449462263,0.8635764638933937,0.8864699674888062,0.8042745848639627,0.587060756027865,0.6503286448577432,0.7919974363388337,0.6903781572555983,0.6195942081210865,0.5612190456581615,0.26714434177837526,0.8500444828681033,0.3013358581386757,0.5947466405585728,-0.8755073896638843,0.3942124132729118,-0.5526061357690913,-0.4806839944798413,-0.4265357377756004,-0.33078201764744103,-0.44237114114316645,-0.1952172480086398,0.47782966051539244,-0.020226247862978157,0.6250420212558357,-0.8681030079246499,0.19412736622621057,-0.581219759827155,-0.47879529448716074,-0.428837079128941,-0.19858788787671527,-0.28840227810700436,0.44869204166584004,0.11853664175663807
0.6142347749414245,0.7370012790815581,0.7776311034579787,0.6520728338145425,0.6565971336867467,0.5368458966287167,0.8646899542753113,0.6727785076457993,0.6565289973136207,0.41601271083019087,0.49031127701618926,0.45627930832063307,0.40456262113882957,0.6137776192513179,0.6992638302526831,0.4866996522181588,0.6806528434910787,0.5942270180157501,0.5224383377378647,0.394523276678684,0.311967831528021,0.4900046712279421,0.33902609825971824,0.33162424713698857,0.5968661700315879,1.0,0.6621091570254877,0.6889907781543794,0.7333679701349245,0.5919404069933563,0.4606611702630941,0.3317307334194948,0.6988402287875136,0.6307342776334273,0.6370247062853239,0.6082236239082731,0.623142857118264,0.6289977955526339,0.5684001520951386,0.4198178105114674,0.6280732811610036,0.7675775252926338,0.7130412065990683,0.4308335482571385,0.4774802066801516,0.3486320131937112,0.5549784689173549,0.10299054601028068,0.4549497633240161,-0.6596792835986806,0.14714885706271594,-0.31744771619716433,-0.2234417106115129,-0.1874375616253384,-0.23256205188487175,-0.34219876076476774,-0.2610863779460199,0.2225359235495268,-0.16364606523979788,0.5321064099937576,-0.6900871199273534,-0.023986889351517278,-0.3438130253571145,-0.2537728946751243,-0.18256113755247566,-0.12205295298579531,-0.33716622789510603,0.23108877838148936,0.01624844443424389
0.910348772845494,0.9366397310301672,0.8868497508644798,0.8701907899905962,0.775931293868329,0.8345897489346107,0.7530065247459667,0.9347217208826522,0.8436381119870158,0.5848502868122921,0.8369572643247594,0.8084222523019244,0.7892711125102012,0.9245842138518857,0.9569550242117305,0.8064909384604129,0.5492801314630993,0.5842612859193116,0.7366759722926816,0.6375505653844976,0.6872899507320823,0.7585583226665447,0.7503876951048709,0.3272907849626538,0.8699431941973489,0.6621091570254877,1.0,0.8565526729291845,0.9122901502422439,0.890974931435296,0.8019817702330111,0.28935907673909905,0.9417062473643414,0.9471242390850352,0.9262167721717361,0.7106795707001339,0.9425616844095941,0.9566839614373768,0.8577737926322497,0.6414427438510444,0.8050180086616561,0.8812300587908043,0.7891668896233904,0.7039500219687445,0.6441949197135566,0.3760010167311742,0.8164533793805708,0.40896070249032285,0.6590493690728985,-0.9638880972009752,0.44607333966414847,-0.467973754271518,-0.41102902802175606,-0.3652549740957826,-0.24859198964385495,-0.2913502325661479,-0.35083603074330105,0.529578928045568,-0.024286816631448598,0.6689461834472571,-0.9608543350682367,0.28163769124298604,-0.5042426884389539,-0.38749298376173485,-0.36093412283002685,-0.10303580731626771,-0.44958568129703425,0.47875494645778993,0.12480791771946816
0.8260225476519346,0.8942995284327524,0.8613413935015372,0.8454679628543569,0.6939114447003165,0.7732743296292088,0.7099241570123617,0.8514054519123874,0.8002441806239652,0.5483868073778445,0.6724613822273041,0.6459373450414734,0.671927452918669,0.793417229888993,0.8591086641876216,0.7170623291153374,0.45081972136526827,0.48418809522624734,0.6869920704702464,0.6509433155017613,0.6006133876704656,0.6701200261155522,0.5973144906213421,0.33164244788527314,0.7294592809196176,0.6889907781543794,0.8565526729291845,1.0,0.892602124263609,0.8570707995525267,0.7193398187844052,0.2344033006330793,0.8656927468158023,0.8354227113165276,0.8355482140924982,0.6657050391111247,0.8389108076593397,0.8339535684505774,0.7606045068850398,0.6012972034277022,0.8233315006693191,0.8288622992868017,0.752463631959604,0.6439716138939302,0.6270324243493901,0.4272483306792073,0.7337519533170769,0.4149563150241868,0.6085488817765878,-0.8655642013151817,0.3414130334527768,-0.2759500395165598,-0.25144014448913604,-0.24117474187316182,-0.23816280899326756,-0.23937039979323294,-0.34089644046064776,0.44907232860848456,-0.008732046332878291,0.5731365546210453,-0.8657197852227327,0.23217423062797476,-0.3031211318597302,-0.22867790986010827,-0.2305514044896977,-0.08834350648248139,-0.4222762404858522,0.3874648278507923,0.14420345869277393
0.8596263471133521,0.9239853817338552,0.8684900882078728,0.8066118049490963,0.7835401253985573,0.7522577616481091,0.7894056075139672,0.8993650382453937,0.81042666998147,0.6104263201655582,0.7712513291188982,0.7336196112632963,0.7302767402483885,0.8654864170739822,0.9124469102832723,0.6881813057324873,0.5676837802649894,0.5621557847034799,0.6619581519979735,0.5948089423463245,0.5787705830591292,0.677775418521905,0.6752398309446154,0.4160812644062844,0.8178952567974502,0.7333679701349245,0.9122901502422439,0.892602124263609,1.0,0.8462707189036887,0.7157509856343595,0.32596443619326126,0.9141920110238747,0.8905553259057444,0.8706428265157722,0.7525233766440885,0.8860572374303484,0.8980220313119806,0.8206444105996713,0.6816144527016257,0.7900678193663998,0.8657036475246144,0.845084099464259,0.7420219047900654,0.7039436467976199,0.5007138505184043,0.7833628071005676,0.44800769374500166,0.6456529568123784,-0.9054283375927616,0.31594465708058933,-0.3476306011466824,-0.32516218091979043,-0.27248357874259027,-0.21980699873914558,-0.29559306292810456,-0.3091891727620833,0.49590625653312587,0.013828631601247568,0.6374300630808446,-0.9063858706425753,0.19183594625224434,-0.36778815383742214,-0.3054724610830997,-0.26113329850694944,-0.0876571341311977,-0.40219575843255284,0.45629247788148486,0.14864158354369827
0.8522533457602309,0.8616142563562678,0.8053121646196123,0.8466069808897403,0.6788090810277062,0.7868630309516654,0.6538405829459292,0.8669846753108831,0.7964094365101535,0.5156090947501467,0.7751365423593303,0.7760661080053688,0.744660484648446,0.854240945449859,0.8913516543490418,0.8205332275697661,0.4567500732816616,0.47617761469345377,0.6726133562663845,0.6891224756345681,0.6987402153869806,0.6915669391281793,0.6616180483394657,0.27385699742841585,0.8109553307092382,0.5919404069933563,0.890974931435296,0.8570707995525267,0.8462707189036887,1.0,0.7794724784787593,0.17720358690945948,0.8577024943868643,0.8942564266816149,0.8644379705930386,0.6236595966488812,0.886660461538286,0.8879597530850614,0.7531661152741794,0.6000808717202301,0.7174113755227615,0.8012153054828832,0.6913365547279517,0.6493627887119321,0.6481251590338305,0.3611050407714563,0.7578794274269799,0.4759007592613024,0.5768447297390651,-0.9056144012552673,0.4423365996308131,-0.32410266023788314,-0.32991091633721037,-0.33106275222788245,-0.23002502894342755,-0.24807930494568994,-0.38295649157617884,0.4440111483770598,-0.011766964697639382,0.5684486033287635,-0.9030144448307776,0.301385347485715,-0.3688094329555685,-0.3169067486002049,-0.31768825295293973,-0.0870635745148727,-0.4870289711427736,0.36127450800598193,0.14623333377475797
