0,1,2,3,4,5,6,7,8,9,10,11,12,13,14,15,16,17,18,19,20,21,22,23,24,25,26,27,28,29,30,31,32,33,34,35,36,37,38,39,40,41,42,43,44,45,46,47,48,49,50,51,52,53,54,55,56,57,58,59,60,61,62,63,64,65,66,67,68
1.0,0.934412455451482,0.9175599023740963,0.9379807316706473,0.9454170252071556,0.9384773721038975,0.911417340084696,0.9111753840711181,0.9277054142717358,0.8696949773907188,0.8578969404008052,0.8335137246599893,0.7478829995290104,0.8070295346071407,0.8898667264270154,0.7056943329986742,0.8668996563618921,0.6093177549586969,0.8173551022523775,0.7651174862464659,0.8337004849578276,0.6916837791692105,0.710514380134508,0.7841371498607032,0.9460360257544729,0.8988275317980889,0.9192389707669489,0.9637432440472288,0.9301618934070829,0.9079211040210764,0.8248768393536197,0.7299949552654347,0.9242781207556686,0.9190138076172438,0.8826680029624614,0.8300122960555634,0.8844567183908467,0.8975622864886383,0.8627109820056493,0.5820412115345583,0.9338634206789246,0.9079251036412694,0.8867115146101449,0.8814796516744364,0.88506891675745,0.7844516342644096,0.8581401263226803,0.5649702891365151,0.6504532586232908,-0.9225461029086435,0.20883506018720946,-0.5103033572036301,-0.5438979592351502,-0.3922699926082596,-0.23370987456637385,-0.3471709868731037,-0.38109010016453093,-0.142192392765727,-0.161336118139167,0.8477371412164589,-0.9158748373756075,0.4258521041204077,-0.48034490349361925,-0.45639413383754446,-0.31837402239233364,-0.2160106289305374,-0.23833319035245504,-0.059645444149347936,-0.21607507179304417
0.934412455451482,1.0,0.9197723259024321,0.9426331667858904,0.9479513426826276,0.9325178079791033,0.9519351184319822,0.9720587204540276,0.9708494367988745,0.9447570991036808,0.9281863507797995,0.9220297965633596,0.8872262541067112,0.867709367657239,0.951440041174916,0.8454702637044442,0.9366106851406147,0.7057151337630595,0.8376562157052395,0.8304389995899731,0.910054555885986,0.7834176278400041,0.8583297161645611,0.8873906828393242,0.9546895778970407,0.9330623922670409,0.9734474591457821,0.9423814345681318,0.9645019169848038,0.9701559734782097,0.9011078710228803,0.7747247333204197,0.9746638680358543,0.9776070940021212,0.9670030410314719,0.940403600464638,0.9500407785449616,0.9678496700277771,0.9558405197885133,0.7656998120993604,0.946942192541642,0.9593070683904087,0.951329362518609,0.939773457378727,0.9545083222946027,0.8677369598560963,0.9369474980109176,0.7425017191130285,0.6766939919700748,-0.9759534627260301,0.23005835355705082,-0.46116360621810865,-0.6137280977401472,-0.4400277951465198,-0.22110108151250535,-0.21565724921849375,-0.2875726861369523,-0.11092923892749555,-0.18864921737279275,0.8518579148415458,-0.9774946026216649,0.4615121927420152,-0.40193584473594923,-0.555307449194327,-0.3821771667954715,-0.2097152884778457,-0.1273597675979698,-0.011945145397085105,-0.25665670436343846
0.9175599023740963,0.9197723259024321,1.0,0.9744962345353384,0.9280381307465004,0.9283647992130742,0.9504931425844859,0.871280627476297,0.9021803475455655,0.8505906566444802,0.7929560838540198,0.828596344786111,0.7497070406095601,0.7230338175658609,0.8847373010594989,0.7020360854240852,0.866148368590871,0.5433872294998504,0.8659698851207862,0.8178332232151236,0.8953371021472559,0.737975546239122,0.7195419412472592,0.8024588516925951,0.9327553631787756,0.9619633331685175,0.9247731130842903,0.9507665548500149,0.9397433520948633,0.9197492521321979,0.8165562726521723,0.7692830270998299,0.8957223693547613,0.9170698661050538,0.8802427060758459,0.8363628182182775,0.8333834056584972,0.9069119835096525,0.8841665754372928,0.6469492445936513,0.9308146074220006,0.9219066263373111,0.8972829936369751,0.8650954053277483,0.8928198423517656,0.8167876782711143,0.8494253643928386,0.5652422613465489,0.507272288020685,-0.9383288036106253,0.03366158464894461,-0.49761744156744686,-0.4829115119579129,-0.3633912068524884,-0.2652930193857831,-0.3965441761363269,-0.5172883197465202,-0.2039381592456311,-0.23930874473752783,0.8870828556953575,-0.9035569325283919,0.3732935029759658,-0.3835902659269044,-0.4223576783829734,-0.2717528331959635,-0.272240501534136,-0.27958794052279207,-0.17333677598620925,-0.3151508178756706
0.9379807316706473,0.9426331667858904,0.9744962345353384,1.0,0.9435585223482632,0.9498154664555571,0.9624345612973584,0.8993805121125098,0.9325567797990499,0.8821353202531761,0.8207765906661006,0.8555186354157367,0.785417562613019,0.7498247226701349,0.90053780246364,0.7379505917208825,0.8909722010271974,0.5719207361167724,0.8796804623320493,0.8441946497251905,0.9027479334288513,0.7630518945889099,0.7499764058867896,0.8264107556941895,0.9415584214343214,0.9635866628937855,0.9397070766357605,0.960228008465585,0.9520206906756176,0.9370284580927681,0.8458840174600167,0.785126622525874,0.915791140937924,0.9357370356917193,0.9005475665240116,0.8599729171069299,0.861570070552746,0.9233162287780475,0.9052580403748003,0.6715161236615561,0.9442602711632359,0.9373054350489436,0.9148087253688642,0.8883899078301796,0.9091934619641107,0.8329674299941158,0.8676011813097434,0.6047005193029376,0.5418001255885994,-0.9548964614631463,0.06544937648787262,-0.5051856541618792,-0.526120943415602,-0.40792027704725264,-0.2859332698581932,-0.38695101340665466,-0.48703570449126243,-0.2022783625260988,-0.2623779974311119,0.8839047511451975,-0.926687763282874,0.3790273405998596,-0.3992214379862714,-0.46499942569922037,-0.3151380697596283,-0.2716208129755151,-0.26778219540949316,-0.13956860651850278,-0.32917263993094775
0.9454170252071556,0.9479513426826276,0.9280381307465004,0.9435585223482632,1.0,0.9613688631769105,0.936089993915106,0.9228637475283907,0.9352760273985627,0.900038907157042,0.879606578093803,0.8611319473519802,0.7976924378567398,0.8081012006637571,0.893939922941214,0.7434094979501215,0.8875656535598354,0.601287089969999,0.8313257955379096,0.7942526748350549,0.8732735879593294,0.703558713549874,0.7548858811206941,0.8138320031355711,0.9284004046446458,0.9219463378520589,0.9256500671156407,0.9596430318145703,0.9480682561617285,0.9235924316529228,0.8263533395933806,0.7269437430520214,0.9346559995127114,0.9286023868469325,0.9037759438274136,0.8649915776759425,0.8893462590958605,0.9134519536233533,0.8989216892332125,0.6647058677011827,0.9575095133641943,0.9380897413684787,0.9213716500532316,0.9165039664848499,0.9175173106736061,0.8202092915523962,0.8767243313922328,0.6129722805067904,0.6141978246992268,-0.9340331186446811,0.18776056000663127,-0.43241806682560446,-0.4913501068444044,-0.34178099960326663,-0.23849068303740514,-0.2718160308714555,-0.35676341177680676,-0.13383007366167668,-0.21623069441580325,0.833538235635124,-0.9260453231741519,0.4209813099842571,-0.363355643318139,-0.42971613688894506,-0.26853104966374025,-0.18823272602855473,-0.19810387615063704,-0.05183699305582583,-0.29321272739396786
0.9384773721038975,0.9325178079791033,0.9283647992130742,0.9498154664555571,0.9613688631769105,1.0,0.9277073960055462,0.8938998476976997,0.9197049780138261,0.8786575096822633,0.8274116417117364,0.8320472794480772,0.7649342247653611,0.7565810881529276,0.8695340687035433,0.7066944483656428,0.8636719330875576,0.555216059154651,0.8668169984171691,0.8199846496917186,0.864074365777084,0.7078687740141758,0.7195385939246599,0.7925961210836371,0.9191848327325493,0.9248584157082925,0.909615000292522,0.9587947466430599,0.9364579234640067,0.9066983955806328,0.8102084896308656,0.7449933033393692,0.9094038503434816,0.9081603306637674,0.8764910593608958,0.8271832068094911,0.854176065123407,0.8927127644553514,0.8789836243750998,0.6205917668269364,0.9563538218986939,0.9305015068476684,0.9113182127005436,0.9097151518825545,0.8969435434321934,0.8185463751656614,0.8471748739963626,0.5697685950332476,0.5563151245154788,-0.9240941325466803,0.13578752708665895,-0.4295427836761762,-0.46855695271762315,-0.33275010796474486,-0.2840610831896164,-0.3601778555522302,-0.42345078451834245,-0.1549148460981688,-0.24938659370468577,0.8465111998159304,-0.9028200563489578,0.37791068890984797,-0.352929051589841,-0.392239269247911,-0.23781497342351862,-0.23891551637515152,-0.21901072219857842,-0.08777552410292437,-0.3132221719700022
0.911417340084696,0.9519351184319822,0.9504931425844859,0.9624345612973584,0.936089993915106,0.9277073960055462,1.0,0.9102145181156124,0.9399391520994268,0.9124069638614397,0.8471533201728199,0.8800541354423717,0.8343663249748164,0.7570718191740745,0.9174124820080458,0.7831186465977154,0.94164481440144,0.6678840034212679,0.902171993202226,0.8718527966673175,0.9230849430062957,0.8205014147661285,0.8134617347467448,0.8810706506027883,0.9362733253986493,0.9699512065860229,0.9513985489795067,0.9413155704340164,0.9475351075909683,0.95069521272924,0.886557805168716,0.8221385634020941,0.9227346724237012,0.9458086565847188,0.9217383799094359,0.8952031040214102,0.8734855493331379,0.9396588214431121,0.9312481480528505,0.7281534745078102,0.9373509997968598,0.9566846147296455,0.9435799969420436,0.8983305176234772,0.9390712866696505,0.8808583833793838,0.8886213331130461,0.6943176023574854,0.5634519212880863,-0.9596072532998038,0.10154301655302676,-0.4991743389193507,-0.5671748311058702,-0.4199546473794743,-0.2779409841547437,-0.34081592551166595,-0.44138425772454065,-0.21620712667537362,-0.2521477259033068,0.846731279756224,-0.9462978524180361,0.40008969381741327,-0.39357354801386385,-0.5248131684677447,-0.34206670128095057,-0.2627741113491185,-0.2732991545670489,-0.12438653421175067,-0.32653013914692713
0.9111753840711181,0.9720587204540276,0.871280627476297,0.8993805121125098,0.9228637475283907,0.8938998476976997,0.9102145181156124,1.0,0.961508939250163,0.9278694929926706,0.9513951808983011,0.9211206546758552,0.8942683456626975,0.9156304356089568,0.946284558167451,0.8734406820381005,0.9077779259589254,0.7216683875742091,0.7643057500120933,0.7766305507154809,0.8688167590749811,0.7378266573681626,0.8620278522713843,0.8691403772331986,0.9307114092825267,0.8871750068814449,0.9570097887938549,0.9066960931872565,0.9450221303612523,0.9555141662470178,0.8824988444690055,0.7185016830599276,0.9762868395597847,0.9639671654210953,0.9636220241313451,0.9455703887885304,0.9677552367018557,0.961219640386817,0.9382305088902123,0.7840242654573124,0.918521439279257,0.9317644945021928,0.9215702030335513,0.931627726662213,0.9379837173782326,0.8462432715100384,0.9406748760663199,0.7528536527090968,0.7189113669021491,-0.9530983449130087,0.2823900593369667,-0.4114020303843925,-0.6101107058806585,-0.4330832510598575,-0.14946025414942085,-0.09878402053203819,-0.1683078647944007,-0.012557473090205655,-0.12360532421090631,0.8102797942713528,-0.9651968201405604,0.48710383031112636,-0.3759524829057445,-0.5555198494266841,-0.3851863890263868,-0.12163736958893451,-0.02887739283218252,0.0993410435787771,-0.18391150254545371
0.9277054142717358,0.9708494367988745,0.9021803475455655,0.9325567797990499,0.9352760273985627,0.9197049780138261,0.9399391520994268,0.961508939250163,1.0,0.9381358383190788,0.9128097166155167,0.9212410260772028,0.8852501902874914,0.8567833512377044,0.9312577480998672,0.839457519363285,0.9249872908054505,0.6933108601160037,0.825130796112441,0.8332481230090526,0.900135009837765,0.7856029105694351,0.8561183968752912,0.8792146394917792,0.9428398237902385,0.9164145409167885,0.9606554378413912,0.9333846124840616,0.9492207368689103,0.9604063474962925,0.898738555355733,0.7766856822360061,0.9614008497861479,0.96449139595172,0.9489298805632149,0.9288789969943376,0.9320877508333382,0.9538682049875131,0.9469306750467436,0.7652229777272996,0.9342075759039309,0.9492711689332379,0.9362590001550707,0.919017034458546,0.9393084675255214,0.8568290977259981,0.9216882667158206,0.7436015379603924,0.6560511240637423,-0.9646889052231988,0.22032000715974795,-0.474760370854109,-0.6344352740488388,-0.47390556149333485,-0.21173736249780464,-0.22877224229619644,-0.29544210983535146,-0.12027627246312855,-0.1777121264629028,0.8358053972851661,-0.9656321519166449,0.46243541691572143,-0.40892147118520467,-0.5794229192277328,-0.4074532202816444,-0.2193599966135251,-0.1447806102046188,-0.016288035592938777,-0.2567085846941229
0.8696949773907188,0.9447570991036808,0.8505906566444802,0.8821353202531761,0.900038907157042,0.8786575096822633,0.9124069638614397,0.9278694929926706,0.9381358383190788,1.0,0.9104024369929355,0.9111340024932709,0.9111188742692092,0.8030453874850371,0.8958552983797886,0.8170579861813401,0.9385215143890333,0.713686328072209,0.8160543611505136,0.8420366414087966,0.9175358942919231,0.8241770612737116,0.8950577521140237,0.9056308997687376,0.90713332372785,0.879981641722216,0.9354934421708891,0.8866510101117792,0.9037445263603522,0.9358432635530433,0.9150979532651916,0.7972193770669797,0.9274028197444474,0.9438129800731627,0.9393358164639165,0.9258028117350716,0.9012083484941434,0.9136764581556417,0.9526430858054371,0.7849239100958826,0.8917619843359181,0.919247571269574,0.9393587625901582,0.8897365360511003,0.9352800542292655,0.834740415383604,0.89774637435363,0.8138819981126506,0.6551628617870321,-0.938321191868774,0.28529134862149974,-0.4700152232721697,-0.6935238400415511,-0.5064638966817633,-0.28938026739671996,-0.22923808615714275,-0.25271207028707643,-0.20359968077763835,-0.23693938290714747,0.8012703753650581,-0.9517861488737076,0.45140376703799584,-0.4163550202711439,-0.642512614025661,-0.4721679146545865,-0.2754740572460951,-0.15675423815213813,-0.08337215627515991,-0.3193573454419601
0.8578969404008052,0.9281863507797995,0.7929560838540198,0.8207765906661006,0.879606578093803,0.8274116417117364,0.8471533201728199,0.9513951808983011,0.9128097166155167,0.9104024369929355,1.0,0.8988965475082227,0.8803960617023008,0.9126207911266349,0.9226334300228209,0.8686453586375421,0.8852350712695246,0.778053399293641,0.6802378188251057,0.7108951507905301,0.8162137264188574,0.6896192665351366,0.8630715368120849,0.8211412544527547,0.8796824927549863,0.8064852585276607,0.9097410161478887,0.8491158953748665,0.8874543124108877,0.9035285565162503,0.8534780623227879,0.6305511112279236,0.9470356841103421,0.9274559396937343,0.9397782338694066,0.9116996545024943,0.9508328068952618,0.9194864490533229,0.9023763972807841,0.7461786941115548,0.8561046059838635,0.8725754423242706,0.8772190357704418,0.8992488369451811,0.9038019299240045,0.7727236921287771,0.9057466996902813,0.75971643517186,0.7798871684849894,-0.8943041279977842,0.4137125216696495,-0.40455615458933497,-0.6140556855712755,-0.4186136639870349,-0.08642201002523445,-0.0043672021277081745,-0.03238168400685537,-0.030830879913044052,-0.05603418486506819,0.7243228463866827,-0.9325156367187688,0.5089169464266632,-0.409047648574111,-0.5746944663029913,-0.4226228504477837,-0.10652270575998374,0.007662403562690993,0.07767211143082699,-0.11861169419394013
0.8335137246599893,0.9220297965633596,0.828596344786111,0.8555186354157367,0.8611319473519802,0.8320472794480772,0.8800541354423717,0.9211206546758552,0.9212410260772028,0.9111340024932709,0.8988965475082227,1.0,0.9173954734841613,0.8321372763746221,0.904003869643894,0.8813378189382519,0.8908204754429487,0.7003826477684941,0.7390686136234165,0.8314179935895215,0.9077299253934984,0.8035147318188627,0.907369075670227,0.8797353261042791,0.888649276977393,0.8415443850401875,0.9254130121717326,0.8555107542850756,0.8959230145876058,0.9395437550853248,0.9011854459555427,0.7554687826542433,0.9266762356893345,0.9187486681095235,0.9341993605677698,0.9220276749075814,0.8967038616082389,0.9403809065016421,0.9316523243369667,0.83194079717846,0.853014785361066,0.9003469161564658,0.8856978664629712,0.882101548199832,0.9107243559128874,0.8540221509500803,0.9035805661827586,0.8183514307379453,0.6486019217649202,-0.9102706360370114,0.2360325320125183,-0.37383964449608237,-0.6013897494679099,-0.4438591956383733,-0.12706085463650393,-0.12453721758563059,-0.16886478564767446,-0.08326314265975474,-0.11231555450615362,0.7513183855889431,-0.9309263553703486,0.47024624389374453,-0.34942001997069105,-0.5718346358911336,-0.418681296673994,-0.15978441281823702,-0.05491136144032931,0.03210682781336442,-0.17483026379572522
0.7478829995290104,0.8872262541067112,0.7497070406095601,0.785417562613019,0.7976924378567398,0.7649342247653611,0.8343663249748164,0.8942683456626975,0.8852501902874914,0.9111188742692092,0.8803960617023008,0.9173954734841613,1.0,0.8306428137735632,0.8549352761761513,0.8936612819206377,0.8713574753915271,0.7272426328192835,0.7084506909371561,0.8048052925921414,0.8587781054122465,0.7954914064987698,0.949582084237886,0.8939099302991381,0.8226030767751225,0.7883316161759808,0.8846752952131135,0.7659425504324278,0.8382343750236697,0.8943918219510733,0.8787649992640643,0.724514055727115,0.8861341548830783,0.8878652934205545,0.9180170807234532,0.9335748029992582,0.8862514869546646,0.8952716157847798,0.9301623547183859,0.8744897067267305,0.7959005674414196,0.8521882310164128,0.878418418578048,0.8423973954374799,0.8836242225944885,0.8249449853627955,0.8914167076189441,0.8783306380844647,0.6484569816289282,-0.8780773603692891,0.2583727727034519,-0.33127743359732176,-0.6617267619364743,-0.4795244376141454,-0.15278832529896166,-0.01822325185765568,-0.09450747559737337,-0.045158505809698615,-0.12825401339943973,0.69115686379925,-0.9009247623424751,0.46084422922142815,-0.2840570815510851,-0.6524087086187758,-0.4625202927479405,-0.15386255668068116,0.018411942143621005,0.08036512541795925,-0.21763692528626769
0.8070295346071407,0.867709367657239,0.7230338175658609,0.7498247226701349,0.8081012006637571,0.7565810881529276,0.7570718191740745,0.9156304356089568,0.8567833512377044,0.8030453874850371,0.9126207911266349,0.8321372763746221,0.8306428137735632,1.0,0.8590945461178698,0.829949827051941,0.7721995338072039,0.6893164407801975,0.5429693192272956,0.5757666404085692,0.6940790798979901,0.5258580748813468,0.7824404531251399,0.7201641541752258,0.8120345248260511,0.7313584374152388,0.8470418582921124,0.7700596610489989,0.8409276829829262,0.8370951337003671,0.7370948564508693,0.49435965996774967,0.907327177515709,0.8620146991009748,0.875344440376745,0.8602239028450723,0.9375525297092141,0.8627371683832494,0.8211395992581633,0.7031219132606928,0.8005238913304423,0.8018691933947976,0.7944192217236021,0.8444070394683688,0.8259809419424188,0.7158350124919783,0.8651005243434934,0.6672326895202554,0.7959822062957301,-0.829287018682959,0.37849825945110355,-0.2884557419813883,-0.5242914708147917,-0.34106495934931963,0.03410802280216534,0.11275938103384993,0.05535547706077498,0.15574077401627548,0.07428487830071766,0.6706531084415877,-0.8620812086886576,0.5079936210503175,-0.32237212368742596,-0.4808186397480548,-0.3452315284011171,0.008254101219464982,0.1344157976789248,0.23202691059876787,-0.0021305333498050985
0.8898667264270154,0.951440041174916,0.8847373010594989,0.90053780246364,0.893939922941214,0.8695340687035433,0.9174124820080458,0.946284558167451,0.9312577480998672,0.8958552983797886,0.9226334300228209,0.904003869643894,0.8549352761761513,0.8590945461178698,1.0,0.8682587658062867,0.9220267188014174,0.7828175891138616,0.7812240619561737,0.7919675370808102,0.8636127622804964,0.757176153461283,0.8542766404117136,0.8476901593239982,0.9181765406300334,0.8967442564498398,0.9482521072513302,0.8918284319012345,0.9333004705191791,0.9406612020606012,0.8859910595340487,0.7141724009054368,0.9542029355772632,0.9578989680869121,0.9534103635107891,0.9162988281581962,0.9377956433777322,0.9586020843905485,0.9183280759622137,0.7460325002221584,0.8942242403387957,0.9102245111398233,0.9022380122912879,0.8973040489427606,0.9226316236724134,0.8276594885473341,0.9153062935101973,0.7351675814257044,0.7134541644894764,-0.9420600918339327,0.26811866925778927,-0.4965459597482081,-0.6096326038054425,-0.4645537220725538,-0.1476244226910213,-0.15475900316398336,-0.22635007678005298,-0.11229302126458761,-0.12666013903177947,0.8005929127131726,-0.9579243205237356,0.4779247004421871,-0.4629254451139214,-0.581054510667098,-0.4314033198350322,-0.19188793966212433,-0.13285205663974659,-0.018149752387194483,-0.15676519556799404
0.7056943329986742,0.8454702637044442,0.7020360854240852,0.7379505917208825,0.7434094979501215,0.7066944483656428,0.7831186465977154,0.8734406820381005,0.839457519363285,0.8170579861813401,0.8686453586375421,0.8813378189382519,0.8936612819206377,0.829949827051941,0.8682587658062867,1.0,0.8025114086058964,0.7627244930201565,0.6272507016079797,0.7092357514871404,0.7659657295795258,0.7133563016668405,0.9037627297076172,0.8164315709840794,0.754487715958952,0.739140353717214,0.838245877125573,0.7191992721748598,0.8196557791921224,0.8581582206311773,0.8162010520541662,0.6075746219409679,0.8582615344964182,0.8506856080318655,0.8923302719874661,0.9024430735184689,0.8743405045158389,0.8879453467431593,0.8540247138063645,0.8514076337877344,0.7597258413888086,0.8119306848716791,0.7923089682114357,0.8235867502533074,0.8445325623751468,0.7977328096513048,0.8770140202552785,0.8155676931284737,0.6683691761351183,-0.8239214689222946,0.3035883712195808,-0.26083474840892307,-0.5709272712514273,-0.4130349326827719,0.011543177988365646,0.12844899565046908,0.027442455258095726,0.03465491803309494,-0.055588687042614326,0.6023619842505712,-0.8615302044551344,0.47296111273942676,-0.24515610462901036,-0.5656961406410976,-0.43363798026727596,-0.040130210251681044,0.07929590118831484,0.1708357872789131,-0.11797456432709622
0.8668996563618921,0.9366106851406147,0.866148368590871,0.8909722010271974,0.8875656535598354,0.8636719330875576,0.94164481440144,0.9077779259589254,0.9249872908054505,0.9385215143890333,0.8852350712695246,0.8908204754429487,0.8713574753915271,0.7721995338072039,0.9220267188014174,0.8025114086058964,1.0,0.79606790596265,0.8495837440056677,0.8596514713965017,0.9096947569420223,0.8539002400863719,0.8708606958713216,0.8877984616546624,0.9121486434521876,0.9017374695095051,0.9374718917709509,0.878293375851907,0.8925167132772546,0.9285038040982013,0.9248695274257742,0.8025645773987571,0.9153107655186875,0.9407453589182555,0.9289483375433406,0.8994093797138252,0.8875930791869813,0.9186231211188411,0.9327027269820711,0.7456729749270622,0.8698217260561809,0.9149606934028821,0.9247851517020298,0.8631924312917529,0.9257127624711664,0.835550601893217,0.8706094779396312,0.7948795755843855,0.6426575165477654,-0.9366088639167505,0.2250281706093463,-0.5650369950775362,-0.6936403673348058,-0.5249167483646855,-0.29959754146576906,-0.2796581615842419,-0.33069838711179095,-0.24753446902897508,-0.22827244975955524,0.7977176580027671,-0.9519385488120956,0.4391496970712982,-0.4981264385198104,-0.6746436920863816,-0.4896910869583587,-0.2775673328937811,-0.2592489560061674,-0.12123560128462481,-0.2805108434279945
0.6093177549586969,0.7057151337630595,0.5433872294998504,0.5719207361167724,0.601287089969999,0.555216059154651,0.6678840034212679,0.7216683875742091,0.6933108601160037,0.713686328072209,0.778053399293641,0.7003826477684941,0.7272426328192835,0.6893164407801975,0.7828175891138616,0.7627244930201565,0.79606790596265,1.0,0.5713100538838248,0.6208909894027073,0.6210317074036984,0.6880644042476004,0.7749168397330403,0.686694163792392,0.651346677008656,0.5974056769602215,0.7071735187656171,0.5827724417867836,0.6388909866876503,0.6988705344711021,0.7748255858234796,0.5478991193929823,0.7202905314042298,0.7258135348095148,0.7542736911463992,0.7147842610501951,0.7425633127853449,0.7244565114773086,0.699628318492682,0.5790768100415854,0.5871388206890951,0.6385297152044684,0.669165142174226,0.6480608382060367,0.7153130894106065,0.6337329136622956,0.6841973330204683,0.732055576502683,0.7181132767862154,-0.6770083751917548,0.45072214306444325,-0.4430234906641861,-0.6442828564826114,-0.4769413873708158,-0.047859528063843006,0.01355468765090819,0.020052922977383692,-0.15636015669891654,-0.017242129272335666,0.4585499032746423,-0.7540811417012824,0.4460388838124715,-0.5264775834220811,-0.6589193486341348,-0.5463569998339715,-0.09458889015643338,-0.14502247592168852,-0.010886766153593803,0.019367229587195618
0.8173551022523775,0.8376562157052395,0.8659698851207862,0.8796804623320493,0.8313257955379096,0.8668169984171691,0.902171993202226,0.7643057500120933,0.825130796112441,0.8160543611505136,0.6802378188251057,0.7390686136234165,0.7084506909371561,0.5429693192272956,0.7812240619561737,0.6272507016079797,0.8495837440056677,0.5713100538838248,1.0,0.8813947841453216,0.8615924169605016,0.8381181540444799,0.7004960845826574,0.8132512289816572,0.8440320918636419,0.8927434209997436,0.8359214014802552,0.8599310971628805,0.8309043697708868,0.8405111551300484,0.8242571175251638,0.8677307700053762,0.7766939770160588,0.8225778865963892,0.7874699520348805,0.7555550008398544,0.7038339643984898,0.8104406343784443,0.825367511776778,0.5793412300217534,0.8357192341360454,0.8540707219226638,0.8673742510325962,0.7860040522160403,0.8217722240944882,0.8075760124620378,0.7526259997030559,0.5997366558288595,0.39238124906365857,-0.8567889947055467,0.00031777308655993005,-0.5004938429901539,-0.5250312542586875,-0.4257828061125687,-0.42628820232172077,-0.5194031416497544,-0.550653421534884,-0.33994252858133084,-0.3725331063073165,0.80335568607812,-0.8247241938879624,0.24157275914345444,-0.3610593264187486,-0.46580825584883656,-0.28520399737929436,-0.3583424646164187,-0.3707593126474784,-0.22348705103951125,-0.4060026898835963
0.7651174862464659,0.8304389995899731,0.8178332232151236,0.8441946497251905,0.7942526748350549,0.8199846496917186,0.8718527966673175,0.7766305507154809,0.8332481230090526,0.8420366414087966,0.7108951507905301,0.8314179935895215,0.8048052925921414,0.5757666404085692,0.7919675370808102,0.7092357514871404,0.8596514713965017,0.6208909894027073,0.8813947841453216,1.0,0.9052010235111444,0.9180847968638607,0.8003170591777884,0.852834944087104,0.8168581214005929,0.8462105614052274,0.8429820958293389,0.8171111159069198,0.8092016125106237,0.8633225040675161,0.8895762349782679,0.8906574349835215,0.7873547647640023,0.8305061262177283,0.8165117764597019,0.7847686606148965,0.7246149289886779,0.8301202230772114,0.86345431492681,0.6845013165977236,0.7977410958224932,0.8387412257242707,0.8528268657948891,0.7679397951647237,0.835633670573292,0.8104778951760253,0.7594137383926266,0.7183725925192644,0.44083282188374745,-0.852944015959386,0.023416876973931675,-0.45966309983425857,-0.596597867265307,-0.47129164522119676,-0.3737757903801123,-0.4135907717285812,-0.44656969065570706,-0.3121516502568069,-0.34286935909438104,0.7393094820103003,-0.840584324117327,0.2649117293452511,-0.3540140093066884,-0.56213799476181,-0.3710429169715867,-0.32553232303209234,-0.30208109065896416,-0.1631502312682939,-0.37692118071943276
0.8337004849578276,0.910054555885986,0.8953371021472559,0.9027479334288513,0.8732735879593294,0.864074365777084,0.9230849430062957,0.8688167590749811,0.900135009837765,0.9175358942919231,0.8162137264188574,0.9077299253934984,0.8587781054122465,0.6940790798979901,0.8636127622804964,0.7659657295795258,0.9096947569420223,0.6210317074036984,0.8615924169605016,0.9052010235111444,1.0,0.8903091493989681,0.8474593722822499,0.9007490003723303,0.9074975272565828,0.9004638121144494,0.9244956528314225,0.8863202294074486,0.8913238669700184,0.9343025723348519,0.9192272410325835,0.8782734989160741,0.8801120770891439,0.9133448283795308,0.9012685578453979,0.8834131105950019,0.8202860410888352,0.9044098204269531,0.9332528737539934,0.7735425189109372,0.8655960662111529,0.9100314172064711,0.9113124467256938,0.8441134205644771,0.9069499858966878,0.8554822650866788,0.8574954419616977,0.7736223977018499,0.4946441023618617,-0.9305362631803139,0.10120429348079175,-0.4760732569239263,-0.6227083999204371,-0.47769330980855773,-0.3231046763741077,-0.3566267245048081,-0.410064136317236,-0.2677917564553314,-0.2783850510250227,0.8411065910896651,-0.9167645217387148,0.39178120214435164,-0.3730883205319023,-0.5796877240542805,-0.4046086882165963,-0.32338388821172853,-0.22124658848949535,-0.1652230904638926,-0.3547047137353271
0.6916837791692105,0.7834176278400041,0.737975546239122,0.7630518945889099,0.703558713549874,0.7078687740141758,0.8205014147661285,0.7378266573681626,0.7856029105694351,0.8241770612737116,0.6896192665351366,0.8035147318188627,0.7954914064987698,0.5258580748813468,0.757176153461283,0.7133563016668405,0.8539002400863719,0.6880644042476004,0.8381181540444799,0.9180847968638607,0.8903091493989681,1.0,0.8165135474982657,0.8801671712171915,0.7819448960726855,0.7822411084793585,0.8103763245082078,0.7399668606113343,0.7446866041018468,0.8320693430666644,0.9258711603684185,0.927281695334702,0.7392532636282673,0.795640985796157,0.7903891876659997,0.7860724845349619,0.6879156207026395,0.7943062886773472,0.8371089496586496,0.7097418931075682,0.7035256744728741,0.7855344004889854,0.8103223765266843,0.7073455157335893,0.7973368059951061,0.7973434527009156,0.7318069777996081,0.8023121999110695,0.43504522843316396,-0.8131939634134038,0.05701719825187075,-0.48110987933353133,-0.6989672816990251,-0.5662801594059438,-0.38138075573713187,-0.4044565680570535,-0.3773422470099106,-0.3479637076043896,-0.3217182280580269,0.6977826748528974,-0.8130960783289318,0.2636160858891746,-0.3907593226981496,-0.6557795157781775,-0.4841099849035014,-0.3493151975842929,-0.2669504903684547,-0.17191767507720385,-0.3587617491044201
0.710514380134508,0.8583297161645611,0.7195419412472592,0.7499764058867896,0.7548858811206941,0.7195385939246599,0.8134617347467448,0.8620278522713843,0.8561183968752912,0.8950577521140237,0.8630715368120849,0.907369075670227,0.949582084237886,0.7824404531251399,0.8542766404117136,0.9037627297076172,0.8708606958713216,0.7749168397330403,0.7004960845826574,0.8003170591777884,0.8474593722822499,0.8165135474982657,1.0,0.880036765403586,0.7947078481103,0.7618555288088005,0.8633299877277657,0.7350511160443415,0.8007394465790657,0.872994378895489,0.8734298604856714,0.7149636153794959,0.8560425688135993,0.869408674386875,0.9003957090204227,0.9120155778106043,0.8541379788721725,0.8801102137539252,0.9176999380030393,0.8780909660230407,0.7590060781908097,0.8232744680189279,0.8505063188633218,0.8085841102004504,0.8653964263044858,0.8050929839428763,0.8720632347882813,0.9168772009483381,0.6238752613602697,-0.8524997865017545,0.29758161378719233,-0.3881084202897961,-0.7013983366347109,-0.5033061970382123,-0.1464010625116006,-0.017995948157543375,-0.09263308538501161,-0.11267701478577255,-0.1263100492492033,0.6629451769839135,-0.8842669667481975,0.4642099612340398,-0.34955831376510554,-0.6943974311084989,-0.5041070919624319,-0.18990582946675538,-0.0192220248273654,0.023128021671757436,-0.18742827472610038
0.7841371498607032,0.8873906828393242,0.8024588516925951,0.8264107556941895,0.8138320031355711,0.7925961210836371,0.8810706506027883,0.8691403772331986,0.8792146394917792,0.9056308997687376,0.8211412544527547,0.8797353261042791,0.8939099302991381,0.7201641541752258,0.8476901593239982,0.8164315709840794,0.8877984616546624,0.686694163792392,0.8132512289816572,0.852834944087104,0.9007490003723303,0.8801671712171915,0.880036765403586,1.0,0.8456285402855294,0.8520651090990764,0.8861153063427204,0.8225369868068662,0.855594935975796,0.9093632963784726,0.914948947669673,0.8842864168807332,0.8600705290024196,0.8831359493464216,0.8923318051680172,0.9281059465327223,0.8305387961758692,0.8875749131990959,0.9182728636784737,0.8376993958625892,0.8309603555070737,0.8837261041022145,0.8936595203828698,0.8393912024669739,0.8971521646801536,0.8796544312675482,0.8929040884744419,0.8590701981525473,0.5405759251995168,-0.8912797839967972,0.15236876987884848,-0.37683682395069673,-0.6468937235233545,-0.4652020634216122,-0.2593402042441735,-0.19840515798299976,-0.24877257268249353,-0.15839869961519573,-0.2689474961603472,0.7458872623163473,-0.8961077977629488,0.36797358557278853,-0.29279883796685263,-0.6100719180752264,-0.40120040953038594,-0.2365913718557202,-0.10410546650815596,-0.007710638106569212,-0.33489240191490566
0.9460360257544729,0.9546895778970407,0.9327553631787756,0.9415584214343214,0.9284004046446458,0.9191848327325493,0.9362733253986493,0.9307114092825267,0.9428398237902385,0.90713332372785,0.8796824927549863,0.888649276977393,0.8226030767751225,0.8120345248260511,0.9181765406300334,0.754487715958952,0.9121486434521876,0.651346677008656,0.8440320918636419,0.8168581214005929,0.9074975272565828,0.7819448960726855,0.7947078481103,0.8456285402855294,1.0,0.924437364849677,0.9626414285329226,0.951341860839431,0.941877699423612,0.947242865678411,0.8882595275898566,0.7930973609200842,0.9496991493423653,0.9504492079464896,0.9256736337124332,0.8868884044775426,0.8969120880963483,0.9365886532300998,0.9220007790237568,0.6803873060973997,0.9177279913302806,0.9332905806589361,0.9225830352553073,0.8957835856225885,0.9196172193140412,0.8356934784705785,0.8879282744935512,0.6739155299224698,0.6303491962267994,-0.9582362536005485,0.16789810538947292,-0.5250778807158776,-0.5968341064060515,-0.4381206391511538,-0.24209764030616443,-0.34704112998633313,-0.386778891799748,-0.16258194182759134,-0.11499403076164166,0.8904160374666724,-0.9475143982396171,0.43844060399683094,-0.46781319976377306,-0.5297903954354058,-0.3693458286497296,-0.25568651646483076,-0.20035067330959117,-0.09686912161333378,-0.18620552847786903
0.8988275317980889,0.9330623922670409,0.9619633331685175,0.9635866628937855,0.9219463378520589,0.9248584157082925,0.9699512065860229,0.8871750068814449,0.9164145409167885,0.879981641722216,0.8064852585276607,0.8415443850401875,0.7883316161759808,0.7313584374152388,0.8967442564498398,0.739140353717214,0.9017374695095051,0.5974056769602215,0.8927434209997436,0.8462105614052274,0.9004638121144494,0.7822411084793585,0.7618555288088005,0.8520651090990764,0.924437364849677,1.0,0.9343932234290463,0.9381121181690666,0.9443537446660761,0.9346600671365746,0.8495530357557277,0.8079994642150838,0.9034299049018416,0.9280550211306162,0.8965039155788606,0.8695023397736702,0.8462060972315418,0.9196393204935582,0.9069408392462915,0.6936186280460115,0.9370601893437923,0.947464359937633,0.9340310532943061,0.8912708079660259,0.9230350099580361,0.8652407785130054,0.8664604863455941,0.6267410284005188,0.5315672685030403,-0.9474678524542589,0.037770778418899205,-0.46397280400812596,-0.5131607177932611,-0.37608198492939376,-0.28029847150334836,-0.3681921994141293,-0.4796386062057633,-0.20790904638303398,-0.2612714307054561,0.8634571761521638,-0.9201398447374656,0.35160793796804785,-0.3425255012193625,-0.45559138554047246,-0.27851873797669374,-0.26994587300209855,-0.25953480589434047,-0.14046237662593927,-0.3433149418810137
0.9192389707669489,0.9734474591457821,0.9247731130842903,0.9397070766357605,0.9256500671156407,0.909615000292522,0.9513985489795067,0.9570097887938549,0.9606554378413912,0.9354934421708891,0.9097410161478887,0.9254130121717326,0.8846752952131135,0.8470418582921124,0.9482521072513302,0.838245877125573,0.9374718917709509,0.7071735187656171,0.8359214014802552,0.8429820958293389,0.9244956528314225,0.8103763245082078,0.8633299877277657,0.8861153063427204,0.9626414285329226,0.9343932234290463,1.0,0.9318880229024061,0.9575519718280867,0.9719439028645896,0.91696816656609,0.7938665556351067,0.9669766324223079,0.974109866806151,0.9647822975189435,0.9370434820623764,0.9312359655183711,0.9694118186632986,0.9564424190032922,0.775314829647499,0.9252219676866912,0.9538010574248638,0.9452291366393357,0.9177134100430773,0.9446605793974161,0.8720361597145437,0.9266637284207812,0.7530355248392062,0.6559874183692727,-0.9770445433760878,0.18611620725180278,-0.5034806944717355,-0.6369649626206118,-0.48107110897398786,-0.2223276770898423,-0.25573429707244805,-0.3263177009853089,-0.148254900609601,-0.1365853559434203,0.8627725062459564,-0.9761233392338636,0.4754324232697998,-0.44139387561197224,-0.5870163422318667,-0.4239552492023102,-0.23156364694767656,-0.16291323917844505,-0.053037268266451186,-0.2144709599174427
0.9637432440472288,0.9423814345681318,0.9507665548500149,0.960228008465585,0.9596430318145703,0.9587947466430599,0.9413155704340164,0.9066960931872565,0.9333846124840616,0.8866510101117792,0.8491158953748665,0.8555107542850756,0.7659425504324278,0.7700596610489989,0.8918284319012345,0.7191992721748598,0.878293375851907,0.5827724417867836,0.8599310971628805,0.8171111159069198,0.8863202294074486,0.7399668606113343,0.7350511160443415,0.8225369868068662,0.951341860839431,0.9381121181690666,0.9318880229024061,1.0,0.951859450321683,0.9289845690923019,0.8448999818494566,0.7800058587055826,0.9240366287690898,0.9268395396686852,0.8929101407039252,0.8481900598927661,0.8646172592329714,0.9140618861004408,0.8941343536975139,0.6314591765083856,0.9589692102699096,0.9371377282700736,0.9152073006096539,0.9006805987076815,0.9092844226406779,0.8247828487023239,0.866547293792464,0.5940919001573779,0.5777487937459268,-0.9408672304661945,0.14316686382165542,-0.4794469351384102,-0.5103132012240525,-0.36225437432142166,-0.25999851080703057,-0.37867180794609706,-0.4301721004229331,-0.18640111218437772,-0.2114654424372428,0.8733485147511885,-0.921599990956549,0.39697550013589766,-0.4071551085175232,-0.4284997492643117,-0.2726496563499631,-0.2508063078314875,-0.23844611737996005,-0.11170416203937318,-0.28488532133358596
0.9301618934070829,0.9645019169848038,0.9397433520948633,0.9520206906756176,0.9480682561617285,0.9364579234640067,0.9475351075909683,0.9450221303612523,0.9492207368689103,0.9037445263603522,0.8874543124108877,0.8959230145876058,0.8382343750236697,0.8409276829829262,0.9333004705191791,0.8196557791921224,0.8925167132772546,0.6388909866876503,0.8309043697708868,0.8092016125106237,0.8913238669700184,0.7446866041018468,0.8007394465790657,0.855594935975796,0.941877699423612,0.9443537446660761,0.9575519718280867,0.951859450321683,1.0,0.9579119744839737,0.8707277544110126,0.7550289980414695,0.9565594631078581,0.953928332100502,0.9395977862330582,0.9148502006564161,0.9140764959781911,0.9519781691619009,0.9233323777680336,0.7348295460871229,0.9570262674696289,0.95605520899987,0.9360650101117622,0.9309156997523554,0.9334282884747197,0.8637777386517123,0.9163812933661248,0.6720862772118178,0.6463759344699117,-0.9612390560388154,0.16435989166251416,-0.41468879119562946,-0.52395768000096,-0.3987843057634388,-0.1988995268051252,-0.2535698618349623,-0.3307417311708926,-0.1260689820673993,-0.17344146431685575,0.8497057123910486,-0.9512406478684325,0.44597932629920295,-0.34686149781311587,-0.465876619325967,-0.33453124713926713,-0.19847747680144306,-0.15777089752008677,-0.04032037774923328,-0.2505696325063484
0.9079211040210764,0.9701559734782097,0.9197492521321979,0.9370284580927681,0.9235924316529228,0.9066983955806328,0.95069521272924,0.9555141662470178,0.9604063474962925,0.9358432635530433,0.9035285565162503,0.9395437550853248,0.8943918219510733,0.8370951337003671,0.9406612020606012,0.8581582206311773,0.9285038040982013,0.6988705344711021,0.8405111551300484,0.8633225040675161,0.9343025723348519,0.8320693430666644,0.872994378895489,0.9093632963784726,0.947242865678411,0.9346600671365746,0.9719439028645896,0.9289845690923019,0.9579119744839737,1.0,0.9284590521286409,0.8199441348891178,0.9599688296419201,0.9693691009870599,0.9629837448469879,0.944856186964857,0.9256444324264567,0.9698183003299682,0.9584196781479816,0.792617066247386,0.9230120404592088,0.9556785699506728,0.9452777451561036,0.9201367771335177,0.9535935273987649,0.8875755865292858,0.9346699333483962,0.7607449209184638,0.6491880638170249,-0.9703921083175566,0.1703968078830406,-0.4300588651537432,-0.6197617788441074,-0.45566935461726776,-0.20139419273140066,-0.2350610766094336,-0.3017778057308803,-0.13040750566906037,-0.18123721172132984,0.8338551820868129,-0.9714544368724116,0.432080281601506,-0.37046858919150166,-0.558778429991321,-0.3977454913366068,-0.21474955374889157,-0.1372645540029565,-0.024178191498830087,-0.2522707712386934
