0,1,2,3,4,5,6,7,8,9,10,11,12,13,14,15,16,17,18,19,20,21,22,23,24,25,26,27,28,29,30,31,32,33,34,35,36,37,38,39,40,41,42,43,44,45,46,47,48,49,50,51,52,53,54,55,56,57,58,59,60,61,62,63,64,65,66,67,68
1.0,0.9752365789602198,0.9662411647986658,0.974860291604667,0.9491921453086364,0.9532268152946249,0.9553233428384225,0.9592726974147797,0.9116085189537046,0.896058515373611,0.9348964414841608,0.9194772326588613,0.8816898436534341,0.9328947276302614,0.9487131101529799,0.914343266022126,0.924910449373797,0.8731705262554107,0.929427228411801,0.9303948965896293,0.9228954597002302,0.8993354485562224,0.8458585528917253,0.6658852994424326,0.9290253849667435,0.910889441784657,0.9663133543627761,0.9698583184843469,0.9739471524536465,0.9662894603708405,0.9392670956281616,0.04089285894430204,0.9702262865718525,0.9683048249498382,0.9601790590543527,0.9299669016750894,0.9601151704984668,0.9689529833087899,0.9421732814850513,0.8158640288408648,0.9218636820995681,0.9339437410756237,0.9012024264734999,0.8357722445391762,0.9018222390984012,0.7713830420126799,0.9195536995617247,0.5711824919247774,0.8332938234536512,-0.9756800837651848,0.5965885961448661,-0.25176188118473014,-0.5837977288308234,-0.37466439937336615,-0.2200675473225437,0.17489444064435372,-0.6712718435647088,0.4669472305944125,0.4849632463154973,0.8437217560570981,-0.9738612479123796,0.33962626845123584,-0.33552529461904884,-0.5145885663300838,-0.5174216647527969,-0.21171476117753274,-0.4369606460688423,0.07794784648091029,0.3874737673548897
0.9752365789602198,1.0,0.9730885914434289,0.9741084160249228,0.9537350560699169,0.9572685536107081,0.9694650063473854,0.975268621282485,0.9118061161301574,0.912769275892705,0.9444786693820202,0.9081138005335655,0.899858778591768,0.9304922896043535,0.9450479097456236,0.9151429107182322,0.9396365066337313,0.8924426141940017,0.9454721006107966,0.9473680069831902,0.9293796235380493,0.9175302377017186,0.866359833218037,0.6846617238163023,0.9242466678180904,0.9355526684130747,0.9709636293991785,0.9688727696720719,0.9802087083972874,0.9740907160504741,0.9504202933304892,0.06975004877813264,0.977192136210728,0.974921013409543,0.9765912636302786,0.9487775351176948,0.9664993161129739,0.9729964270135656,0.9630683860116059,0.8409370788790244,0.9451262482027945,0.9549239752302997,0.9222219478224035,0.8514836755120786,0.9117809066373317,0.7795052608427298,0.9306927367080117,0.5904474145051498,0.8558096033078397,-0.9810609381652855,0.5950430059913434,-0.22931745773566298,-0.5967882883417424,-0.3448822791287711,-0.21446597314214005,0.21730713881449343,-0.6456585683990816,0.500973623756667,0.5075984505937886,0.8422300391804667,-0.9830724941749974,0.30220996086057567,-0.3090760374310545,-0.5492889306168154,-0.49989509987070657,-0.19578157283830994,-0.4223796281489667,0.12489747164315242,0.4046803694689732
0.9662411647986658,0.9730885914434289,1.0,0.975279854699032,0.9516713548090384,0.9504626077188593,0.9713794857841582,0.9623088963670966,0.9091594685695975,0.90229266673791,0.9430175943377631,0.8943322452997361,0.8926768326096673,0.9251690062459978,0.9418582211770569,0.9067530516037683,0.9457407627639216,0.9072520883293499,0.9368624763226587,0.9328074442893718,0.9247435120394164,0.9122015712702466,0.8302760739749516,0.6502884866031401,0.9095842602552956,0.9432664089791908,0.9611349792686771,0.962922578706636,0.9700936793322747,0.9619674375650763,0.9513504864134976,0.0526036715319179,0.9673606205391075,0.9602359221544963,0.9649733076469288,0.9330423223009693,0.9565608130209807,0.9667847928712064,0.9558174714753378,0.8196709913100958,0.9331243240862261,0.9415903673507874,0.9102134444193741,0.8089706100999519,0.9023267628335431,0.7587892541468696,0.919534750465458,0.5275115859316499,0.8456952667896643,-0.9655712552208072,0.5795304711456394,-0.24242925259855516,-0.5990908851312323,-0.32593664640830494,-0.22514149030092379,0.18290755667717007,-0.651059743819467,0.4778791073290491,0.48608584262373195,0.8297035155250628,-0.9738138553864043,0.2699076737614886,-0.334461566853259,-0.5611294026678567,-0.4992632497149772,-0.19142746984737177,-0.45601837616634433,0.11212369304965251,0.38968734692922297
0.974860291604667,0.9741084160249228,0.975279854699032,1.0,0.9533254584627139,0.9554071503072826,0.9613423933803157,0.9605169145179562,0.9152381271621488,0.9107888353569648,0.9305830527994201,0.9013068360351331,0.8989127581544897,0.9239796273641905,0.935380019911833,0.9154328133177111,0.9318427427069117,0.8791615683354991,0.9351409332971792,0.9407714728324907,0.9365024140942767,0.9128271545167984,0.8430859062718074,0.6668054191129823,0.9117168939586406,0.9295567949639543,0.9593239061229697,0.9674746021950125,0.9704967072941643,0.9691997733625491,0.9513758777858754,0.05486565388536821,0.9637600201071264,0.9626056946490718,0.9653657300829283,0.9394506214092208,0.9570299864517844,0.9659426870182347,0.9511626897108212,0.8321615352058164,0.9324264912734925,0.9461118448164603,0.9101280498069045,0.8172858715661951,0.8985372314271208,0.7613144759385153,0.917387201260968,0.563598193108213,0.8325309163209732,-0.9736201257631859,0.5770585841233161,-0.2107003386599054,-0.5901285656367541,-0.3437611112318259,-0.22593625378831453,0.20618948429437176,-0.667985033494179,0.45147900970292204,0.5028901765979825,0.8217283536925696,-0.9754310318380925,0.2812142718141393,-0.30132297446248285,-0.5417191715010221,-0.50273850295396,-0.18594341341328083,-0.4742667685599883,0.05917598730478039,0.39061634389213246
0.9491921453086364,0.9537350560699169,0.9516713548090384,0.9533254584627139,1.0,0.9471947647476167,0.9479847304543773,0.9476744663262266,0.887647207768354,0.9038478590213194,0.9228866437975692,0.8806535830463232,0.8945029406159595,0.9171190708509726,0.9085892281202514,0.8878512602919204,0.9234274453696389,0.8484575335664294,0.9233892246910881,0.8978025479268122,0.9366047060098095,0.879009468070775,0.8030582265990464,0.6231807110134532,0.9160858821118488,0.9177284756569791,0.943432710240301,0.9407444488577097,0.9483527286349546,0.9488707010582794,0.9186716901590972,0.015915132307864698,0.948758004124407,0.9440669732753862,0.9450342610129987,0.9038800024135702,0.937916993417836,0.9460561354738513,0.9400726201365227,0.7917684014422487,0.9175823223229714,0.9367847886018971,0.9103490804283455,0.8083155463078261,0.8851568781376957,0.7628774031982424,0.9061322284879281,0.5210970378964649,0.8027124512996953,-0.9435635691266994,0.5792552991114981,-0.22613596093276297,-0.5675184417823147,-0.30114685149323217,-0.2126460943804908,0.18031506996450053,-0.5965292587859393,0.5034809203534916,0.48158121046281355,0.7923111395796472,-0.952232227721304,0.30372317684883576,-0.30699485063840093,-0.520276523594989,-0.4976582686712323,-0.21357783820389545,-0.4288550564255453,0.1378139981253453,0.3984542822024493
0.9532268152946249,0.9572685536107081,0.9504626077188593,0.9554071503072826,0.9471947647476167,1.0,0.9442213528568455,0.9372652606934097,0.9094413834407113,0.9041425192020269,0.9133504630455228,0.8967562592755901,0.8911578225073867,0.9053920387885065,0.9000889078673525,0.8869793624192037,0.9120477038162532,0.841808360101186,0.9402346748244835,0.9163314639400454,0.9184746757179676,0.8940257990091551,0.807026708368763,0.6112898540078867,0.9085820207267488,0.9133867967854447,0.9368783527637286,0.945174639139464,0.9507927885776201,0.9370068422762168,0.9128969038449266,0.030856993958601024,0.9540413363716309,0.932784158488254,0.942066932845766,0.9017300114088458,0.9330952594863209,0.9366350137606764,0.9373952644237653,0.7943193714563512,0.926788529498117,0.9450693605548856,0.9032591677985343,0.7886218295699815,0.8711807729720693,0.7170646921059818,0.9051509883210176,0.5067594939336415,0.8230448192176053,-0.9438287896790809,0.5895668191950242,-0.24671108290850755,-0.5754869381151386,-0.31480316278912696,-0.23370473532292316,0.15264711085208574,-0.6082254768268575,0.472600722765184,0.5076537432985083,0.8294215820662988,-0.9489642544560379,0.3320919818154627,-0.30970987192473654,-0.5304143546922002,-0.4727590652088129,-0.23089251608307462,-0.4110656481641439,0.12745655140150905,0.3883750007507964
0.9553233428384225,0.9694650063473854,0.9713794857841582,0.9613423933803157,0.9479847304543773,0.9442213528568455,1.0,0.9582682688167897,0.9072417096493046,0.9153993792060653,0.9312150330706715,0.8741481027420029,0.8972913391715004,0.9173383225868103,0.9160639793395857,0.885281280596821,0.969494412639826,0.9054575047088261,0.9373518659291695,0.9245823030669774,0.9066335193460314,0.912445680140715,0.8439302708959128,0.661205074571187,0.9164231459803175,0.9601793662547261,0.949740253708078,0.9520410689607061,0.9630541722336117,0.9530483079246432,0.9394860457533931,0.09631956777875744,0.9600303677558053,0.9487927347487608,0.958211399725271,0.9321191006908562,0.9525143306369062,0.9543329258613342,0.9560903657292157,0.8121224418199895,0.9354226045973957,0.9550003776462962,0.9330311708176575,0.7938005821938635,0.8969681591995422,0.7728526866735719,0.9156411662207818,0.5281910122402699,0.8263856221767137,-0.9543148780009865,0.5728139227351247,-0.21756765088555738,-0.6019337862014211,-0.27867854024075356,-0.22174203678079937,0.17244506720320507,-0.60070221527851,0.5016591035227081,0.5031543297422122,0.8307996083613787,-0.9649280539440974,0.2743610128534646,-0.3041179575562029,-0.5666941329389037,-0.4648587043578698,-0.20610016284989383,-0.45138035883862976,0.13841585443470122,0.41054011144411157
0.9592726974147797,0.975268621282485,0.9623088963670966,0.9605169145179562,0.9476744663262266,0.9372652606934097,0.9582682688167897,1.0,0.8909182448428836,0.9129403916216353,0.9511469211782914,0.9041102351777247,0.8997088452261948,0.9213003031633211,0.9368266965834362,0.9141045557497738,0.930176313412879,0.8829857459557592,0.9300451538717224,0.9280652150980407,0.9312920354653724,0.9069322249731899,0.8645708446790905,0.6667559792251322,0.9197273884532886,0.9256006018707533,0.9610414907012107,0.9550060224594661,0.9689989085915209,0.9678028469504181,0.9458844088008739,0.04408091042959721,0.9673816401380041,0.9681040225473596,0.9720876042340482,0.9375392589896477,0.9589323984568394,0.9668649155804364,0.9638634883007996,0.8379224140479448,0.9298486801086309,0.9426896939888165,0.9179647171463436,0.8723364447323632,0.9167915564246766,0.7782588312091924,0.9270173512703707,0.5989611492284541,0.8403523466741519,-0.9674659376896226,0.5841529518633463,-0.217194735422409,-0.5965690985327846,-0.33783132507869323,-0.21815427324040204,0.23970196382776382,-0.5984445360503592,0.5523662756649663,0.4949851493803821,0.8036571734117784,-0.9736313752936566,0.2871744834127513,-0.3095480019756028,-0.5614869189015732,-0.5069234467260771,-0.19009623354301478,-0.3792961291643164,0.1719194798533991,0.4176573632761376
0.9116085189537046,0.9118061161301574,0.9091594685695975,0.9152381271621488,0.887647207768354,0.9094413834407113,0.9072417096493046,0.8909182448428836,1.0,0.9087932925757007,0.8655347415701626,0.9006499287578703,0.8867803965567077,0.8521486603005995,0.8588113255210914,0.8592878684578317,0.8787333470846778,0.8045432700248586,0.8639852352650256,0.8719185249614066,0.8617788652048524,0.844381320868994,0.7996833002102006,0.6149493272461015,0.8632073834834318,0.885567143003456,0.8802249587853844,0.9058374951230794,0.9002624954044753,0.8990011536666316,0.8765780631348628,0.0959233616998994,0.9114886927322037,0.8881272184833193,0.8960117486141241,0.8667679344276963,0.8772158316967571,0.8958438956926874,0.8928088061107885,0.7833106340066275,0.8822143463319425,0.9008043288847464,0.8587407101665404,0.7404781703535854,0.8411708203912518,0.7667820903760582,0.8474228241951802,0.496744072132719,0.7538747220139929,-0.9039323550457167,0.5362882907791601,-0.2015947188960268,-0.5400538956587503,-0.30581065012493863,-0.21214281549085345,0.12655326350830975,-0.5593511989596353,0.43923076049490045,0.5086365870690944,0.8108850318022437,-0.8995261909812448,0.29133398757073165,-0.28509238692699534,-0.5179448510988488,-0.39800091541488947,-0.21077233160005487,-0.3921118506878655,0.0947883674434059,0.40059061512144856
0.896058515373611,0.912769275892705,0.90229266673791,0.9107888353569648,0.9038478590213194,0.9041425192020269,0.9153993792060653,0.9129403916216353,0.9087932925757007,1.0,0.8650252770384901,0.8490386653390728,0.9423134831161651,0.8620396895816566,0.8190431677657096,0.8277529228904966,0.8936930262216013,0.8017995429056369,0.8800154755944437,0.8723143126429213,0.8952027498521579,0.8571853291813823,0.839182670345333,0.6530090612499108,0.869623033198922,0.9103895765355403,0.879685021620323,0.9052849468296619,0.9056946467008167,0.9073235808894883,0.8960546990491093,0.11846892734412899,0.9022004452139296,0.8839133146106812,0.9046564851616615,0.8835785193322655,0.8878896018827677,0.8885779648430547,0.9187656236044072,0.8086580935350778,0.9082279588337209,0.9302957393968315,0.9094023083864495,0.7947188891339774,0.8863654117516511,0.7884903800340824,0.864451654043102,0.5312464611156066,0.7399680336101715,-0.8949794390241569,0.5273909040722179,-0.11769839829398954,-0.5610283542627243,-0.21525295517610285,-0.2315752194587547,0.1975489285404541,-0.4810340411089272,0.5025402016706843,0.5503695674153428,0.7610837931764044,-0.9026022258755665,0.2520944941764056,-0.181483074099579,-0.5624998415881293,-0.39158725432665004,-0.19107625984504795,-0.3657152300082731,0.13222832089575243,0.4290849488650402
0.9348964414841608,0.9444786693820202,0.9430175943377631,0.9305830527994201,0.9228866437975692,0.9133504630455228,0.9312150330706715,0.9511469211782914,0.8655347415701626,0.8650252770384901,1.0,0.8929235369989214,0.8727384516514932,0.8998055933870511,0.9311697119442962,0.908707754292747,0.9094422556133155,0.8623224263285338,0.9038338775830939,0.8816386094829797,0.8928760851407633,0.883933997783661,0.8343133107524683,0.5870010052639179,0.9360906178757299,0.8922962041004788,0.9445905453983113,0.9145181311869279,0.9333167668787374,0.9373831300643154,0.9102894721791227,0.01931264547264361,0.9537778138268345,0.9438203365340617,0.9417593781750243,0.9021221172206783,0.9279320980203367,0.9521850138392831,0.9400825831611498,0.8031692621762249,0.8745388179105295,0.8937555203170672,0.8776140743624327,0.8206107055566382,0.8689346238360331,0.7214594544738914,0.9203776913161267,0.5527795250250515,0.8371757408610144,-0.9338975913433526,0.5965631721586335,-0.3014644958510937,-0.5887664762807983,-0.36509091143517747,-0.23507472000178292,0.15150077486193636,-0.5585674287695377,0.5415534639743591,0.4492098766070271,0.8036458267485677,-0.9439167696316759,0.33246455912987677,-0.38907783542216257,-0.5518273833323152,-0.5165799130641209,-0.20799336036030247,-0.3156872402652669,0.19111054712338454,0.35889641861341826
0.9194772326588613,0.9081138005335655,0.8943322452997361,0.9013068360351331,0.8806535830463232,0.8967562592755901,0.8741481027420029,0.9041102351777247,0.9006499287578703,0.8490386653390728,0.8929235369989214,1.0,0.8645736030649291,0.8603523355255897,0.9057563015876803,0.8909987601270205,0.8358015017911997,0.7833227204252845,0.8527156605710565,0.8493392289357035,0.8875900071930554,0.8310245670986239,0.80117512152781,0.5848185271742411,0.8932765750548198,0.8262927393982104,0.8930106567585268,0.8961158026887626,0.8975290782574842,0.8982527658965204,0.8645457728595605,-0.018764037936304132,0.9242519415326167,0.9063961925634263,0.8883063956441369,0.8509962501274738,0.8820370906442213,0.9081343148792604,0.8746363667257333,0.7870323768956813,0.8469138780289542,0.8580546461549841,0.8248446763171455,0.8175887975517401,0.8410630646953507,0.7487854215883429,0.8506230482668156,0.5640973870363408,0.7432992821274725,-0.9088792368239101,0.5562790059609145,-0.26360797935937,-0.5396303863154723,-0.3876451195553281,-0.20875087416400862,0.10696582707416383,-0.606402385700097,0.4822819549307574,0.4251269677015968,0.7795930016486349,-0.9034074710028555,0.3704661178043478,-0.3488516740499389,-0.4818772269548647,-0.48471179515905455,-0.20092595360595605,-0.32328108897267366,0.1206323181070835,0.3668149037897937
0.8816898436534341,0.899858778591768,0.8926768326096673,0.8989127581544897,0.8945029406159595,0.8911578225073867,0.8972913391715004,0.8997088452261948,0.8867803965567077,0.9423134831161651,0.8727384516514932,0.8645736030649291,1.0,0.8572284740045977,0.8222393399448067,0.8319821799256919,0.872354016282535,0.7719526800337716,0.8636986186364828,0.860431885739482,0.9087127828804967,0.8362569029095097,0.8284349431184952,0.6527450488806815,0.8711099289445433,0.8948843587357728,0.8737019006870633,0.8846282319069669,0.8953338179452663,0.8983700000670313,0.8871499362849602,0.11125179166107439,0.8994911026647229,0.878386696753908,0.8933487557296665,0.8758596804663888,0.8823376851952053,0.8878918991270852,0.9107437213553493,0.801899549183874,0.8789690077448112,0.904095696499645,0.8911880053982023,0.7879953151175195,0.8790100345095985,0.7767759735665085,0.8579132520594078,0.4867123948839862,0.7312083080643934,-0.8814624467990624,0.5224255563710928,-0.10194529875493512,-0.5282839238598415,-0.20424616821568345,-0.22305686349387058,0.20406957172290816,-0.4726012899990605,0.4861026217611103,0.5504723818124594,0.7485317713717317,-0.8935761111296343,0.26457660193907634,-0.1683655773041438,-0.5259221990119052,-0.38622881970901596,-0.14139702009650745,-0.35065325551339765,0.11715535266494642,0.40651141550067216
0.9328947276302614,0.9304922896043535,0.9251690062459978,0.9239796273641905,0.9171190708509726,0.9053920387885065,0.9173383225868103,0.9213003031633211,0.8521486603005995,0.8620396895816566,0.8998055933870511,0.8603523355255897,0.8572284740045977,1.0,0.9102979753703159,0.8457058878938715,0.8876611169948385,0.8106981903661723,0.8872167777344367,0.8752167212115343,0.9028978270031491,0.8252313621134342,0.8010754340455893,0.6401905513865906,0.9103366661997173,0.8754496672978817,0.9431054951631814,0.9021735339826932,0.9390975526787007,0.9217463062268462,0.8814398345627611,-0.004249229292386475,0.9416087221710047,0.9428322879395121,0.9209524100276548,0.8856254451502112,0.9452270443989392,0.9410449153369795,0.9065235087301673,0.7526988534957132,0.8590732239472081,0.8817790229546851,0.8692458799084087,0.8058268789751788,0.882236480253296,0.7585597399892849,0.9002149384085624,0.5145419734579657,0.8233690687182655,-0.924145139591761,0.5685591449222788,-0.19094627389110327,-0.5029466076094815,-0.3089824379957657,-0.16418207244190772,0.19938478788791208,-0.6248976122424484,0.45865930623042234,0.45188112465492664,0.8018423791193392,-0.9329979276776889,0.3081237231636856,-0.24276702987732446,-0.4420039521312649,-0.4847008121882269,-0.15122802403429025,-0.4488450509506961,0.12478778308936483,0.41098614975310627
0.9487131101529799,0.9450479097456236,0.9418582211770569,0.935380019911833,0.9085892281202514,0.9000889078673525,0.9160639793395857,0.9368266965834362,0.8588113255210914,0.8190431677657096,0.9311697119442962,0.9057563015876803,0.8222393399448067,0.9102979753703159,1.0,0.9251617197806223,0.881534657579357,0.8750299586524357,0.888533167633491,0.9080578947976038,0.8776052217733954,0.8610756159589221,0.8205554187231133,0.6233532997306824,0.8929532633028561,0.8608387543135833,0.9534176619741048,0.9210595600026964,0.9420908147548936,0.9339875760875311,0.9006849785819869,-0.030151648488904653,0.949772311442271,0.9629187414274876,0.9345133909687934,0.8963488141926322,0.9408740999715425,0.9640131558010747,0.9125146272705809,0.805098502947937,0.862660368118555,0.8624969953356436,0.8278028391694531,0.8302049342641382,0.8701972223322022,0.7387034606825209,0.8955395563156202,0.5930710066074926,0.8434742237109624,-0.9534301450631494,0.5893551140292276,-0.29668463658032923,-0.5485329110862893,-0.42751173941674697,-0.19280658045421217,0.16746939132998315,-0.697938343231078,0.4553625858487853,0.411799234687488,0.8128295419874503,-0.9527525215867804,0.3289562774856724,-0.38716199763238507,-0.47519450705980837,-0.5499181558154114,-0.1701891663359416,-0.40699056232022557,0.09624519541826504,0.3521798181627274
0.914343266022126,0.9151429107182322,0.9067530516037683,0.9154328133177111,0.8878512602919204,0.8869793624192037,0.885281280596821,0.9141045557497738,0.8592878684578317,0.8277529228904966,0.908707754292747,0.8909987601270205,0.8319821799256919,0.8457058878938715,0.9251617197806223,1.0,0.8548121945030527,0.84459719976797,0.8931378566489482,0.8993344847556674,0.8581991735118314,0.8810930825823556,0.8412352077218487,0.5939069324172436,0.868260302448824,0.8401615201297359,0.9144660934793172,0.8963989160341829,0.9045884937423208,0.9185160763613116,0.8751720983324524,-0.04668685529297662,0.914540791312274,0.9258659997603589,0.9157824875662476,0.8734128898268155,0.9063118303343008,0.9344546638570371,0.8988788735948688,0.8431438375730658,0.840964427239571,0.8544474238798155,0.8011273432335089,0.8024640692564952,0.8282929813587698,0.6779615553954732,0.8746446020521199,0.6219490741889026,0.8131891564267043,-0.9271023473297169,0.5962389373059988,-0.27365890129446646,-0.585911282230793,-0.4416172743678858,-0.21133836270584264,0.21280421374431294,-0.6059278060502125,0.44417784025309875,0.40347662198685735,0.7649478200416817,-0.9295833205127276,0.29916010488756567,-0.3711098244277753,-0.5126233648721592,-0.5668282068214342,-0.15617340091905094,-0.37032856079684146,0.06456352083384885,0.3242655370065997
0.924910449373797,0.9396365066337313,0.9457407627639216,0.9318427427069117,0.9234274453696389,0.9120477038162532,0.969494412639826,0.930176313412879,0.8787333470846778,0.8936930262216013,0.9094422556133155,0.8358015017911997,0.872354016282535,0.8876611169948385,0.881534657579357,0.8548121945030527,1.0,0.9007217261739168,0.8973979411228317,0.883556513207638,0.8727261604626437,0.9033969515018544,0.8304476374220163,0.6424519689134713,0.9011694552880579,0.9442388941435274,0.9230972135971223,0.9211132237170144,0.9314183290650504,0.9281132726354067,0.9175787696199854,0.14483493589898488,0.9291865103634518,0.9165754382910023,0.9320125446556846,0.9160764961514358,0.9217079730189254,0.9236398755851037,0.930665271752263,0.7979784701703487,0.9052087819342135,0.9312296616505327,0.9243799087528893,0.7553152356232842,0.8562381304760254,0.7465953476580257,0.8906725048763654,0.5333334274946235,0.804830188549323,-0.9246820124039824,0.5422960567913113,-0.25235284303736655,-0.6296382534977725,-0.2852658052107,-0.23524396566523306,0.16565296370136945,-0.5673224793868358,0.4761163660178243,0.4751950433771519,0.7990339342547984,-0.9394068871947369,0.2482704634063133,-0.32609867747622834,-0.5926480300200981,-0.4802401593835966,-0.2154611232176766,-0.4444525474328126,0.11537946209021768,0.3565459506578093
0.8731705262554107,0.8924426141940017,0.9072520883293499,0.8791615683354991,0.8484575335664294,0.841808360101186,0.9054575047088261,0.8829857459557592,0.8045432700248586,0.8017995429056369,0.8623224263285338,0.7833227204252845,0.7719526800337716,0.8106981903661723,0.8750299586524357,0.84459719976797,0.9007217261739168,1.0,0.8851903398117222,0.8833171056341708,0.794236336450102,0.9081698283365229,0.8134775610397861,0.6075681603140641,0.8015298376281459,0.8671495764812319,0.8817991857380708,0.8741221543624114,0.8849980520838931,0.8724859227402537,0.8904660740779188,0.04191887676766408,0.8738364088838292,0.8790841375919706,0.8847780048331095,0.8590357609681726,0.8812168038063749,0.888445544871618,0.8854067551056473,0.7999005561629394,0.8477307764070319,0.8477224655991874,0.8149426439938446,0.7203328828636347,0.8074300692270548,0.6337493910157537,0.8315741604551582,0.5952737395172539,0.7968261943091443,-0.8925006205928953,0.5556111406307688,-0.29509939748019137,-0.6148100514719121,-0.34490418878984686,-0.22444348172577003,0.23460510216941308,-0.6254154453072821,0.41642789076649356,0.44150118241312536,0.7632286933161788,-0.9000505861195434,0.2189646776041779,-0.37629923498342666,-0.5704616973785266,-0.48005331738432616,-0.1868688244578469,-0.44303415013139663,0.0963279134983713,0.33108767746350914
0.929427228411801,0.9454721006107966,0.9368624763226587,0.9351409332971792,0.9233892246910881,0.9402346748244835,0.9373518659291695,0.9300451538717224,0.8639852352650256,0.8800154755944437,0.9038338775830939,0.8527156605710565,0.8636986186364828,0.8872167777344367,0.888533167633491,0.8931378566489482,0.8973979411228317,0.8851903398117222,1.0,0.9286922433951996,0.8865574675075191,0.9049747115530494,0.8242177138377095,0.637905499423658,0.8756787449716227,0.9140186091589546,0.9240277752026442,0.9284117926103961,0.9408223341167898,0.9302538038421014,0.9065885710138238,0.018764922371700896,0.9337311366478508,0.9255580607937275,0.932829688251361,0.8964870713972857,0.9310662545224972,0.9310181358630355,0.932384980371505,0.8183174623000032,0.9093709288603408,0.9295786950443437,0.8888979870945213,0.7946727466224486,0.8717582921534156,0.711509929297312,0.8912692264269413,0.5329615023532585,0.8174346549842162,-0.9306845430370809,0.5861778619769528,-0.17944075649331875,-0.5550670223935645,-0.2754426930026501,-0.21775186346021844,0.2194340287721863,-0.5821316355079811,0.4967188145596548,0.48269721569487695,0.7897333828461163,-0.9401183976430597,0.26859020910291964,-0.24698219675024682,-0.5270427159414681,-0.4424442609211076,-0.1832139095244596,-0.4264672489466649,0.16080522235101624,0.4103765092479354
0.9303948965896293,0.9473680069831902,0.9328074442893718,0.9407714728324907,0.8978025479268122,0.9163314639400454,0.9245823030669774,0.9280652150980407,0.8719185249614066,0.8723143126429213,0.8816386094829797,0.8493392289357035,0.860431885739482,0.8752167212115343,0.9080578947976038,0.8993344847556674,0.883556513207638,0.8833171056341708,0.9286922433951996,1.0,0.8794026300291098,0.9043138217164307,0.8513059549174858,0.6871516003273941,0.842148710952619,0.8949426594794887,0.9270874455884661,0.9293411906610047,0.9406155528134479,0.9334732348962453,0.9208433505184268,0.07375733558319074,0.9285904425844214,0.9327339958171862,0.9340700494123287,0.9116303697972842,0.9308226945328474,0.9352575480176434,0.9244012166652186,0.8303128323251964,0.9097914563614948,0.9142028586361558,0.8580237355796988,0.8096485366282443,0.8682594400317253,0.7456578572086447,0.8808513874651563,0.6035322524047415,0.8346667210096264,-0.9485022313358019,0.5533633254413807,-0.16210702390842555,-0.5616193239600393,-0.3364884794828141,-0.19616547025120484,0.26667953381808956,-0.645755676499429,0.4271875911388591,0.5078323396131812,0.7843988651570287,-0.9445342151557278,0.2323971223154247,-0.24163394745144728,-0.5149310030413244,-0.4574854057670413,-0.15375648822206212,-0.46691359584786796,0.06417093319309432,0.40023258090466735
0.9228954597002302,0.9293796235380493,0.9247435120394164,0.9365024140942767,0.9366047060098095,0.9184746757179676,0.9066335193460314,0.9312920354653724,0.8617788652048524,0.8952027498521579,0.8928760851407633,0.8875900071930554,0.9087127828804967,0.9028978270031491,0.8776052217733954,0.8581991735118314,0.8727261604626437,0.794236336450102,0.8865574675075191,0.8794026300291098,1.0,0.8607428984341277,0.782710409048775,0.6460542250704971,0.8870141721003955,0.874674001619597,0.9200458146124197,0.9192597835605337,0.9286683987211973,0.9389578014120996,0.9300056678042568,-0.0006781922919199239,0.9228329119335624,0.9203113070459351,0.9262163239591519,0.883391253642339,0.9211866011719478,0.9196027913954253,0.9108688288785557,0.7725378651501956,0.8985283915220189,0.9137837899326111,0.891460107296763,0.81783626419029,0.8851088324043905,0.7317244713779649,0.8731804482959435,0.5186306883313853,0.7863664882947026,-0.9267949656754448,0.5848382805434238,-0.15910978848343763,-0.5347180948256991,-0.2879378830693174,-0.20376501272412811,0.25209092804589006,-0.6137555449408815,0.479446845702028,0.4996205962244328,0.7522373671648309,-0.933108977288118,0.2914359109409265,-0.2151063326710674,-0.5009150040442415,-0.4802594155163729,-0.1567901608036779,-0.43556234769302465,0.10016464766566793,0.3885388505184086
0.8993354485562224,0.9175302377017186,0.9122015712702466,0.9128271545167984,0.879009468070775,0.8940257990091551,0.912445680140715,0.9069322249731899,0.844381320868994,0.8571853291813823,0.883933997783661,0.8310245670986239,0.8362569029095097,0.8252313621134342,0.8610756159589221,0.8810930825823556,0.9033969515018544,0.9081698283365229,0.9049747115530494,0.9043138217164307,0.8607428984341277,1.0,0.8379054062529704,0.6300718822812335,0.8631371589731667,0.8771790985380739,0.8944787195368685,0.9030401415014331,0.9016023282066048,0.9149669292129419,0.9304915631391708,0.13107697058829149,0.8984565006950634,0.8925891249440885,0.9124748265141127,0.8956012886498539,0.8919695924715443,0.8964379403819016,0.9087426740034787,0.8273411562686036,0.8822607118899716,0.9002045513893534,0.8631384369308971,0.7488121130976654,0.831271035204134,0.6572070510407767,0.8696771277764973,0.6033905188066878,0.8153192792490769,-0.9134296561271441,0.5640020046758258,-0.29109790432082516,-0.6553894168903746,-0.36194325086556806,-0.2564788560616618,0.19753605252616654,-0.5865295727809532,0.4604111893683548,0.4751790500053222,0.7629484589425415,-0.9202835753374176,0.25579855418987235,-0.35696491623994936,-0.6226942237985396,-0.5084835139735602,-0.22449385327945698,-0.39922428972348883,0.09278523074959183,0.3480963880697957
0.8458585528917253,0.866359833218037,0.8302760739749516,0.8430859062718074,0.8030582265990464,0.807026708368763,0.8439302708959128,0.8645708446790905,0.7996833002102006,0.839182670345333,0.8343133107524683,0.80117512152781,0.8284349431184952,0.8010754340455893,0.8205554187231133,0.8412352077218487,0.8304476374220163,0.8134775610397861,0.8242177138377095,0.8513059549174858,0.782710409048775,0.8379054062529704,1.0,0.6834947440688723,0.8175184228350173,0.8176174155784867,0.8491123410754553,0.8382244079445731,0.8524276227575324,0.8591759759842978,0.8312198261131086,0.13578271943137438,0.8500311470063178,0.8596269450037742,0.8641449655188385,0.8803465853200942,0.8481668392514788,0.8626611596049439,0.8823725081504427,0.8880992581024741,0.8174352212487871,0.8372947152234946,0.8195545474410529,0.786833068463104,0.7987643404017718,0.7048500569379468,0.8497061629304677,0.7434252397320444,0.7494193642330904,-0.8718725000771442,0.5149345241514551,-0.19787874402206795,-0.6002025998980387,-0.3511444428302305,-0.18488197225341227,0.28412163070414187,-0.5186979753532126,0.40112371302046385,0.4293505916000679,0.7492947679630912,-0.8694059437189627,0.2709395495765862,-0.26679193107070287,-0.5270232286377711,-0.47334402593234703,-0.12853538516529325,-0.34329385032264637,0.0281508151317785,0.3562229111623698
0.6658852994424326,0.6846617238163023,0.6502884866031401,0.6668054191129823,0.6231807110134532,0.6112898540078867,0.661205074571187,0.6667559792251322,0.6149493272461015,0.6530090612499108,0.5870010052639179,0.5848185271742411,0.6527450488806815,0.6401905513865906,0.6233532997306824,0.5939069324172436,0.6424519689134713,0.6075681603140641,0.637905499423658,0.6871516003273941,0.6460542250704971,0.6300718822812335,0.6834947440688723,1.0,0.5765939047771558,0.700910341651971,0.6487110830032651,0.7020705304521365,0.6977072540992435,0.7184635353650028,0.694978407452041,0.45750575802627286,0.6474956490701514,0.6796875854972823,0.6747575010590999,0.7805906013397366,0.6764736830156569,0.6678527115151639,0.6711567168984283,0.688138266499412,0.7112339527322394,0.7061939622170318,0.7001343909396125,0.6713623081330649,0.7011455663303207,0.6918318823435425,0.6385482106091435,0.5999551839796002,0.5903338308234355,-0.6963684476330848,0.3162970482472641,0.14757686319242458,-0.4023073794914242,-0.09688474998445826,-0.011395775687140479,0.4031403389555598,-0.48125792874914863,0.24229908069193873,0.43190168949189983,0.5265820704861225,-0.6869911242856007,0.05493926461038764,0.10206102382148348,-0.34491116747379325,-0.2186711361778709,-0.0018430940147657518,-0.395412406293895,-0.11184446668991284,0.38970672071975365
0.9290253849667435,0.9242466678180904,0.9095842602552956,0.9117168939586406,0.9160858821118488,0.9085820207267488,0.9164231459803175,0.9197273884532886,0.8632073834834318,0.869623033198922,0.9360906178757299,0.8932765750548198,0.8711099289445433,0.9103366661997173,0.8929532633028561,0.868260302448824,0.9011694552880579,0.8015298376281459,0.8756787449716227,0.842148710952619,0.8870141721003955,0.8631371589731667,0.8175184228350173,0.5765939047771558,1.0,0.8660361896187272,0.9349085555668288,0.897849637393481,0.9176375217650606,0.9225616119553717,0.8827354534899431,0.03558993153219895,0.942836267823928,0.9195777465526077,0.9178473481490966,0.8791536064642931,0.9149542443465273,0.9231943992539249,0.9035269024896723,0.7617397489302596,0.8499078151293056,0.8857173848209577,0.8818070522012411,0.7973989447841442,0.8569995793849219,0.7158840254034368,0.9049970966605468,0.5244543065346847,0.7783417855919627,-0.9128215246172432,0.5772733934777955,-0.3213399507493594,-0.6018062610435736,-0.354420080683524,-0.23044503952321352,0.0860518988436921,-0.5365059234318671,0.5287835312799628,0.40912410155923085,0.8028855658155462,-0.9202540779665688,0.36964493378391494,-0.3830595361117186,-0.5426513387117069,-0.5161145376880112,-0.23989190115965417,-0.30734383181079716,0.16695725734137734,0.33967814331776086
0.910889441784657,0.9355526684130747,0.9432664089791908,0.9295567949639543,0.9177284756569791,0.9133867967854447,0.9601793662547261,0.9256006018707533,0.885567143003456,0.9103895765355403,0.8922962041004788,0.8262927393982104,0.8948843587357728,0.8754496672978817,0.8608387543135833,0.8401615201297359,0.9442388941435274,0.8671495764812319,0.9140186091589546,0.8949426594794887,0.874674001619597,0.8771790985380739,0.8176174155784867,0.700910341651971,0.8660361896187272,1.0,0.9006126294439762,0.9262580877781881,0.9297175178829574,0.9258274769613746,0.9104795294245419,0.1752383548714274,0.9184463078208831,0.9069560140215305,0.9250968431005608,0.9200671225849765,0.9125644087238043,0.9134944304991401,0.9380517794308063,0.8016674599783371,0.9364883106360867,0.9556861227525567,0.9412794691177535,0.7756534305955882,0.8802135279207985,0.7851474982368201,0.8851009909054257,0.5031243143069676,0.781493064484913,-0.9140910868313474,0.5191199220389362,-0.12730710865802786,-0.5848110559583898,-0.19311495245818114,-0.1936846199539401,0.1931669164824016,-0.5371378521957817,0.47706988184897403,0.5379425353508314,0.7836232477527659,-0.9268882417393137,0.20124218311088224,-0.2190387455992795,-0.581649728806355,-0.4003769504757308,-0.17309314361865807,-0.4435903835841648,0.12152091104979708,0.44318836137578327
0.9663133543627761,0.9709636293991785,0.9611349792686771,0.9593239061229697,0.943432710240301,0.9368783527637286,0.949740253708078,0.9610414907012107,0.8802249587853844,0.879685021620323,0.9445905453983113,0.8930106567585268,0.8737019006870633,0.9431054951631814,0.9534176619741048,0.9144660934793172,0.9230972135971223,0.8817991857380708,0.9240277752026442,0.9270874455884661,0.9200458146124197,0.8944787195368685,0.8491123410754553,0.6487110830032651,0.9349085555668288,0.9006126294439762,1.0,0.9485324874999216,0.9710838690829593,0.9645919270225304,0.9346638881222937,0.017449135309795777,0.9721466969498921,0.9731801165188668,0.9675045545892561,0.930325704351202,0.9659904474169214,0.9729631778589988,0.9428176363440431,0.8146427591444194,0.9064731642999428,0.9170774294269856,0.8891959508054161,0.8431281807454555,0.8990009243091454,0.7426824786865304,0.9283246953290846,0.5812536124005031,0.8572684553861263,-0.9719998691971692,0.6002907013906205,-0.26830603205557746,-0.5855509647098512,-0.3820091587793534,-0.2191110520938135,0.22241285060785757,-0.6599380149654644,0.47145377314327463,0.45600341684463713,0.8398348079423558,-0.9747826050965533,0.3237036550452589,-0.33963808256017936,-0.5221312658425169,-0.5352422667366094,-0.19496177644898904,-0.42477773001978886,0.1043635369053498,0.3493661179753827
0.9698583184843469,0.9688727696720719,0.962922578706636,0.9674746021950125,0.9407444488577097,0.945174639139464,0.9520410689607061,0.9550060224594661,0.9058374951230794,0.9052849468296619,0.9145181311869279,0.8961158026887626,0.8846282319069669,0.9021735339826932,0.9210595600026964,0.8963989160341829,0.9211132237170144,0.8741221543624114,0.9284117926103961,0.9293411906610047,0.9192597835605337,0.9030401415014331,0.8382244079445731,0.7020705304521365,0.897849637393481,0.9262580877781881,0.9485324874999216,1.0,0.9680317470148555,0.9636279268034176,0.9489774609326314,0.10517052677598568,0.9543296831163095,0.948844083236325,0.9578856762452823,0.9365894091820742,0.9439903530450051,0.9501874399831178,0.9409603908389561,0.8223343245557947,0.9520162819176813,0.9492942066449886,0.9150970351842647,0.8329128200966448,0.910228763186094,0.7749361100657501,0.9065819099711858,0.5667482415496906,0.8132577144860951,-0.9651998430982476,0.5811627251744794,-0.20520506691854146,-0.6008763132662952,-0.31607639975873636,-0.22254585273560218,0.20444151965457982,-0.6555327669356708,0.4668387941989372,0.5152162049701822,0.8165674802159776,-0.9640881601054603,0.29305828606072043,-0.2993643789461271,-0.5421407855706987,-0.47046560956472117,-0.20749967710079925,-0.41858706478040164,0.07745777711095166,0.40371270075867005
0.9739471524536465,0.9802087083972874,0.9700936793322747,0.9704967072941643,0.9483527286349546,0.9507927885776201,0.9630541722336117,0.9689989085915209,0.9002624954044753,0.9056946467008167,0.9333167668787374,0.8975290782574842,0.8953338179452663,0.9390975526787007,0.9420908147548936,0.9045884937423208,0.9314183290650504,0.8849980520838931,0.9408223341167898,0.9406155528134479,0.9286683987211973,0.9016023282066048,0.8524276227575324,0.6977072540992435,0.9176375217650606,0.9297175178829574,0.9710838690829593,0.9680317470148555,1.0,0.9701762164113495,0.9438683841699353,0.06330810719515963,0.9718894861617227,0.9711270155382302,0.9701857574682035,0.9430341539698955,0.9660939817818106,0.9700678803520398,0.9549740212635228,0.823759264753383,0.9392943279400255,0.9474591576847038,0.9228687834051928,0.8635122087109434,0.9270279060426279,0.7822205524549263,0.9312420641401176,0.5711129346534739,0.8422892782614446,-0.9757854510350431,0.5852602733491405,-0.21288038940746232,-0.5735527808840033,-0.33359865248993376,-0.21346856994861774,0.22319414305190316,-0.6523495274114589,0.4881433859318624,0.503567037377215,0.8410445053830586,-0.9782018617879804,0.29752684909374527,-0.28834354250189653,-0.5259099777003805,-0.4887999383466879,-0.1833255721542944,-0.4356363617391036,0.10574309091244521,0.40839884453472614
0.9662894603708405,0.9740907160504741,0.9619674375650763,0.9691997733625491,0.9488707010582794,0.9370068422762168,0.9530483079246432,0.9678028469504181,0.8990011536666316,0.9073235808894883,0.9373831300643154,0.8982527658965204,0.8983700000670313,0.9217463062268462,0.9339875760875311,0.9185160763613116,0.9281132726354067,0.8724859227402537,0.9302538038421014,0.9334732348962453,0.9389578014120996,0.9149669292129419,0.8591759759842978,0.7184635353650028,0.9225616119553717,0.9258274769613746,0.9645919270225304,0.9636279268034176,0.9701762164113495,1.0,0.9590528411217332,0.10863027620357538,0.9632822138613825,0.9700736162359319,0.9709436215075111,0.9537382819145883,0.9606755304432986,0.9683546908225361,0.9506763118345486,0.8458359087346189,0.9307577449211243,0.945130695454831,0.9187995221607363,0.8568073556140137,0.907064983218955,0.7870955369223004,0.9208924888637396,0.6068571225158759,0.8412765064549851,-0.9761329319031562,0.5714711304085369,-0.19340339051476071,-0.5981197388607146,-0.352796550516434,-0.20130243227840353,0.2587487960465745,-0.6428058532935931,0.47152326964509084,0.4920838081606313,0.8040284286795981,-0.9778851476377791,0.26567919785679667,-0.280400920189639,-0.538796205819727,-0.5153047483765937,-0.18400034450970554,-0.4377245375906286,0.08251246386807896,0.3929331208520668
