0,1,2,3,4,5,6,7,8,9,10,11,12,13,14,15,16,17,18,19,20,21,22,23,24,25,26,27,28,29,30,31,32,33,34,35,36,37,38,39,40,41,42,43,44,45,46,47,48,49,50,51,52,53,54,55,56,57,58,59,60,61,62,63,64,65,66,67,68
1.0,0.9321725799084626,0.9232555189020635,0.9329777681750736,0.9275024549069202,0.9410611751904907,0.900413218880967,0.9423426804762405,0.9004821064335082,0.8979798502214896,0.9206960013351032,0.9249861612572506,0.8761890780545688,0.9245758608796653,0.8973078454522947,0.864145661923591,0.8779855840247324,0.7669593757222736,0.8022490054378087,0.8744815730342955,0.8995796089723348,0.7730909379964707,0.747734726707799,0.7067745946440932,0.9200182942499601,0.8397561541587817,0.9366404721426432,0.956174119753872,0.9294877115282741,0.9382960914718582,0.8632616189492894,0.5388182081980402,0.9493706417716452,0.9301124797772276,0.9221463601146569,0.8558678764834272,0.9252571962069054,0.9292322996190132,0.8987138634287007,0.6774659384251359,0.8793737064391519,0.8927252481071155,0.8477813099349499,0.8784818346375839,0.8760927568967736,0.8440435684597445,0.7794398346569875,0.5240405157293063,0.6783692956490789,-0.9303323349024836,0.5091419514743486,-0.5697423663974229,-0.6116126344346248,-0.34642062341871316,-0.09134374249257782,0.07354603694795434,-0.3023983796099878,0.023788456915375403,0.4429651744619904,0.6113440353442808,-0.9223958311800596,0.386703354658243,-0.572989516999635,-0.6279328609403988,-0.3556428929881292,-0.01800332254692345,-0.35635430899767073,0.1291454827561466,0.6180888217197054
0.9321725799084626,1.0,0.9348085427384363,0.95134000765214,0.9365678055456329,0.9254686422371048,0.9585156144134573,0.9596586655420012,0.936135055911877,0.9374949664925774,0.9353508972058944,0.9243497468331184,0.926320622502806,0.9309837574269435,0.9357743325539722,0.9385469674242156,0.9422839828582011,0.8359507310111117,0.9021891805501371,0.8816801719196056,0.9173260011127393,0.8237328584113192,0.843028943078709,0.7776286769134532,0.9155093964704435,0.923473853147596,0.9590225141825705,0.9378060978412343,0.9719888773353196,0.962491693678945,0.9159812613903298,0.572670472888172,0.9636792196433744,0.9650308464690139,0.9630376781462824,0.9292394103510856,0.9615099236225156,0.9727780885850862,0.9583153820804085,0.7353745194207646,0.9363946139840502,0.9659863213418965,0.9282344307512335,0.9358905049674187,0.9215160953821814,0.8920039819734723,0.8243841119317215,0.5650873314419255,0.7487041634684083,-0.9662983762695161,0.5688199177701817,-0.5208406245129745,-0.6801523665343268,-0.33754749238745085,-0.06617710952318456,0.11966087302610647,-0.31524481883970085,0.008996717533051422,0.4148327170549144,0.6027221983036731,-0.9643362870867525,0.40955674971388334,-0.5141812608811206,-0.6775374405610703,-0.390034997917263,0.008714601913004556,-0.3949823821484625,0.08118799391154867,0.6274869335747375
0.9232555189020635,0.9348085427384363,1.0,0.9670479983202313,0.9120788359645159,0.9140489242205271,0.9554459200497891,0.9155748253137959,0.8597897769996649,0.852515362977487,0.8945560601137742,0.8733599659294775,0.8279578849676327,0.891554007331525,0.9034745307048203,0.8891609612530341,0.9265649922918032,0.8077148619743297,0.856918843127662,0.8341790452988614,0.8463071200512763,0.7263072561173912,0.7195469065889145,0.6752340160919659,0.9015506184197926,0.9260731165763896,0.9423465213550934,0.9095141638762506,0.9391335637872443,0.9172485097659434,0.8592979079069898,0.4315331520977089,0.9140006898559453,0.9495881911431461,0.9237220741937539,0.8553077088892079,0.9217247661319868,0.9252388228722369,0.8912508778391743,0.6342824410620703,0.8761476693779653,0.9088382711954955,0.8516295837293267,0.8559662795316724,0.8927200766066312,0.8287826535357218,0.7777456180688685,0.4456412325725415,0.7300246587125817,-0.9372549658089214,0.5458981879101612,-0.5899410303582883,-0.68471143575623,-0.3977373608356353,-0.12414316973999595,-0.009036456412828032,-0.39694885784110445,-0.10451375511837009,0.39846387109546444,0.6277677669054601,-0.9351020541945766,0.40954975956863904,-0.6090051142806521,-0.6777898648052197,-0.4187428907489621,-0.017349353847830817,-0.46237661828105125,0.031646974618658,0.6002675234019236
0.9329777681750736,0.95134000765214,0.9670479983202313,1.0,0.9168297350020606,0.9273965274741683,0.9527112771188339,0.932306371046364,0.8988231836674648,0.880326397493784,0.8989881690012314,0.8793712357205179,0.859250283943341,0.8901743733574904,0.9234447423083727,0.9045508852390444,0.916795766213814,0.8139893118849899,0.8859597293463863,0.8456993308527326,0.864469178259933,0.7453461683050691,0.7510290755650374,0.6914272305017066,0.8922736822466814,0.916566481566335,0.9464606119949879,0.921488278169797,0.9582379429929726,0.9281206207510172,0.8779753264515239,0.469980614088822,0.931024420402924,0.9534654984940163,0.9387205048918453,0.8756027121095766,0.9381280946904174,0.9424188846635072,0.908222056894419,0.6631490731129628,0.9011296478589229,0.9226702843603964,0.867057894762619,0.8926003309315037,0.9008014634722034,0.8563457830429063,0.788013964931034,0.4662788494633342,0.7097343219331547,-0.9555152241251632,0.5226918057523721,-0.5776571006447953,-0.6525736504772662,-0.3992721026096984,-0.09284836145847221,0.04445291366663473,-0.3883197447806287,-0.0314033966864154,0.4229342751842804,0.6444091368881182,-0.9369914661013131,0.3933394928713259,-0.5706200289676254,-0.6592069439958558,-0.4016805026709068,0.007124714634208103,-0.4345957321484885,0.08120498075710388,0.6032402149739328
0.9275024549069202,0.9365678055456329,0.9120788359645159,0.9168297350020606,1.0,0.9456328701769232,0.9198169600654497,0.9227651537460047,0.8921914892175618,0.9195528344576889,0.9093150862481324,0.9012986698282326,0.8762382242936075,0.9030623428410491,0.8877507391946924,0.8909888694066762,0.8882566487210503,0.7403463771633235,0.8363032657520248,0.8833482141364583,0.8986364520429247,0.7626212531921063,0.7636615829874325,0.7254764992260353,0.9100474610862853,0.866263277696139,0.9270041320104205,0.9220680886828401,0.9266361085585091,0.9197990697037233,0.8543461909250539,0.5306277265557772,0.9360589252298883,0.924868942925433,0.9193415683712765,0.8719885834460342,0.9139456275787778,0.930571262645381,0.9036687497091774,0.6881570855540023,0.9035941826249361,0.9167774294893006,0.8776591724342391,0.8943446311128457,0.9065739378020291,0.8719768349917619,0.8021053949632629,0.52505440072845,0.6911925165727142,-0.9214419332410797,0.5556367650879099,-0.5096287451637875,-0.6128730650374734,-0.2506387033793266,-0.08768191615677634,0.026615606076364307,-0.28648319071143685,0.010448257968657712,0.42380927205724894,0.6011816131835797,-0.9157097642373262,0.4446225291033231,-0.5021687303178883,-0.6028881457196027,-0.26957691305996656,-0.027819554848567855,-0.35474146035073006,0.1238230730551271,0.6384371927097768
0.9410611751904907,0.9254686422371048,0.9140489242205271,0.9273965274741683,0.9456328701769232,1.0,0.8978095503148935,0.9256210571829157,0.8989190899984241,0.9073653560319517,0.9077183485936188,0.9085761483697063,0.8634680942757766,0.907459792952256,0.8925567637159424,0.8662144404576687,0.8623108612986015,0.7347067790904659,0.8031186358816738,0.8900404887449886,0.9023059347658959,0.7428965694689887,0.7337769644161427,0.6973250551525622,0.8903179248439156,0.8413178654102345,0.918466787213325,0.9325949865473935,0.9176904868231177,0.9167310704194761,0.8331159940161302,0.5316780813792227,0.9337000455357972,0.9175453987772114,0.90732601180269,0.8480243021878764,0.9115301404696725,0.9168202214232434,0.8824868505832884,0.6468244566951665,0.8911796301716678,0.9017954635235688,0.8544205719458795,0.8827201915074077,0.8970572455962433,0.8738383577279286,0.7776123862937862,0.4866955770048848,0.6778907601788584,-0.910557414001178,0.5059918299036356,-0.47798547037022515,-0.5560598653863607,-0.2505812931349427,-0.059316063259386244,0.06780996693248727,-0.2659545547707888,0.0399403944332382,0.44947105374473584,0.5697745483111096,-0.903700397096596,0.4166585757376762,-0.4804831751840784,-0.5695542366843661,-0.26243891912689415,0.010449148644223817,-0.32899923544958853,0.1732334466498928,0.6171881921945868
0.900413218880967,0.9585156144134573,0.9554459200497891,0.9527112771188339,0.9198169600654497,0.8978095503148935,1.0,0.9239461823575753,0.8855932501416746,0.8918637458575611,0.9001612426455566,0.8739391250550402,0.8710646190299902,0.8986865308981923,0.9135133499771922,0.9218197490614983,0.9677653877641016,0.8549325624082857,0.8984610773029347,0.8464514471579285,0.868253413608916,0.7867976836525435,0.7999916591518655,0.7398043851651058,0.8966591676192559,0.9609474741849614,0.946623042428008,0.9102055222839026,0.9572956688777589,0.9254683600112522,0.894617738624595,0.5053173754526099,0.9261100563714175,0.9542424601876235,0.9377142937773839,0.899310711642178,0.9359056122374276,0.9469362038846467,0.9322617114594786,0.6868340336918506,0.9102817166462502,0.9469844907775673,0.9113930502909772,0.8958363899231196,0.9173918196787101,0.8727368371323935,0.8088649255842025,0.5013854460430391,0.7471382560438856,-0.9472099339543208,0.5589081018459081,-0.5413430209797305,-0.6950311558612916,-0.36343220470684207,-0.0837070372178157,0.048348148070860374,-0.37452510092880503,-0.05372464392107046,0.3854062394732945,0.5967664492275391,-0.9481994086753659,0.4109962202143142,-0.5480051699167738,-0.6872726688337781,-0.40957468631311167,-0.00588116313005811,-0.45293288679213517,0.032693394905930664,0.5966219523377873
0.9423426804762405,0.9596586655420012,0.9155748253137959,0.932306371046364,0.9227651537460047,0.9256210571829157,0.9239461823575753,1.0,0.9347292399189604,0.9280967989942093,0.954648856676193,0.9343849229336328,0.9164170055420162,0.9494814695959357,0.9333024635521728,0.9042613028856215,0.9047632539836493,0.8041186830466658,0.839239029881723,0.8639721802687546,0.906612845039793,0.8023983476623713,0.789876623090055,0.738509820810402,0.919215545570742,0.8763713947368731,0.9602505166040046,0.9234613754068586,0.9457347017800585,0.958169320400981,0.8978488847485238,0.5765924830798569,0.9676511127691434,0.9621893095941777,0.9584539219412164,0.8962071756110233,0.9659576505356964,0.9639211546002552,0.9328434070018411,0.6862087854298506,0.9052861786454793,0.9240202508166263,0.8871934755225026,0.929086247917094,0.8925100997235138,0.8628984721766608,0.7997476411296226,0.5402159517987553,0.7545581932906362,-0.9535483911102108,0.5682508183432684,-0.5484894399488579,-0.6810598158303915,-0.37415933001061924,-0.024420542969598412,0.19367512541901277,-0.2555174828498457,0.06559447202001491,0.42789122859433476,0.5903140242287981,-0.9582284130636027,0.37867992579841897,-0.5560722947891159,-0.6784741451138651,-0.42014531723886356,-0.004829951630723286,-0.34379732948449065,0.13474709166062182,0.6338694922176974
0.9004821064335082,0.936135055911877,0.8597897769996649,0.8988231836674648,0.8921914892175618,0.8989190899984241,0.8855932501416746,0.9347292399189604,1.0,0.9324901542698953,0.9081082256461839,0.8921137610027715,0.8947427347388967,0.8840005729011753,0.8990356451046896,0.881175724006156,0.8647975743389256,0.7595774904797404,0.8331148834009673,0.8468378123744333,0.891138497605176,0.7687763841692073,0.802807950739158,0.727888161489214,0.8612542870764005,0.8446266036828715,0.9080680712538892,0.9027766656622745,0.9183321799424004,0.9168337660098027,0.8641920632369912,0.5715696992600363,0.9346569903138383,0.9058875517391285,0.9181155720510904,0.8825897577210162,0.9249386368519801,0.9281585773550047,0.910559559235962,0.7122907236885818,0.903547061572716,0.9124990654077024,0.8912272273674253,0.9198961925033775,0.8810500968532126,0.8647459264451193,0.7627306274727818,0.529727304159898,0.6715329844735504,-0.9303129205828004,0.5006721882378785,-0.49999480074771474,-0.6026275385216171,-0.32880435266626507,-0.007159571314470119,0.18106541673137033,-0.30096972176540215,0.09598894123420386,0.4362845133838627,0.6310228499007572,-0.9023767399846624,0.33950989826612515,-0.4491107693186285,-0.6002445473033641,-0.31814369737836284,0.04966404055814485,-0.2857288793637394,0.18442291397553295,0.6147551227585036
0.8979798502214896,0.9374949664925774,0.852515362977487,0.880326397493784,0.9195528344576889,0.9073653560319517,0.8918637458575611,0.9280967989942093,0.9324901542698953,1.0,0.9175109932026355,0.9135130468147561,0.9211032308802596,0.9007056235369214,0.8722352651746702,0.8844011300432616,0.8792258494845875,0.7399348659937129,0.8096538649397044,0.8895356709461114,0.9262257128294412,0.813363739590522,0.822386592538646,0.7715038149214872,0.8760755074955182,0.8399868631849065,0.9027786119955119,0.9140472112287187,0.9069488208149651,0.9224922144050646,0.8803372772270978,0.6245427961917314,0.9341032129007067,0.8997689696396763,0.9259099203406812,0.900465249047565,0.9154196473689656,0.9323398518768725,0.9254319917184108,0.7397145529968272,0.9206638331286582,0.9172566732062543,0.9075922846893474,0.935113417776896,0.9151216809320913,0.8961196596788074,0.8058739378798359,0.5857413788402879,0.6663588096276566,-0.9200090715155005,0.5476560927041279,-0.4685309508277089,-0.6238223171440193,-0.2702740757949151,-0.04455092999772023,0.13249868697423492,-0.24781536673165117,0.06381911165947227,0.41241992359235774,0.6012690463563687,-0.9022139994884636,0.4194925974966401,-0.41691642171034377,-0.6224322132505398,-0.2780158810137159,-0.0037945172028597323,-0.2816658318075505,0.12417550806409715,0.6141873783673883
0.9206960013351032,0.9353508972058944,0.8945560601137742,0.8989881690012314,0.9093150862481324,0.9077183485936188,0.9001612426455566,0.954648856676193,0.9081082256461839,0.9175109932026355,1.0,0.9445153831848017,0.90084225476258,0.9328248768298281,0.9052265032887328,0.8883711087904891,0.8827515003951955,0.7483646445778398,0.7927587128135016,0.867113963888031,0.9003039216469828,0.7935239916274032,0.7771083011388458,0.7576955319170161,0.9303113203227875,0.8394277412060543,0.9405903317242735,0.9099440251591419,0.909044700436911,0.944777661469356,0.877356990389802,0.5675767123314035,0.9532512604769041,0.9377503584794398,0.934478363030732,0.8850845825800117,0.9277617096765642,0.9438632288382912,0.9164159008414563,0.6996031774630874,0.8644719592991442,0.8953122644163285,0.8548672771042242,0.8847643026530815,0.8828459183488967,0.8393787246562607,0.8094440106903985,0.5621091435517954,0.7396227863878565,-0.9208805800898464,0.5894858427793137,-0.515726234654158,-0.6732034569709008,-0.3276832205424658,-0.06630725915549074,0.16078648330432932,-0.21231133391938029,0.017271231416225784,0.4030449643597506,0.5629784781621567,-0.9355925712984957,0.42846381400954464,-0.5275904126083887,-0.6650767329088687,-0.38577123548839554,-0.043377414644936774,-0.30979006980428586,0.13579789869494013,0.6259769746386594
0.9249861612572506,0.9243497468331184,0.8733599659294775,0.8793712357205179,0.9012986698282326,0.9085761483697063,0.8739391250550402,0.9343849229336328,0.8921137610027715,0.9135130468147561,0.9445153831848017,1.0,0.9215366130765213,0.9346637881784272,0.8846331017347047,0.8864392173491605,0.865145497867943,0.7386806400534396,0.7652874347776628,0.9114618129738662,0.925444634794688,0.8242903922883357,0.7944244328614599,0.7711837538901231,0.9245338257967723,0.8061719186574544,0.9254985759202731,0.9079765809305793,0.8915911545114488,0.9536817999964995,0.8829070017507494,0.6012729770241791,0.9482976824606025,0.9153364800342391,0.9301272059623039,0.8904064341546071,0.9122667593309808,0.9324408070029906,0.91315450120195,0.7387179650081457,0.849985200173007,0.8852983082349909,0.8501546876527314,0.8744034682137211,0.8646398281259455,0.8290965432366711,0.8145596283027452,0.6161645057185325,0.7160681298750585,-0.9027528184652791,0.577113692538665,-0.47722487167455946,-0.6514128595323714,-0.28875300799378634,-0.07544832327400837,0.1775321636866866,-0.1582124239066324,0.020025931050140267,0.41657665038975306,0.5253433620547777,-0.9255486296408818,0.42201700322225627,-0.5005822491352699,-0.6610687872699722,-0.3599961201710707,-0.004874620257239607,-0.2686877901951666,0.13893224839111365,0.626170265980862
0.8761890780545688,0.926320622502806,0.8279578849676327,0.859250283943341,0.8762382242936075,0.8634680942757766,0.8710646190299902,0.9164170055420162,0.8947427347388967,0.9211032308802596,0.90084225476258,0.9215366130765213,1.0,0.9006569813277719,0.8789462090282281,0.915667086694219,0.8768703439827253,0.8126236890421024,0.8303065905390578,0.879760456061894,0.8989966367153159,0.9080134878530531,0.8838621293274128,0.8185878007478617,0.8700955821654797,0.8212550201906811,0.9013372106266782,0.8691122406017436,0.8925522309299148,0.9255723688762667,0.9168369420151029,0.6725791656863265,0.9251851944070212,0.8990950501775871,0.9318924361998375,0.9249052987229308,0.9169994499471653,0.9352097854882091,0.9416126761097035,0.7849369612399699,0.8712171299292146,0.8989663288498674,0.882574157157741,0.8914397986800328,0.8592150152372348,0.8462233877714935,0.8387792862007657,0.6875615846479852,0.7213924914506472,-0.903050924674344,0.5865859671084971,-0.4536559632653031,-0.6840017650381958,-0.3108191891152325,-0.04865153151928138,0.22039948850397434,-0.16881918220516023,0.057854803968906784,0.34595605151217956,0.5302414296376311,-0.9166044794541723,0.4119625506494048,-0.4468873027156939,-0.7000663836977123,-0.39988886995866285,0.007279709115313205,-0.2725683874748425,0.1094961960327505,0.5995638556502471
0.9245758608796653,0.9309837574269435,0.891554007331525,0.8901743733574904,0.9030623428410491,0.907459792952256,0.8986865308981923,0.9494814695959357,0.8840005729011753,0.9007056235369214,0.9328248768298281,0.9346637881784272,0.9006569813277719,1.0,0.8968655239411326,0.8698496005109344,0.8957486986459426,0.7938734069476785,0.7837869531720949,0.8560613264570651,0.8913440752223563,0.8083292727460858,0.7707291176971812,0.7381410350830041,0.9016077295972222,0.8497137800726714,0.9337414065232422,0.9106869834790335,0.909285238059911,0.9363384793863201,0.8677299250228158,0.6037625602120049,0.9388442704754714,0.9361570919027449,0.9260136181844129,0.8770825275614631,0.9432065719319348,0.9372508766907719,0.9118397677769402,0.6571638829413986,0.8769161466856419,0.904432835962984,0.8615282893593197,0.875303232518331,0.8585807248010978,0.8336101042130194,0.7973502622864601,0.5382635754524282,0.7723134751854797,-0.9018254577746753,0.6208434808509143,-0.4841569570442089,-0.6606362570795645,-0.28223549078820576,-0.004936297336546322,0.1789867817883598,-0.1623808370168882,0.05932883759182175,0.40512203543866526,0.4687375771982078,-0.9447674228379196,0.414513789603478,-0.5383754940208926,-0.6844696420197558,-0.3999852315876512,-0.012659825094173493,-0.34845229285260304,0.07204057638022017,0.6110393671092804
0.8973078454522947,0.9357743325539722,0.9034745307048203,0.9234447423083727,0.8877507391946924,0.8925567637159424,0.9135133499771922,0.9333024635521728,0.8990356451046896,0.8722352651746702,0.9052265032887328,0.8846331017347047,0.8789462090282281,0.8968655239411326,1.0,0.9193925863853399,0.8943542853561935,0.8017666201691922,0.8565545093361296,0.8124222702656841,0.8581421516944322,0.7668913541787118,0.8003127216524245,0.7050071687013556,0.8721336489860104,0.8858553010758876,0.9433943991609788,0.8832429498381145,0.9312084851268229,0.9219062865630195,0.8657133735755596,0.5277165868546707,0.9340084848992167,0.9463349042569575,0.9248117641557998,0.8752273548677045,0.9367866637288421,0.9392038140712914,0.9045370605531651,0.6705044285076757,0.8740311523878052,0.9145967101271226,0.8608941115865495,0.8914857268642348,0.8717396351360928,0.8652863221425441,0.7855276655146936,0.5330844886439724,0.7103369518525444,-0.9370203547583993,0.5551186314176355,-0.5278455876439745,-0.643885917939918,-0.39785378735905674,-0.030242362965131626,0.20039162328608434,-0.2968396605124549,0.015550085120413825,0.3810206745185509,0.5964284137266005,-0.9303402233717621,0.39030845403844067,-0.5217624083517466,-0.6411891122308301,-0.41103996026234096,0.03715636633410719,-0.33682574786333436,0.08117681121904632,0.5748708122998591
0.864145661923591,0.9385469674242156,0.8891609612530341,0.9045508852390444,0.8909888694066762,0.8662144404576687,0.9218197490614983,0.9042613028856215,0.881175724006156,0.8844011300432616,0.8883711087904891,0.8864392173491605,0.915667086694219,0.8698496005109344,0.9193925863853399,1.0,0.9118875738959957,0.8214235709523129,0.8865446915138246,0.8431136440983648,0.8665687080815766,0.8422942502067345,0.8843226193797189,0.7945045927695065,0.8832699997312284,0.8883474441112504,0.9224163570959457,0.8732537865831995,0.9219957152595424,0.9251041993916612,0.9126066559304699,0.5591320514076544,0.9169040028166897,0.9279325730585414,0.9354737537247242,0.9273385314308622,0.911351145130611,0.9431854695596588,0.9422125085654146,0.7884496420613565,0.8798923997551585,0.9226526951593386,0.8903380244839438,0.8775948244944637,0.8773831055026273,0.8515271349562228,0.8353053135385626,0.6578962029884938,0.7402467500375206,-0.927760979523545,0.5635529646128192,-0.5009135960780404,-0.7098440019310944,-0.3522888022185147,-0.08390479326408574,0.13860823325153734,-0.26062697675106666,-0.03324020558867054,0.34715535193022895,0.5844362863157753,-0.9299596632917744,0.4060365924521484,-0.499516024642186,-0.6975052892773812,-0.4166106355247815,0.005140854730430343,-0.32948930154353623,0.04364994045496094,0.5767092322124446
0.8779855840247324,0.9422839828582011,0.9265649922918032,0.916795766213814,0.8882566487210503,0.8623108612986015,0.9677653877641016,0.9047632539836493,0.8647975743389256,0.8792258494845875,0.8827515003951955,0.865145497867943,0.8768703439827253,0.8957486986459426,0.8943542853561935,0.9118875738959957,1.0,0.8876213530910153,0.8829822929505655,0.8290730814109953,0.85801908886822,0.8226457699672576,0.819693494138714,0.7433509681619055,0.8751572816571378,0.947831020469274,0.9281528259768277,0.887845310685178,0.9325643037147138,0.9072712505883148,0.8908716216822774,0.5305751864963469,0.9065082273682888,0.9300766589743072,0.919893394872663,0.8906193851333281,0.9247033643645947,0.9295419445108423,0.929984704996954,0.6840583123571844,0.8857511160884587,0.9395775867253333,0.915873684625236,0.8738496905716281,0.8903773149722065,0.8497066021878139,0.7971270596813775,0.515844182159742,0.7409406206262145,-0.9241953117135083,0.5598894783911642,-0.5188064530377631,-0.7099915921980822,-0.36400166878159845,-0.05847753126092174,0.05692040147993122,-0.35916203666627433,-0.06725060057958893,0.34898496487781455,0.5636435330452025,-0.9342849133966247,0.4066175380570924,-0.530926815810177,-0.7053023475179981,-0.4214867423064257,0.0282076983073869,-0.4433581037947478,-0.0018563576127682078,0.5703711886079746
0.7669593757222736,0.8359507310111117,0.8077148619743297,0.8139893118849899,0.7403463771633235,0.7347067790904659,0.8549325624082857,0.8041186830466658,0.7595774904797404,0.7399348659937129,0.7483646445778398,0.7386806400534396,0.8126236890421024,0.7938734069476785,0.8017666201691922,0.8214235709523129,0.8876213530910153,1.0,0.8652156353787916,0.7285505826319763,0.7569266329603235,0.8306667615435642,0.7791618126427591,0.6683778320953848,0.7321716787771622,0.855193377466305,0.8260973111539867,0.7666307920311326,0.8373275193378439,0.8013957311317433,0.8365300228379613,0.5196443119834113,0.7934977714195353,0.8239510787644088,0.8162186444121543,0.7887632123145057,0.8423047985104822,0.8178326742864558,0.8391280668092107,0.5800149693087192,0.798003605659289,0.8412500466481988,0.8092608510843344,0.7701651797276211,0.754112778232827,0.7378846714785177,0.6642483198299766,0.4665658280235798,0.7129923408969617,-0.8211527940642418,0.4781065760660508,-0.460190725589926,-0.6737901800693676,-0.3973133281127975,0.0034474081267743743,0.1544684865643474,-0.31963068775694264,-0.05019011158155701,0.2871866669569332,0.4497481910495184,-0.8407641825538409,0.28127851904006845,-0.48419203728893595,-0.6815886734580024,-0.4827857769894167,0.06192952481071747,-0.43349599973747727,-0.05798555291332522,0.5078471161380204
0.8022490054378087,0.9021891805501371,0.856918843127662,0.8859597293463863,0.8363032657520248,0.8031186358816738,0.8984610773029347,0.839239029881723,0.8331148834009673,0.8096538649397044,0.7927587128135016,0.7652874347776628,0.8303065905390578,0.7837869531720949,0.8565545093361296,0.8865446915138246,0.8829822929505655,0.8652156353787916,1.0,0.7645905062075881,0.8104108478560125,0.7614778011924553,0.8178113561838243,0.6742969063053021,0.7874229742392732,0.8983148776128472,0.8570065290582535,0.8245071991594007,0.91140753632376,0.8461419345181516,0.848640694533261,0.4370289875115526,0.8448978039594979,0.8740850859791652,0.861558106479284,0.8322939205686096,0.8657530093051282,0.8734189117219057,0.875732002629407,0.6523456104577314,0.8765682667093186,0.9102992633984135,0.8655054916035646,0.8466662525774004,0.8306639446931601,0.8049461945380061,0.7005469881352451,0.46794492566102264,0.6899557573593694,-0.88821535145211,0.4734212485192166,-0.4747376282052087,-0.6366495782568392,-0.3394883279654891,-0.07711892026308126,0.06089132008115155,-0.4186169409171043,-0.02948510159411487,0.33867539601363095,0.5871419390446028,-0.8685667499558449,0.34709616329542153,-0.43589232080167467,-0.6158155414791882,-0.36863524260729064,0.022316883413701947,-0.45124486808647574,0.021056207842104484,0.548490375674498
0.8744815730342955,0.8816801719196056,0.8341790452988614,0.8456993308527326,0.8833482141364583,0.8900404887449886,0.8464514471579285,0.8639721802687546,0.8468378123744333,0.8895356709461114,0.867113963888031,0.9114618129738662,0.879760456061894,0.8560613264570651,0.8124222702656841,0.8431136440983648,0.8290730814109953,0.7285505826319763,0.7645905062075881,1.0,0.9373628416545805,0.8343473048626986,0.7642645665439163,0.7678663426410871,0.8739594439149514,0.7757768274725909,0.8655037157802341,0.8639022191178698,0.8486084620186616,0.9050368432455438,0.8773138742031711,0.6152480642261338,0.8964865492709146,0.8567235855757209,0.8760616176481109,0.8615927474930979,0.8489661579453988,0.8729050341424214,0.8667334757367833,0.7349002250029152,0.8309347374999492,0.8461962664104168,0.8402599235284018,0.8389396112871651,0.8613836381102068,0.824024760824737,0.7711687808779315,0.6079509872213468,0.6661875368848412,-0.8629695226331088,0.5023965740002438,-0.4479667358564221,-0.6152445661296847,-0.2336713614810371,-0.12413665960449069,0.07886651362007417,-0.21201282908289024,-0.0038146734189028527,0.3503445855923758,0.5371412948849379,-0.8647068409346772,0.40027566383707597,-0.4273375371779597,-0.6142385436120797,-0.27707676238907164,-0.036458599070640293,-0.2921928997232305,0.120005132157335,0.5780056505633762
0.8995796089723348,0.9173260011127393,0.8463071200512763,0.864469178259933,0.8986364520429247,0.9023059347658959,0.868253413608916,0.906612845039793,0.891138497605176,0.9262257128294412,0.9003039216469828,0.925444634794688,0.8989966367153159,0.8913440752223563,0.8581421516944322,0.8665687080815766,0.85801908886822,0.7569266329603235,0.8104108478560125,0.9373628416545805,1.0,0.8389439668768729,0.8063591693779018,0.7594843305391413,0.8727045738643788,0.8150034012445542,0.8903130459300113,0.9001491513841121,0.8895279123184977,0.9305557807313795,0.8941710868656669,0.6268036772930868,0.9182457109216664,0.8889055043286438,0.904675883834051,0.8713826566852615,0.8916744102895092,0.9055323830155276,0.8979526774458105,0.7117723138774976,0.8847354489418421,0.8960161022571278,0.8957124925298249,0.8842070401176123,0.8814616449648448,0.8557003685355011,0.7512753416985438,0.5805141046565735,0.6822710074962414,-0.9007579328143277,0.5097497333554786,-0.4538798039445064,-0.6269415736970595,-0.2692016273975514,-0.07705446179223424,0.12466689302304897,-0.24472058464060847,0.021833763945531447,0.3935557188024278,0.5613944345551697,-0.8912962685716972,0.41359303322570073,-0.4183378183483484,-0.6300906986430187,-0.29413749766750297,-0.015175799190705535,-0.31047713489181805,0.09354773219190445,0.6078449757402578
0.7730909379964707,0.8237328584113192,0.7263072561173912,0.7453461683050691,0.7626212531921063,0.7428965694689887,0.7867976836525435,0.8023983476623713,0.7687763841692073,0.813363739590522,0.7935239916274032,0.8242903922883357,0.9080134878530531,0.8083292727460858,0.7668913541787118,0.8422942502067345,0.8226457699672576,0.8306667615435642,0.7614778011924553,0.8343473048626986,0.8389439668768729,1.0,0.8659892931336584,0.8209503115371335,0.784319178992298,0.7279649656418218,0.8044765540237397,0.7708200003486133,0.7850795396651004,0.8384471136188257,0.9125301322096954,0.7306545238740152,0.8137757734352629,0.7951951240573787,0.8406024389420096,0.8633042297026506,0.8132236485435057,0.8363122512086962,0.8787301097688668,0.7713859119539207,0.7540448771417505,0.7968069988784541,0.8012506415837889,0.7625471576010993,0.7661451028283731,0.7612564359974955,0.8060641607388503,0.7395372586416873,0.6786446001689319,-0.7964697777959473,0.5250976903514336,-0.39791329957638555,-0.6906911981089989,-0.3085511397367476,-0.04285976096943231,0.1771893267431255,-0.1398778138283175,-0.006170522923306421,0.2334564431862964,0.42788191190936337,-0.8247255847312218,0.3833364457544188,-0.40418788560805946,-0.7211615419284265,-0.4162020518816081,-0.015738149624589946,-0.27524755486947544,0.003816448009794048,0.48536053751672387
0.747734726707799,0.843028943078709,0.7195469065889145,0.7510290755650374,0.7636615829874325,0.7337769644161427,0.7999916591518655,0.789876623090055,0.802807950739158,0.822386592538646,0.7771083011388458,0.7944244328614599,0.8838621293274128,0.7707291176971812,0.8003127216524245,0.8843226193797189,0.819693494138714,0.7791618126427591,0.8178113561838243,0.7642645665439163,0.8063591693779018,0.8659892931336584,1.0,0.8083932299517204,0.7501489664989347,0.7863320209485581,0.7821501470225329,0.7865299513919338,0.8221276665280768,0.8175589452719424,0.8347665391184411,0.6014554667748903,0.8163450255034433,0.794887667188859,0.8239244670630735,0.8687473471838308,0.7979536172357113,0.8426581415624494,0.8974535189329867,0.8328751694082276,0.8159811285481532,0.8444565074612077,0.8512098894002246,0.8025794452134933,0.7835161071990386,0.7895147910858611,0.7668843863640376,0.7531235301448499,0.6276398176472896,-0.8124646889958242,0.46544336233636724,-0.33534559066913205,-0.605432667032112,-0.23398142762064938,-0.06177962421839836,0.18654684258763432,-0.21778426475581472,-0.015120804149078074,0.25685045509193194,0.4647549793093557,-0.8125317433520067,0.3447942983677552,-0.3173093295224997,-0.6112854419830843,-0.3434396975825284,0.03439555980998023,-0.24535974638707012,0.03465754354465379,0.4459710033646966
0.7067745946440932,0.7776286769134532,0.6752340160919659,0.6914272305017066,0.7254764992260353,0.6973250551525622,0.7398043851651058,0.738509820810402,0.727888161489214,0.7715038149214872,0.7576955319170161,0.7711837538901231,0.8185878007478617,0.7381410350830041,0.7050071687013556,0.7945045927695065,0.7433509681619055,0.6683778320953848,0.6742969063053021,0.7678663426410871,0.7594843305391413,0.8209503115371335,0.8083932299517204,1.0,0.7532934727331256,0.6876387522535381,0.749920576938223,0.7400651661842844,0.7453855460403978,0.7936675858379112,0.7937877368732196,0.8212393160470414,0.7640545671120306,0.7468266134580664,0.7784750918731972,0.8988118790085576,0.7368648997630255,0.7926314316330436,0.8307399020335002,0.820940252271361,0.7310804195767858,0.756408729653698,0.7502174226918058,0.725382352265444,0.742104537186984,0.7297297009842624,0.8547260856243477,0.787484411671351,0.6609637028055438,-0.747283603609292,0.4886389687074428,-0.3869083252267049,-0.619021606790832,-0.23564777794037933,-0.13255802719319867,0.12875551553908124,-0.13137652243152015,-0.054034502568090115,0.24469542099279126,0.4022023821404398,-0.7727664075091164,0.39640837242800936,-0.3961247229402186,-0.6327509522922352,-0.3814505896444268,-0.0950233875263638,-0.24124475199617493,-0.006003900141857086,0.4531778094495916
0.9200182942499601,0.9155093964704435,0.9015506184197926,0.8922736822466814,0.9100474610862853,0.8903179248439156,0.8966591676192559,0.919215545570742,0.8612542870764005,0.8760755074955182,0.9303113203227875,0.9245338257967723,0.8700955821654797,0.9016077295972222,0.8721336489860104,0.8832699997312284,0.8751572816571378,0.7321716787771622,0.7874229742392732,0.8739594439149514,0.8727045738643788,0.784319178992298,0.7501489664989347,0.7532934727331256,1.0,0.8290550389469149,0.9423173808929727,0.8915025859534713,0.896691121745501,0.9327780803003507,0.8773859535640385,0.5287039667152037,0.9440958900090585,0.9265083750478259,0.9219951501047778,0.8784326596931723,0.8951813697119081,0.9258573203964554,0.8956626691322722,0.7241447065113596,0.8199420512057648,0.8691893683891717,0.8250089319497484,0.853717411550612,0.8692052316581844,0.8194215098942746,0.8254831573922801,0.587570915006639,0.7442189859232533,-0.906814719974462,0.57199320835523,-0.5814041998943085,-0.7028650956616302,-0.3306742518490044,-0.13341432003004985,0.05217231307234383,-0.2261038624866534,-0.03442118326451797,0.391005142967013,0.5820646059232338,-0.926007049834073,0.4237827766039881,-0.6092529726952675,-0.674493869538878,-0.3979676850318004,-0.08060865683220017,-0.3479745915439906,0.10668126998050895,0.6382306989624201
0.8397561541587817,0.923473853147596,0.9260731165763896,0.916566481566335,0.866263277696139,0.8413178654102345,0.9609474741849614,0.8763713947368731,0.8446266036828715,0.8399868631849065,0.8394277412060543,0.8061719186574544,0.8212550201906811,0.8497137800726714,0.8858553010758876,0.8883474441112504,0.947831020469274,0.855193377466305,0.8983148776128472,0.7757768274725909,0.8150034012445542,0.7279649656418218,0.7863320209485581,0.6876387522535381,0.8290550389469149,1.0,0.9012874567525508,0.8619795358694665,0.933189339701691,0.874544148082795,0.8418589688824438,0.4448414115367304,0.871373199399772,0.9176058623627974,0.8896285981099268,0.8561120281961588,0.8988963113428982,0.90129793685148,0.8939952279596189,0.6327437214314826,0.8971968469088458,0.9346827783864301,0.9029343437654961,0.8646958160532552,0.8754383233997715,0.8334486430653256,0.7488446951968171,0.4383475656924309,0.7343146926192612,-0.9090249499712063,0.5377222836836191,-0.5070507959982735,-0.6637384380233037,-0.3440118358402876,-0.07493706189300904,0.0569815300733544,-0.40742339876222267,-0.06492285627751841,0.3537966317567129,0.5633304994836279,-0.9124663264318502,0.37621679879180914,-0.511576433005816,-0.6468815771753896,-0.4099640624110763,0.008164910833211376,-0.4854841054784335,-0.027412550222708797,0.5599990461178582
0.9366404721426432,0.9590225141825705,0.9423465213550934,0.9464606119949879,0.9270041320104205,0.918466787213325,0.946623042428008,0.9602505166040046,0.9080680712538892,0.9027786119955119,0.9405903317242735,0.9254985759202731,0.9013372106266782,0.9337414065232422,0.9433943991609788,0.9224163570959457,0.9281528259768277,0.8260973111539867,0.8570065290582535,0.8655037157802341,0.8903130459300113,0.8044765540237397,0.7821501470225329,0.749920576938223,0.9423173808929727,0.9012874567525508,1.0,0.9163521709855509,0.949710075269043,0.9589227263338145,0.9052117166691527,0.5579284404981534,0.9623643537553095,0.9719539268765117,0.961988526409436,0.9066311026591461,0.9573727056151694,0.9634850488902684,0.9325155998658929,0.6834914451621411,0.8875145153571192,0.9285559881864702,0.8784369504347613,0.9038221464168154,0.8962743860951028,0.8662501965984185,0.8283256487974344,0.5451989767541499,0.7846994593739643,-0.9575266848383392,0.5991121455930775,-0.595405386648556,-0.7226555568114756,-0.40863188756638513,-0.06151157044801319,0.14149217781483367,-0.296148368798961,-0.011101230868535416,0.4042598861077258,0.6011475921433714,-0.9692804570451814,0.4162386054590708,-0.6113126049185658,-0.7111055421531639,-0.45887545080859965,-0.008251866859418304,-0.3906461536895052,0.07851192513651992,0.6384454615468524
0.956174119753872,0.9378060978412343,0.9095141638762506,0.921488278169797,0.9220680886828401,0.9325949865473935,0.9102055222839026,0.9234613754068586,0.9027766656622745,0.9140472112287187,0.9099440251591419,0.9079765809305793,0.8691122406017436,0.9106869834790335,0.8832429498381145,0.8732537865831995,0.887845310685178,0.7666307920311326,0.8245071991594007,0.8639022191178698,0.9001491513841121,0.7708200003486133,0.7865299513919338,0.7400651661842844,0.8915025859534713,0.8619795358694665,0.9163521709855509,1.0,0.9363689447837495,0.9258045971712402,0.8523187540294299,0.5587939574032795,0.9343697410739459,0.9155554482748923,0.9070631115948858,0.8669635726343542,0.9121481251563877,0.9241766395971887,0.9100198569917534,0.6973316167137222,0.9162187263629109,0.9166121875225561,0.8768442170234345,0.8832289737063289,0.8910794146913729,0.8638130755819342,0.786536816486725,0.5205243642358675,0.6714506174902528,-0.9201049531836109,0.49228527581550585,-0.5002952796804403,-0.5818642719929934,-0.27373590116205176,-0.09468511006105847,0.04800881683902576,-0.3121941971405605,0.03749094751691037,0.47701550802523335,0.588237278384604,-0.9091152664070506,0.39237154360396953,-0.4842439605112868,-0.598663990955189,-0.29006730207430664,0.0013977525494374002,-0.35874446811593136,0.1166350118453394,0.6107803851030948
0.9294877115282741,0.9719888773353196,0.9391335637872443,0.9582379429929726,0.9266361085585091,0.9176904868231177,0.9572956688777589,0.9457347017800585,0.9183321799424004,0.9069488208149651,0.909044700436911,0.8915911545114488,0.8925522309299148,0.909285238059911,0.9312084851268229,0.9219957152595424,0.9325643037147138,0.8373275193378439,0.91140753632376,0.8486084620186616,0.8895279123184977,0.7850795396651004,0.8221276665280768,0.7453855460403978,0.896691121745501,0.933189339701691,0.949710075269043,0.9363689447837495,1.0,0.9465971984591431,0.8974985049329454,0.529727313729712,0.9476582089558514,0.9590405440343558,0.946242985108532,0.9057011092440576,0.9502933821861986,0.9584262485687056,0.9410909741929188,0.7110953538506839,0.9312956136892321,0.9569370678863929,0.9155477482894653,0.923628532208694,0.907532897454254,0.8804831563654624,0.8013779539537426,0.5241374203827328,0.7334060287624609,-0.9600134698250512,0.5290692937123808,-0.5262099305481464,-0.6484650622788578,-0.3521740068728501,-0.053998001512410146,0.1066259481424987,-0.34997220334819684,0.01499158173592577,0.42136648619729594,0.6025814589863732,-0.9528240568683171,0.3768093231200463,-0.520359728259604,-0.6496903283647992,-0.4043206881153441,0.019501070430341765,-0.43178039348954045,0.07092132548876062,0.6067111115638735
0.9382960914718582,0.962491693678945,0.9172485097659434,0.9281206207510172,0.9197990697037233,0.9167310704194761,0.9254683600112522,0.958169320400981,0.9168337660098027,0.9224922144050646,0.944777661469356,0.9536817999964995,0.9255723688762667,0.9363384793863201,0.9219062865630195,0.9251041993916612,0.9072712505883148,0.8013957311317433,0.8461419345181516,0.9050368432455438,0.9305557807313795,0.8384471136188257,0.8175589452719424,0.7936675858379112,0.9327780803003507,0.874544148082795,0.9589227263338145,0.9258045971712402,0.9465971984591431,1.0,0.9298096526675277,0.6094978913911662,0.9620436486536397,0.9584420070183627,0.9612706995131447,0.928790406447402,0.9484480650477661,0.9639819251477098,0.9446352186372349,0.7557021349574534,0.8928430620195292,0.9275884602682866,0.8909174749724735,0.9062498990033233,0.8924483198457188,0.8640626813245307,0.831941218137986,0.6156834333996758,0.7630800102995309,-0.9516682329085013,0.5805906720404396,-0.5445804985513539,-0.6966987630485448,-0.37020755467169214,-0.08272232781198362,0.16797889009665565,-0.25920498293352123,-0.004560182646754315,0.4128664419504647,0.5748340639932723,-0.9639309930731255,0.40911285128286934,-0.5518336261929432,-0.7075691996607465,-0.43607437444228153,-0.02831792686972827,-0.37059031928252306,0.0762091075178995,0.6346188622190199
