0,1,2,3,4,5,6,7,8,9,10,11,12,13,14,15,16,17,18,19,20,21,22,23,24,25,26,27,28,29,30,31,32,33,34,35,36,37,38,39,40,41,42,43,44,45,46,47,48,49,50,51,52,53,54,55,56,57,58,59,60,61,62,63,64,65,66,67,68
1.0,0.6283898977505944,0.707814232933474,0.665611600893696,0.517274705210251,0.6356523870182739,0.5438769044551823,0.5221539307650869,0.5478040615037051,0.36205767326844795,0.6137525736404659,0.5070620544091569,0.40492052139039053,0.5811510802107358,0.6718126678700773,0.31603349236819833,0.4971492966495753,0.4716611919831814,0.44834372959456914,0.48883323445427573,0.5145499703781149,0.4661168468998478,0.37334063094526654,0.3834290776999602,0.667346115364698,0.4565533850894022,0.5086519866507083,0.7917829230013558,0.6827125662264593,0.6437101416920131,0.5434336656257036,0.2736247178328232,0.5193156039614113,0.6143438595378748,0.5442296184833638,0.4651024729932911,0.6051127661128171,0.5338003300910404,0.4795511267279448,0.40471110592669673,0.5402531371656056,0.4880376037878307,0.4048351644636685,0.3531317185894758,0.5114970996445058,0.3700626419032576,0.5141321062352859,0.3701205453248015,0.5465554120401919,-0.5857998617205259,0.11004492600342773,-0.12757888099555323,-0.2274226742482844,-0.20428519907764342,-0.14718229011877268,-0.4008690754565168,-0.47519370119049525,-0.1860988719618724,-0.05007923967513022,0.35589098017048254,-0.6684867952795999,-0.05234898891922571,-0.20468549395623437,-0.1281194103950848,-0.22054762464555627,-0.01931954072908851,-0.49963446956746305,-0.12950217243622714,0.01891461784377103
0.6283898977505944,1.0,0.9496344201979144,0.9366092571907517,0.8656342532145013,0.892427262806816,0.9421537456861011,0.941737233935941,0.9036909857157964,0.8552045994459119,0.8477451816828373,0.8042528688649696,0.9032869113883253,0.7837588432347135,0.945424492692704,0.8510926301700986,0.9008904833308199,0.9117927704520727,0.7866954805189237,0.9108516018962007,0.8661697431108011,0.926968817776127,0.8948144795550284,0.8128703483289947,0.8099491885903967,0.892033721767199,0.941359485789983,0.8464254683375227,0.9672980102130927,0.9540491377059409,0.9289364683795456,0.7299866513926204,0.9312229298403016,0.9621792443059092,0.9430395895187205,0.920682614564412,0.9470432614481673,0.9471212159385137,0.9251043736108232,0.818865357173158,0.8323967821501314,0.91036203435927,0.8171688012610012,0.7260062209184226,0.8651138085544516,0.7615612214316676,0.8862420673465461,0.8360742033654958,0.5119765330310302,-0.9711736107297497,0.15481533606466152,-0.15608328430667226,-0.6306101420047521,-0.385978516731316,-0.13232523820680653,-0.017265044992723293,-0.1642294411214685,0.20742770501719365,0.017325236901979114,0.7335955958091307,-0.9649900741429205,0.1399660670464262,-0.18858762916229133,-0.6283953497138821,-0.358924721533169,-0.19789704096356603,-0.22678553038564372,-0.04879144968556135,0.13934721294874367
0.707814232933474,0.9496344201979144,1.0,0.9442917829571711,0.8625965420835163,0.8738642723241803,0.9125291165783985,0.9079734545922766,0.8678125840896564,0.8051687426085508,0.8299347847366081,0.8033316254317996,0.8628508684968492,0.7812739410801683,0.9347959439711244,0.7923664428619458,0.8581059421701865,0.8737253136286058,0.7493020138200628,0.8767577828212919,0.8697240721243054,0.8782401009865191,0.8508701155075723,0.7688327487390706,0.7835133164726282,0.8658520823666671,0.9074334920522745,0.8926901266038341,0.9567519972102873,0.9393021233411647,0.9058351063128975,0.6595713885313058,0.9026874374268262,0.9254022892367122,0.912096749018971,0.871751762640638,0.9145612562627649,0.9117051295550308,0.8813642449262021,0.8023463814635468,0.8583272535748188,0.8618791894631763,0.7558695406450786,0.6706394008709492,0.8445323124794243,0.724878360553537,0.8397903117177797,0.8000674998205058,0.5015775012781184,-0.9486700368739841,0.13956966679953892,-0.1355294193940338,-0.5814745708184661,-0.36675835910681337,-0.1485031889900075,-0.09815554837830606,-0.2726733043047953,0.13234449391055048,-0.028752198037996588,0.7000618744671866,-0.9468844790166163,0.11235772703826506,-0.16804029898820352,-0.5599934497366116,-0.3392188312997618,-0.1586832695897242,-0.3257750525294511,-0.09765674179157001,0.10317622248871017
0.665611600893696,0.9366092571907517,0.9442917829571711,1.0,0.8457098554866953,0.855330004009051,0.8865578663054918,0.9023273518469725,0.8716838489937123,0.8171313003398938,0.8395994062740373,0.8001582838446503,0.8917904332538445,0.810827304630957,0.9143759497815559,0.8158912307236131,0.8297356356049725,0.859801809734842,0.6978456018712905,0.8679186945129326,0.8979042421816308,0.8984725502511168,0.8504372020834724,0.7960682061403541,0.7713215305739505,0.8299767012479792,0.9110037077230436,0.8616592673427891,0.9311679862700524,0.9406830388111587,0.9177261184776137,0.673946293069725,0.8954362115854045,0.919950726221199,0.9022411726258039,0.8804289499663955,0.9049042795066826,0.9189694000702264,0.8921859169501689,0.8272628206320489,0.8177882886329361,0.8201541928288383,0.7341752149939571,0.6394912759308685,0.8570250431512186,0.7033205675762197,0.8548559470670805,0.8262113288175378,0.4904341027364439,-0.945495762301041,0.13636624189818228,-0.06762334226659654,-0.550275349068505,-0.37270621542766197,-0.10964883400868586,-0.05318617062677362,-0.21480608419509226,0.14191547080443462,-0.01486419063865444,0.7113928596824388,-0.9290208105097848,0.1424311853120027,-0.10747696901605175,-0.5553246116920532,-0.34872285916589485,-0.18240123448456205,-0.3132879390124333,-0.13287969203702565,0.13782777267276924
0.517274705210251,0.8656342532145013,0.8625965420835163,0.8457098554866953,1.0,0.7779165783437932,0.8448592714251418,0.8697743837558438,0.8491489744446742,0.8396916783921708,0.7361115981915253,0.7953295718781953,0.8488970405526619,0.6288350429743608,0.7922393186682252,0.774448918774854,0.8197879431355932,0.7528293323678645,0.6036169580107654,0.7848935130499994,0.8161681260015263,0.8303440979092344,0.788136134814684,0.7821351896344023,0.7252567426840706,0.7835476587838862,0.8444265001035786,0.7465763938700811,0.8545306146041705,0.8469634234877493,0.8307209609151736,0.7059240774639917,0.875477114883363,0.8261235365294407,0.865746641742905,0.8542705713378808,0.8295605562804489,0.8569679122991836,0.8449404796630329,0.7864312065985992,0.7607240374976958,0.8001595176563476,0.7881959477421445,0.6586307344110234,0.8117228029079082,0.7401553061380752,0.7964665249287725,0.7902721157526694,0.40917926804289145,-0.8484374645257594,0.15029500478867053,-0.15159976691719157,-0.573272290895047,-0.3799181550817381,-0.11666542450019234,0.02315993263833808,-0.09033759291583496,0.253412344279941,-0.017195315122858438,0.623316863516651,-0.8712611025436595,0.11824510233544454,-0.1496135081668894,-0.5813699555877478,-0.36024311777503276,-0.1409799406203675,-0.16955010121993322,-0.03288557436303352,0.09523635785655166
0.6356523870182739,0.892427262806816,0.8738642723241803,0.855330004009051,0.7779165783437932,1.0,0.8346591223344995,0.8163413834868584,0.8059729781994094,0.7145825063625256,0.7096217079577883,0.6490235536516985,0.7916901927751046,0.6726386302878816,0.8786968058533321,0.7683899582417671,0.7625932594940048,0.8309061950039462,0.8333453976819315,0.8832362573470074,0.7546121167456151,0.8335489908841409,0.8079190730166808,0.7152870342287344,0.6944068415780748,0.7887768380417512,0.8299328512647672,0.8039302925375432,0.8812744211360533,0.8431052717104504,0.8103877708591672,0.5916359057053003,0.8165832769892436,0.8438033560702853,0.8564666666791092,0.7832680439776804,0.8451383065443083,0.8208128157339516,0.8145921144635256,0.7090283806292551,0.8221317568008877,0.8634047273442126,0.6900169338503271,0.6581513618495303,0.7444555974405459,0.6744081155028784,0.8140104036350603,0.7093195570257338,0.515015412161713,-0.8645527771328392,0.1295342649056506,-0.12382966133182964,-0.5011951126048567,-0.23631621316654527,-0.06440581406564332,-0.06889722994671339,-0.2587829354407251,0.123575292482852,0.004114918411764144,0.5649621798994469,-0.8753280157178062,0.07766307254013079,-0.1403440326471259,-0.4619441979866061,-0.22723233290752753,-0.1274409745531039,-0.3323799188482474,-0.06026848523597603,0.07389346705827564
0.5438769044551823,0.9421537456861011,0.9125291165783985,0.8865578663054918,0.8448592714251418,0.8346591223344995,1.0,0.9130327335238821,0.8912056299791443,0.8772061941010874,0.8135397503519296,0.7522981341668602,0.8704625809436918,0.7271064155518252,0.8979900622640257,0.8461361773190601,0.9574980116455118,0.9340243731097315,0.7797231545240865,0.8869874319458767,0.7982660529606596,0.9125793518434435,0.8825527668370199,0.779796178707899,0.7870471035703419,0.9410966688676,0.9151650659884966,0.7686933422693771,0.9271757856043991,0.8970625236942752,0.8935386210128113,0.7551677478830888,0.8854245351178535,0.926281585684569,0.9189587241296515,0.9113052444295825,0.9144491385819181,0.9270823959724843,0.8982575956921738,0.7827745458284494,0.7869275453560647,0.9053266801773789,0.8683025724230032,0.7202324262619039,0.8659035908077328,0.801127463114219,0.8676031038844266,0.7961085945904831,0.492804673000278,-0.9411334367310719,0.17114376010342708,-0.18420547854205374,-0.636080750172697,-0.3817891625536272,-0.14051275749386605,-0.005239330111986899,-0.08762833993312959,0.2784854568563505,0.0019991227156963267,0.7224114769772589,-0.9278208018954182,0.1668412608048425,-0.20219376611674508,-0.6441248660697708,-0.3386953045709857,-0.2405588934054596,-0.14436163738412325,-0.027495634321373096,0.12559883612915532
0.5221539307650869,0.941737233935941,0.9079734545922766,0.9023273518469725,0.8697743837558438,0.8163413834868584,0.9130327335238821,1.0,0.8801768089147799,0.8720247892588636,0.8368676384831796,0.8206151147512092,0.9109060235987055,0.7942101147054037,0.8933832754149493,0.8385303570825734,0.8727476615408614,0.8675728790671122,0.7094158693924844,0.8748113331775536,0.8621320131033012,0.9189226001275307,0.8933634830970371,0.816106779799998,0.7901547836699229,0.8577370500105557,0.9533723116773999,0.7837865627436689,0.9290868026675762,0.9218803774810697,0.9166787265327333,0.7416518120518065,0.9575678716944704,0.9392545707462097,0.9422252625054867,0.9226345905813347,0.9190372817167886,0.9491113881513845,0.9286852295583076,0.8346734225226164,0.7840993609214254,0.8632335869679355,0.8069577744007835,0.7418529409038881,0.8709724103306973,0.7393145157277866,0.8626860088334836,0.8519696872276341,0.5140490639380145,-0.945459359947858,0.13330963441444177,-0.16468405233001635,-0.6618119255156131,-0.4263335741251818,-0.1494199856592364,0.08013040463037543,-0.09737444957373931,0.239245614061826,0.1041575330513515,0.7207133071246975,-0.9452306002381217,0.10629861209086525,-0.19154329940424603,-0.7037068349004897,-0.4173578151762494,-0.19709920824785548,-0.20101016513006453,-0.061106652302496095,0.2230419911796881
0.5478040615037051,0.9036909857157964,0.8678125840896564,0.8716838489937123,0.8491489744446742,0.8059729781994094,0.8912056299791443,0.8801768089147799,1.0,0.8576580153050146,0.7708777625198253,0.7833909248163278,0.8562542704461392,0.6856183806844232,0.8405886093196495,0.8119340543696058,0.8591883402253533,0.8362190568724295,0.6892674709547236,0.8322926154979067,0.8203232414488982,0.8835237452266518,0.8404708524917657,0.7837256852886589,0.7423459629332277,0.837317831183947,0.8727122208018729,0.7717472032399871,0.8863999781407559,0.8792604492211857,0.8791968272412918,0.7192907096074144,0.8642809540608628,0.8738317626481658,0.889212509268833,0.8780741553572671,0.8685087580072313,0.8888532069190376,0.8677426608322796,0.8035987110214111,0.7648812026000217,0.8439487617110362,0.7838965655977508,0.666461857795894,0.8470378942265188,0.7850085782917947,0.8256264786220984,0.8034648296543779,0.4755324802451036,-0.8939073894676005,0.17441594897301876,-0.11093969591443553,-0.5786532048745552,-0.386660440237515,-0.13129975731301188,0.061642974682714395,-0.11565357346868886,0.25211827961341615,-0.006013488701075963,0.6469542078557035,-0.893222171857108,0.1804163282981085,-0.12645825872582372,-0.5908458401839941,-0.3465069325170642,-0.19834935451019242,-0.1532510278497743,-0.03218359792531639,0.10042783651840262
0.36205767326844795,0.8552045994459119,0.8051687426085508,0.8171313003398938,0.8396916783921708,0.7145825063625256,0.8772061941010874,0.8720247892588636,0.8576580153050146,1.0,0.741904337674956,0.7736323873551355,0.8829611894969613,0.649678024757351,0.7649969593699836,0.8250506627563539,0.8687532185643034,0.8312400247851598,0.6374929737985616,0.7957354130726297,0.8128524359784146,0.8643907429489384,0.8255446929868416,0.7798520037136807,0.6923226944900515,0.8412781952421537,0.8537221243975106,0.6694044360509152,0.8259645708314264,0.8381695574603583,0.8461660808748425,0.7665064745107733,0.8486991602094406,0.8433993564976099,0.8448982216722823,0.8788888533745639,0.8199862594044677,0.8712865703110658,0.849642408829288,0.7768837304904724,0.713485603957421,0.8223624353189529,0.8281479855390564,0.6687454117131684,0.8716927731805684,0.8244041806701657,0.8081792680960903,0.7980840964639153,0.4011320277925222,-0.8595419963347556,0.16438060034248156,-0.13424452030738993,-0.6179317965771578,-0.4265696087087192,-0.11798530731916418,0.1328198129085734,0.0475761502449261,0.3215525980440731,0.02075737130692568,0.6507426220788152,-0.8426849353470992,0.19329910191039235,-0.15042949031068578,-0.6738580590519766,-0.37798237416046654,-0.21971783642638043,-0.026490651202075752,-0.05634570339469537,0.15022747053624777
0.6137525736404659,0.8477451816828373,0.8299347847366081,0.8395994062740373,0.7361115981915253,0.7096217079577883,0.8135397503519296,0.8368676384831796,0.7708777625198253,0.741904337674956,1.0,0.77048006428598,0.8004643658206099,0.7580822607635572,0.8080517158552489,0.7298078943817345,0.8028672057075337,0.7720724673827848,0.6189968034809855,0.7104688915401888,0.7866464284412304,0.8229098512358317,0.7440561058255684,0.6496204622746219,0.8339640540635189,0.7408105403050695,0.8239183476773099,0.7288916953704695,0.8417903155786103,0.8673821882440826,0.8590778317190854,0.6059482722315037,0.8209093620282704,0.8572471967225644,0.8386078166914731,0.8078696119303594,0.8642591265603541,0.849055881135327,0.8136603361659637,0.6858411278109987,0.6284634903482689,0.7452797048207422,0.7423418825885033,0.5214280896966738,0.7545361927571307,0.6118676075099243,0.775867621514829,0.6987538597597641,0.5013806291377291,-0.8459687390086243,0.16771844009601472,-0.16763374335069478,-0.5948763133918875,-0.418203102375129,-0.18757264295394505,-0.0796822255194171,-0.08154255026900642,0.1679219792769398,0.07830475373690683,0.6948300637413005,-0.8641321572776731,0.09287065147056985,-0.28440785081269565,-0.6246534664293643,-0.43538033523705694,-0.16449574118304724,-0.1399280826643384,-0.07866288387671638,0.21045836471574547
0.5070620544091569,0.8042528688649696,0.8033316254317996,0.8001582838446503,0.7953295718781953,0.6490235536516985,0.7522981341668602,0.8206151147512092,0.7833909248163278,0.7736323873551355,0.77048006428598,1.0,0.846535804843191,0.6421866897634981,0.7121118742862331,0.7552973374936806,0.7602012685951658,0.6966794591148049,0.5237065950976054,0.6803285395358135,0.8640721277906339,0.7967491661295598,0.7532018994579469,0.6574652874482878,0.662716781548204,0.6731367435569422,0.7685676819155641,0.7333516625194979,0.7792514868127676,0.8490015127957449,0.8178732333007037,0.6012545048329542,0.7982979624131896,0.8081256877836807,0.783589154133721,0.8006581504834209,0.7849291449892596,0.8081212096154159,0.7818017696003599,0.7472169883376986,0.6491329917958103,0.6812322639802264,0.6884428574566214,0.5023696214703159,0.7432517560359361,0.5961214461852674,0.6952114743273835,0.750429680050164,0.3382268583989721,-0.8100728883927015,0.18452057399309663,-0.16928734082087077,-0.535380178789955,-0.4313481069226491,-0.19635805047420118,0.01417814461447406,-0.03545266765627224,0.27649704782263834,-0.08422471879224505,0.6161888551670835,-0.8121473468939746,0.1404703817792485,-0.21623080834510125,-0.5522744068698084,-0.41372710413351055,-0.13761422264896225,-0.055399870250909755,0.007772092251181592,0.06188670630082963
0.40492052139039053,0.9032869113883253,0.8628508684968492,0.8917904332538445,0.8488970405526619,0.7916901927751046,0.8704625809436918,0.9109060235987055,0.8562542704461392,0.8829611894969613,0.8004643658206099,0.846535804843191,1.0,0.7391296223686277,0.840947390847234,0.8986784865259667,0.8408538105651355,0.8601565319199654,0.7058633622181891,0.8697679101166976,0.8963527672250861,0.9391400405905148,0.9007295596244075,0.8140090152562514,0.6994873688162406,0.8212436899112758,0.9089105241488079,0.7140739329027229,0.8623688718483267,0.9039042947925935,0.9143631562147736,0.7437493969711433,0.897776915202491,0.8957708262099481,0.8938897676908303,0.9131268455459388,0.8779614866619768,0.912925079363162,0.911927760041206,0.832495933452292,0.7544386457547452,0.8322514462825246,0.7702942550045557,0.6342686593159589,0.8422398073179415,0.7180820196575162,0.8482721979225334,0.8526927126442249,0.38502638254272337,-0.9185280448899472,0.13918176830441836,-0.11956627291473754,-0.6061331178858791,-0.3965396933893455,-0.09161981089906181,0.11825357889634878,-0.016387806002232958,0.30193773570136434,-0.004693051017251719,0.7094026696578101,-0.8863453810648598,0.15827234694248946,-0.15141413638292076,-0.6652724500487919,-0.3541545486428138,-0.23014527436831697,-0.114950551218185,-0.04775050929773356,0.13758813229855665
0.5811510802107358,0.7837588432347135,0.7812739410801683,0.810827304630957,0.6288350429743608,0.6726386302878816,0.7271064155518252,0.7942101147054037,0.6856183806844232,0.649678024757351,0.7580822607635572,0.6421866897634981,0.7391296223686277,1.0,0.7879932136356553,0.6447928763760226,0.6677542915349562,0.7050594767636664,0.5455528382738856,0.7513059283930021,0.743475911204669,0.7347661209967579,0.7180697335455918,0.6487269420001084,0.6916091381539825,0.6509491711335191,0.8341082559307239,0.6782977476430897,0.7937910045858378,0.7941865582936147,0.7527414274596664,0.5287742786951106,0.8080390358910844,0.8068246206358035,0.7395473951626642,0.7380626656635452,0.8152468742493139,0.7986090355755735,0.7638924733607912,0.6700847293561777,0.6446637311282032,0.6503349301998671,0.5675367427501262,0.49392242095045225,0.6883212581105196,0.5153750777153605,0.730798470033416,0.6925964824390279,0.5853937225847035,-0.810557891034881,0.09033959211107552,-0.11053657769778584,-0.5166468574960486,-0.3840460469876866,-0.16338440495942191,-0.07164493895491424,-0.19945091365490497,-0.023523780560512873,0.2945186174559208,0.69054278105108,-0.8061839745374496,0.06810676941022449,-0.19950426240924418,-0.5914675666417334,-0.406581982576454,-0.23644817298750082,-0.3518532590855079,-0.18016207047757843,0.40660418384261776
0.6718126678700773,0.945424492692704,0.9347959439711244,0.9143759497815559,0.7922393186682252,0.8786968058533321,0.8979900622640257,0.8933832754149493,0.8405886093196495,0.7649969593699836,0.8080517158552489,0.7121118742862331,0.840947390847234,0.7879932136356553,1.0,0.8066739773955692,0.8343735303777313,0.8842322828779211,0.7816791179039055,0.8947760370201852,0.8158454804902042,0.8768134769470911,0.856600437933302,0.7770684730121202,0.8012421773907653,0.8548734947493094,0.911137539647131,0.8301566701924149,0.9449870171904958,0.9165254555231134,0.8821662892506007,0.673933277872518,0.8876938896194975,0.9303688721434369,0.908202294115533,0.8654231048215133,0.923739383975869,0.9073013365717791,0.8850311290637274,0.7873730677019364,0.8110009555486797,0.8609446325100045,0.7340982209912422,0.7080119052702777,0.8090526297301166,0.70439898124334,0.85002160323035,0.7943286288096916,0.5323495820326163,-0.9463875484085724,0.10197943722840279,-0.1491545540291158,-0.5947526543892264,-0.35109675346506475,-0.1412066759316944,-0.07969092772340942,-0.272111432798919,0.11191315266213381,0.03591589862501131,0.7084436511420096,-0.9349548979443156,0.0826208656860761,-0.1783391513918347,-0.5624262383927128,-0.31134904798702934,-0.2145362072589699,-0.33444558362889715,-0.07301471417917584,0.12490644044013494
0.31603349236819833,0.8510926301700986,0.7923664428619458,0.8158912307236131,0.774448918774854,0.7683899582417671,0.8461361773190601,0.8385303570825734,0.8119340543696058,0.8250506627563539,0.7298078943817345,0.7552973374936806,0.8986784865259667,0.6447928763760226,0.8066739773955692,1.0,0.821040298348795,0.8469969701613871,0.7168645866981608,0.8356121220081786,0.7831189031452891,0.9066809490014914,0.8886195440109886,0.7773777570480096,0.6376516885975668,0.8201712162643497,0.8482224530333274,0.6475408219492936,0.8154509837338868,0.8343813812998451,0.8567549761628511,0.7198286854729532,0.8183928073870145,0.8277344160957727,0.8585916600841406,0.86350214992377,0.834220399795652,0.8699734998193526,0.8785915863935346,0.7934752560998292,0.6998245837827569,0.8263093811450927,0.7514312275575303,0.6064602801583361,0.7823047238909383,0.713725877755214,0.8049669960969248,0.8061049630577389,0.3547177096195171,-0.870015795583206,0.12635609278952836,-0.08278056447935336,-0.5787639745015876,-0.3533205039083913,-0.0708468102114642,0.14426858791505284,-0.0005160272923121821,0.35243857001534795,0.00020753177932080245,0.7023143828496461,-0.8249427103392741,0.16870164372837107,-0.08775635509352361,-0.6158509968091935,-0.31147704851008734,-0.2519757099573255,-0.059085015430435615,-0.014055798250629503,0.09385844274260524
0.4971492966495753,0.9008904833308199,0.8581059421701865,0.8297356356049725,0.8197879431355932,0.7625932594940048,0.9574980116455118,0.8727476615408614,0.8591883402253533,0.8687532185643034,0.8028672057075337,0.7602012685951658,0.8408538105651355,0.6677542915349562,0.8343735303777313,0.821040298348795,1.0,0.8964932218713848,0.7249859513408797,0.8153250397141922,0.7617340100241025,0.8793521861164,0.8383535776166332,0.7312214811636328,0.7802988127440257,0.912090069239362,0.865106627491286,0.7179518102398155,0.877652182404527,0.8601698903303059,0.8634517498874239,0.746959279390722,0.8407480766975532,0.8936747410334202,0.8760921462620451,0.8901575950327503,0.8754053655268346,0.882313080375225,0.8534327787190878,0.7367042606656682,0.6966034942450094,0.875645832199246,0.9010422212648118,0.6772141975298241,0.8423133390718167,0.775167556957922,0.8396593216320193,0.7564078449619506,0.4456813213442609,-0.8952981381481468,0.17477548030253848,-0.23387309321561847,-0.6281423175831439,-0.40837834477584445,-0.16325022634353203,-0.018600846383558963,-0.01579166040491603,0.3210053678873415,-0.020294502059145115,0.6974454568465277,-0.8860680540590359,0.18380132090024898,-0.252312884937578,-0.6540804637843389,-0.3536923291734638,-0.24898121597118397,-0.046188883093699944,-0.007974160879840753,0.10087812876434439
0.4716611919831814,0.9117927704520727,0.8737253136286058,0.859801809734842,0.7528293323678645,0.8309061950039462,0.9340243731097315,0.8675728790671122,0.8362190568724295,0.8312400247851598,0.7720724673827848,0.6966794591148049,0.8601565319199654,0.7050594767636664,0.8842322828779211,0.8469969701613871,0.8964932218713848,1.0,0.863984377931689,0.8989360305119202,0.7857724020187508,0.8943923000494851,0.8846662348559045,0.7311538129491912,0.6946630485171988,0.922480402618983,0.8758828075688277,0.7296734598459361,0.8950397603892883,0.8743060983797294,0.8751051450223261,0.7046160061180797,0.8327040137327719,0.896297067988234,0.8844224192095458,0.8540104304293719,0.8799460040483597,0.8795356947037186,0.8576965529032372,0.7289248093052197,0.7906676725417193,0.9067016411914012,0.800423248184367,0.6940791132097585,0.8091242968475109,0.7557992239293707,0.8211213946538067,0.7531026419236164,0.44572885292811854,-0.9202180296414675,0.16456368484674502,-0.15998195098329634,-0.6393468077090533,-0.35453439804684966,-0.0968478085715012,0.021960964539297342,-0.1124294023082221,0.2241963024331112,-0.006829717159572307,0.6887739264738838,-0.8792451905605934,0.17344133941563114,-0.1918249496378964,-0.6342211137580647,-0.29593917425195954,-0.23474723271072326,-0.16131312711394968,-0.05334916131933138,0.10675854032365596
0.44834372959456914,0.7866954805189237,0.7493020138200628,0.6978456018712905,0.6036169580107654,0.8333453976819315,0.7797231545240865,0.7094158693924844,0.6892674709547236,0.6374929737985616,0.6189968034809855,0.5237065950976054,0.7058633622181891,0.5455528382738856,0.7816791179039055,0.7168645866981608,0.7249859513408797,0.863984377931689,1.0,0.8319961669922017,0.6308880156634137,0.7413835652959806,0.76947353471978,0.5661505224697717,0.5547981442660472,0.7883133626261903,0.7120422260888009,0.6297457456291465,0.7677613890612551,0.7334799409120147,0.71293249569277,0.4928138219939605,0.6657627316080978,0.7477571478833293,0.7572662830760791,0.6576907906848637,0.7466553562158286,0.7025973040912136,0.700247410916197,0.5659490095008735,0.7246687510146669,0.8584990164082906,0.6386997225625388,0.6358940437738088,0.6300402909087719,0.6370678618693845,0.7015259251127784,0.577458938238058,0.4380307614231782,-0.7651752964653689,0.16503790203740504,-0.1528796996233392,-0.5436259421416291,-0.19931863774893394,-0.04574676674916137,0.02118734939309006,-0.19000954068838283,0.14086632200171342,-0.014063826232875672,0.463677047607692,-0.7566482854878008,0.07065663104841612,-0.1655065697723995,-0.47981594914135683,-0.18340945483610824,-0.14937258565004374,-0.2510309620524608,0.01430280350676708,0.029376363275106416
0.48883323445427573,0.9108516018962007,0.8767577828212919,0.8679186945129326,0.7848935130499994,0.8832362573470074,0.8869874319458767,0.8748113331775536,0.8322926154979067,0.7957354130726297,0.7104688915401888,0.6803285395358135,0.8697679101166976,0.7513059283930021,0.8947760370201852,0.8356121220081786,0.8153250397141922,0.8989360305119202,0.8319961669922017,1.0,0.8176796254198098,0.8994782405607161,0.9112074190291324,0.801383687232868,0.6467779697750231,0.8555798354948464,0.8865773926512869,0.7567227499395199,0.896225307708486,0.8803881399354754,0.8615637162964936,0.6923511156027425,0.8606526329418915,0.8874812231184938,0.879519357777982,0.8561878373620125,0.8689133202255346,0.8785972852442177,0.8907538629260636,0.7920638265018772,0.8618656549797108,0.8713275366725045,0.7233124783019182,0.7113712228456754,0.8058036216494986,0.733430155307195,0.8423281272030977,0.8175805403612854,0.4533343264952562,-0.913655573510966,0.11669475724995303,-0.08889329137487824,-0.5628320055344713,-0.288929316877355,-0.044003513046796616,0.10150414034009905,-0.17476588586495748,0.19041531555524394,0.00704376734959242,0.651194124696562,-0.8802269987041619,0.13795162471659028,-0.06560410814933046,-0.5734217086266995,-0.2613834216898256,-0.1632457922652102,-0.26314831331842964,-0.027610157002935554,0.12977707669498276
0.5145499703781149,0.8661697431108011,0.8697240721243054,0.8979042421816308,0.8161681260015263,0.7546121167456151,0.7982660529606596,0.8621320131033012,0.8203232414488982,0.8128524359784146,0.7866464284412304,0.8640721277906339,0.8963527672250861,0.743475911204669,0.8158454804902042,0.7831189031452891,0.7617340100241025,0.7857724020187508,0.6308880156634137,0.8176796254198098,1.0,0.8530184009985343,0.8395905010894267,0.7581820753654863,0.6482109540170975,0.7414620925861488,0.8504338118460169,0.7740767105280536,0.8449877166752848,0.9049908525989617,0.8948876683192744,0.6561956488679158,0.8498530317126919,0.8565095948050936,0.8406024549550942,0.8452053376364586,0.832108645386362,0.858411272157986,0.8473357215753432,0.8331767177551997,0.7970771123722379,0.7518696832058696,0.6952719057773287,0.5617125730003392,0.7926933229904163,0.6483393850058837,0.7792714694897154,0.8424256556982261,0.35971901341314383,-0.8856119093123772,0.1265727891372742,-0.06668876918224627,-0.5439004660441423,-0.36705790487903767,-0.11917918153662532,0.0524240612234026,-0.12381067866873367,0.20361646871567582,-0.06301294925681242,0.6499013522543506,-0.8547832074410997,0.184407065102012,-0.09770256468774148,-0.5701259653975844,-0.34046273446481995,-0.1345654216196622,-0.2064425207834778,-0.0959720539964469,0.11827439865888277
0.4661168468998478,0.926968817776127,0.8782401009865191,0.8984725502511168,0.8303440979092344,0.8335489908841409,0.9125793518434435,0.9189226001275307,0.8835237452266518,0.8643907429489384,0.8229098512358317,0.7967491661295598,0.9391400405905148,0.7347661209967579,0.8768134769470911,0.9066809490014914,0.8793521861164,0.8943923000494851,0.7413835652959806,0.8994782405607161,0.8530184009985343,1.0,0.922728307847664,0.8404172849140397,0.7432773845777819,0.8622258076418058,0.9133041982050418,0.7520493866250468,0.9028970906193611,0.9153393216102984,0.9476531324095621,0.8108257139705456,0.8981494381028571,0.9168160600165383,0.9233049227636307,0.9424828821255833,0.8996935320958229,0.9352618354530502,0.9491051446233852,0.8331018151440183,0.7708020600338411,0.856050275055056,0.809697918608498,0.6608765905010819,0.8607601807169017,0.7596431988372498,0.8793950347567377,0.8570565038537974,0.43368117388152555,-0.9309859101224668,0.15311159745875003,-0.1094771999609705,-0.6217645925362859,-0.38075207933668354,-0.07894897253418863,0.11479370750166258,-0.05138910074634501,0.3036241070998227,-0.004404209349288956,0.700035699351691,-0.91320125709718,0.1534151982996863,-0.1283850368215796,-0.6585053183010536,-0.3581326656981639,-0.20949375694091782,-0.12205773190790348,-0.027993905845841324,0.130333624352356
0.37334063094526654,0.8948144795550284,0.8508701155075723,0.8504372020834724,0.788136134814684,0.8079190730166808,0.8825527668370199,0.8933634830970371,0.8404708524917657,0.8255446929868416,0.7440561058255684,0.7532018994579469,0.9007295596244075,0.7180697335455918,0.856600437933302,0.8886195440109886,0.8383535776166332,0.8846662348559045,0.76947353471978,0.9112074190291324,0.8395905010894267,0.922728307847664,1.0,0.8066431698755651,0.6566664566983683,0.8632833317789491,0.8965928300575968,0.7140835103406841,0.8681874595984782,0.8854766373842641,0.8984288550509906,0.6994220883556872,0.879259325950118,0.881862889812501,0.8901462088140738,0.8882074352726503,0.8619071995550134,0.9099773869913953,0.9250571848419736,0.8738710544273365,0.7897298132707784,0.8555326120046398,0.7552648926966898,0.689523543295481,0.8086633442192971,0.7311210712649331,0.847151458400752,0.9043882789279498,0.34014939403833605,-0.9155983126439023,0.10490423867808929,-0.03635770698222254,-0.5874390004842416,-0.3006956692085829,-0.07201356672502121,0.2004872036801623,-0.058422328288888055,0.3273604896321389,-0.03565886038512765,0.7170969298714213,-0.8623400877059084,0.17244280685449828,-0.03151482615597883,-0.6314592764961086,-0.2628113257559921,-0.23310190094627467,-0.12931148987365718,0.0029971185444868055,0.11215544209472375
0.3834290776999602,0.8128703483289947,0.7688327487390706,0.7960682061403541,0.7821351896344023,0.7152870342287344,0.779796178707899,0.816106779799998,0.7837256852886589,0.7798520037136807,0.6496204622746219,0.6574652874482878,0.8140090152562514,0.6487269420001084,0.7770684730121202,0.7773777570480096,0.7312214811636328,0.7311538129491912,0.5661505224697717,0.801383687232868,0.7581820753654863,0.8404172849140397,0.8066431698755651,1.0,0.6374141049726524,0.7376862841917166,0.8196016197241197,0.6868605223918872,0.794912482981165,0.8070851909534693,0.8241510644662298,0.8453084244771706,0.8281647771982881,0.7887448003842285,0.8002071014178178,0.8904115616434095,0.7538753517243888,0.840333051862977,0.8660283294226467,0.8539795233907801,0.7278802862568082,0.7236882861428269,0.6828855793046797,0.6480582482033227,0.8273298883940691,0.7373069790256893,0.8006520510627276,0.8750826328307858,0.33808061480643986,-0.8196186479223994,0.057065230231166386,0.04945862456056508,-0.5000806631911456,-0.30007749106928117,-0.015275557283054502,0.17986695698651461,-0.08034633919493286,0.20846777931441343,-0.02775729932613226,0.6384579355804696,-0.7840503239595012,0.1532152925430069,0.08537918874792377,-0.5379601620455163,-0.2413379507427714,-0.1677995576637732,-0.1526962931865412,-0.06626513748188927,0.09303376392722414
0.667346115364698,0.8099491885903967,0.7835133164726282,0.7713215305739505,0.7252567426840706,0.6944068415780748,0.7870471035703419,0.7901547836699229,0.7423459629332277,0.6923226944900515,0.8339640540635189,0.662716781548204,0.6994873688162406,0.6916091381539825,0.8012421773907653,0.6376516885975668,0.7802988127440257,0.6946630485171988,0.5547981442660472,0.6467779697750231,0.6482109540170975,0.7432773845777819,0.6566664566983683,0.6374141049726524,1.0,0.7060166992978327,0.7966459248279044,0.6821773659156763,0.8172292944496968,0.7973695295056414,0.7680336631100959,0.5845715066419824,0.8055807055594347,0.805552280476677,0.7945826497085906,0.7737053065896894,0.8331893737180118,0.8129617147480585,0.755024021355258,0.6448663103880535,0.5239702486045232,0.7043286638317724,0.7137583620773776,0.6069539394562188,0.723053610154814,0.6186981347154961,0.7528415216508556,0.6446367914537914,0.5479055444078179,-0.7940464330304517,0.10346458469158547,-0.23185167713063734,-0.5786579230952106,-0.4327976439573957,-0.19806102894200198,-0.19862699248001672,-0.1073774546076585,0.1310710242835425,0.16194716153676406,0.6485187210223835,-0.8419847723562855,0.03831309218619599,-0.3077334652895487,-0.580869802241337,-0.40448915185144174,-0.19421674492064098,-0.166285959859514,-0.030620619740493224,0.22419369097817066
0.4565533850894022,0.892033721767199,0.8658520823666671,0.8299767012479792,0.7835476587838862,0.7887768380417512,0.9410966688676,0.8577370500105557,0.837317831183947,0.8412781952421537,0.7408105403050695,0.6731367435569422,0.8212436899112758,0.6509491711335191,0.8548734947493094,0.8201712162643497,0.912090069239362,0.922480402618983,0.7883133626261903,0.8555798354948464,0.7414620925861488,0.8622258076418058,0.8632833317789491,0.7376862841917166,0.7060166992978327,1.0,0.8604796988724658,0.7174437268800327,0.8777630801725546,0.8393510873645398,0.8486922339858561,0.7100076654319318,0.8238808976745061,0.8728540465931072,0.8719532913110944,0.8508874818827759,0.8502512033883082,0.8727679207703454,0.8517126912398033,0.7538074850231088,0.7896139836856615,0.9182425001816806,0.8435319742814583,0.7200394427468438,0.8101925470473976,0.7764544010630459,0.8014836640106795,0.7548331418311561,0.42215659167104497,-0.895122350298625,0.12958330510560845,-0.12505918563268553,-0.6190890626546851,-0.3111317280108323,-0.11859578859812153,0.054176470558487705,-0.10815236614413061,0.2578608460046879,-0.04107718026371957,0.6871549778344178,-0.8588876904454396,0.1841082309583913,-0.132572469371191,-0.6061441756405749,-0.23589489202459782,-0.22459861695408068,-0.13442330006919342,-0.05819532849937965,0.07547908337635806
0.5086519866507083,0.941359485789983,0.9074334920522745,0.9110037077230436,0.8444265001035786,0.8299328512647672,0.9151650659884966,0.9533723116773999,0.8727122208018729,0.8537221243975106,0.8239183476773099,0.7685676819155641,0.9089105241488079,0.8341082559307239,0.911137539647131,0.8482224530333274,0.865106627491286,0.8758828075688277,0.7120422260888009,0.8865773926512869,0.8504338118460169,0.9133041982050418,0.8965928300575968,0.8196016197241197,0.7966459248279044,0.8604796988724658,1.0,0.7662880701998345,0.9260188564864206,0.9073011519989196,0.9061338073355336,0.7311346039174856,0.9613148566642641,0.9315985714286539,0.9297721675196906,0.9246750353546388,0.9322025774402842,0.9463904921379287,0.9255295384909358,0.8342849605032688,0.7730304057795812,0.8641267898795894,0.7809381189087752,0.7096407993857027,0.8595632589388532,0.721263624699525,0.8741756277279367,0.8526679177343475,0.524617524039054,-0.9545432869798713,0.11712267258183458,-0.1541533234068179,-0.65430619770712,-0.42284389014431284,-0.16023030297586346,0.021937549468013295,-0.10557804325104729,0.2140804972361947,0.16226059124468692,0.7594862066989054,-0.9389549724379201,0.12837953706364102,-0.18483699564757003,-0.7061317923580591,-0.40418520329208313,-0.24265783009156716,-0.2203989187845033,-0.1020182818639534,0.28849533730940913
0.7917829230013558,0.8464254683375227,0.8926901266038341,0.8616592673427891,0.7465763938700811,0.8039302925375432,0.7686933422693771,0.7837865627436689,0.7717472032399871,0.6694044360509152,0.7288916953704695,0.7333516625194979,0.7140739329027229,0.6782977476430897,0.8301566701924149,0.6475408219492936,0.7179518102398155,0.7296734598459361,0.6297457456291465,0.7567227499395199,0.7740767105280536,0.7520493866250468,0.7140835103406841,0.6868605223918872,0.6821773659156763,0.7174437268800327,0.7662880701998345,1.0,0.8738652694237239,0.8608863087282066,0.8138439096362347,0.5431321196858431,0.7821194572552868,0.8174919123824183,0.78509659787647,0.7499322905766086,0.7835888702101622,0.7773298592698743,0.7590526694137142,0.7092532118074366,0.8084380698995828,0.735999815447536,0.625523707733937,0.5709418462601303,0.7668086960624313,0.618808196228541,0.7366145398702518,0.7069915059591102,0.43816705226997643,-0.8268707264759121,0.12671995040293468,-0.004187592262276223,-0.3939805985291331,-0.255134459837016,-0.1253267661247513,-0.08074933815005128,-0.32747974318802076,0.048305288688039356,-0.10479586498614143,0.5569184858408811,-0.8385382358575021,0.08456295065538857,-0.030426773129592053,-0.3795025562797762,-0.2369914867981675,-0.07905078527784905,-0.3631294872403499,-0.14006960581481995,0.0482658927176773
0.6827125662264593,0.9672980102130927,0.9567519972102873,0.9311679862700524,0.8545306146041705,0.8812744211360533,0.9271757856043991,0.9290868026675762,0.8863999781407559,0.8259645708314264,0.8417903155786103,0.7792514868127676,0.8623688718483267,0.7937910045858378,0.9449870171904958,0.8154509837338868,0.877652182404527,0.8950397603892883,0.7677613890612551,0.896225307708486,0.8449877166752848,0.9028970906193611,0.8681874595984782,0.794912482981165,0.8172292944496968,0.8777630801725546,0.9260188564864206,0.8738652694237239,1.0,0.9470901740941206,0.9180832444113073,0.7057608608827318,0.920915653821217,0.9455356916188075,0.9284022376898937,0.8952076745859628,0.9368623552303492,0.9308128248537986,0.911015174184495,0.7947690348370933,0.8327983778602593,0.8874309690436766,0.7918416888147762,0.7178880636175307,0.8650028632862268,0.7452617289692829,0.8624642540442516,0.8107117643231572,0.5286598842863761,-0.9603565537456229,0.14363648376590932,-0.13987676662266715,-0.621505790836661,-0.3915950259886992,-0.14294411256209663,-0.0486545308308408,-0.2237686927671652,0.15612953007341024,0.026597280219654934,0.7298213974376204,-0.9580283804156531,0.11210830590347001,-0.17570391952784986,-0.6017720997168287,-0.36531543239113184,-0.17368019157509182,-0.28005218398345505,-0.05719088281049162,0.14300058396465185
0.6437101416920131,0.9540491377059409,0.9393021233411647,0.9406830388111587,0.8469634234877493,0.8431052717104504,0.8970625236942752,0.9218803774810697,0.8792604492211857,0.8381695574603583,0.8673821882440826,0.8490015127957449,0.9039042947925935,0.7941865582936147,0.9165254555231134,0.8343813812998451,0.8601698903303059,0.8743060983797294,0.7334799409120147,0.8803881399354754,0.9049908525989617,0.9153393216102984,0.8854766373842641,0.8070851909534693,0.7973695295056414,0.8393510873645398,0.9073011519989196,0.8608863087282066,0.9470901740941206,1.0,0.9401827282908543,0.6986090804510382,0.908648012742026,0.9471542691939332,0.9161966442514937,0.9039598977611766,0.9217502426055484,0.9323274336866765,0.9165255365108258,0.8456941185313159,0.8129885626033322,0.849399678431532,0.7734627589177733,0.663050185431546,0.8585461407496694,0.72176026400802,0.8634277456325271,0.8599175399033046,0.4576547299633963,-0.9546907541701133,0.15014710792649802,-0.09004137764528033,-0.6029111671029745,-0.39182668279384564,-0.12292616094908058,0.0002662591547575694,-0.16932211300190847,0.19272688865972418,-0.038362057762962136,0.7242354419883731,-0.9442834610829067,0.1299502350838879,-0.14042820374613452,-0.6093141106460491,-0.36062674155628244,-0.16902435205119037,-0.2348161714555773,-0.045107367350489425,0.11178747263644852
