0,1,2,3,4,5,6,7,8,9,10,11,12,13,14,15,16,17,18,19,20,21,22,23,24,25,26,27,28,29,30,31,32,33,34,35,36,37,38,39,40,41,42,43,44,45,46,47,48,49,50,51,52,53,54,55,56,57,58,59,60,61,62,63,64,65,66,67,68
1.0,0.9278445172277838,0.9553306564072308,0.9281690371529902,0.8810807216063455,0.8658719392269687,0.8915158587320655,0.8977735494627795,0.8966867325769527,0.8635680983618539,0.854938078245611,0.8829616926185967,0.8125280846542352,0.8073343006900838,0.8585734737636781,0.7499545581579632,0.8646438555463343,0.47423754070428603,0.6941686042660777,0.8241126097748845,0.7537145091193496,0.6033175920637392,0.4419579960308319,0.5555576176240578,0.9013469528059442,0.8593209970059187,0.8056194927538223,0.8962314802475123,0.9451230610086937,0.883381468820627,0.7357633488159798,0.7621324175721148,0.923254508993244,0.8552776413130807,0.8796505751311315,0.8182783358626531,0.9091646173273327,0.9062557955255189,0.8221578345962414,0.6905178653669855,0.843223638126983,0.8774194252669083,0.8523305970119515,0.7904545052539885,0.8492698617358897,0.7338759169917244,0.8269440993868332,0.2784219940925686,0.7604596571009807,-0.8801083242260512,0.22192023807758976,-0.45252880297032544,-0.5308525859757536,-0.21111190816667652,-0.06140091536432779,-0.5842287007120552,-0.3537859931575418,0.21642330825561043,0.4563271833660042,0.7048619864889303,-0.9080951952854018,0.1717689613170156,-0.6191012281820102,-0.4332514628362277,-0.2760991674065816,-0.018675521367330507,-0.4237956240317353,0.14621333893561989,0.41435083799934563
0.9278445172277838,1.0,0.9298001610832802,0.9315527988245867,0.8553756147739541,0.8972438065484294,0.9553209923354055,0.9449384258932588,0.9288982362426578,0.9296438231669224,0.9085755489026577,0.8886907177252292,0.887674425906681,0.8905062548164241,0.9435659166351039,0.8732432522172245,0.9428005119552563,0.6756185282288532,0.7719334545031662,0.9012922809273082,0.8232126216873249,0.7607899556066929,0.6254782008403391,0.7124500799548287,0.9240467845608759,0.9326619422872319,0.9115497904165906,0.8627804220256616,0.9637176523324676,0.9507486731354458,0.843581893716531,0.8394543186857905,0.9619972208457421,0.9430053870576995,0.9420917044386096,0.9225304467949018,0.9474960973405598,0.9640566756299529,0.9110967091221183,0.794558692212314,0.8841939752078042,0.9498546001731862,0.9028908887278174,0.8215053361872313,0.8965807689601754,0.7970874407548901,0.8963669722574589,0.4881634138246514,0.7170981773564122,-0.9635516637402919,0.24247159816167851,-0.5398141311399921,-0.6191744944952319,-0.3535716684807072,-0.08390780640614491,-0.5507561788700471,-0.4347568582412591,0.08506472464673212,0.36394789154865903,0.7994920507961676,-0.9620905036738687,0.2310927344777392,-0.6800654036889844,-0.5679859775549982,-0.3763220888014593,-0.049670842430753814,-0.4428204525308369,0.0752969732657802,0.31299438361564996
0.9553306564072308,0.9298001610832802,1.0,0.9544060396374479,0.8919900931968227,0.8792579232289967,0.9105575203530274,0.8916327353113142,0.8977749286473296,0.8632867106349954,0.8584198394215727,0.8582996072485728,0.8054589449665692,0.7939296065422328,0.8575165794066921,0.7853465477332012,0.8887246867767942,0.5182548940998585,0.7522694731269081,0.8476013391810481,0.7571123291141637,0.6365268720461646,0.4738579395228687,0.5573046252355125,0.8845058301416382,0.8890466064335788,0.8144749851335321,0.8670493192292361,0.9376734284177696,0.8875511959198571,0.7466114587457796,0.7556376363643592,0.9094789916556314,0.8570922480759512,0.8712233839319455,0.8263642204026166,0.9086911026364695,0.9113711342612949,0.8457543310072676,0.7066174927829381,0.8453694679034348,0.8879311658472201,0.8601348666435363,0.7856013353036643,0.8500421790613747,0.7290437970550279,0.8261057646121109,0.284438718909977,0.7704347238118929,-0.8878710382554629,0.19913996892012414,-0.47788357400458753,-0.5643715166575692,-0.24461956326135517,-0.0856195843204844,-0.6210764590850745,-0.39188148501506903,0.17798882824261078,0.4414741768172071,0.7193813223519762,-0.9121197729649408,0.13609388223816352,-0.6214579083615951,-0.45983515921599843,-0.3131794750535067,-0.01821372358301398,-0.45029296733364277,0.14138696463222677,0.39170092666122897
0.9281690371529902,0.9315527988245867,0.9544060396374479,1.0,0.8825719450877133,0.8946996671151389,0.9074880085369189,0.8955416781184964,0.8990452658274133,0.871555140557181,0.874708426213272,0.8715136764897159,0.8602740032569854,0.8256316908538179,0.8923936859727339,0.840819431985275,0.897689460683849,0.6001653357240164,0.7474156294385241,0.8761591188020207,0.8084867712513765,0.7147198015205193,0.5616420922595503,0.5890585445182871,0.8811828560658593,0.8769684933966064,0.8465212610666096,0.8091474915518507,0.9189572315690558,0.9089832789436567,0.7866030941960926,0.7418827917406873,0.9145807401029162,0.8870859461856136,0.8856297479782461,0.8513047976945259,0.9138441717795479,0.9236118566134253,0.8736803305866193,0.7445936024348482,0.8201997177120839,0.8817228859125218,0.8386937633886833,0.7699222976344529,0.8627293750020608,0.7255549039346041,0.8521847526384598,0.3802944075128087,0.7267260145085804,-0.9139337204341932,0.2058624800416794,-0.5511114292297805,-0.596404232839224,-0.3374179827498055,-0.11639222873932306,-0.62457523324787,-0.44432408259466594,0.09657644338224074,0.36196441348800446,0.7337927461285034,-0.9257926065462477,0.1759349495375458,-0.6695153589588726,-0.5173003513825486,-0.3795604368995686,-0.07116784023408354,-0.4857483263355046,0.08300046089475069,0.3273183611841586
0.8810807216063455,0.8553756147739541,0.8919900931968227,0.8825719450877133,1.0,0.8625592393030403,0.8132676265632883,0.8204288732119066,0.8693176278236096,0.8231219866067905,0.8025261916867032,0.8021870738939223,0.7471000394745648,0.6932643586087889,0.7689428426405807,0.7062158154048375,0.795138993116836,0.4125554459138029,0.6796033065610904,0.7869901375717013,0.7579298562018684,0.5544932564240396,0.43449196833630443,0.4532946772154272,0.8148210379550195,0.7637832981516697,0.7117514482438331,0.7776009432211809,0.8552021290964409,0.7861815547520112,0.6570387322286579,0.6664956686770253,0.8582743354819058,0.7696024642987799,0.8083142382497605,0.7211667811185528,0.8216783196921312,0.8297364297889837,0.7682371651280945,0.6527231129114079,0.7613596848057053,0.8237272106758902,0.7736858332951151,0.7062706024534501,0.7651962080539292,0.6457331529116325,0.7370592845359696,0.20061945647395465,0.6821431584613014,-0.814400950639819,0.24985696567686186,-0.4012193710411702,-0.5076796939774573,-0.20859826250495134,-0.06254480376638272,-0.5057054578090534,-0.40446394229004157,0.21606914683670472,0.4123278652478445,0.6267056144028301,-0.8299453579052148,0.1579131313540186,-0.5604414102414653,-0.3773654375173959,-0.25370809268223826,-0.02312774076845279,-0.4826000611448393,0.136215867165466,0.3764816471124954
0.8658719392269687,0.8972438065484294,0.8792579232289967,0.8946996671151389,0.8625592393030403,1.0,0.8618096702633439,0.8346896274367729,0.896174018124604,0.846223189786373,0.7913170837832395,0.7682995268285165,0.7702551456012122,0.7617009127276818,0.8447003090016314,0.8164435116400097,0.8377939199577347,0.5949857236691102,0.8372704103262704,0.8894184087487952,0.734048375739556,0.6752268814316733,0.5677698403748271,0.5931598014305116,0.8080917737028958,0.8284569925827882,0.7804666489323044,0.7515942913189174,0.8817493419472215,0.8331850264933007,0.6951594613646305,0.7119309585809094,0.874257590454843,0.832133366054488,0.8287847201607532,0.7893697086544235,0.8780140599788847,0.8701861358903551,0.8433131094322465,0.7082671612912428,0.8349833259942245,0.8688480266951805,0.7841373334896097,0.7294516747737607,0.7893703796472274,0.6913155162970976,0.7847497086771296,0.3610396699966878,0.6975167519892888,-0.8630781343429177,0.23365681427479165,-0.47401270059172546,-0.5305922116450387,-0.2953448361970759,-0.09068754484086407,-0.5065049709273479,-0.4689231886957931,0.14167544006427227,0.33071890569251977,0.6567539656229793,-0.865346666157278,0.1642988068723815,-0.5796245718030351,-0.4812402529271615,-0.33319279370987726,-0.02786129133390432,-0.5234212928934051,0.09471062597843781,0.31652465050075934
0.8915158587320655,0.9553209923354055,0.9105575203530274,0.9074880085369189,0.8132676265632883,0.8618096702633439,1.0,0.9253245674306777,0.8933208215415535,0.9212685782907275,0.8936333961561438,0.8485329268597788,0.8654260580741429,0.8878045294689988,0.9308720122880492,0.8668919082624903,0.966732192618346,0.733482094339229,0.7702044004763622,0.8892084843059644,0.8065379790528695,0.7913258071197662,0.6419338931370114,0.74191417218643,0.9043480052946665,0.9583721872634081,0.919427965328954,0.836853257321174,0.943934687393825,0.940037165054406,0.8452827885275042,0.8546185116036904,0.9345423088839343,0.9406272471909386,0.9287651852206099,0.9207306076420779,0.9220121771314175,0.946701317267655,0.9069206498400486,0.789170209348449,0.847883341626617,0.9542698093371509,0.912205346682891,0.8085354732132904,0.9031435057994744,0.8124113367170547,0.8937777455447627,0.5327943199646372,0.7265929867299596,-0.946077212099817,0.18764207962556154,-0.5417172019975162,-0.6172049715857375,-0.36195529239327734,-0.0816730186169799,-0.52755950340849,-0.4553912151622365,0.03475504716063139,0.33408364269732094,0.7951631372649476,-0.9559515672589065,0.16228456120901272,-0.6768307550612547,-0.5962143528717061,-0.38911962214562845,-0.060698202700031845,-0.4411284129949856,0.07292756198791693,0.27937265295421226
0.8977735494627795,0.9449384258932588,0.8916327353113142,0.8955416781184964,0.8204288732119066,0.8346896274367729,0.9253245674306777,1.0,0.9000993260214935,0.9297000638222119,0.9412542960312645,0.9291885376939614,0.923554496334767,0.9013838393751753,0.9374809126511171,0.8838540266093421,0.919148357642868,0.6702892932808238,0.6878088951809666,0.8533031294575207,0.8460656073821193,0.7843432448221314,0.6616399195295348,0.7490149818321221,0.9290783876257921,0.8985317289154153,0.9253425165532522,0.8518710946673878,0.9332822450672486,0.9439112684534756,0.8701773814837711,0.8470831501385601,0.9599728962415797,0.9447572668534763,0.9269337137752581,0.9282794842406771,0.9349715380389008,0.9608762253484671,0.9121818619140833,0.8155874780797193,0.8078661914271134,0.9112678395703477,0.9064927925274102,0.8756898322968827,0.9320441447196629,0.7902859645607014,0.9233070090448177,0.5480018811989843,0.6492384297565635,-0.9504702875290966,0.1735630999365864,-0.5545559173884586,-0.6277429191518179,-0.35392861338938525,-0.08900707412658695,-0.5739193716668926,-0.39185978443243574,0.13095267912240527,0.3850393720762876,0.7590407299038193,-0.9552062113964312,0.22162303666579736,-0.702609282940014,-0.583410256323155,-0.37603421818282307,-0.08931947203734687,-0.3541683358391667,0.19126910288497617,0.3329906021870942
0.8966867325769527,0.9288982362426578,0.8977749286473296,0.8990452658274133,0.8693176278236096,0.896174018124604,0.8933208215415535,0.9000993260214935,1.0,0.8956406870304069,0.8508808873659401,0.8463604396487143,0.831968355635133,0.8031284789701624,0.8775090871088873,0.8160870645001876,0.8727137418585015,0.5778500109105724,0.7555912683768716,0.87218614154914,0.8000908739619976,0.6985359972012367,0.5765049170320315,0.6411742293992546,0.8705241353105492,0.8711152415551718,0.8339723177628678,0.8232576136455304,0.9227759111663372,0.876426532456928,0.7722286060897806,0.798195964399926,0.9134817194150168,0.8711105934063457,0.880713168308652,0.8506056021732473,0.8997478941019237,0.9111345288845734,0.8662370551018909,0.7567853540253414,0.8524870939691833,0.8944273960312823,0.8621702902801923,0.8038383080830295,0.8469063475140243,0.7506728328739802,0.8441604609051729,0.3885598670666878,0.6836671470892602,-0.9123407469153794,0.23842525466820366,-0.5125917160822042,-0.5814806040126239,-0.2901056138178795,-0.09112028546757599,-0.5550576630346316,-0.43923829611647125,0.16858750687374416,0.41411164697447594,0.7241667896119117,-0.8998296111041539,0.21210870145134167,-0.5984327900657457,-0.5012360252310594,-0.31233200876313827,-0.025855743540039392,-0.44036349543956005,0.16107971862735646,0.3647221867536178
0.8635680983618539,0.9296438231669224,0.8632867106349954,0.871555140557181,0.8231219866067905,0.846223189786373,0.9212685782907275,0.9297000638222119,0.8956406870304069,1.0,0.8971967101775334,0.8602911306891609,0.8892025212668866,0.8567928794097626,0.9030366898213028,0.8563843226593907,0.9086312931296748,0.6657496339874059,0.6975499086448418,0.8627423789922357,0.8466515777498081,0.7513916022849596,0.6405104865674167,0.7435595347053447,0.8807030944217312,0.8991842188598642,0.8869456770774831,0.8259147450149277,0.9120351905675826,0.9184337986621186,0.8298796739838165,0.8372264385267746,0.9256086147892052,0.9117568008386414,0.9129860428323674,0.899412520135281,0.8992791161698104,0.9268066915924417,0.8864566412023299,0.7958810926932941,0.8199535296858946,0.9221398052356924,0.9146927719982242,0.8425194570146499,0.9043376787802259,0.8489106765259417,0.8721517490731542,0.5220728744059969,0.6500038508971429,-0.9246575536734988,0.23922552547399642,-0.49562834826368185,-0.5872072503016644,-0.3197781435634664,-0.09638204266086671,-0.4779862677792185,-0.42118542759500915,0.09217635386976916,0.36194870597019657,0.7485548655125697,-0.9285418025537278,0.2264227376547187,-0.6446308036549538,-0.5551228975679182,-0.32714839631544046,-0.08040339726418763,-0.39575637492722016,0.13329216905846,0.3232126951289051
0.854938078245611,0.9085755489026577,0.8584198394215727,0.874708426213272,0.8025261916867032,0.7913170837832395,0.8936333961561438,0.9412542960312645,0.8508808873659401,0.8971967101775334,1.0,0.9149910763422987,0.9210326750462317,0.8765996670784263,0.9071781521910552,0.8684746374614977,0.89859020659872,0.673491457773594,0.62796405485327,0.7996742626728046,0.8390389690955562,0.7961773327613716,0.6644816825851221,0.7208012395851897,0.9233687525128064,0.8569877294610104,0.9102113426943159,0.8180192057805331,0.8901233806198059,0.9250377769264515,0.8935567372748707,0.7982040160586867,0.9320684946196655,0.9281820610808086,0.9232073796143675,0.9066765697829632,0.8949463653382056,0.9347455010949945,0.8950321256093934,0.7971684004950227,0.7422528617206018,0.8697681940090926,0.8642895852373674,0.7773566321489487,0.8912021564507735,0.7434975137818385,0.8966922434420758,0.5679251087074467,0.6199377312305231,-0.9200297101484737,0.1812701252026724,-0.5468963293186235,-0.6190817372610103,-0.3588592836069146,-0.1037428956420524,-0.5523744108521664,-0.35200355600326017,0.02795444267965223,0.3183751405808822,0.7433144529582523,-0.935152410509015,0.2400531180977151,-0.6924049734886327,-0.5825935654616821,-0.37490758151144105,-0.07810646348787123,-0.3223816783680859,0.11383238346045724,0.2703358838394971
0.8829616926185967,0.8886907177252292,0.8582996072485728,0.8715136764897159,0.8021870738939223,0.7682995268285165,0.8485329268597788,0.9291885376939614,0.8463604396487143,0.8602911306891609,0.9149910763422987,1.0,0.9074300406672322,0.8696687940592549,0.8924168556266495,0.8136207872093747,0.8462886484542673,0.5633066318053112,0.5670222819096705,0.7596383384762208,0.8337120661767707,0.7104974849322351,0.5948293798854104,0.6425415329055767,0.9167873646599497,0.8097417047690982,0.8646535923321119,0.8369301004269428,0.8841077160458714,0.9050437568064802,0.8345273325107259,0.7603125640683086,0.9268092845415351,0.8980224002531816,0.8866608746345908,0.8654491808517728,0.8852530957173849,0.9154215057035103,0.8499039676604243,0.7638265939230978,0.728468765358006,0.8289954797999457,0.8364513463387689,0.8034998261592541,0.8764790056220728,0.7243151801040636,0.8729832977991611,0.4767130089971433,0.5794289759008553,-0.8965660662213646,0.22241139274086827,-0.5223195053671355,-0.5733167562738887,-0.2905374171132334,-0.08994309871879427,-0.5762426800944563,-0.30667531033262724,0.13270697053112254,0.3622663379555634,0.7265979988745741,-0.9065188631259791,0.25835300820750356,-0.6729321026151293,-0.5174209575325683,-0.31442054070041636,-0.10905634817734457,-0.30499150849831896,0.1297130337930879,0.2927508705819034
0.8125280846542352,0.887674425906681,0.8054589449665692,0.8602740032569854,0.7471000394745648,0.7702551456012122,0.8654260580741429,0.923554496334767,0.831968355635133,0.8892025212668866,0.9210326750462317,0.9074300406672322,1.0,0.8888165750882704,0.9152358163846188,0.8865771129964002,0.8700263719089899,0.7032364810805516,0.5752613443085542,0.8156255078604113,0.8664744001298215,0.8192762805887757,0.6735767151218257,0.7441865298724196,0.8815354770601006,0.8320476555136402,0.9132779111976611,0.7565315940768185,0.8530580983890523,0.9219285856204197,0.8888496253402639,0.7865497383778071,0.9136108660679486,0.9279955107124533,0.8989648213272347,0.9133710271299611,0.8723021083790484,0.9164480483784991,0.85890708274128,0.7890710629361797,0.7278301908555834,0.8501144028350925,0.8390269217854789,0.7937244323701195,0.8931088630884984,0.7647105371010383,0.9040224811728758,0.6194204163783834,0.5445009796771343,-0.9205393049929952,0.22589642911198404,-0.5928966379170034,-0.6138492137450039,-0.39975495115347387,-0.11726858982724528,-0.5390678048246706,-0.3948970469973521,-0.007671038103716388,0.26622058344830896,0.7516657275656964,-0.9184612230764402,0.31516539304839636,-0.7332628371513005,-0.6073296410629911,-0.390624173970178,-0.13961557994452212,-0.3387928909964236,0.08257464353368313,0.2185848442026556
0.8073343006900838,0.8905062548164241,0.7939296065422328,0.8256316908538179,0.6932643586087889,0.7617009127276818,0.8878045294689988,0.9013838393751753,0.8031284789701624,0.8567928794097626,0.8765996670784263,0.8696687940592549,0.8888165750882704,1.0,0.925320639955674,0.8379039638044349,0.8942773447674931,0.7730360667344359,0.6407684729646317,0.8160634027592093,0.8037544450823639,0.8111504388748043,0.7155003179511764,0.75372604032642,0.890588746493638,0.8614974531067233,0.9321299090587336,0.7421571824767164,0.8621690527395596,0.9187219495731701,0.8633163478888567,0.7932287214068946,0.8983551024668028,0.9370029023750542,0.8782518604461409,0.9247912607550927,0.8847865436597011,0.9099224154787485,0.8762724617791551,0.7723269274594844,0.7319402364502938,0.8581505952234584,0.8173956251587643,0.7563367140691754,0.8733231857121541,0.7546626302294375,0.8862111413643133,0.6757704814748523,0.5886629851105549,-0.9174305490936256,0.14552174720090663,-0.589344190708496,-0.619557917611662,-0.4076346240575645,-0.12813288145081708,-0.5025468213611232,-0.3950228784545554,-0.03652682124292417,0.23591449711629897,0.8052730213921225,-0.9121214672814425,0.2152516205195634,-0.7156846262305684,-0.6426689995288557,-0.4164941981137411,-0.13408602632327724,-0.34246003785372675,0.008420329368020448,0.17274387770431185
0.8585734737636781,0.9435659166351039,0.8575165794066921,0.8923936859727339,0.7689428426405807,0.8447003090016314,0.9308720122880492,0.9374809126511171,0.8775090871088873,0.9030366898213028,0.9071781521910552,0.8924168556266495,0.9152358163846188,0.925320639955674,1.0,0.9076192401096265,0.9339551101192588,0.7722464235944901,0.7180088435854217,0.8767119431646625,0.8256647190803509,0.8344231226589764,0.7310478774781414,0.7678545819537205,0.9123132260727226,0.9071195948002295,0.9467040956302948,0.7804851392479005,0.9126780157155874,0.9526394077407995,0.8813613307249833,0.8222935607368935,0.9392513490248142,0.9663791392966048,0.9287738262495498,0.9467894668407121,0.9219665047965343,0.9528283137427871,0.9265660786619496,0.8247962118810955,0.8107640889465981,0.9078124780432583,0.862789781213903,0.8137232200972976,0.8978626159619565,0.7804621047116259,0.9182366841687559,0.6363423765430963,0.6406801188124023,-0.9640514118750635,0.20922963178506235,-0.6155177938704777,-0.6595748476282867,-0.46328014691451613,-0.11424546502003488,-0.5564346961209337,-0.4612133109462255,-0.02810090805032335,0.24804727875329236,0.7937145213719793,-0.9576163798374416,0.26952960041742813,-0.7383851646560344,-0.6596440616087145,-0.4780827979749027,-0.12061392976019805,-0.431063726395544,0.009491098228071582,0.20424208275744565
0.7499545581579632,0.8732432522172245,0.7853465477332012,0.840819431985275,0.7062158154048375,0.8164435116400097,0.8668919082624903,0.8838540266093421,0.8160870645001876,0.8563843226593907,0.8684746374614977,0.8136207872093747,0.8865771129964002,0.8379039638044349,0.9076192401096265,1.0,0.8807077893465405,0.8013711663796758,0.7292042724963329,0.8485836076492733,0.7955253733389432,0.8750465328293622,0.7845856761919198,0.774820258856414,0.8253703921695932,0.8436800806974916,0.9119266269541678,0.6964985018389064,0.8279044740489923,0.8957540250826052,0.8629777372210068,0.7659623629523937,0.8717180974695932,0.9105016535699978,0.8704789917887438,0.8992381629610949,0.8502001359509549,0.9014329009168396,0.9075081339410127,0.8306216193018685,0.7379467356199634,0.8507543375115287,0.8140448814632093,0.767302828112646,0.8500837959563721,0.7201942060637774,0.8735316590426357,0.6708808428655287,0.5375608150987031,-0.9114006538474294,0.19102815271645485,-0.5980339104493011,-0.6562897222632988,-0.4836298579812374,-0.09619563942147015,-0.5307695089458188,-0.45058871255922994,-0.06110436375050816,0.21942863334190366,0.7190195109564474,-0.8937481687594887,0.2538826414142712,-0.6804379317484003,-0.6739324634471302,-0.4773118040719361,-0.13064146044756314,-0.37307941386873406,0.07506299498412757,0.16693229148968022
0.8646438555463343,0.9428005119552563,0.8887246867767942,0.897689460683849,0.795138993116836,0.8377939199577347,0.966732192618346,0.919148357642868,0.8727137418585015,0.9086312931296748,0.89859020659872,0.8462886484542673,0.8700263719089899,0.8942773447674931,0.9339551101192588,0.8807077893465405,1.0,0.7771349135200858,0.7596605513916126,0.8726647045976039,0.8126063110821061,0.8153198295071539,0.6955069944157376,0.7362959281737099,0.9074513452820808,0.9425792769412566,0.9317084872543795,0.7977735625421254,0.9184926241721049,0.9411913509755845,0.8586902390227658,0.8224222148978911,0.9248719563220313,0.9440652491923555,0.9269410702481276,0.9168079045875408,0.9072989052092336,0.9392884458649758,0.9135567334675375,0.7913228349546031,0.8093904738394906,0.9422238361958077,0.8955982459174505,0.7837487849345927,0.8913578655965084,0.7890049093433248,0.8964910534703292,0.5754379292364665,0.6941365749606734,-0.9462823142882958,0.14860565727799904,-0.5780436394387622,-0.6526272614534008,-0.4158546106397273,-0.10134937316852746,-0.5309371215998744,-0.46028902157277035,-0.0263297957960698,0.2866505227381753,0.8028674207547399,-0.952294221767779,0.14995544283110773,-0.7111235964981735,-0.6365577320941579,-0.4349972382801722,-0.08240766438020168,-0.4314847737389525,0.03954129312720141,0.23613088398214288
0.47423754070428603,0.6756185282288532,0.5182548940998585,0.6001653357240164,0.4125554459138029,0.5949857236691102,0.733482094339229,0.6702892932808238,0.5778500109105724,0.6657496339874059,0.673491457773594,0.5633066318053112,0.7032364810805516,0.7730360667344359,0.7722464235944901,0.8013711663796758,0.7771349135200858,1.0,0.6280381599114924,0.7033118526215194,0.650744903650219,0.8838557914486059,0.8507527598861482,0.7566985751728585,0.6319663488885687,0.7216434433924881,0.8274916484795244,0.4235029335139307,0.6019914148015865,0.7411737192663604,0.7630206843873029,0.6350354320870291,0.658710843790788,0.7879354073438019,0.702200249446162,0.7718643004506999,0.6346251946813305,0.701544612656223,0.7681638143057583,0.6972802158510631,0.5301233106175696,0.7027364468081696,0.6130342411229707,0.5140072813655722,0.6719072366043257,0.569021373175924,0.7288184829854145,0.8500461992458107,0.3887094146977502,-0.7526724418066191,0.04482177123501573,-0.634263465683942,-0.6275725895658978,-0.6209468308223746,-0.16032680475978034,-0.3187930256026994,-0.47662812831833684,-0.3567519358854455,-0.06992328500129118,0.6525242257672755,-0.7265272261962992,0.1626007626568203,-0.6496197592428071,-0.7455018133273039,-0.5697291698477268,-0.17365738388993038,-0.3567460645112182,-0.1499529977727051,-0.11074673474834718
0.6941686042660777,0.7719334545031662,0.7522694731269081,0.7474156294385241,0.6796033065610904,0.8372704103262704,0.7702044004763622,0.6878088951809666,0.7555912683768716,0.6975499086448418,0.62796405485327,0.5670222819096705,0.5752613443085542,0.6407684729646317,0.7180088435854217,0.7292042724963329,0.7596605513916126,0.6280381599114924,1.0,0.8100611036048606,0.6076948777770412,0.6165605968685682,0.5753221026024059,0.5005723624995146,0.6385013542054893,0.7687608805340144,0.6727961885079696,0.5677683677228493,0.7494786663732413,0.7059016043510912,0.5801735191109681,0.6197668273956388,0.701668149247523,0.7042040820067659,0.6649086939985761,0.6674588023826085,0.7571368294771884,0.7325256147416396,0.7567197611925921,0.6084372803523398,0.7621731148106237,0.7890443929144061,0.675995101407479,0.6324960118784483,0.6653469491502407,0.5859910226823732,0.6664145787217025,0.331039543192045,0.6371165581437124,-0.7443532439707293,0.06926442465281485,-0.45152081856400295,-0.4886792975226789,-0.3155336114044795,-0.12063746104633048,-0.45634313193347453,-0.48307329757807405,0.12888675592784551,0.24398735243677971,0.5912822656232471,-0.7194063301422166,0.02004297631662463,-0.4789162595912918,-0.468658921325949,-0.3459373988816726,0.0056521353623411145,-0.4804403009975913,0.11255446616360168,0.24276827468632364
0.8241126097748845,0.9012922809273082,0.8476013391810481,0.8761591188020207,0.7869901375717013,0.8894184087487952,0.8892084843059644,0.8533031294575207,0.87218614154914,0.8627423789922357,0.7996742626728046,0.7596383384762208,0.8156255078604113,0.8160634027592093,0.8767119431646625,0.8485836076492733,0.8726647045976039,0.7033118526215194,0.8100611036048606,1.0,0.7926421428191418,0.768872600459734,0.6378680819126628,0.6822363525667489,0.787643806973295,0.8634370387263149,0.8466229956913511,0.7221694928045735,0.8605700986791874,0.8753178323858292,0.7518997364648826,0.7880992321516338,0.8684082633187957,0.8716427303664934,0.8350183371628417,0.850196772095122,0.8662415899436327,0.8774114041643711,0.8540884541543312,0.7653772999547959,0.8583305448931705,0.8810423689541784,0.8086834221336479,0.7690370802983292,0.834412618997682,0.7528050424818603,0.8336251407151497,0.5015535666863421,0.6445558652443375,-0.9036675679211135,0.18665267624710669,-0.5786067200368606,-0.616431465989551,-0.40465722807653187,-0.0985179662383854,-0.528662891022465,-0.5105417388386526,0.03149974831828661,0.2451486405192112,0.7191161153104845,-0.8766841337588932,0.19231116580311078,-0.6321884248151645,-0.5901096485405488,-0.3961209256627052,-0.07504104888309854,-0.5181241522133085,0.05180018686893139,0.21757532146742295
0.7537145091193496,0.8232126216873249,0.7571123291141637,0.8084867712513765,0.7579298562018684,0.734048375739556,0.8065379790528695,0.8460656073821193,0.8000908739619976,0.8466515777498081,0.8390389690955562,0.8337120661767707,0.8664744001298215,0.8037544450823639,0.8256647190803509,0.7955253733389432,0.8126063110821061,0.650744903650219,0.6076948777770412,0.7926421428191418,1.0,0.7664495469816424,0.6122769256806665,0.6615691321105219,0.7886848402770392,0.7741189825281329,0.8306150296080728,0.6914950773390883,0.7903911061633689,0.8476643947418431,0.8298026036640753,0.7846335619050443,0.8342729806513312,0.8480207089780363,0.8151919755418087,0.8066504729221572,0.7897868324895154,0.82860145089559,0.7886364304788986,0.7282006915355548,0.7067241635729399,0.8253739622226615,0.7883441104142452,0.7425668648917738,0.8441732101025852,0.7218928324940703,0.801434009867662,0.5303322466962757,0.5169444677260141,-0.8573041817945446,0.14964703461733225,-0.5612900660598433,-0.6052355258072978,-0.3858123532786939,-0.15521389628660026,-0.4752848303765153,-0.4500502422633761,0.024564775584534605,0.2510294356569533,0.6707806164008305,-0.8363881620802431,0.19655332682219562,-0.6446423020583688,-0.5620836061526556,-0.3427194046389434,-0.15893976218906944,-0.4096362873124813,0.11516641721654886,0.18544261000233575
0.6033175920637392,0.7607899556066929,0.6365268720461646,0.7147198015205193,0.5544932564240396,0.6752268814316733,0.7913258071197662,0.7843432448221314,0.6985359972012367,0.7513916022849596,0.7961773327613716,0.7104974849322351,0.8192762805887757,0.8111504388748043,0.8344231226589764,0.8750465328293622,0.8153198295071539,0.8838557914486059,0.6165605968685682,0.768872600459734,0.7664495469816424,1.0,0.8273628671789155,0.8231170071624663,0.7540523102053868,0.7572449164020558,0.8821250998819391,0.5654424918430269,0.7159942941059024,0.8149074192526091,0.8901848970548072,0.779954603200519,0.771666164087646,0.8588374848787833,0.8031956395398813,0.8550726722458053,0.7327901685229697,0.8084150553052899,0.8436275049590183,0.8281414722791677,0.5911652950904116,0.7654078971629553,0.7068185198564525,0.6387408885481886,0.7819534334212642,0.6325880730860309,0.8280218008736357,0.8160745315098157,0.44403625368695954,-0.8384459410454648,0.08094914788945445,-0.6621095964997391,-0.6873173036965702,-0.5863247764981085,-0.1275153749074437,-0.41601790842524533,-0.46061286715373106,-0.19862940328337594,0.06769257454146838,0.6769733260848,-0.8111363537427226,0.1901084266048404,-0.6935571983619373,-0.7396620912374546,-0.5209474155652485,-0.16322609806456984,-0.359477719186891,0.0073281190486135985,0.01036758244545485
0.4419579960308319,0.6254782008403391,0.4738579395228687,0.5616420922595503,0.43449196833630443,0.5677698403748271,0.6419338931370114,0.6616399195295348,0.5765049170320315,0.6405104865674167,0.6644816825851221,0.5948293798854104,0.6735767151218257,0.7155003179511764,0.7310478774781414,0.7845856761919198,0.6955069944157376,0.8507527598861482,0.5753221026024059,0.6378680819126628,0.6122769256806665,0.8273628671789155,1.0,0.6747362412856405,0.6117615535394134,0.6173505463926054,0.7600947905724488,0.35716083060425835,0.5436088050307889,0.6811024178898395,0.6806155480316879,0.5136342931578846,0.6388511014693382,0.7289987890382407,0.635120630490481,0.7149394071302093,0.6041403261883638,0.6720380212153172,0.800565685436456,0.7683707587990395,0.47739821490015016,0.6137484661485391,0.5598174921477849,0.5326901343251802,0.636534129469964,0.4913249147841065,0.7001882000761609,0.8313462605351142,0.28338677650134964,-0.7167465831559261,-0.004308723802079346,-0.6210410663771029,-0.6118725954408305,-0.5449057923608104,-0.16573712556075323,-0.4066281663684014,-0.42357587193390295,-0.20557718229253336,-0.04358273535863558,0.566054838762812,-0.6665565722245842,0.16930066850134112,-0.5950212123841853,-0.6719351447209572,-0.49596493868756936,-0.178925642001735,-0.26784205213814927,-0.03251257512263117,-0.11920184222847138
0.5555576176240578,0.7124500799548287,0.5573046252355125,0.5890585445182871,0.4532946772154272,0.5931598014305116,0.74191417218643,0.7490149818321221,0.6411742293992546,0.7435595347053447,0.7208012395851897,0.6425415329055767,0.7441865298724196,0.75372604032642,0.7678545819537205,0.774820258856414,0.7362959281737099,0.7566985751728585,0.5005723624995146,0.6822363525667489,0.6615691321105219,0.8231170071624663,0.6747362412856405,1.0,0.6825501051616853,0.7411974198422783,0.808876615418895,0.6258938173357133,0.6890863401412519,0.7568057860924813,0.7978085332140618,0.8381625030807728,0.7214703342579213,0.7873144782693335,0.7386988061038469,0.8437578231475242,0.6835381569342732,0.7440199494445544,0.7550944912104715,0.8000116095727172,0.6264533565942764,0.7218023835534558,0.7288067899609819,0.6716121576378988,0.7458348885404839,0.6961167889077393,0.7239630364870692,0.7908145027797845,0.37308436764161534,-0.7618847529926752,0.1266070996805319,-0.45357191910261285,-0.5207318455092591,-0.4181223063914816,-0.05527647009543003,-0.32249294719059424,-0.32983745115829144,-0.135183527711399,0.16775855492359837,0.6081041949936343,-0.7388404236742967,0.2053798799171395,-0.524472148918092,-0.5824440114551398,-0.34649036335329,-0.10819735577419974,-0.2232677594454407,0.06015626380393396,0.1147137077930798
0.9013469528059442,0.9240467845608759,0.8845058301416382,0.8811828560658593,0.8148210379550195,0.8080917737028958,0.9043480052946665,0.9290783876257921,0.8705241353105492,0.8807030944217312,0.9233687525128064,0.9167873646599497,0.8815354770601006,0.890588746493638,0.9123132260727226,0.8253703921695932,0.9074513452820808,0.6319663488885687,0.6385013542054893,0.787643806973295,0.7886848402770392,0.7540523102053868,0.6117615535394134,0.6825501051616853,1.0,0.8659987249524068,0.906774411272229,0.8487174424094489,0.9239624318022258,0.9169014940481598,0.8630857368665806,0.800707172954811,0.9453982227974789,0.9225253834842493,0.9355773444668812,0.9017396154439152,0.9019027214555299,0.9398774101447976,0.8879290198415618,0.770901570878287,0.7549909934708527,0.8867382792422908,0.8705647497797842,0.786187458884717,0.8790014217094274,0.753354424399783,0.8927757723463299,0.5058135815121508,0.6593790076173152,-0.9214644621558334,0.18387378375511662,-0.5384864781267241,-0.620034280058001,-0.3412702206743006,-0.08973221990907643,-0.5466837475880333,-0.34725512085765353,0.07485227377873808,0.35114169724644806,0.7826681386155271,-0.9381623581336039,0.20688569236835067,-0.7044499298748269,-0.5790408980751215,-0.3867061237571907,-0.08118096816658975,-0.3451160490895373,0.09296403172717255,0.2996595494326689
0.8593209970059187,0.9326619422872319,0.8890466064335788,0.8769684933966064,0.7637832981516697,0.8284569925827882,0.9583721872634081,0.8985317289154153,0.8711152415551718,0.8991842188598642,0.8569877294610104,0.8097417047690982,0.8320476555136402,0.8614974531067233,0.9071195948002295,0.8436800806974916,0.9425792769412566,0.7216434433924881,0.7687608805340144,0.8634370387263149,0.7741189825281329,0.7572449164020558,0.6173505463926054,0.7411974198422783,0.8659987249524068,1.0,0.897784339155402,0.8215883527839576,0.9208225261999151,0.9175336022918855,0.8243571051060467,0.8416925329845665,0.8968716784272027,0.9116397817098296,0.8907595928215065,0.9077428629976239,0.8983503758529954,0.9176150529671598,0.8862563191556495,0.7765522349492212,0.8563410731636252,0.9370588591168082,0.9093116764034642,0.8028502711728736,0.88302448519607,0.8093824436424308,0.8606045561736898,0.5280006626801647,0.7020428342267483,-0.9230384889723707,0.18277117360584932,-0.5165562670912655,-0.5876079149386705,-0.32262203189212385,-0.11560864671370946,-0.5352317998225682,-0.46305913697859635,0.02455227616197138,0.3474293106454713,0.797094377799176,-0.9253461446615946,0.16206145986439582,-0.6438921479179244,-0.5667093711241655,-0.3554178738151263,-0.06639735763813213,-0.4125392254976618,0.07673592377927115,0.2829410320936748
0.8056194927538223,0.9115497904165906,0.8144749851335321,0.8465212610666096,0.7117514482438331,0.7804666489323044,0.919427965328954,0.9253425165532522,0.8339723177628678,0.8869456770774831,0.9102113426943159,0.8646535923321119,0.9132779111976611,0.9321299090587336,0.9467040956302948,0.9119266269541678,0.9317084872543795,0.8274916484795244,0.6727961885079696,0.8466229956913511,0.8306150296080728,0.8821250998819391,0.7600947905724488,0.808876615418895,0.906774411272229,0.897784339155402,1.0,0.7695771338462137,0.8784459458045156,0.9409311904277634,0.9150187657928243,0.8364161894558241,0.9159831573378074,0.9601618093217785,0.9207259235537485,0.9527827030021567,0.8774011476473181,0.9357074391911125,0.9152698321951269,0.8254490748108804,0.7554021504189292,0.8945288102833743,0.8599028265833173,0.7875918718394488,0.8987989074614302,0.7700382837212472,0.9225542105728445,0.7133946985075872,0.598725736892626,-0.9487157463935758,0.16563174210396,-0.636855165617336,-0.6966840958041195,-0.49257170741725304,-0.12172506266154122,-0.5326343965435524,-0.45320318124303893,-0.0791903228060552,0.22919945778873066,0.8105001402298485,-0.942216652179729,0.2559905717549451,-0.7464244334657069,-0.7096226587939121,-0.4931575793395956,-0.15881892538969508,-0.3789001561719676,0.044449385745157936,0.17140768548847723
0.8962314802475123,0.8627804220256616,0.8670493192292361,0.8091474915518507,0.7776009432211809,0.7515942913189174,0.836853257321174,0.8518710946673878,0.8232576136455304,0.8259147450149277,0.8180192057805331,0.8369301004269428,0.7565315940768185,0.7421571824767164,0.7804851392479005,0.6964985018389064,0.7977735625421254,0.4235029335139307,0.5677683677228493,0.7221694928045735,0.6914950773390883,0.5654424918430269,0.35716083060425835,0.6258938173357133,0.8487174424094489,0.8215883527839576,0.7695771338462137,1.0,0.9012502788239041,0.8371011694313069,0.7354010342317161,0.7963366331560785,0.8741289407730591,0.7965254372603808,0.8548299086170666,0.7956203053115661,0.8284743008221804,0.846410021300563,0.7493694105898946,0.6741227181688161,0.8052710747346826,0.8273632070755383,0.8500594697926017,0.7508515445168746,0.8071805913075742,0.7414426996873043,0.7666375965159904,0.29410585182565036,0.6465547894412033,-0.8153455601359962,0.28780094442695725,-0.2909032162907304,-0.43235554261283893,-0.13409312062070528,0.0019632627268415413,-0.45270976771933436,-0.21748270782063614,0.20058882288330596,0.5060212633474159,0.680705460410434,-0.8417750324297903,0.2250122290801362,-0.5022631915317156,-0.34787316663000867,-0.16436792087639865,0.011316960633846122,-0.24571879845980085,0.1840393718848315,0.4535610124324852
0.9451230610086937,0.9637176523324676,0.9376734284177696,0.9189572315690558,0.8552021290964409,0.8817493419472215,0.943934687393825,0.9332822450672486,0.9227759111663372,0.9120351905675826,0.8901233806198059,0.8841077160458714,0.8530580983890523,0.8621690527395596,0.9126780157155874,0.8279044740489923,0.9184926241721049,0.6019914148015865,0.7494786663732413,0.8605700986791874,0.7903911061633689,0.7159942941059024,0.5436088050307889,0.6890863401412519,0.9239624318022258,0.9208225261999151,0.8784459458045156,0.9012502788239041,1.0,0.925162078337479,0.8236331891656626,0.851706186796226,0.9508919921696161,0.9154461974231204,0.9308613040230337,0.8987995660995033,0.9381899393605088,0.949458565954441,0.8789316591574429,0.7608019460688242,0.8640202464654373,0.9339875120685031,0.9057025282984046,0.8264090072253072,0.8948613435663862,0.7915687801327772,0.8807586804077575,0.4178801443914214,0.743790116033213,-0.9342445782056413,0.2394442527144442,-0.4884895384766185,-0.5756221317714707,-0.28698869843458186,-0.06575393371669672,-0.5454944066120513,-0.3988722570384242,0.15405772398729844,0.4388172091737779,0.7741679681480856,-0.9468534938868014,0.19969164780575493,-0.6501297854547486,-0.5095274982778542,-0.3229081222942473,-0.03624828213084049,-0.4135066534967484,0.1367708083330617,0.3846951693876105
0.883381468820627,0.9507486731354458,0.8875511959198571,0.9089832789436567,0.7861815547520112,0.8331850264933007,0.940037165054406,0.9439112684534756,0.876426532456928,0.9184337986621186,0.9250377769264515,0.9050437568064802,0.9219285856204197,0.9187219495731701,0.9526394077407995,0.8957540250826052,0.9411913509755845,0.7411737192663604,0.7059016043510912,0.8753178323858292,0.8476643947418431,0.8149074192526091,0.6811024178898395,0.7568057860924813,0.9169014940481598,0.9175336022918855,0.9409311904277634,0.8371011694313069,0.925162078337479,1.0,0.8877029972596878,0.8351978708358906,0.9471925665645783,0.9598976590222695,0.9366974878474402,0.9421783117015065,0.9224118897477193,0.956664518282937,0.9141168599150942,0.8178158226012461,0.830599716270649,0.917256265926811,0.8914583648052051,0.7999365180054319,0.9083733316631396,0.7916080202653515,0.9062334900168254,0.5975192878729968,0.6557085350911374,-0.9600560671020656,0.21924831561486727,-0.5821022173163443,-0.6349521972886628,-0.40653132423484406,-0.1016799745832434,-0.5500369232404513,-0.4087617067800243,-0.008672106740265173,0.29192641627146876,0.796366511569506,-0.961122485170191,0.2526711121793045,-0.7084677589998228,-0.615150501002649,-0.4215614269653633,-0.10404810877842782,-0.38496225199506334,0.036282024786631485,0.23847214626220925
