0,1,2,3,4,5,6,7,8,9,10,11,12,13,14,15,16,17,18,19,20,21,22,23,24,25,26,27,28,29,30,31,32,33,34,35,36,37,38,39,40,41,42,43,44,45,46,47,48,49,50,51,52,53,54,55,56,57,58,59,60,61,62,63,64,65,66,67,68
1.0,0.9059528957779119,0.8762075768087585,0.8937793713622402,0.8626287964009165,0.8287365731051362,0.8452615574985228,0.8610176710798406,0.8264784945765653,0.7834609745978274,0.8083992454162758,0.8666679958182127,0.8414847025714149,0.6339132168424205,0.899946840274013,0.7958922667691846,0.8256053920414931,0.5264932236978072,0.6054318337862575,0.8124815665839497,0.8287330914862765,0.7121404745910679,0.5974867106602799,0.5979910968369425,0.8818544325939179,0.702558353325326,0.8592230303616151,0.9240697177465212,0.9063137524282773,0.891332527745511,0.780576468054116,0.4883441715270973,0.917097586894268,0.8507747613740206,0.8645081216233927,0.7890883072319249,0.8078769933705656,0.8950418048316672,0.8163334242552169,0.679173655986234,0.7216279681431308,0.7965024734509689,0.806238316442254,0.6233407276083247,0.7271413408901554,0.5947944141017052,0.6619727461970059,0.49500098690382943,0.4819570424957678,-0.9015980514289857,0.35492033442685644,-0.4090430168320284,-0.3544849005422894,-0.22837310094996321,-0.1173971674371155,-0.3434182337818361,-0.22756327401450022,0.0894426477648042,0.18692672525379786,0.6369151068112552,-0.8974046491927821,0.3340022754992027,-0.4137996208221514,-0.3886913742020166,-0.21662033387311178,0.13602610943045992,-0.2190629678371578,0.09194301308673362,0.25550830851372625
0.9059528957779119,1.0,0.9036883303299454,0.8790971196981398,0.8535149568643452,0.8556992725248426,0.9164539268225307,0.9229635784404934,0.8668272240773809,0.8264750567963624,0.8793285803861328,0.7822993756569236,0.8603786348636374,0.716799422917215,0.8920385513336525,0.8480124880703888,0.8865555578623348,0.632072718923484,0.7105548263849878,0.8507661068320689,0.8138666009296978,0.7769351631736761,0.6801923024148269,0.6282374985453055,0.8621516340352617,0.8020001874945648,0.8853604488412647,0.885753625298286,0.9548952063771878,0.8870484934413039,0.8419685876613631,0.5376649365012034,0.9361947511816593,0.9215679123924667,0.8867972666535121,0.8273096497660326,0.9065987902727911,0.9279782804522767,0.8736129365953414,0.68931491987696,0.8160107308301312,0.912345075885477,0.8793941330848077,0.6671674949271889,0.7497278120398334,0.6095535291892894,0.6645834990303928,0.4890668456497464,0.6086346975324561,-0.9273528256749359,0.3709197929640153,-0.3579604416921098,-0.4299855510788722,-0.19954798968057477,-0.09598715795685912,-0.2004011625871022,-0.18527031431215935,0.14159139528062142,0.16888071756115813,0.5924757268751228,-0.9546952411758833,0.36748918747890597,-0.3714979381822636,-0.4818578316396606,-0.257132056111964,0.15185655405339776,-0.2660109938569053,0.19520436553713638,0.2537740957748033
0.8762075768087585,0.9036883303299454,1.0,0.9240710117732934,0.8452317851130944,0.8023831155622493,0.9284883685054751,0.8965357326394248,0.8564509173651146,0.821050091454872,0.882024945975646,0.798961440072329,0.8620384542694451,0.7213763097098462,0.8780694246291889,0.7950209153253374,0.9048485309100314,0.7264838221545511,0.6922769585851568,0.8812330302289921,0.8471302687017122,0.8393786777240759,0.6964854383614855,0.6408662323434402,0.8486733955978206,0.8314715194262349,0.9009929106200517,0.8692916961824285,0.9169092351292484,0.8961408141734352,0.8730556734983139,0.5584606349495328,0.9035073823937549,0.8943609071120654,0.8704816541391303,0.8093164258882155,0.8566051677654358,0.9156166152241497,0.8645433422556285,0.6939743066435549,0.7297160007046175,0.8047824207164235,0.840445480696922,0.6244665009042731,0.7423608361778478,0.5666690853718229,0.6442916263786382,0.538832652750828,0.6287684942675716,-0.9260965135221525,0.3440674058570124,-0.461046394373777,-0.4547362044317769,-0.31436693267763366,-0.11822144911356987,-0.2704628779740767,-0.2603002679803118,0.06529346282251398,0.06973084455761142,0.639226073593321,-0.9385615948318409,0.386302799018537,-0.47157586325890516,-0.4712818152136508,-0.3064634251805424,0.15042386372771002,-0.33771515300078253,0.14437015635348396,0.1183577005223317
0.8937793713622402,0.8790971196981398,0.9240710117732934,1.0,0.8346767650439649,0.764273323976058,0.9091468865983813,0.8792151076642405,0.8479768603524956,0.8276872576237091,0.8564373316450085,0.842119808709132,0.8626895107370175,0.6323743911753796,0.8974883018832698,0.8584304304486131,0.9015017098635656,0.6542942134280327,0.6194061528736923,0.8724053329290413,0.8694600428724248,0.855558183814565,0.6686358301386225,0.6279775339902723,0.8511808495562728,0.751667222739759,0.8916855560551884,0.8674087682006018,0.8854949989771104,0.9167193643767321,0.8766325198380879,0.5401209288817835,0.8750498846516237,0.877392861120569,0.9037187576699475,0.7948007062781461,0.8277899172344643,0.9117493902254837,0.8587391005357368,0.696003068933582,0.6496947117731976,0.7699359280372898,0.8044152305030196,0.6188928990225278,0.7621446648262742,0.6028253541998279,0.653266352610174,0.5440061369933823,0.556149149062524,-0.9382996655992897,0.3045231873392441,-0.5219572638090708,-0.4773444527760206,-0.35599718622509174,-0.14159324612786456,-0.3471646909570629,-0.2810276039543156,0.0885977730006754,0.0751725858452443,0.6602092416018366,-0.9179513692133779,0.3357793290717244,-0.5228540260094637,-0.48314419786471924,-0.3135358528193262,0.08945417559348047,-0.24585615043340325,0.11472482992786609,0.1248342165490951
0.8626287964009165,0.8535149568643452,0.8452317851130944,0.8346767650439649,1.0,0.7696585622210542,0.8065546604745515,0.8290364366794933,0.772085102040622,0.8025753575778395,0.81085582597803,0.8329703363691314,0.8531813114914869,0.59809695114965,0.8286875482697513,0.758993638526219,0.7917390117833716,0.4479893583462845,0.51480538449622,0.8097758903335498,0.8321794663955816,0.717040157790607,0.5600376213589976,0.6467597076901258,0.8067139186754086,0.6376509425011384,0.7802361610723095,0.8670166638124327,0.8295894954233605,0.8737645912308284,0.7645725449461359,0.5220982135789978,0.8580843014255586,0.8132392858860118,0.8258507404798796,0.7825997853625933,0.7871318572179811,0.8452208812587612,0.8010721721204603,0.6799415978699125,0.6362777037319085,0.7618476637314541,0.793538155751887,0.557349860195816,0.7158005720409805,0.548256791762801,0.6444726780118971,0.5321616110570014,0.5251378791177423,-0.8687941377822126,0.34276904277470854,-0.4210118452028441,-0.37584026521111463,-0.24816121413630207,-0.1316866819062425,-0.26721249442567946,-0.22541832387370372,0.12813143686317469,0.12085562602898585,0.6045359808848946,-0.8528169618191329,0.36605688563337213,-0.41867717273822214,-0.40666024567631964,-0.21767689229441348,0.1400386861519116,-0.1829971999415815,0.1241004479965379,0.2617827957042703
0.8287365731051362,0.8556992725248426,0.8023831155622493,0.764273323976058,0.7696585622210542,1.0,0.8009978591326606,0.7863109759073721,0.8028050609839852,0.7904780045589671,0.7353741866474729,0.6714626291789325,0.7878501355494618,0.53196674127802,0.8128544578534818,0.717784912292898,0.7288768567545181,0.6068503602961773,0.7477839024061783,0.823857591563095,0.7788798995696513,0.6284294121520619,0.6925553496155213,0.5293902946040605,0.7363353688556423,0.7811970627866245,0.7630802065074856,0.8017414362603342,0.8582353835032698,0.7615312047915697,0.7106385980164256,0.43735531048088094,0.8188430719507627,0.7747878604898387,0.7585112825749153,0.7140410565226959,0.7505240607612588,0.8000066155633417,0.7441229671526671,0.6326795300382233,0.8221979023848446,0.8095785723173086,0.8079725409096955,0.666389431119811,0.7316651446919185,0.6539651155579509,0.5440913975368222,0.4347177537532801,0.3800468258138943,-0.8138217394893159,0.3173780700448636,-0.24393180526194927,-0.27114842605293143,-0.08036144146049541,-0.06312690705728166,-0.20294684722802175,-0.266018361408968,0.11180504092541867,0.1740239318515672,0.5886387235116414,-0.8219695851733831,0.32285479699946434,-0.3069679927767659,-0.27544780170325556,-0.08490568512658082,0.17609078988131058,-0.29654082988315306,0.09198676051623529,0.25473434291731245
0.8452615574985228,0.9164539268225307,0.9284883685054751,0.9091468865983813,0.8065546604745515,0.8009978591326606,1.0,0.9033285327186062,0.8684028954818225,0.8438814966134608,0.8617119549644233,0.7549752136182032,0.8587425931894702,0.6855657618219884,0.8919906436006245,0.8515198840577438,0.9565564636883881,0.7470880333059678,0.7204020978452433,0.8750946084930563,0.8311705964501248,0.8657690588840303,0.7331487870441533,0.6680678751277477,0.8398362720548522,0.8665535914197432,0.9004617906011947,0.8268649991793551,0.9200881588747695,0.8761290982672014,0.878406568134208,0.5990964200307671,0.8870557592622937,0.9107858016990407,0.8786230217632384,0.8280857999852622,0.865704042640918,0.9203687788334362,0.8770996786076835,0.680913247595747,0.7384902776956421,0.8629258159253466,0.875448380940153,0.6499995278921634,0.7666363727830899,0.6262495518279572,0.6377267029047323,0.5538576732545204,0.5888054497499435,-0.9356793021567371,0.28629653921325027,-0.44852542537084933,-0.47756333275640955,-0.24812167857072961,-0.12509647501887877,-0.26128828566831386,-0.2513821146498244,0.1057663499361671,0.09790761767086145,0.6282482414836486,-0.9330349725804323,0.3492679625235811,-0.4337197895317882,-0.4770110374674128,-0.23994097510010431,0.13322651060779842,-0.2972465128106795,0.15713374801364868,0.12007561290533329
0.8610176710798406,0.9229635784404934,0.8965357326394248,0.8792151076642405,0.8290364366794933,0.7863109759073721,0.9033285327186062,1.0,0.8299319649586996,0.8162462970907598,0.9247226011457391,0.7903109074327486,0.8481856346842038,0.8030680882865716,0.872084656580388,0.8153734804980112,0.8868276959666925,0.5900568212792412,0.6288562754382954,0.8200904697038058,0.8154835814067193,0.8072126301594943,0.5781572395514566,0.6286736295852258,0.8738510394204281,0.7486112700474339,0.9211389336664139,0.8251724569160449,0.9006182829062022,0.8857010782420228,0.8463589005908795,0.6268988032617194,0.9380939183540096,0.9583088910902334,0.8766154489126914,0.7986910388624122,0.9203525811389073,0.928248970735474,0.836641497685875,0.6228480528406484,0.7063336700178474,0.853853998103031,0.8488726868705985,0.703508276164778,0.7572905738358745,0.5637419644434076,0.6378919421592683,0.4719399463184876,0.6699138332718146,-0.9140412226409715,0.3268229860550606,-0.41951132161894555,-0.5032599521841304,-0.30312890560951855,-0.10183738344888273,-0.15463365413547003,-0.15998113470514644,0.1340996881954512,0.1637352866983669,0.5658142304830603,-0.9413513755212408,0.3306614837135062,-0.4363932829002171,-0.545949239211561,-0.3551996828729857,0.14940648221078195,-0.2463303081015786,0.2655184706574908,0.12864478102114194
0.8264784945765653,0.8668272240773809,0.8564509173651146,0.8479768603524956,0.772085102040622,0.8028050609839852,0.8684028954818225,0.8299319649586996,1.0,0.8480871759068828,0.8029766365205977,0.7541805629655033,0.847030493090823,0.5729698825917456,0.8449920499301872,0.7887883656751462,0.8382656588146842,0.6103418396347163,0.6031425937595929,0.8187274162239453,0.8318006741698911,0.7602410847167765,0.6677421793237929,0.640982222273981,0.8077443239600842,0.7618472364576981,0.8362078895391285,0.8268017667168617,0.8522929221049829,0.8450511046155039,0.8147246568500833,0.5626889431837673,0.8295165554874374,0.833324356050319,0.8394055282726289,0.7920454537887132,0.7874676938881799,0.8558159936188332,0.8243340335844539,0.6612417607311641,0.7219571925680002,0.8012160073815009,0.8299902254661454,0.5877905326567263,0.7658074023558447,0.6607501807435922,0.6308031608408285,0.5459092935652874,0.5149418003408343,-0.8873580639368813,0.4327084560915227,-0.41878068664083007,-0.414730293433618,-0.23636028888440627,-0.10858498411072438,-0.31115342446379607,-0.25600301406518183,0.11424212373142428,0.14354684329812153,0.6348270364705318,-0.8776486739013799,0.4573861562527544,-0.43635665187549816,-0.4346903255869603,-0.18100566443759025,0.11392326854311303,-0.215643982599416,0.14380316515491678,0.19977966519383705
0.7834609745978274,0.8264750567963624,0.821050091454872,0.8276872576237091,0.8025753575778395,0.7904780045589671,0.8438814966134608,0.8162462970907598,0.8480871759068828,1.0,0.788138852441116,0.751833945531226,0.8700690032352845,0.5506231340683995,0.804766158559673,0.7482816795199942,0.824996148613327,0.5165318937817769,0.49053704294385275,0.8262362891211797,0.8660777951123609,0.732721373373049,0.6208957245848141,0.6921219782484591,0.762352397646918,0.7199209286992438,0.7895348834909668,0.8150463627330048,0.8059342110335863,0.824827716710215,0.7879114301588948,0.5879296524732665,0.7918625393524504,0.8015038493705907,0.8250939966654598,0.7871811611769628,0.7601172662624269,0.8183673400793731,0.7977920320778297,0.6740965665026227,0.6782544232884097,0.774913809558638,0.84208163563277,0.6484531944665375,0.8533007073304736,0.7422507368294915,0.5972747672397705,0.5514426147776764,0.4910007835350855,-0.8650136687077976,0.35902975308550056,-0.40981716652953093,-0.40360267953392875,-0.20733246482949502,-0.1355176404142192,-0.25640978252900704,-0.24985770029610768,0.0758959653633582,0.15950676210442571,0.6093351491679312,-0.8478651557736637,0.38860701734445485,-0.44081923889928737,-0.4180790566296891,-0.17824972177077536,0.10696830891790626,-0.19238203949063404,0.08994278832087052,0.24568241971275462
0.8083992454162758,0.8793285803861328,0.882024945975646,0.8564373316450085,0.81085582597803,0.7353741866474729,0.8617119549644233,0.9247226011457391,0.8029766365205977,0.788138852441116,1.0,0.7445981528938225,0.8209485046970725,0.7486351010137023,0.821626263674089,0.7709844009189365,0.8570927104490137,0.5880608803386401,0.6015697105985331,0.7819908966319136,0.8026808296790979,0.803968977867752,0.5610898241989218,0.597470646493947,0.83393784265942,0.7263455962573563,0.8664091722159926,0.7991078415623424,0.8627780818798846,0.8681263571118477,0.8565286154742267,0.6031393992717824,0.8811102622770478,0.9113266007111803,0.8377431126457929,0.7641116025181359,0.8698969875681545,0.8915398043295185,0.8329082850577925,0.5947168367675517,0.6388120594122082,0.7998253796843983,0.8133380248829335,0.6385549482480928,0.7103132029823945,0.5461070818105016,0.6142270894456772,0.45609592899459084,0.6785639342265162,-0.8732288787180603,0.3649805988121508,-0.41763785098422057,-0.5045080691155832,-0.3160828884629354,-0.11154047364645524,-0.1473076155831828,-0.1434954352929476,0.1724059881646729,0.12611783244017263,0.5352395034813316,-0.9034175977712495,0.36947581156786125,-0.444531922436743,-0.551422388487146,-0.35296945008954317,0.12328795019974416,-0.20687601374455378,0.3103019175276271,0.1320208206737594
0.8666679958182127,0.7822993756569236,0.798961440072329,0.842119808709132,0.8329703363691314,0.6714626291789325,0.7549752136182032,0.7903109074327486,0.7541805629655033,0.751833945531226,0.7445981528938225,1.0,0.8589308511923199,0.547067542677952,0.8536112004440325,0.7248692693869317,0.760892480483334,0.3583417891541881,0.373346882718278,0.7679334467941817,0.8691728175343908,0.6658057689154833,0.4740991006202745,0.6189995866927999,0.8252727535441714,0.5536076764507275,0.7877954126425815,0.8487822300295086,0.764317706157684,0.8949677977890736,0.7226256821895697,0.5263343186262892,0.8320575169596397,0.7785176887035541,0.8283437427954089,0.7473978376382151,0.692424845678828,0.8212391275245768,0.7546476237266385,0.6419217829597584,0.5093277440518085,0.6503040780754626,0.7166399225499365,0.5311415484993184,0.6921205333753457,0.5552835503005283,0.5986468523096637,0.5300344061306068,0.41948493567396455,-0.8565684810521005,0.3295229981361802,-0.4946202069981851,-0.42582883320433984,-0.30589384300667494,-0.16439014846182715,-0.3995881881221935,-0.24278858578468798,0.115102512739588,0.09581824466570103,0.6188408579626089,-0.8196441041300201,0.31837169689062983,-0.5080688489215645,-0.4412768962610361,-0.25225077378308114,0.022454259384589,-0.15012798519183596,0.05634233314379723,0.18084444571722547
0.8414847025714149,0.8603786348636374,0.8620384542694451,0.8626895107370175,0.8531813114914869,0.7878501355494618,0.8587425931894702,0.8481856346842038,0.847030493090823,0.8700690032352845,0.8209485046970725,0.8589308511923199,1.0,0.6261045635517543,0.8496646167549706,0.76532860671073,0.8438901678902637,0.51435722253832,0.5272600189626147,0.8425953799882087,0.9070944781523882,0.7501807948688685,0.5938009628878443,0.7030946745826119,0.8380327322278365,0.7316098291492277,0.8347110018563902,0.8360650788733693,0.8543065629407464,0.8940525480188691,0.813620219801385,0.6037130509379439,0.8532139140789001,0.8388037776771534,0.8519450254107155,0.810399596252721,0.8020655036192009,0.8670661274124041,0.8289524066531375,0.6751506099561759,0.6401376161991625,0.7798028739518105,0.843148085138429,0.6046000072413785,0.7636820426420121,0.6593784569039658,0.6231553601784712,0.5315233529521276,0.5158790271971772,-0.8879723412422453,0.3558039798547002,-0.3850888028451677,-0.40374985742331704,-0.21721310705236307,-0.14368641424856243,-0.2695341109240644,-0.1956377810385832,0.1391770839332928,0.09870169371296457,0.5834371312720991,-0.8817855718735474,0.38239132276036836,-0.39675743198579344,-0.4320315572298523,-0.18739038259888505,0.13090384105955957,-0.20452939423958377,0.10403425302536712,0.21931029661904528
0.6339132168424205,0.716799422917215,0.7213763097098462,0.6323743911753796,0.59809695114965,0.53196674127802,0.6855657618219884,0.8030680882865716,0.5729698825917456,0.5506231340683995,0.7486351010137023,0.547067542677952,0.6261045635517543,1.0,0.5993991591533017,0.5508827863765297,0.6847241745715952,0.4433690519464049,0.46223893329583904,0.6045285262024096,0.5314465272411443,0.6131981874791703,0.30397702589497,0.44470646648350154,0.6844371151676925,0.6076478900071722,0.7544618110297894,0.5919633073262892,0.6951999931920991,0.6366242778293438,0.6220344578556027,0.5474074268923246,0.767271801528773,0.808467414579079,0.5910847419668407,0.5727966648025405,0.8103557181212683,0.7272844819055643,0.5820911421348762,0.426125296427472,0.5508973524390514,0.6462232505802453,0.6465594654030893,0.4798401433039331,0.4634291115935182,0.3123233721136355,0.4448156584568513,0.21517515713966906,0.7435486631123612,-0.6340509454614419,0.24490781994906408,-0.17613563284475126,-0.3641714990272363,-0.21864786267949052,-0.036888995922227205,0.10033802079826935,0.07478038576123079,0.043955850503735704,0.14280854774231305,0.2094970017406874,-0.7410883019769379,0.24609575455160934,-0.20035460964902432,-0.4443880477370144,-0.4229577506313879,0.2290304764466814,-0.2888435739597762,0.2474241222665489,0.039406062676579125
0.899946840274013,0.8920385513336525,0.8780694246291889,0.8974883018832698,0.8286875482697513,0.8128544578534818,0.8919906436006245,0.872084656580388,0.8449920499301872,0.804766158559673,0.821626263674089,0.8536112004440325,0.8496646167549706,0.5993991591533017,1.0,0.8508232591392738,0.8787721268058081,0.6099966883019277,0.6375163725119223,0.8572857714004908,0.8617323366649148,0.7894434484354177,0.6759892102418698,0.6364379024772334,0.8587575837772757,0.7487647789974559,0.883562387155695,0.8532538228635059,0.8899119089709973,0.9117337069314938,0.8303802830380617,0.5793713876559791,0.889257260297541,0.8884419264142743,0.8968160450605824,0.8320013973603047,0.7994793183804796,0.9265018963699229,0.8544054792287112,0.7015146971803427,0.6824998250641267,0.7978373687087977,0.8237204410826309,0.6321209826084014,0.7634431042565974,0.6147615434895283,0.6564363564215725,0.5920169118581267,0.4751026718965924,-0.9448142084197725,0.3021173787741188,-0.49739863037146653,-0.4708384463451125,-0.3048061172820832,-0.1486450465711502,-0.36742765672120803,-0.31778713018919386,0.08164927869351282,0.10379014429411826,0.6744469936639299,-0.9208148222023319,0.31527937778144843,-0.49757969840415517,-0.4802179408976103,-0.284989480825842,0.053826998534189506,-0.27485993077567594,0.08981565683710102,0.1657246792969202
0.7958922667691846,0.8480124880703888,0.7950209153253374,0.8584304304486131,0.758993638526219,0.717784912292898,0.8515198840577438,0.8153734804980112,0.7887883656751462,0.7482816795199942,0.7709844009189365,0.7248692693869317,0.76532860671073,0.5508827863765297,0.8508232591392738,1.0,0.8479020216968856,0.6054076042738037,0.6012417335178623,0.796772945007126,0.7583222785192053,0.797058751807152,0.677614625958758,0.5890119378519106,0.7736452267743074,0.7064534205525584,0.7937729531048276,0.77906393966884,0.8234952571109492,0.8306897848927738,0.8289648020205904,0.4585046133002732,0.7929658495398783,0.8298239228708916,0.8518742593529149,0.7547252238444733,0.8087419539179102,0.8634109928336072,0.8081763552566322,0.6490632594069328,0.6424963300693077,0.780899418345646,0.7623559853039958,0.5844739197432702,0.6939125376070665,0.5473297887213667,0.6306816584102707,0.502930932561451,0.5201542480278109,-0.8646553928141671,0.25580270972742686,-0.4144296751899798,-0.44040357869529273,-0.26796697684878285,-0.13166062456468847,-0.2342474521719661,-0.1715178514697891,0.06334146647036559,0.11244211727755452,0.5489884466213303,-0.8615399048866189,0.2733175989384079,-0.4177240385304546,-0.46256964422032343,-0.2773938930526227,0.08572063170443639,-0.161568962074024,0.1410902630205136,0.17490306344288556
0.8256053920414931,0.8865555578623348,0.9048485309100314,0.9015017098635656,0.7917390117833716,0.7288768567545181,0.9565564636883881,0.8868276959666925,0.8382656588146842,0.824996148613327,0.8570927104490137,0.760892480483334,0.8438901678902637,0.6847241745715952,0.8787721268058081,0.8479020216968856,1.0,0.7043532505128599,0.6380315536598721,0.8383184927467991,0.8231828484667799,0.8768316198590972,0.6885028614148461,0.6691552745848985,0.8356992656890829,0.8228726345492701,0.8830705295648126,0.8007830289894476,0.8879487012004418,0.873243780161895,0.8834433595207581,0.6145072446732985,0.8630727642123761,0.9022698102968522,0.8695336019337999,0.8193957552477468,0.8470880152496789,0.9111605514505665,0.864708506688933,0.6651234095568138,0.66565234239987,0.8296139307606737,0.8573607331298086,0.6227179878590303,0.7517733462946539,0.603301766440801,0.637111410110842,0.5565989750254665,0.6216884359367568,-0.9213720795381773,0.26157663294942135,-0.478094366767649,-0.5006171043748093,-0.2919527928568265,-0.14418672766066465,-0.2740176508397028,-0.2284299580253858,0.09802892653883258,0.09451104010678499,0.6123977871080164,-0.9171714190016308,0.32325646978064854,-0.45166415820507394,-0.5182229963279623,-0.2992164740325651,0.11136407609600633,-0.28108730021488293,0.17152505647251637,0.09816713820082903
0.5264932236978072,0.632072718923484,0.7264838221545511,0.6542942134280327,0.4479893583462845,0.6068503602961773,0.7470880333059678,0.5900568212792412,0.6103418396347163,0.5165318937817769,0.5880608803386401,0.3583417891541881,0.51435722253832,0.4433690519464049,0.6099966883019277,0.6054076042738037,0.7043532505128599,1.0,0.8266342756862045,0.6924196449485875,0.4957040842664116,0.711494503526524,0.8257633725154162,0.3958649630157472,0.5168786656303882,0.7845822119174614,0.6269652424934322,0.4912679355078978,0.6988110618903451,0.5364231070342789,0.6617782801830572,0.2907341499361989,0.5816777130992871,0.6101913227392765,0.5708762078348324,0.5565045647889554,0.6054923986130295,0.6369882342967824,0.6555400874580415,0.5223091748200277,0.6019088230171673,0.5951325740835692,0.5946160065195807,0.48386706814957564,0.48596847000536875,0.3802124641238782,0.4171942870851632,0.440788834683257,0.4125418527500779,-0.6447208883808476,0.13827140281604186,-0.3330579274145229,-0.3874236389257975,-0.20904651139956446,-0.015795031451432955,-0.20567322588941334,-0.2971419233597694,0.07555193271658034,-0.06301116813735624,0.48090338167773644,-0.6658591174562665,0.15993626900630273,-0.3212457785656459,-0.34763123466252394,-0.23094275719018417,0.13991667997645038,-0.4192682599643903,0.11964377826500759,-0.04381027099220817
0.6054318337862575,0.7105548263849878,0.6922769585851568,0.6194061528736923,0.51480538449622,0.7477839024061783,0.7204020978452433,0.6288562754382954,0.6031425937595929,0.49053704294385275,0.6015697105985331,0.373346882718278,0.5272600189626147,0.46223893329583904,0.6375163725119223,0.6012417335178623,0.6380315536598721,0.8266342756862045,1.0,0.6823022358633095,0.514486663481139,0.6122995193582212,0.7746108470851492,0.32260211231566094,0.5589606583552446,0.7556511288408841,0.6407356836805579,0.542183114745881,0.7546537336726702,0.563919854143504,0.6220952349335159,0.24857525994187615,0.6534489079555166,0.6321797738663489,0.5846193706229096,0.535832945378713,0.6398052958872968,0.6581611323246869,0.6446733608003222,0.47980053012690455,0.718124991105488,0.7055328960461172,0.6232398187846696,0.5502019345475745,0.48998638852003595,0.3976358193863641,0.38256830854666374,0.3187613915710651,0.3512418643416117,-0.6474465974207064,0.15198101445144374,-0.22026786985765678,-0.3357337996907706,-0.09796913846033564,-0.02634447055731342,-0.1307734497647643,-0.22400966207831732,0.12505111807752667,0.0028985470059532375,0.4547795655585962,-0.6756009846844687,0.1635638975974919,-0.2354706866236165,-0.2997957922135051,-0.12392107443646516,0.11807822917040132,-0.32983060081440013,0.17764939408781175,0.03182447789023896
0.8124815665839497,0.8507661068320689,0.8812330302289921,0.8724053329290413,0.8097758903335498,0.823857591563095,0.8750946084930563,0.8200904697038058,0.8187274162239453,0.8262362891211797,0.7819908966319136,0.7679334467941817,0.8425953799882087,0.6045285262024096,0.8572857714004908,0.796772945007126,0.8383184927467991,0.6924196449485875,0.6823022358633095,1.0,0.836568477868029,0.7714775890331685,0.7370116844158124,0.5849895601335235,0.7417852881882459,0.7763158308787714,0.8134697179682643,0.805212294458944,0.8547261555186505,0.8420166881246167,0.8031900711403843,0.4986735481264433,0.8341742240218404,0.8302885025728769,0.8111537383692928,0.7488824505407955,0.7830890039519324,0.8548340077894334,0.8124246227597218,0.6644039834561271,0.7255231738875247,0.746313906737633,0.7894219264566277,0.6161207940542683,0.7561127209388081,0.6240382176957749,0.5461383582692271,0.5244274181426744,0.48649993263264923,-0.8775226083135163,0.30687624039878153,-0.40126344874776454,-0.39276942104005047,-0.23990902457847155,-0.08416088837317119,-0.2816508969788098,-0.2760587288396764,0.06839080419745532,0.056482101511223466,0.6294221981578028,-0.8796763874880912,0.32380454984505913,-0.43253172135764534,-0.40240066183658696,-0.23428766133752432,0.13467391794744796,-0.32343065200130644,0.08509645938701241,0.13760726735171144
0.8287330914862765,0.8138666009296978,0.8471302687017122,0.8694600428724248,0.8321794663955816,0.7788798995696513,0.8311705964501248,0.8154835814067193,0.8318006741698911,0.8660777951123609,0.8026808296790979,0.8691728175343908,0.9070944781523882,0.5314465272411443,0.8617323366649148,0.7583222785192053,0.8231828484667799,0.4957040842664116,0.514486663481139,0.836568477868029,1.0,0.7518590580551183,0.6018942399304298,0.6400301153909688,0.8008581196308082,0.671657819709645,0.8144278695454551,0.8212116114702818,0.809878218722785,0.9035798302532735,0.8230049164318518,0.6017330819487524,0.8134851960387662,0.8042523331478715,0.8461627823129877,0.7631788480877655,0.7243060001578746,0.8502828881045124,0.7959171493799478,0.6382761796385462,0.5986171236263896,0.7309044419431064,0.8130703319526844,0.5859418696944392,0.7953204676899829,0.6727368694181411,0.5866280176937241,0.5465105323177357,0.4445337457433224,-0.890484232764756,0.3458295810217666,-0.4593536807946046,-0.42206135360537145,-0.2752499215900284,-0.14626509420163575,-0.3604954663249862,-0.27663390452304504,0.11908959366700105,0.09080897099364853,0.6686094194255563,-0.848311839497444,0.3832300838246613,-0.4852776917722905,-0.43716729925550035,-0.1818301692413156,0.04524074231764872,-0.17442145359062264,0.09863027597800961,0.16476714435371645
0.7121404745910679,0.7769351631736761,0.8393786777240759,0.855558183814565,0.717040157790607,0.6284294121520619,0.8657690588840303,0.8072126301594943,0.7602410847167765,0.732721373373049,0.803968977867752,0.6658057689154833,0.7501807948688685,0.6131981874791703,0.7894434484354177,0.797058751807152,0.8768316198590972,0.711494503526524,0.6122995193582212,0.7714775890331685,0.7518590580551183,1.0,0.6845917118733507,0.6456702577439067,0.7719122656795393,0.7022713388315077,0.8141875530427818,0.681706134013625,0.7793627065057877,0.8228181617302566,0.9022451314162027,0.6029362412319916,0.7555876416616361,0.8113785809627918,0.8042088749804724,0.7840855360154949,0.7674773648252141,0.8432973164475142,0.8364578948116507,0.6850933442380489,0.519588735750842,0.7019405541030627,0.7382553332248863,0.4953564407166287,0.6482521990050781,0.49648437864455325,0.6618771754685218,0.613339306141644,0.599003244259443,-0.8480590401773516,0.2082654623774408,-0.4865587116146532,-0.5464225271570423,-0.3783808862092791,-0.13086194247273422,-0.2831421444746032,-0.24059228670046062,0.047335973520186626,0.07643521216272771,0.5764349728161864,-0.832730367486794,0.2851574981456382,-0.4644505050076224,-0.5478214292494735,-0.3640370298604824,0.10261236071035618,-0.24782651614633888,0.156571271846879,0.05410141373090943
0.5974867106602799,0.6801923024148269,0.6964854383614855,0.6686358301386225,0.5600376213589976,0.6925553496155213,0.7331487870441533,0.5781572395514566,0.6677421793237929,0.6208957245848141,0.5610898241989218,0.4740991006202745,0.5938009628878443,0.30397702589497,0.6759892102418698,0.677614625958758,0.6885028614148461,0.8257633725154162,0.7746108470851492,0.7370116844158124,0.6018942399304298,0.6845917118733507,1.0,0.41960588852551994,0.5797226959365325,0.7264661679721248,0.6180713445041777,0.5949696717890699,0.7174389316219876,0.5996778837652514,0.6664719123499429,0.1725433165721279,0.5984633937395465,0.5872670410286375,0.6590779414028803,0.5756981331275084,0.5804716549398112,0.6603505472601687,0.7461270380359126,0.6743259128878718,0.6493624318745144,0.6379259924694178,0.6435405069932294,0.5101460719128554,0.5812163723941327,0.47318648399915053,0.43545064113890086,0.48495931383927665,0.2755080241782807,-0.7038708220558823,0.16155498878985983,-0.34371562418749074,-0.35681874704371924,-0.1704247786501619,-0.06745969340684405,-0.2893336459740588,-0.3322004633460418,0.09180876214353437,-0.03856976740942887,0.5636223692693828,-0.6865199755485051,0.1726239643362804,-0.3368204247918438,-0.2918114813604144,-0.1366496317409957,0.07249066823655749,-0.3332379017295645,0.017975894831851434,0.08983877571971184
0.5979910968369425,0.6282374985453055,0.6408662323434402,0.6279775339902723,0.6467597076901258,0.5293902946040605,0.6680678751277477,0.6286736295852258,0.640982222273981,0.6921219782484591,0.597470646493947,0.6189995866927999,0.7030946745826119,0.44470646648350154,0.6364379024772334,0.5890119378519106,0.6691552745848985,0.3958649630157472,0.32260211231566094,0.5849895601335235,0.6400301153909688,0.6456702577439067,0.41960588852551994,1.0,0.611819059803568,0.5956564115064119,0.5840549622651526,0.6306423332097911,0.6284404944517473,0.6798274915618033,0.6242594193727096,0.7224574667096076,0.6113722239955223,0.620240358536237,0.6568807298351381,0.8562963300336446,0.6027459770048172,0.6364657145653876,0.6882872535862161,0.6925091247268308,0.4437639252051456,0.5897100205540734,0.641688958517748,0.38296304659592534,0.5696943484996756,0.5024869773280081,0.6608184354207705,0.7056749791740436,0.4386367549962718,-0.6685751201911443,0.19782318403301685,-0.2876982825677968,-0.29885011305942505,-0.2166011016062701,-0.12127539177560948,-0.1788861354203843,-0.13261995417962197,0.07247117613553342,0.02951966877859129,0.38965272878840357,-0.6552481982763304,0.2509203283628839,-0.20731059837627852,-0.2884509768727942,-0.16590181204955545,0.16247952771320173,-0.1491590074709134,0.10904633653192343,0.15235746719352852
0.8818544325939179,0.8621516340352617,0.8486733955978206,0.8511808495562728,0.8067139186754086,0.7363353688556423,0.8398362720548522,0.8738510394204281,0.8077443239600842,0.762352397646918,0.83393784265942,0.8252727535441714,0.8380327322278365,0.6844371151676925,0.8587575837772757,0.7736452267743074,0.8356992656890829,0.5168786656303882,0.5589606583552446,0.7417852881882459,0.8008581196308082,0.7719122656795393,0.5797226959365325,0.611819059803568,1.0,0.6721217549745514,0.8981009997306935,0.8259606284145566,0.8549027837021789,0.876124668248493,0.8192232466970095,0.5147803551974606,0.9047137067922748,0.85248514299405,0.8581434124663196,0.7801771686215385,0.819564873572748,0.880931656714672,0.817105334795618,0.6506854157628769,0.5970836824111574,0.7675253685254484,0.7755670043012735,0.5735267179680024,0.690849944971912,0.5261382594200366,0.6451062368914893,0.4907905423578709,0.5302594874892625,-0.8829368648430833,0.30986523979856334,-0.45714285526823645,-0.48552567867996416,-0.3208700371351089,-0.15204621030440704,-0.3208435079023514,-0.1647451983531725,0.09894184884966814,0.17595642946987308,0.580988887260838,-0.8833726968797301,0.30947954731915456,-0.46928157728721714,-0.5066187941207774,-0.3259531329278335,0.08230385542525663,-0.19894673138359548,0.13060507054608086,0.14979672587826912
0.702558353325326,0.8020001874945648,0.8314715194262349,0.751667222739759,0.6376509425011384,0.7811970627866245,0.8665535914197432,0.7486112700474339,0.7618472364576981,0.7199209286992438,0.7263455962573563,0.5536076764507275,0.7316098291492277,0.6076478900071722,0.7487647789974559,0.7064534205525584,0.8228726345492701,0.7845822119174614,0.7556511288408841,0.7763158308787714,0.671657819709645,0.7022713388315077,0.7264661679721248,0.5956564115064119,0.6721217549745514,1.0,0.7581373664671666,0.7023442701177409,0.839820782060595,0.6992352879077952,0.7413630648211215,0.5098673489552811,0.7452288516171083,0.7715714104516852,0.7161248981087669,0.7135128019572278,0.7571195510823618,0.7774677495175206,0.7525923569708063,0.6092308525267371,0.7715741925601202,0.7933747110140936,0.8205123105865979,0.5909437284177625,0.6497055574816399,0.5619982540339206,0.5375112273339278,0.46550258570697917,0.5075977988235062,-0.7718584521412152,0.2205525674313913,-0.24324419987960388,-0.2895302565165263,-0.08878496523507498,-0.04566897750911853,-0.1157091102690803,-0.2018346415034362,0.08892882032461315,0.00582995952563283,0.4696973123265399,-0.803527158095918,0.29881587865403664,-0.2659845028267133,-0.2660519017262109,-0.09705010601037507,0.1990954777937814,-0.35320215569435026,0.09391388725049162,0.07972137285077131
0.8592230303616151,0.8853604488412647,0.9009929106200517,0.8916855560551884,0.7802361610723095,0.7630802065074856,0.9004617906011947,0.9211389336664139,0.8362078895391285,0.7895348834909668,0.8664091722159926,0.7877954126425815,0.8347110018563902,0.7544618110297894,0.883562387155695,0.7937729531048276,0.8830705295648126,0.6269652424934322,0.6407356836805579,0.8134697179682643,0.8144278695454551,0.8141875530427818,0.6180713445041777,0.5840549622651526,0.8981009997306935,0.7581373664671666,1.0,0.805962278217897,0.880228376045895,0.8798329894477686,0.8393418234780887,0.5754629847498444,0.9246999149583832,0.9153575117393872,0.8885126628164722,0.7790647579882276,0.8588216854051768,0.9149307165751595,0.8274844300807022,0.6287510659508458,0.6778457700358391,0.7941807502152856,0.8155954678152108,0.6562159844722897,0.7436534356220372,0.5660859427036509,0.615854289183069,0.4828293997444851,0.59860947999828,-0.9159341546893838,0.27515907730424805,-0.47709130606013866,-0.5472490513557239,-0.3694035526417369,-0.09827403425107839,-0.2788505355770021,-0.24200540146582683,0.06445454778089248,0.12456829913892072,0.614391774187832,-0.9227249185134082,0.30820751574038985,-0.4878452725889452,-0.5570449914187436,-0.37873924595641517,0.08566402808588015,-0.2996790472090671,0.15739260189231577,0.060739546688472305
0.9240697177465212,0.885753625298286,0.8692916961824285,0.8674087682006018,0.8670166638124327,0.8017414362603342,0.8268649991793551,0.8251724569160449,0.8268017667168617,0.8150463627330048,0.7991078415623424,0.8487822300295086,0.8360650788733693,0.5919633073262892,0.8532538228635059,0.77906393966884,0.8007830289894476,0.4912679355078978,0.542183114745881,0.805212294458944,0.8212116114702818,0.681706134013625,0.5949696717890699,0.6306423332097911,0.8259606284145566,0.7023442701177409,0.805962278217897,1.0,0.8814048584491303,0.8797637231490777,0.7824853543796789,0.4682146756707151,0.870901772349336,0.8168904658496721,0.856284019979759,0.7847041563220937,0.7853317553612353,0.8539121789795291,0.8186842792149448,0.7008165042447627,0.742169120496833,0.7809948841012335,0.8042584302935318,0.5915832718945317,0.7330163897951489,0.616076370836761,0.6411440863337763,0.48764733973770147,0.4969683202336633,-0.8772078305363938,0.41472090538230993,-0.36673819013616427,-0.29670758457344454,-0.17853126813728215,-0.12764420574183888,-0.31149976111514605,-0.22197460292546758,0.08528687536584185,0.17474427373796303,0.6051126258784258,-0.8794343862902084,0.4164066248671729,-0.3809952023526377,-0.3198448530764201,-0.1641840954180464,0.14967987975312105,-0.1833505492464636,0.05677045682193216,0.32292484431074914
0.9063137524282773,0.9548952063771878,0.9169092351292484,0.8854949989771104,0.8295894954233605,0.8582353835032698,0.9200881588747695,0.9006182829062022,0.8522929221049829,0.8059342110335863,0.8627780818798846,0.764317706157684,0.8543065629407464,0.6951999931920991,0.8899119089709973,0.8234952571109492,0.8879487012004418,0.6988110618903451,0.7546537336726702,0.8547261555186505,0.809878218722785,0.7793627065057877,0.7174389316219876,0.6284404944517473,0.8549027837021789,0.839820782060595,0.880228376045895,0.8814048584491303,1.0,0.8763168859984376,0.8537201688734006,0.5210762878466896,0.9214671569347253,0.9038493913671313,0.8780246155614164,0.821746045812633,0.882287083028213,0.9207066808543651,0.8708728368126777,0.6926205173149754,0.8094210037502901,0.8909686316255122,0.8806819648232772,0.6897547927893132,0.7539224507520187,0.6185893278337528,0.6464797992971748,0.4927413736867421,0.5864942441637883,-0.9152393532198966,0.3418103051678896,-0.35771829426457513,-0.4051663005943706,-0.19675672939358366,-0.0916537747045977,-0.21839366900523724,-0.21124330920675197,0.14298377260046374,0.12196966465991171,0.5936880207702415,-0.945009870980823,0.33601114321576614,-0.3532998856467152,-0.43139675754640955,-0.24542461127760792,0.16464344103750927,-0.28354368621884035,0.15339472895651646,0.21470642887837355
0.891332527745511,0.8870484934413039,0.8961408141734352,0.9167193643767321,0.8737645912308284,0.7615312047915697,0.8761290982672014,0.8857010782420228,0.8450511046155039,0.824827716710215,0.8681263571118477,0.8949677977890736,0.8940525480188691,0.6366242778293438,0.9117337069314938,0.8306897848927738,0.873243780161895,0.5364231070342789,0.563919854143504,0.8420166881246167,0.9035798302532735,0.8228181617302566,0.5996778837652514,0.6798274915618033,0.876124668248493,0.6992352879077952,0.8798329894477686,0.8797637231490777,0.8763168859984376,1.0,0.8811575502540286,0.6258469517557746,0.8962787911049853,0.8829567356052433,0.9073529474058323,0.8458269432907699,0.8218525390912063,0.9094235082635147,0.8587959479612883,0.7017029287618075,0.6219974948081775,0.7810068643550206,0.8244113001461856,0.5773177152990205,0.7537498355939584,0.6024995064746196,0.691666151399713,0.6049964946920626,0.5389205950798304,-0.9395201057776367,0.3434396944525352,-0.49478695981319426,-0.5026338242959715,-0.3382987202207959,-0.1531090938338015,-0.3485956148553196,-0.2517471508586781,0.11457021620810268,0.10272294678804839,0.6457104541759535,-0.9214099534641275,0.35550254911742324,-0.4971575515046113,-0.5126083885885259,-0.3018922626763802,0.056369897968529294,-0.19218253727743226,0.16080312576740716,0.16478333133268278
