0,1,2,3,4,5,6,7,8,9,10,11,12,13,14,15,16,17,18,19,20,21,22,23,24,25,26,27,28,29,30,31,32,33,34,35,36,37,38,39,40,41,42,43,44,45,46,47,48,49,50,51,52,53,54,55,56,57,58,59,60,61,62,63,64,65,66,67,68
1.0,0.8985308677738507,0.9226483759389137,0.8896746336518293,0.76899211893779,0.7975194665509036,0.8323820009347925,0.8815444894449496,0.8228870515746393,0.5887158827017553,0.7406817776050071,0.8334276132010252,0.8160066741819177,0.8774660574332857,0.8929484982196101,0.6812880005262114,0.8052072269237184,0.7962668145917605,0.5272067043369605,0.7606150092777959,0.7458721711660627,0.6959875106440855,0.6402189818349994,0.5207238409638979,0.7988604119709439,0.7879534240105426,0.9028276609891664,0.9136724762232021,0.8880889710905582,0.9019373369304323,0.8438286586106909,0.5716425117510953,0.9170493361493666,0.9072182743823689,0.8256882545762289,0.8179444134431583,0.8729043482312586,0.8720538770572828,0.7900083346388302,0.6198271425945884,0.661233102824019,0.7764213213369064,0.7010165690611683,0.5554186568182601,0.7679578847642292,0.44590764268285604,0.6764389278742541,0.5256261685440121,0.5162708344147862,-0.9090831361531704,0.14611711065302643,-0.4450141667807047,-0.4973325722869434,-0.2972009550326026,-0.23474150192498824,-0.2554944230012907,-0.3603187152292722,0.026042060232464276,0.005247679852252016,0.5798039085658152,-0.9291774953598685,0.11097596310759213,-0.4646619548539382,-0.4824767930742861,-0.18799028471894713,-0.23483673367868066,-0.16202619058136625,0.040591652215902004,0.15481276175124972
0.8985308677738507,1.0,0.9447045806849875,0.918344643555562,0.7815159272303046,0.8259999925819164,0.92349737607604,0.915457643810091,0.8671179479611377,0.7103209030979365,0.7248424992103485,0.7961356589378663,0.8197484573396125,0.8378080362317822,0.8813224930683436,0.7743690536722979,0.8930001465249635,0.8906782213338453,0.6285436013537049,0.7942812762710717,0.693679708643832,0.757989547030892,0.7672620109797278,0.6360502588608489,0.7723610206179521,0.8968663986920111,0.9231225907486451,0.900612927495302,0.9522934316600089,0.8851852438650628,0.8407267665219648,0.6690700183170991,0.9135864692174679,0.9466780537622878,0.8748514029697659,0.8965181767895947,0.8925283058810398,0.9179141654297646,0.8709807891896214,0.6882332746128931,0.774696575959126,0.901694403518405,0.8175062088989984,0.6428107956226294,0.8063630816917718,0.5402994892110475,0.7663895696080214,0.5536148367577186,0.5103896803524257,-0.958700482384371,0.09810112429594013,-0.45883046540048134,-0.5924308388104609,-0.3069591807779127,-0.3015366993520186,-0.16552979360319892,-0.2901738715835512,0.05080644772771955,0.06306354297405088,0.6530865818607129,-0.9490891405526743,0.09956221918551571,-0.4512460875621274,-0.574037111319718,-0.20664872007073073,-0.22616880529111455,-0.0873378561305602,0.0922279262460713,0.17183754192539943
0.9226483759389137,0.9447045806849875,1.0,0.9338950735676386,0.8226755700798637,0.8152654308019378,0.9179471786664017,0.9319008198551653,0.8571596266360955,0.7068132555889554,0.7714016033394664,0.8607557599150598,0.8728649190093319,0.8493481760662718,0.8693666150362889,0.7337264276648093,0.8918251931639979,0.8438578692438194,0.5159533640542576,0.763975808621309,0.7538853424412728,0.7268875918552296,0.7311658117539465,0.6203791199203932,0.8239812313548747,0.885659826778046,0.9414807199292158,0.9236388650950118,0.9452329021884234,0.9057718938040505,0.8664138786986377,0.6739457051898206,0.9217116664414959,0.9405849752256444,0.8915429928171396,0.9010794368046178,0.8792248545698326,0.9239863024109415,0.8769502997868417,0.6909577323466525,0.7143061657340836,0.8602934393593392,0.8182664378119482,0.6012423215118468,0.8110256200307977,0.5101778450730203,0.7659227354428425,0.5361072021463177,0.4859854838630329,-0.9676351593493915,0.107222309908885,-0.47426934064568077,-0.6011339857842133,-0.35306495515094255,-0.3401037471731353,-0.1839807570230466,-0.2978574106701589,0.06176652805880777,0.046461551091622685,0.6933788111650734,-0.9566546459528698,0.13578525688494658,-0.47657256641441176,-0.5800477800378031,-0.24863819220481242,-0.27241690360896215,-0.07200904783211043,0.10351578904659046,0.17100225186616028
0.8896746336518293,0.918344643555562,0.9338950735676386,1.0,0.7725686344449391,0.8323488661351854,0.86883383121456,0.8765067026043217,0.8426971048997911,0.7052583901613312,0.6953167791324015,0.8305486509027674,0.8655056500794668,0.7761126003185673,0.8319293037741441,0.7641563166424038,0.8190825798123633,0.8412446700676074,0.5858723184759372,0.7715396971615525,0.7951656846929978,0.7593339935161719,0.7505069259791199,0.6396928864216902,0.7255273813745909,0.8452316903043712,0.9021710933306725,0.887318621617749,0.9036764279005096,0.8599688996685636,0.8890615856456817,0.6536432475519767,0.8592844800493807,0.9010696401694717,0.8649081461333321,0.869929509698919,0.8322706462090641,0.9060159193190059,0.8637006999605271,0.686536803808486,0.697916683880601,0.8200545982322447,0.7344669994931704,0.5735787677758214,0.7899372592145272,0.49297406820356293,0.7637138384738843,0.5098952050575999,0.4871779081617646,-0.9491626541430938,0.07283249444616612,-0.485387034788525,-0.5964174046278602,-0.3254775618097883,-0.32522584683459504,-0.18537794884364386,-0.3621294550492186,0.036587564810937674,0.0037672740082233757,0.6858964820073872,-0.9146997350603051,0.13812304078163787,-0.4427045933401109,-0.5531173191582943,-0.23501026907761555,-0.23598065814675717,-0.12284656877830653,0.07329771924980104,0.13727324308729846
0.76899211893779,0.7815159272303046,0.8226755700798637,0.7725686344449391,1.0,0.7483927049320237,0.7655284503981709,0.7734324663468469,0.709607683203624,0.6576501863070965,0.655582535667494,0.7362372745103751,0.8156930599549417,0.7409168868077839,0.715511825284075,0.6450801142467107,0.7342166107840804,0.6780836443027896,0.40342114525856376,0.7009251293067719,0.6892392283119473,0.5850857259235974,0.5717274563121685,0.5733891769936214,0.6942198097878529,0.7148435467449507,0.7633792188250963,0.7526175118119396,0.7600128500350634,0.7511632839065888,0.6843063705638641,0.5579800475142591,0.7946331510985702,0.797667774115067,0.7272273939237414,0.7634793065440458,0.7353178822712927,0.7709741969287323,0.7289616048784194,0.6239712007122781,0.5347905262089258,0.6802900912648946,0.6815422601027199,0.49589725597578754,0.6878113943172393,0.4373631537294244,0.6482223092556751,0.4992636819071533,0.3650031849669055,-0.7943063685281262,0.18517573312201976,-0.3400614879880333,-0.515470660073132,-0.29234882697203307,-0.23033297635819797,-0.14458620497578942,-0.2150323711343942,-0.016664004115275948,0.022400500403420807,0.5416407595443796,-0.8077694916008022,0.11697701293493001,-0.35054553344374045,-0.47332629613024546,-0.22923020439403913,-0.1946396898840413,-0.05914309848595989,0.06686083972252033,0.1547431314204328
0.7975194665509036,0.8259999925819164,0.8152654308019378,0.8323488661351854,0.7483927049320237,1.0,0.7614191068011446,0.7477641668746651,0.7539502992422067,0.688790467965889,0.5025757682464441,0.7341283501423388,0.753737618038444,0.7252179063031108,0.7433281846544232,0.6708738958324335,0.6991284831244631,0.7825747597627803,0.73552783838749,0.8802088792411593,0.7481419386177435,0.649925055677251,0.6584754478936125,0.6067109180551966,0.500477255059814,0.7824791295791814,0.744142170913134,0.7510929311871407,0.7983629056323782,0.7235653273885208,0.74447250332689,0.5672173087223287,0.7614617981038572,0.7875506900946383,0.7181839450396605,0.7166507024856199,0.7617779918421029,0.7326588510935006,0.7331629428073118,0.61180925416767,0.7377515222278466,0.7838191514246687,0.6860030236977954,0.5820154657120812,0.7300579595807315,0.5347510713366346,0.5947735780523679,0.46847900164627665,0.4374285665397369,-0.813094237435046,0.07193015695869266,-0.3793866336280567,-0.4803321168265851,-0.1797686913855266,-0.22299216440385813,-0.17160967780919936,-0.47742666293395214,-0.01983527345022797,-0.04191670525150448,0.4404156303347013,-0.8091889175294702,0.04874209621943679,-0.3036188849863993,-0.44147023178382877,-0.09490796059559274,-0.1226076843200435,-0.2876579459880912,-0.08094868963860709,0.12751357532364546
0.8323820009347925,0.92349737607604,0.9179471786664017,0.86883383121456,0.7655284503981709,0.7614191068011446,1.0,0.8979925974118781,0.8570730394010575,0.7998643661675737,0.7381478202581991,0.7339160677456356,0.808536816593128,0.8155084099932162,0.8440636129439308,0.7300820639167632,0.9629627446986273,0.8858220706892285,0.503803630601494,0.7614597156465902,0.626694468243635,0.7330796355233974,0.7103340212899183,0.6432862543477954,0.7664578210653779,0.9438789514795252,0.8999192339840812,0.832904409678922,0.9267139852135443,0.8259967487474346,0.7494904838700742,0.746107470772283,0.855640813036654,0.9177189447800143,0.8365339247380936,0.8860593048190099,0.8765463272808673,0.887026590354186,0.8580684224050351,0.6548524535549153,0.7277832033816026,0.8946452944979849,0.8902196942895021,0.6435357776070395,0.8022101800605381,0.6156469681810643,0.7595826422573608,0.48732089444122867,0.5361367040376566,-0.9254952101965096,0.12903389108898253,-0.42372370096698186,-0.5910120678398469,-0.30011381168167356,-0.3422228275512142,-0.1327284833639662,-0.20172743013843256,0.08303070447935186,0.05495541170483622,0.6313246860489202,-0.9244688952082902,0.14421840136099662,-0.45702149528448577,-0.6196138544420257,-0.23558643448686883,-0.23129056167927198,0.01189470178005089,0.14081185614766073,0.1674143569156071
0.8815444894449496,0.915457643810091,0.9319008198551653,0.8765067026043217,0.7734324663468469,0.7477641668746651,0.8979925974118781,1.0,0.8115105123459138,0.6938097643036326,0.8030586171053696,0.8014025291856489,0.8306606804738006,0.8432741492584526,0.866196178111395,0.7018921198763829,0.886621217442754,0.8313820935346153,0.4789592345969696,0.7454568718234296,0.685445990638547,0.7128050357940228,0.6791821738832956,0.5547980286620782,0.8297523525222872,0.8498939833839144,0.9049258300664201,0.8760635891122854,0.9165318320508863,0.8835581432544082,0.8180928318764307,0.6553144323317776,0.9143459869215834,0.9358750952518369,0.8896364441027681,0.8450628893931242,0.8712726222359937,0.9036000397659233,0.8468790149661061,0.6495014296571344,0.6716541859068818,0.8288207841992481,0.8044868586853446,0.6825839392464834,0.8056388765177791,0.4548625597970761,0.7416387008379697,0.5069269008949495,0.5121652844828689,-0.9325916541633811,0.08652471080061508,-0.4671461596510712,-0.5789975828019606,-0.34621080692766887,-0.3457971508777599,-0.12333588278489256,-0.19481349240938622,0.13591719625457926,0.05615496234122527,0.6457484991326928,-0.9481017350307293,0.04735349034017653,-0.5029269853367304,-0.6172297249874127,-0.25957740989538414,-0.2409599788009782,-0.012383133165723067,0.17955638288705203,0.1899906993200873
0.8228870515746393,0.8671179479611377,0.8571596266360955,0.8426971048997911,0.709607683203624,0.7539502992422067,0.8570730394010575,0.8115105123459138,1.0,0.6932431732594256,0.6739241140499427,0.713819668662535,0.7692526914863903,0.7884512139210543,0.8062025880023923,0.6737775598860889,0.8266950415380924,0.8094408678009439,0.5327332107094447,0.7257709283787463,0.6699573175547924,0.73588192180766,0.6558301004144301,0.5857428240208095,0.7252809717173225,0.8089570274605123,0.8591463446461386,0.7975845806937504,0.8513087368340209,0.8126105443427185,0.7708234144995082,0.6416577344937069,0.8217359883110639,0.8544930948874107,0.7858228738944804,0.8060235067904913,0.844739810394649,0.8423398613257347,0.8008036252861084,0.6072334696473788,0.6426081680166174,0.7809555922262117,0.7541827188336127,0.5223266791378662,0.7431198878582839,0.5500978311667336,0.7049345805075927,0.45916922651757475,0.5221066909968531,-0.8654552536993106,0.11185812764902553,-0.43347287394182044,-0.5370094501397334,-0.2588914909137483,-0.28254133847624946,-0.22856376454587743,-0.2606839019571514,0.04629077894066207,0.017835629922367858,0.5594338817886574,-0.870109411355746,0.1338861085615833,-0.4421036705599985,-0.5487608157125603,-0.209476062410583,-0.203574623162562,-0.08783186861800665,0.0757054474055809,0.060973814574591834
0.5887158827017553,0.7103209030979365,0.7068132555889554,0.7052583901613312,0.6576501863070965,0.688790467965889,0.7998643661675737,0.6938097643036326,0.6932431732594256,1.0,0.48601311074646497,0.5850416689661441,0.7424614571398331,0.6092738291767044,0.586798502939133,0.5733456914358338,0.7748888007728896,0.710888866731973,0.45015262028143793,0.6981050006291878,0.5853563239888074,0.5680174034734353,0.6017320673593064,0.6123830884841155,0.5028622931215995,0.8064696931439114,0.6661491352419704,0.6051461499463704,0.7148109794695678,0.5943505096457439,0.5676578039301653,0.6682206400911259,0.6107198465803183,0.683082425291015,0.6113659601780796,0.7063488594658147,0.6538403753555918,0.6869501538890501,0.6751155836532218,0.5750428382661957,0.6291558759190375,0.761514544603403,0.7950527037710508,0.6423618655442931,0.731512032210516,0.7335774405194108,0.5917360483880373,0.40349591854504996,0.4272618045727845,-0.7231175443999394,0.047282812884664176,-0.32456749835001814,-0.551258368720688,-0.16847875869473916,-0.3240247013787236,-0.0794182318240895,-0.18529734185554989,0.04246447649577218,0.00653696519671575,0.47211438112245196,-0.7043981421737187,0.10690079549329846,-0.2953107784680446,-0.5427457014498277,-0.12076083726060452,-0.13945409094957115,0.012794527256996499,0.0974828120456709,0.11167976036918442
0.7406817776050071,0.7248424992103485,0.7714016033394664,0.6953167791324015,0.655582535667494,0.5025757682464441,0.7381478202581991,0.8030586171053696,0.6739241140499427,0.48601311074646497,1.0,0.6110074678212994,0.6595797885650411,0.6888751410856662,0.7346946145195021,0.6293908263786164,0.758348138684548,0.6400265626118102,0.28315863447237755,0.45329220065409015,0.5704434417205352,0.7122213567441946,0.45219857373503486,0.37252423516112265,0.8464823457809738,0.6581249103050159,0.7811734209913087,0.7509597271074554,0.7241695882591248,0.8170628710119768,0.7429913636771714,0.5094534410141908,0.762392871154602,0.7931927660641667,0.7894240435263645,0.6914671876070901,0.7505590730829655,0.7834044842457252,0.721801084783924,0.47702037500120636,0.41336979720824246,0.6043314219431328,0.6373843934489049,0.43035835075513984,0.6015306012139972,0.2966101110263412,0.6493392083881229,0.37210370647684854,0.4784586154778797,-0.751450634724812,0.15217509010813773,-0.33298141527462777,-0.45218063785918194,-0.3856974460547106,-0.3169524606506363,-0.15079001150466576,-0.05287172630615171,0.14895324835141666,-0.01961576420234176,0.5006038449000534,-0.8011675785153388,0.12918006054112754,-0.4339721878402391,-0.5465922985226338,-0.3384054241051124,-0.2127522180914512,0.10693250902490897,0.20254966646210618,0.1367950315719035
0.8334276132010252,0.7961356589378663,0.8607557599150598,0.8305486509027674,0.7362372745103751,0.7341283501423388,0.7339160677456356,0.8014025291856489,0.713819668662535,0.5850416689661441,0.6110074678212994,1.0,0.8612840180279654,0.7664880356685851,0.7331228591114054,0.5734745154062998,0.6916824038939894,0.6809150728583123,0.3755057311254799,0.7007756342204177,0.8234862286892675,0.5339281611780262,0.6010544857731415,0.49740189077874936,0.6778964970994317,0.709698634391572,0.8065208173214544,0.825221433206074,0.7830961577983906,0.8104594988967616,0.7878298275868284,0.5170199604788898,0.8048678346521373,0.7916913462650408,0.7539879871438049,0.7490439335919078,0.7101336830191515,0.7737956617842975,0.7119231965818716,0.6150197221085911,0.608622237084276,0.7056895373679941,0.6677086138279675,0.49448926521467096,0.7142188692959239,0.36966925928510097,0.5906240250316963,0.49673643965814696,0.3402634895225783,-0.8431143205376617,0.141693128659871,-0.41630816544060717,-0.5102417784974443,-0.25638886527177934,-0.2747071989152677,-0.15920305158252993,-0.3751689920246974,0.0074142061333753026,0.028114856003933215,0.6358419559438486,-0.8061780366808751,0.11799234123886895,-0.3478043081239335,-0.4619452695123955,-0.13966426086913267,-0.24506530449223798,-0.13844396365783138,0.02084173461090278,0.18107387497941269
0.8160066741819177,0.8197484573396125,0.8728649190093319,0.8655056500794668,0.8156930599549417,0.753737618038444,0.808536816593128,0.8306606804738006,0.7692526914863903,0.7424614571398331,0.6595797885650411,0.8612840180279654,1.0,0.7540170532020781,0.7454493857099637,0.6378032520140401,0.7696351744454113,0.7135081958861246,0.38936814496941885,0.716598597103434,0.785810776026848,0.5867671369132378,0.6243773814218214,0.55729934995338,0.7308065916308257,0.7807437755757741,0.8378645940994286,0.8125004510940413,0.8222178498858527,0.8059112656952129,0.7643304589320822,0.5956400945010191,0.803954568872504,0.8207264690469678,0.7807316883415929,0.7981719004289476,0.759243496935918,0.8306607754669336,0.7812940963104572,0.6268958615867838,0.604584556351501,0.7566084610432692,0.7285629334252582,0.5652188579311772,0.7445204718704691,0.46783136315552715,0.6505320647822525,0.46650551649747585,0.434769151916092,-0.8745391263147446,0.10611194551161662,-0.4418739157101886,-0.5921351901971287,-0.2670065916830399,-0.33658053861649534,-0.15827162780794102,-0.2985957600379489,0.07673970963439408,0.01641349002620593,0.6700264449154831,-0.8410563537800608,0.13447872108682862,-0.3993545723219672,-0.5245063818289053,-0.1858609494773101,-0.22859471744540738,-0.08194382979494325,0.08938124850720892,0.15109483776653945
0.8774660574332857,0.8378080362317822,0.8493481760662718,0.7761126003185673,0.7409168868077839,0.7252179063031108,0.8155084099932162,0.8432741492584526,0.7884512139210543,0.6092738291767044,0.6888751410856662,0.7664880356685851,0.7540170532020781,1.0,0.8395894690151354,0.5544646319606205,0.8047973903846914,0.7727350119634001,0.4465042642471,0.7441919049214348,0.6723936458988025,0.6492589268332408,0.5365452692352385,0.48084969031886216,0.7529980808276772,0.7620048353273313,0.8290101352328663,0.8070372871137561,0.8323390104321364,0.819334788609353,0.728254859953695,0.5886620665442953,0.8697362355164998,0.8563283600741074,0.7464430742998436,0.7610086547677636,0.8462345058399947,0.8076529278327289,0.7132505776350304,0.5508765662273791,0.6201053080346454,0.7130437457724578,0.7031458565285497,0.5336785358503672,0.7194889001669925,0.43951086673406226,0.6230121954656792,0.4505240487554635,0.5341342086050149,-0.8269342863543313,0.14796485519196131,-0.3853131776519602,-0.4485430301755139,-0.21468860415858226,-0.2038613594503999,-0.24845234343168232,-0.27197038546380536,0.03676291600930763,0.04972488818358922,0.4777498657217596,-0.8842199494041613,0.015299024709405811,-0.4405271190336364,-0.48524196335222625,-0.17584918230077443,-0.20253952517290916,-0.0785546887103882,0.04502411255987334,0.15886710947614852
0.8929484982196101,0.8813224930683436,0.8693666150362889,0.8319293037741441,0.715511825284075,0.7433281846544232,0.8440636129439308,0.866196178111395,0.8062025880023923,0.586798502939133,0.7346946145195021,0.7331228591114054,0.7454493857099637,0.8395894690151354,1.0,0.7066724213425656,0.816536283424032,0.8239257958661136,0.5448404418275254,0.734797995563679,0.6536843558875046,0.6982549936786553,0.5843445184132577,0.4717649524570499,0.7706037242121851,0.7932025320384174,0.8880102389520418,0.8200060927255127,0.8587260365881401,0.8432497803139417,0.7714722307132448,0.5579276947762533,0.8915342702209886,0.9021744698929282,0.8033040190183136,0.7537946145602962,0.88780395451399,0.8629002214209053,0.7636923836732095,0.5288555452672592,0.6224085512447527,0.7592490789794892,0.6856004892910416,0.6509411021947759,0.7906886570551351,0.5221304830387758,0.6412152331823472,0.42602636922919623,0.5137440445175937,-0.8759125642769727,0.055273433375854414,-0.401956190122117,-0.4614802161165349,-0.30928866921313297,-0.18830178915600684,-0.24763449421172,-0.35512805475109044,0.031640201573950644,-0.03527899422339592,0.5318716791264254,-0.8970932119615554,0.04552502049422924,-0.4753127010784087,-0.5020719430227818,-0.22281021485066319,-0.17029917517760032,-0.17042754073834848,0.033848965970457306,0.12098421336758719
0.6812880005262114,0.7743690536722979,0.7337264276648093,0.7641563166424038,0.6450801142467107,0.6708738958324335,0.7300820639167632,0.7018921198763829,0.6737775598860889,0.5733456914358338,0.6293908263786164,0.5734745154062998,0.6378032520140401,0.5544646319606205,0.7066724213425656,1.0,0.6909176319671869,0.7298524931945098,0.601066249386467,0.5812666996737762,0.5386034782510858,0.7447730918712496,0.6869640980915276,0.5788767671751512,0.5841714610396022,0.7010433290777454,0.7247930849113248,0.7005251718924644,0.721055209838417,0.7504492098578923,0.7205485611401777,0.48488508736479036,0.6714605999488324,0.7766739652240842,0.7258402415875248,0.717923941036305,0.7335535649664253,0.7693601045439478,0.727717620575711,0.591957282981721,0.5791914211739753,0.7101052560991595,0.5794105677941813,0.5099975211102541,0.6695904250233576,0.5069568560105546,0.6450671597555978,0.5199041301083166,0.4333816138472581,-0.7757808083124784,0.11636361340581125,-0.2622972807807898,-0.4821742477131218,-0.2647706315255488,-0.23948714658759668,-0.06076072716464722,-0.2726612414297055,0.013750893120197576,-0.04106780973100937,0.4620951067356236,-0.7537608584710928,0.10252509162497325,-0.2214470547180655,-0.4255957928753343,-0.13894371460936247,-0.1252109522114249,-0.09999940469692845,0.08608726390231523,0.1538889280725418
0.8052072269237184,0.8930001465249635,0.8918251931639979,0.8190825798123633,0.7342166107840804,0.6991284831244631,0.9629627446986273,0.886621217442754,0.8266950415380924,0.7748888007728896,0.758348138684548,0.6916824038939894,0.7696351744454113,0.8047973903846914,0.816536283424032,0.6909176319671869,1.0,0.8571940773605086,0.4344348936833233,0.710220769046578,0.5779782892493341,0.7291982188167082,0.6706120640947412,0.6216872735147686,0.7910120190213883,0.9089946996609635,0.8790605327310355,0.8074445953201493,0.9053691007956168,0.8127012987387384,0.7158362958732779,0.7618688383614058,0.8407376247952824,0.8963202385914792,0.816669217896233,0.8777126724267932,0.8630639556378501,0.8623833139556638,0.824443357580736,0.6346178214297036,0.6758235627090815,0.8673965419910539,0.8876725587351812,0.6198090745188968,0.7613200977315866,0.5726873900982852,0.7561757758887006,0.48493136042397,0.5578241611956191,-0.8910870264238482,0.1308687754187785,-0.41133559781788287,-0.5858721326075209,-0.32847209440596364,-0.324329373529508,-0.11865635526733037,-0.13258719551242004,0.09309496953542785,0.047232172721833186,0.6122147326485666,-0.9062380765038025,0.14446617109470974,-0.47409929583815924,-0.635144681982151,-0.26887558868009387,-0.2282794493373849,0.06800676314834836,0.16522786723490746,0.1629364522095164
0.7962668145917605,0.8906782213338453,0.8438578692438194,0.8412446700676074,0.6780836443027896,0.7825747597627803,0.8858220706892285,0.8313820935346153,0.8094408678009439,0.710888866731973,0.6400265626118102,0.6809150728583123,0.7135081958861246,0.7727350119634001,0.8239257958661136,0.7298524931945098,0.8571940773605086,1.0,0.6702813843005011,0.7812113806235311,0.6120288402426969,0.7583937784181269,0.7123166876880832,0.5785952013550135,0.6465918504930641,0.8739151781372567,0.8412549978025702,0.7716982574571746,0.8685835707129771,0.7917697413435343,0.7546546065685855,0.649979157183654,0.81570736595714,0.8819733097012253,0.7895173387682318,0.7966994748683197,0.8496079521976284,0.8182124139514135,0.788245915217164,0.6073249434497521,0.7527808836530587,0.8562044101245456,0.7707620590450976,0.5973538250846766,0.7547134684440063,0.5501703479371765,0.6980864720892598,0.48755780624508155,0.5118368509587561,-0.871939732615928,0.12557030216387152,-0.4313391821499049,-0.5643816368733399,-0.26556828934374493,-0.2423252143794598,-0.1463446185505414,-0.3233237788774414,0.01209017480521278,-0.02353504587456739,0.5217490959185315,-0.8725516708792694,0.10086325142373391,-0.41530032425594954,-0.566544754786484,-0.21635425425369623,-0.15578960025290287,-0.1326666676281145,0.03782870927027149,0.12429380567839288
0.5272067043369605,0.6285436013537049,0.5159533640542576,0.5858723184759372,0.40342114525856376,0.73552783838749,0.503803630601494,0.4789592345969696,0.5327332107094447,0.45015262028143793,0.28315863447237755,0.3755057311254799,0.38936814496941885,0.4465042642471,0.5448404418275254,0.601066249386467,0.4344348936833233,0.6702813843005011,1.0,0.6824751708163651,0.4670783203232313,0.5992863016065232,0.5665220350243846,0.4130330539478563,0.21286345754589478,0.5573563268102396,0.47822720938974084,0.5083809410587421,0.5725461604597412,0.4810800581262192,0.5677404748634349,0.3229869563577596,0.5124242246669614,0.5620787149690628,0.49164199040498685,0.44695441233969047,0.5603178812511961,0.4965346840783909,0.5212037496224883,0.37754111773370297,0.6416723973127785,0.6012924054212069,0.4022564727042151,0.4556701601497312,0.4716859177410081,0.4276363948879858,0.3973461412434823,0.2974629395407957,0.3084803016659758,-0.5537825688396765,0.0267768713425715,-0.2741440745952278,-0.30277887182059715,-0.10540403497797692,-0.038833529882560024,-0.14576412281385787,-0.426947381816672,-0.027397288735274375,-0.0789055163814941,0.15580716436643474,-0.5506449194268421,-0.06874955438086028,-0.1616183599967341,-0.2734615146742121,-0.01887292764028634,0.04968558030186357,-0.3010237088159943,-0.11302165702081189,0.05168496974435575
0.7606150092777959,0.7942812762710717,0.763975808621309,0.7715396971615525,0.7009251293067719,0.8802088792411593,0.7614597156465902,0.7454568718234296,0.7257709283787463,0.6981050006291878,0.45329220065409015,0.7007756342204177,0.716598597103434,0.7441919049214348,0.734797995563679,0.5812666996737762,0.710220769046578,0.7812113806235311,0.6824751708163651,1.0,0.6784917517218099,0.6226110310351609,0.6015750521894474,0.5636146490605928,0.45124118486611764,0.7633459438364206,0.6868918347921699,0.7093850114858055,0.7684820431974837,0.665667237827951,0.6548783366564108,0.5710510412767155,0.73419821379563,0.7732419221373141,0.648642781085889,0.6748978131420462,0.7335518809793694,0.6841974516264654,0.6620798371450621,0.5819615711010574,0.7304902677464563,0.739832500877603,0.6744973929095711,0.5795592321837694,0.711458764636184,0.513246285520116,0.5263363940119888,0.44817951558785624,0.44461301763072514,-0.7660315700810918,0.12014374496471739,-0.36069510922017,-0.4729208383059789,-0.14706492154794415,-0.17879389423748676,-0.1347581749996289,-0.42703092301345286,-0.06703003286405082,-0.024667407255610792,0.3647680333251871,-0.7894595322840421,0.009822351211586323,-0.3461550138760495,-0.5078639492930591,-0.09817141218839055,-0.07663592969485239,-0.2605639546072362,-0.08944096445162056,0.13369754206209583
0.7458721711660627,0.693679708643832,0.7538853424412728,0.7951656846929978,0.6892392283119473,0.7481419386177435,0.626694468243635,0.685445990638547,0.6699573175547924,0.5853563239888074,0.5704434417205352,0.8234862286892675,0.785810776026848,0.6723936458988025,0.6536843558875046,0.5386034782510858,0.5779782892493341,0.6120288402426969,0.4670783203232313,0.6784917517218099,1.0,0.5970392844089886,0.4782800205832066,0.4688642303731241,0.5206237613597783,0.6143010099309755,0.6985319040926525,0.733049316818196,0.6858327518722568,0.7259250087497026,0.8107999351602437,0.5062966815180288,0.6850357670529352,0.6963458707057404,0.6702902863974238,0.6316441805562288,0.614283321783815,0.6964848243410312,0.6355404555846582,0.4806193213876063,0.5536438645975441,0.5892068815267067,0.5524732860602143,0.40642398134175817,0.639379868123485,0.36684520133987164,0.5603057175906845,0.32327735884272674,0.34457741005699505,-0.7384628465884314,0.06920414700047554,-0.3287354057453468,-0.4341751263202586,-0.24177227764144688,-0.22848357478491238,-0.16669652519912767,-0.42473035583016633,-0.04251750628052598,-0.09596462196292732,0.45097315538853744,-0.7091505313523944,0.04212592261921602,-0.23587741241990046,-0.4389087846355452,-0.138723531199238,-0.15344792241008895,-0.1996126503914739,-0.07744444075449591,0.084738906849688
0.6959875106440855,0.757989547030892,0.7268875918552296,0.7593339935161719,0.5850857259235974,0.649925055677251,0.7330796355233974,0.7128050357940228,0.73588192180766,0.5680174034734353,0.7122213567441946,0.5339281611780262,0.5867671369132378,0.6492589268332408,0.6982549936786553,0.7447730918712496,0.7291982188167082,0.7583937784181269,0.5992863016065232,0.6226110310351609,0.5970392844089886,1.0,0.6926639231356925,0.5983979755543605,0.6244278826559208,0.6821449722392352,0.7339476467002314,0.6953695657217215,0.7284506731773619,0.7514424801256615,0.7949263705690597,0.6038237552982725,0.6889242940449873,0.7657638459627354,0.7494669211247492,0.722709970817123,0.7557543224629673,0.7403579997269355,0.7817948760651764,0.6163667599324716,0.5503995324213985,0.6594129677937106,0.5959231081113667,0.42156040140293455,0.6101006047595178,0.4083344512351053,0.7022209648384731,0.4457215153165724,0.5249770404106795,-0.7397221628742126,0.0958404878453567,-0.3469455247229883,-0.517536873380066,-0.31739631984690214,-0.20737694843244434,-0.12502773709878667,-0.21848937891882456,0.0026409028788819283,-0.082878481260862,0.39190490495528607,-0.7783822106256401,0.0467263082361942,-0.3682152042541112,-0.572648911635241,-0.2367701986645682,-0.08319751441872181,-0.06297827390639255,0.0052310249756233876,0.022377603126685297
0.6402189818349994,0.7672620109797278,0.7311658117539465,0.7505069259791199,0.5717274563121685,0.6584754478936125,0.7103340212899183,0.6791821738832956,0.6558301004144301,0.6017320673593064,0.45219857373503486,0.6010544857731415,0.6243773814218214,0.5365452692352385,0.5843445184132577,0.6869640980915276,0.6706120640947412,0.7123166876880832,0.5665220350243846,0.6015750521894474,0.4782800205832066,0.6926639231356925,1.0,0.6928783644828366,0.535645288750673,0.7133051770241131,0.7213999130026025,0.6724432997555411,0.7357710209431161,0.6302160499611154,0.669022030956565,0.5067239401739244,0.6454747899066704,0.7015360628341923,0.6664726611637237,0.7926766571827588,0.638983709353237,0.7026034032108984,0.8158981548722767,0.8268621740109652,0.6333970542836319,0.7568231908443934,0.6543157147506055,0.4938425681910788,0.6230235029477882,0.45927330907327885,0.6871619680055964,0.6728204005607676,0.30044682601956,-0.7679505986069703,-0.038533858213722925,-0.4168557235821831,-0.584334864578539,-0.21021654314029897,-0.2403723096477604,-0.017350047893666017,-0.24134383184361696,0.02915280985199189,-0.0006610364870843323,0.6178199428872418,-0.7006649171497914,0.08106003795360464,-0.29248819399005044,-0.4798891742521502,-0.10891195228642822,-0.16326934134554252,-0.06990289911883724,0.07775715046220201,0.05618906079096084
0.5207238409638979,0.6360502588608489,0.6203791199203932,0.6396928864216902,0.5733891769936214,0.6067109180551966,0.6432862543477954,0.5547980286620782,0.5857428240208095,0.6123830884841155,0.37252423516112265,0.49740189077874936,0.55729934995338,0.48084969031886216,0.4717649524570499,0.5788767671751512,0.6216872735147686,0.5785952013550135,0.4130330539478563,0.5636146490605928,0.4688642303731241,0.5983979755543605,0.6928783644828366,1.0,0.42947414050978755,0.6367991747057454,0.5961630238254422,0.5539062687247065,0.6488730317019403,0.5191418740740074,0.5208591383076527,0.7372398931887868,0.533662535619808,0.5898639155288974,0.567060125615006,0.7632197760376286,0.5339858615306389,0.6021665448232387,0.7006402416839487,0.7522748687486793,0.5259182531491247,0.6200345118036804,0.5956005284530974,0.41895672921616345,0.5996918756181882,0.5133913552644271,0.6804148944788652,0.5709158042667244,0.330436010874365,-0.6274746229553002,0.030439654175119474,-0.28605782568421395,-0.49129667572690505,-0.17140355533002277,-0.2148560326903399,-0.04578622197517366,-0.20153632454988277,-0.09329854518803293,0.06226193877346856,0.47467191999197594,-0.6050534603312163,0.12135568456671612,-0.2052332008887465,-0.45997290988272815,-0.10418032120566713,-0.1533487874527836,-0.032972946727536645,-0.0203411421571736,0.023497989358260276
0.7988604119709439,0.7723610206179521,0.8239812313548747,0.7255273813745909,0.6942198097878529,0.500477255059814,0.7664578210653779,0.8297523525222872,0.7252809717173225,0.5028622931215995,0.8464823457809738,0.6778964970994317,0.7308065916308257,0.7529980808276772,0.7706037242121851,0.5841714610396022,0.7910120190213883,0.6465918504930641,0.21286345754589478,0.45124118486611764,0.5206237613597783,0.6244278826559208,0.535645288750673,0.42947414050978755,1.0,0.6828151702987572,0.8585557528788916,0.8046108775059281,0.7838896235974085,0.8469175253616457,0.7227933741633585,0.5273815692054398,0.836003195738114,0.8146043633594884,0.7768445841813753,0.7653107131625309,0.7728860040941531,0.8242955217995438,0.7403743705411439,0.5264734338073075,0.42009781821374664,0.6562761105099733,0.6783533877630255,0.4776749152253411,0.6533163538695572,0.34474188089323105,0.6857657286530154,0.44538161877668786,0.47780815943623645,-0.8012726543942067,0.09204129677203068,-0.3949036556973729,-0.4733421357197074,-0.347218161515074,-0.32010170812835737,-0.20089204023331433,-0.05494641918173205,0.11610603320161166,0.07709955687600677,0.6583972641059957,-0.8233987242120324,0.14531659786371548,-0.4687068291020505,-0.4985431821416601,-0.30968555250765284,-0.2946309385085016,0.10156943196250422,0.23485200611251253,0.12363822847536081
0.7879534240105426,0.8968663986920111,0.885659826778046,0.8452316903043712,0.7148435467449507,0.7824791295791814,0.9438789514795252,0.8498939833839144,0.8089570274605123,0.8064696931439114,0.6581249103050159,0.709698634391572,0.7807437755757741,0.7620048353273313,0.7932025320384174,0.7010433290777454,0.9089946996609635,0.8739151781372567,0.5573563268102396,0.7633459438364206,0.6143010099309755,0.6821449722392352,0.7133051770241131,0.6367991747057454,0.6828151702987572,1.0,0.8533995368136967,0.8065618512098203,0.9097904382625858,0.7835009777098407,0.7313340997668686,0.7264882353281443,0.8075680410846495,0.8755963460229377,0.7991958469402392,0.8503824839640495,0.8241385256148286,0.8507086480975834,0.823983814379934,0.6363704560556606,0.7904976141485569,0.915158296486888,0.8909707904583312,0.6492192716647126,0.7774439005103176,0.6473128700889105,0.7178820494231198,0.4586918294745531,0.4943301475726659,-0.8955053379146294,0.09048614634454195,-0.41619794129210697,-0.5679779041802938,-0.24220493560076353,-0.33795012767259264,-0.11288244100670743,-0.25152648709685493,0.05121824377364051,0.05967972633238583,0.6090846731006296,-0.8781529135080094,0.12056102160003047,-0.4002674638838745,-0.5542665792991609,-0.1671212796333145,-0.19670706882453262,-0.03275374998180156,0.10920742595196141,0.1899127827605188
0.9028276609891664,0.9231225907486451,0.9414807199292158,0.9021710933306725,0.7633792188250963,0.744142170913134,0.8999192339840812,0.9049258300664201,0.8591463446461386,0.6661491352419704,0.7811734209913087,0.8065208173214544,0.8378645940994286,0.8290101352328663,0.8880102389520418,0.7247930849113248,0.8790605327310355,0.8412549978025702,0.47822720938974084,0.6868918347921699,0.6985319040926525,0.7339476467002314,0.7213999130026025,0.5961630238254422,0.8585557528788916,0.8533995368136967,1.0,0.8839805058295869,0.9239844119088745,0.8885827257575383,0.8365515641738864,0.6579080574363716,0.9180036448008794,0.9239562898223624,0.8719415602779247,0.8786594992377573,0.8860713347271089,0.9226666654369456,0.8635796275312462,0.6499600623447928,0.6467721651170139,0.822299071078599,0.77580384274751,0.5941871871040253,0.7860902825557761,0.5035551979950954,0.771380722176347,0.5144589130814062,0.5388187165730616,-0.9466018844952712,0.06093595294041807,-0.5010096730066615,-0.5817600803382375,-0.36118954793612457,-0.3256510825710615,-0.2400386312643984,-0.29325323568344913,0.07460825843771014,-0.008602193062929466,0.6991857164935829,-0.930995734227536,0.11783512979734949,-0.48298295680956665,-0.5530334466080954,-0.2613603164935938,-0.24718977737945688,-0.07816872836852098,0.1145274708876828,0.0981815494091686
0.9136724762232021,0.900612927495302,0.9236388650950118,0.887318621617749,0.7526175118119396,0.7510929311871407,0.832904409678922,0.8760635891122854,0.7975845806937504,0.6051461499463704,0.7509597271074554,0.825221433206074,0.8125004510940413,0.8070372871137561,0.8200060927255127,0.7005251718924644,0.8074445953201493,0.7716982574571746,0.5083809410587421,0.7093850114858055,0.733049316818196,0.6953695657217215,0.6724432997555411,0.5539062687247065,0.8046108775059281,0.8065618512098203,0.8839805058295869,1.0,0.8993829170363857,0.9097348290458458,0.865547089136931,0.6100545293085344,0.9013396173525341,0.895459020835778,0.8484563099142453,0.8464826600507949,0.8253455796928741,0.8875692247090732,0.8222750359973419,0.6294198354275307,0.7079642084592465,0.7972804164825821,0.7377973408391166,0.5598545365454355,0.7663426771498459,0.4617231412134779,0.7327152074331517,0.5014475149897121,0.44455521422842187,-0.9137424899026003,0.11644576905184426,-0.39206044679748475,-0.5120043052120686,-0.2949513928513154,-0.28753273179688027,-0.1507081274315003,-0.291165908275483,0.012535362599170267,0.08956823618195736,0.6241677981891106,-0.9016189614259543,0.12358676477858262,-0.38604854301548114,-0.4990918457665801,-0.18317096650221354,-0.24350317814219563,-0.06440929639295286,0.07980064567535636,0.24769235620139363
0.8880889710905582,0.9522934316600089,0.9452329021884234,0.9036764279005096,0.7600128500350634,0.7983629056323782,0.9267139852135443,0.9165318320508863,0.8513087368340209,0.7148109794695678,0.7241695882591248,0.7830961577983906,0.8222178498858527,0.8323390104321364,0.8587260365881401,0.721055209838417,0.9053691007956168,0.8685835707129771,0.5725461604597412,0.7684820431974837,0.6858327518722568,0.7284506731773619,0.7357710209431161,0.6488730317019403,0.7838896235974085,0.9097904382625858,0.9239844119088745,0.8993829170363857,1.0,0.8721821509636164,0.8302890278440158,0.7307572738528764,0.9102424400610634,0.9298043173342827,0.8760660895214676,0.8947705741239953,0.8785469340135023,0.9119357250770053,0.8697757518623036,0.6625889256154414,0.7721575072162074,0.8886907752806166,0.8346863105453987,0.6516028352531186,0.8056510663986939,0.5568049643235559,0.7729337236357086,0.49702091675040083,0.5188765082978254,-0.9479596819484096,0.09431045993189709,-0.47912670711830285,-0.5798916238587446,-0.32161654429817127,-0.3210333214136056,-0.16406276782229884,-0.27891708392558445,0.06323350519878566,0.07289721654910616,0.658020728617153,-0.9388560698941243,0.09973911633779224,-0.45911999715920937,-0.5742223141680556,-0.21353440522187708,-0.2359960501075818,-0.0517285819840494,0.1043139659610184,0.1620894591420061
0.9019373369304323,0.8851852438650628,0.9057718938040505,0.8599688996685636,0.7511632839065888,0.7235653273885208,0.8259967487474346,0.8835581432544082,0.8126105443427185,0.5943505096457439,0.8170628710119768,0.8104594988967616,0.8059112656952129,0.819334788609353,0.8432497803139417,0.7504492098578923,0.8127012987387384,0.7917697413435343,0.4810800581262192,0.665667237827951,0.7259250087497026,0.7514424801256615,0.6302160499611154,0.5191418740740074,0.8469175253616457,0.7835009777098407,0.8885827257575383,0.9097348290458458,0.8721821509636164,1.0,0.89475299649178,0.5957145544267839,0.8857264427384445,0.9056768342495392,0.8761294796415875,0.8168690089175956,0.8562071577879727,0.8838324549518951,0.8067857112341029,0.6006747230415543,0.650463428286239,0.7773609493786785,0.7273611347829414,0.5410072847020531,0.7693780980530651,0.43337535709736497,0.7093936417908364,0.5305251479826767,0.5014670723027139,-0.8998824189464429,0.14635315412250458,-0.36417041027581615,-0.5360397167485192,-0.32061247471960475,-0.2742736549557669,-0.16314046326236387,-0.27035188362084694,0.04233429327087132,0.03430310497132694,0.5998290909868229,-0.9160373004949404,0.11611342819377135,-0.3799764572155003,-0.5354416945110114,-0.24050026796160684,-0.2139986885070467,-0.0833279046253595,0.07735569618405887,0.21522689446491478
