0,1,2,3,4,5,6,7,8,9,10,11,12,13,14,15,16,17,18,19,20,21,22,23,24,25,26,27,28,29,30,31,32,33,34,35,36,37,38,39,40,41,42,43,44,45,46,47,48,49,50,51,52,53,54,55,56,57,58,59,60,61,62,63,64,65,66,67,68
1.0,0.9137851114101394,0.9389983841432463,0.9376270560753187,0.7945614603446324,0.828418393637153,0.8449669555955543,0.9110320857015202,0.8635319467995126,0.790469101356927,0.8582257891398998,0.8775187612446292,0.8421597375245963,0.8743698646663739,0.9205926545447078,0.8222653866876376,0.7444201944977061,0.803876235068655,0.5801325092414212,0.7392054628750276,0.8768420183247021,0.778973145651151,0.7496922995984087,0.7514789760762958,0.8876219808712749,0.7814926089169378,0.9173039527510968,0.9367747964957079,0.9271297247073778,0.9398897309024458,0.87342631728831,0.454977318186213,0.9318632959549313,0.9335720733309576,0.919617306052373,0.8871656725767076,0.8984826220528436,0.9264801462471203,0.8783477185333637,0.8072693891541168,0.8350880286039613,0.834446411154213,0.8071369738348251,0.5218427934846365,0.8294579629468448,0.6003707070732702,0.8634615815489863,0.7541606702658747,0.7247378151197817,-0.9382103892161283,0.67190118855212,0.17047431465632462,-0.1616683143087159,-0.18496254627808587,0.0555156440237692,-0.08458692498612974,-0.3639560835069476,0.07301020240683327,0.38091897731114477,0.6498143590042251,-0.9354619747883062,0.6822195887834251,-0.08207464710827879,-0.21380956509504606,-0.17581191186329026,0.02059713598189444,-0.3096182052448209,0.0973688143762296,0.3874175690078583
0.9137851114101394,1.0,0.9114020956152199,0.9263239587566012,0.7639165321811338,0.8274945400444333,0.9210158109968645,0.9400528329329219,0.9231532745117134,0.8719782470661447,0.8833410184983264,0.862955173810874,0.8882453530599917,0.8728546099240748,0.9304407054186831,0.8867287434125822,0.8508312425957608,0.8650494652109906,0.6942451664361744,0.7796513441053146,0.8515712350990936,0.8352836838622549,0.827159450942511,0.7905681498884507,0.8828406031713544,0.8778764072122992,0.9488686137519311,0.893917403009311,0.9644045761296296,0.9385239770765342,0.8831798286660116,0.5881155664606074,0.9484715018440011,0.9633136067688415,0.9624490252323294,0.9428753049995322,0.9441418743413292,0.961001887588336,0.937663289948948,0.8205079230451716,0.8662519180985104,0.9268581118937734,0.9098435224035978,0.6657648530705919,0.8631524877068764,0.7133064524951555,0.8878589016630485,0.761749177180603,0.7259381966439711,-0.9651515046084815,0.6621580740629249,0.18016551427601424,-0.25074281892339734,-0.15880057038358567,0.04653648827941572,-0.061312598067626414,-0.3729896833751892,0.15026773052814085,0.3380868967735954,0.5603151216522536,-0.9688430914135654,0.643858524838379,-0.09068973300913419,-0.32402064264348307,-0.18411043518143957,0.024777857844733134,-0.3070823818697508,0.1019462244135705,0.3744041653265899
0.9389983841432463,0.9114020956152199,1.0,0.9428354446090875,0.8299507205612024,0.8459393019254896,0.8688711940504033,0.9313871804758517,0.8676456746783741,0.8189278829349007,0.8929584260947154,0.888381024038235,0.8662462373226018,0.880855956583344,0.9053401250999679,0.8356157850183958,0.7716807141902253,0.847104442616134,0.5704484441029396,0.782908104744239,0.8781435959883501,0.7856640439983908,0.7718004128629873,0.7399315948712549,0.8469405080524959,0.8160654505066403,0.9178407005707643,0.899325847240742,0.9273690955518801,0.930469028877437,0.8389727891815321,0.43920648669895923,0.9250340060223629,0.9303862170731654,0.9246404927285258,0.907042116167195,0.9069255691443001,0.9281581463891034,0.904469573217409,0.8035234392921495,0.8295113823927622,0.828423731469054,0.8185976246912362,0.5040430284198932,0.8287684873733395,0.6016926058933186,0.8836651416429465,0.7473706101196774,0.6495514299809236,-0.9451615284264538,0.6734772835876524,0.14399062517774086,-0.19592977333333583,-0.2230737245487388,0.0876523952467205,-0.10838266548841992,-0.444308344552301,0.07681443885309193,0.30892732240792714,0.6434855911214896,-0.9401216091130171,0.6589327532564069,-0.09299180567808973,-0.23513709023113313,-0.2301952270710654,0.031195989988277138,-0.38515643189104276,0.0037698540669566286,0.3367897077233428
0.9376270560753187,0.9263239587566012,0.9428354446090875,1.0,0.7663514357396255,0.8427465218033395,0.842900515827965,0.9123922986521248,0.8794745028806586,0.7976835637249419,0.8459842156030223,0.8637235862487707,0.8658091648340777,0.847539654909848,0.9189217838540661,0.8775846670475298,0.733030048424269,0.8616007080163761,0.6419442793217318,0.8113828319644102,0.8713801158092562,0.8433575499954484,0.7729012821140295,0.7629365334526653,0.8339829821033484,0.7792821711300777,0.9182111649961473,0.8948001066188355,0.9354712464222265,0.9332008199411097,0.8854142011901668,0.4716734210823076,0.9156358095065108,0.933666023697583,0.9355761228393987,0.9173946933422185,0.9090095540547074,0.9314333212695696,0.9071531701131902,0.8172845605533441,0.8610070622712288,0.8227502535920748,0.8005109580968092,0.5278370476311024,0.8238407990527241,0.601197306639001,0.879749591037784,0.7454790541450614,0.7093021603589651,-0.9524363611778399,0.6840706999540874,0.20122666391114832,-0.1796489497927039,-0.22645005990757652,0.08476085363120574,-0.08459659307780656,-0.4140751543160514,0.05998758502892236,0.3126166667474829,0.5902962449017637,-0.9459883798294418,0.682542001122373,-0.03417438086351619,-0.236481676803388,-0.2287274667534567,0.05145244619235887,-0.3581422490765254,0.0038804414023056637,0.3402897522014273
0.7945614603446324,0.7639165321811338,0.8299507205612024,0.7663514357396255,1.0,0.8393925168935256,0.7274351909848789,0.8394032434557464,0.7681130066011961,0.7313480813084433,0.8357375428086056,0.8566989110014778,0.8236533207084266,0.8518152955625602,0.7492758671755582,0.7391837474568075,0.6460874316797693,0.74308916100296,0.3844082879999266,0.6975350790453768,0.8002883773122851,0.6829374217420275,0.7145349251729803,0.6630899051452586,0.7234142776300134,0.6480038448347097,0.7851034051174525,0.7983135674533098,0.7625470041646464,0.7945317461713832,0.7077607821229266,0.29135370924068826,0.8453984105255206,0.8028987223050046,0.7984517388462253,0.7658697479855522,0.8279383740265449,0.8188996823670314,0.778558266342635,0.7318304698555504,0.7295458481471818,0.7062258431338435,0.6978986655188051,0.350208068962775,0.7801417896861554,0.44349448203349173,0.7659620850532616,0.7321307073710543,0.4431432915976241,-0.8057719351406825,0.639695459750302,0.22573687298477224,-0.0646401989599659,-0.10532428452171859,0.16524582250611775,0.09341135761038906,-0.41459115317373385,0.0609803983216163,0.32283333326787456,0.5246231176522389,-0.8095746551705505,0.6313128876474782,-0.012014074043915102,-0.0926234472661045,-0.14520459331636948,0.04648528423921499,-0.2793116242364471,0.005826412865449926,0.3776419335028895
0.828418393637153,0.8274945400444333,0.8459393019254896,0.8427465218033395,0.8393925168935256,1.0,0.7823391064644498,0.8436869330865268,0.8125573316812839,0.7448746631135239,0.7916963522423375,0.7755747626100495,0.8253331006771988,0.8274135505650659,0.812452250417416,0.8208694642039238,0.6380629756896955,0.8348589607054209,0.6518443285583103,0.838548184078729,0.7974964190378114,0.7254797584077429,0.7216317726285769,0.6802131756238636,0.7379534639718388,0.7156536718310298,0.8296785737363922,0.8053848159383615,0.830080921022844,0.7969050265541352,0.754970580058392,0.34869869207188847,0.8687599689929514,0.8408441312498562,0.8375611627333223,0.7959752008947062,0.8534506520367752,0.8462817440620289,0.7950660773277287,0.712560052292792,0.8567589800829023,0.7639100866720312,0.7286486874971125,0.45065557708902954,0.7896916574811611,0.5233623396071679,0.7682426316026074,0.691978505216156,0.5779658089974414,-0.8623895324534135,0.6431309751377736,0.1756850986291127,-0.12223023506971074,-0.14540483911358215,0.10730205984981829,0.01912034186058552,-0.49092066423643893,0.08296596300810163,0.31752748622024324,0.5561764788656539,-0.8414618964359217,0.6705577982743065,-0.006860121342676264,-0.13188762040793278,-0.13474001199775873,0.07016984637769415,-0.3658941870455636,0.02263901359360675,0.3545924216855258
0.8449669555955543,0.9210158109968645,0.8688711940504033,0.842900515827965,0.7274351909848789,0.7823391064644498,1.0,0.8993470896024353,0.8994552455581762,0.8912248070297542,0.8730819406544881,0.7711977791806398,0.8309986340325926,0.8436108891897476,0.8618881247999868,0.8141626492780573,0.9338491359523757,0.8599106579766825,0.6254951471364377,0.739196949573335,0.7701838297571578,0.7539894010928679,0.7604406549651164,0.6987982236731625,0.8302291586454389,0.9354913833041036,0.8851614331014959,0.7918295438036278,0.8979321476578414,0.8490425675852437,0.7764009245950381,0.5603720399748361,0.8837843976447991,0.9059436134343729,0.9031695819862353,0.8771573822724653,0.8909659638219442,0.901771863122899,0.8857177253950501,0.7063375865394286,0.7857346285058444,0.9390548273298237,0.9092683275863788,0.6452582723439461,0.8256262058150575,0.7787734581071253,0.8635195968313228,0.6481029445186883,0.6582366288521211,-0.9102009580699262,0.5992507435597065,0.007290632522278524,-0.3462149964369363,-0.1854765696083462,0.010439323315153057,-0.09506791387664963,-0.41643996871393135,0.13705088471264196,0.3048028957420845,0.6480299371641511,-0.8965537465551121,0.6060255940076487,-0.2331363646110336,-0.3887135859672063,-0.16119441054816866,-0.014905249644784326,-0.28263088395838964,0.1361041571158339,0.3082047836171407
0.9110320857015202,0.9400528329329219,0.9313871804758517,0.9123922986521248,0.8394032434557464,0.8436869330865268,0.8993470896024353,1.0,0.9180602873447835,0.9069282956439222,0.9500285375701929,0.912564908443858,0.9046379606250212,0.9307339422905776,0.904516400672995,0.893850839454113,0.8272618918506409,0.8872774832189537,0.5766738352308339,0.7924647899784619,0.8689283956037845,0.843658479836892,0.8458410742992604,0.7918374155187041,0.8685070030655764,0.8517437332313001,0.9391184635409213,0.8927112308998382,0.9355210550128734,0.9295783261266702,0.8665796374178918,0.5130153939479887,0.9581583739882559,0.9602075697384477,0.955290949006944,0.9347397168778083,0.9582503131448471,0.9648693922568847,0.9373864495159417,0.8397491300260761,0.8601045789442991,0.8969711768876029,0.8817601765666512,0.6226801218879238,0.8929096910090574,0.6540971856306856,0.9198714486778926,0.80982060469503,0.6765824740439831,-0.9618241170204395,0.6588096104464227,0.1276112612820274,-0.2689098584417759,-0.22084264064118997,0.07316718295821872,-0.03474531191778305,-0.38291482040189184,0.1951574789028685,0.39002450609323597,0.6127375841521606,-0.9576655683800509,0.6585884927219963,-0.1447656543858803,-0.3101251147630056,-0.22323398307707504,0.029793177282960992,-0.2388196764152615,0.12873297542947632,0.44689412508274573
0.8635319467995126,0.9231532745117134,0.8676456746783741,0.8794745028806586,0.7681130066011961,0.8125573316812839,0.8994552455581762,0.9180602873447835,1.0,0.8654781981630888,0.870215501599069,0.8234825543538762,0.8605801526025185,0.8585290512662629,0.8570861856269694,0.88001344111955,0.83107867902082,0.8661658588551938,0.5773107469719923,0.7832863057137173,0.7836005328451282,0.8192778928248178,0.7702294729460162,0.741270516669519,0.8198612103115426,0.8447660837985972,0.9055942737402863,0.8272217830338722,0.8941561979987684,0.8801643471370718,0.8300683503055104,0.5259436662941553,0.8992987776836568,0.9078700940442378,0.9271336515364782,0.8945555605253331,0.9212282797907976,0.9202916742153222,0.8910713833228483,0.7505227955070093,0.8354271482145164,0.8952365429846423,0.8594878424551825,0.560473760554025,0.8342995190174781,0.6551712992011784,0.8664321205747372,0.7080670065546332,0.6480694138996964,-0.9260297361522541,0.6785176603308415,0.13833168406611668,-0.23988932386396425,-0.196426035210326,0.06124711192618874,-0.005542579247870366,-0.4461899897279941,0.13988301038013945,0.35753376198684306,0.5985497710731117,-0.9168008712023771,0.6684476859655113,-0.13444158789921257,-0.31646097013470437,-0.14020218877708798,0.03831904596193393,-0.2451328397872878,0.08773984857683674,0.40624272421163693
0.790469101356927,0.8719782470661447,0.8189278829349007,0.7976835637249419,0.7313480813084433,0.7448746631135239,0.8912248070297542,0.9069282956439222,0.8654781981630888,1.0,0.8891815239252778,0.8013001394214856,0.8583065277979617,0.837155380871144,0.778497358588757,0.7968026250718442,0.860167298723581,0.8118620803270559,0.5128762604327975,0.7465515315504625,0.7450668361132168,0.772452187736165,0.7783934309057249,0.7219584796932127,0.760087643853561,0.8797794809684352,0.8207556427278556,0.7743724374448626,0.8483057929450277,0.818603035789148,0.7704731870918106,0.5786740781996612,0.8536129779680321,0.8610122468010815,0.8689325947243188,0.8627880907695797,0.8631766684438308,0.8690606574725717,0.8671255234654439,0.7313516564177777,0.7924598600726588,0.9008610410224679,0.9025851353078861,0.6988047942029338,0.8501414860217729,0.7639111274781851,0.8427346911705337,0.6869749840685216,0.573498132941522,-0.8642152657897438,0.5352808038558953,0.031105195868308597,-0.2884851554731506,-0.13967460151579267,0.028658610310618914,-0.03864049463494263,-0.36161555908724824,0.2058367509823099,0.3252555625943022,0.5654299615412648,-0.8690377859977976,0.5594100715527037,-0.2792067328909037,-0.30869725977460216,-0.1495908579649946,0.002625145833299923,-0.21554548930353876,0.13346278581835175,0.39200653823133197
0.8582257891398998,0.8833410184983264,0.8929584260947154,0.8459842156030223,0.8357375428086056,0.7916963522423375,0.8730819406544881,0.9500285375701929,0.870215501599069,0.8891815239252778,1.0,0.8679661796395355,0.8721757607345614,0.9117197178147024,0.8242196746398961,0.8375665467699677,0.8231523074068356,0.8628064338874682,0.4948659945150258,0.7427179026312164,0.8414100088239546,0.8048177045828903,0.8173684217532728,0.7246197422088403,0.822733136142423,0.8273356296351844,0.8880928486589543,0.8509218057920306,0.8781250395366526,0.8847274044987099,0.8188001836076793,0.4533282606511042,0.9053318328404242,0.9058685315038864,0.9101972350629661,0.883985936288558,0.9240079763530268,0.9162072698876803,0.9060381851301279,0.782040132820505,0.792307141439088,0.8655552235423024,0.8582561675722762,0.5684178405345355,0.8474958038499333,0.6216778730171203,0.8836198808982738,0.7547424771074618,0.5947033946922508,-0.9075111525598841,0.607758489175763,0.1134756879950298,-0.3100522490692499,-0.2034218927011673,0.09362214576270923,0.00884345992702833,-0.38416305889984315,0.19401682777932602,0.36336767391667013,0.6169550600010975,-0.9011929727473024,0.6229045935040266,-0.1605779553416243,-0.3208240785646907,-0.21103140516318666,0.08386281619891098,-0.1911694457691818,0.0856542909649856,0.4297204804900222
0.8775187612446292,0.862955173810874,0.888381024038235,0.8637235862487707,0.8566989110014778,0.7755747626100495,0.7711977791806398,0.912564908443858,0.8234825543538762,0.8013001394214856,0.8679661796395355,1.0,0.8766980734805978,0.8745038046728987,0.8575628611442317,0.8268524125353002,0.7183177975283446,0.7578059355234759,0.4303061606380113,0.7042604664729623,0.8773927077388849,0.7632570402187654,0.8006477225081813,0.7725743895024954,0.8114714666824255,0.7068079228277927,0.8721972477655333,0.8821316776475289,0.8577894346289965,0.9121456487827034,0.808216462382303,0.4042104023642915,0.9079786798103977,0.8924416695160595,0.8872610473896517,0.8715484439507796,0.8819658623946297,0.900033529070998,0.8628446343621857,0.8468135732445373,0.7691358653664532,0.7734184782712148,0.7792438887441483,0.5081835120700829,0.8491163074800991,0.5503257480776659,0.8645673314986347,0.8336586304681869,0.5660869584862231,-0.887081884642689,0.6595326533729521,0.25973942465298394,-0.11769913158716143,-0.16870820038476367,0.1214210286011824,-0.029539334490877634,-0.29637465070878266,0.1517381068151283,0.3734356839652246,0.4667059453518075,-0.9099961845304317,0.6407063489478074,-0.009198165552817538,-0.16480180107928344,-0.22365449744788002,0.02681669517314652,-0.2609151785918244,0.055970801783154674,0.4292175101459909
0.8421597375245963,0.8882453530599917,0.8662462373226018,0.8658091648340777,0.8236533207084266,0.8253331006771988,0.8309986340325926,0.9046379606250212,0.8605801526025185,0.8583065277979617,0.8721757607345614,0.8766980734805978,1.0,0.8443986694092055,0.8323311682473635,0.8496969043227357,0.7633022074495135,0.7971563938482302,0.5663202935386692,0.7492459741849545,0.8205313211828112,0.7889625658216075,0.7974603547628434,0.7346241192957326,0.8181382675906248,0.7811326372886156,0.8800768001503294,0.8332182797174333,0.8662801460573607,0.8727073714509542,0.7964081115816856,0.43286178385845797,0.899461477462596,0.888416292448709,0.8972202216769699,0.8816657236766229,0.906444886811225,0.9058886745158828,0.869944310384526,0.7842844395131294,0.8018943181930267,0.8255191937334279,0.8502118834946896,0.5942437025963407,0.8289649244553832,0.6325198166281624,0.8765620756165949,0.7557165161503414,0.6105156231950454,-0.89383569121632,0.6267054804496339,0.2029106761904511,-0.214820050071191,-0.12443382221179893,0.05522731717373173,-0.04193786207256367,-0.35711548183365444,0.23516526132525717,0.33545523240753056,0.4777583948805324,-0.9037837584255554,0.6154691508134604,-0.06032455253171934,-0.2410306962747535,-0.16808259720250268,0.05100775075331201,-0.250662239154481,0.0980560233880378,0.43057649114548097
0.8743698646663739,0.8728546099240748,0.880855956583344,0.847539654909848,0.8518152955625602,0.8274135505650659,0.8436108891897476,0.9307339422905776,0.8585290512662629,0.837155380871144,0.9117197178147024,0.8745038046728987,0.8443986694092055,1.0,0.8392877388018044,0.8375813307438162,0.7741307530604493,0.8526643402245292,0.4916337778372831,0.7710986367073414,0.8325125450605606,0.7489310884771717,0.7984625937318293,0.7357768293486416,0.8121597466166157,0.7733140821676893,0.8900794972631813,0.8599330071409533,0.8750049756015028,0.8663880386661041,0.8005119608311905,0.4059516731184413,0.9236888692978487,0.9126704569340954,0.8925569067006796,0.8641323660694337,0.9211327949820045,0.9169466740563894,0.8604406934896579,0.7753364580031715,0.8166051575984369,0.8350631197836431,0.8026468881702752,0.5345419524106434,0.8712622232460048,0.5756203668335867,0.8617212056668492,0.7813460815986831,0.6271110710232032,-0.9046455978819739,0.6279440951243793,0.17155809565139415,-0.2325241433163266,-0.1919047505694179,0.09095025074481872,0.062227566538427405,-0.3670560852324602,0.15068238243902018,0.4148570243770335,0.6243086952285893,-0.8929083339904461,0.6469602427925815,-0.08789282223958408,-0.253617067530799,-0.18363323216507965,0.03563435421287342,-0.19551324042714582,0.09932663018594981,0.4704506331042471
0.9205926545447078,0.9304407054186831,0.9053401250999679,0.9189217838540661,0.7492758671755582,0.812452250417416,0.8618881247999868,0.904516400672995,0.8570861856269694,0.778497358588757,0.8242196746398961,0.8575628611442317,0.8323311682473635,0.8392877388018044,1.0,0.8376779302702907,0.7723979233112399,0.8196988645277299,0.6693873024357274,0.72203495906414,0.8452303531602315,0.7865735543499738,0.7984632694676114,0.7560754645711875,0.8833868752459523,0.797316118082676,0.9160146514276197,0.8683215188851192,0.9400754222322325,0.9251919735822403,0.8523991643799554,0.5137381742549061,0.9320078401912647,0.9500362716761983,0.9173589591822621,0.8984865233178274,0.8950166286910275,0.9286746064498798,0.9021188821670068,0.8343025884047065,0.8066439381376286,0.8483114150729533,0.8096366062968783,0.5866643147576774,0.8317561976178357,0.6745374258857484,0.8653376673944042,0.7690309067917859,0.7123502905486095,-0.936419141512728,0.6841511579252559,0.17132834572192224,-0.1858906918723957,-0.18443148262529463,0.059657404429053346,-0.1292088374082769,-0.32195887349667196,0.051485393627961194,0.33831876713794273,0.554058135507811,-0.9406579065660169,0.6558921253312071,-0.06219649998498839,-0.276503902192155,-0.2316624773229519,-0.012895779257865015,-0.3452490049147552,0.10990184739193766,0.32325433618861393
0.8222653866876376,0.8867287434125822,0.8356157850183958,0.8775846670475298,0.7391837474568075,0.8208694642039238,0.8141626492780573,0.893850839454113,0.88001344111955,0.7968026250718442,0.8375665467699677,0.8268524125353002,0.8496969043227357,0.8375813307438162,0.8376779302702907,1.0,0.722827401122903,0.8757449442175945,0.6336040853422027,0.7823598188358468,0.7881897296345981,0.8761135859712141,0.7918090207740227,0.761255300641393,0.7835012267966778,0.7380382510530997,0.8995466559841637,0.8258272034044826,0.8663070175713143,0.8600232990121521,0.8352071490228683,0.465486650750758,0.8909883306580789,0.8911129543027471,0.9116938684233176,0.885103542760781,0.9154796340569676,0.9131102116014781,0.8634268683085541,0.7653462683006106,0.8399619382038687,0.804808641884234,0.7770723323421822,0.5706496057670333,0.8319005402449384,0.5831918527275681,0.8725540974394853,0.7642362784161774,0.6643333098769156,-0.9105545225156146,0.6312845679909339,0.1818196556033646,-0.2660668512800319,-0.28228076201657065,0.07900541119560517,0.0010868458139551651,-0.36985869978728536,0.23915048682674245,0.4019374377959636,0.5154369121770153,-0.893189783249739,0.6471591624339558,-0.010955003592924426,-0.2824834536478048,-0.21769160824149625,0.07713074379675708,-0.18048003527169487,0.1098799904022145,0.46556844028615463
0.7444201944977061,0.8508312425957608,0.7716807141902253,0.733030048424269,0.6460874316797693,0.6380629756896955,0.9338491359523757,0.8272618918506409,0.83107867902082,0.860167298723581,0.8231523074068356,0.7183177975283446,0.7633022074495135,0.7741307530604493,0.7723979233112399,0.722827401122903,1.0,0.7806952265647469,0.48927397450358195,0.6122267019957605,0.6944595784751223,0.6746840910933659,0.7271585502422635,0.6392341160671504,0.7497937521339854,0.8898071416355476,0.7959796856348966,0.706082859347161,0.8164287473633276,0.7810024554547178,0.6884594586552654,0.5628037625032836,0.7962802068291394,0.8281939275829121,0.8299551211527868,0.8167779412677957,0.8112973338945031,0.8224037300294521,0.8203048946729103,0.6433917754653281,0.6694396544138725,0.9065266405436455,0.8952347993328206,0.6359394352488242,0.7737352148650204,0.7879574932685398,0.8167803245770646,0.592692217492264,0.5777397801421025,-0.8257305085299201,0.5308240680211487,-0.027508940270065157,-0.3812167230118458,-0.2016827997329362,0.008124933025291518,-0.09382672248548435,-0.33086095015963746,0.16002030477856574,0.25165399819225204,0.5627886298279321,-0.821913746177924,0.5357963243753944,-0.27565058019267846,-0.4422638669898659,-0.20045577897864184,-0.04889199152843719,-0.2275424517215029,0.12591266462458167,0.2532245906286259
0.803876235068655,0.8650494652109906,0.847104442616134,0.8616007080163761,0.74308916100296,0.8348589607054209,0.8599106579766825,0.8872774832189537,0.8661658588551938,0.8118620803270559,0.8628064338874682,0.7578059355234759,0.7971563938482302,0.8526643402245292,0.8196988645277299,0.8757449442175945,0.7806952265647469,1.0,0.640280764835971,0.8068058167629015,0.7458817251500025,0.8363567123982264,0.801188704853838,0.6867807212683136,0.736876258492916,0.7876497561674671,0.8596822826463604,0.7699336010528032,0.8631429236511832,0.8230708194917834,0.7948547337628039,0.4632213228506008,0.8609668422232563,0.874675694206133,0.8866024126794655,0.8523565394228227,0.8976924930017164,0.8826376989087551,0.8783631907171918,0.7108446821222933,0.7988455815497135,0.8332398472554603,0.7930010174422684,0.520911498187372,0.7985992311291203,0.6065676739290842,0.8380665680215015,0.6887099017279043,0.6036958319866979,-0.8983470580980667,0.6056904170537142,0.07901171253638514,-0.32435711836860737,-0.2742742475976975,0.07061558652195876,0.02464247876322531,-0.4607200010232715,0.09857734555051766,0.2995836808486762,0.6227231091796401,-0.8644060096882072,0.6210632391727189,-0.11544625000546854,-0.35761569508995866,-0.22189432690833033,0.08029530944975005,-0.258880557827544,0.01049248503067925,0.329788839075575
0.5801325092414212,0.6942451664361744,0.5704484441029396,0.6419442793217318,0.3844082879999266,0.6518443285583103,0.6254951471364377,0.5766738352308339,0.5773107469719923,0.5128762604327975,0.4948659945150258,0.4303061606380113,0.5663202935386692,0.4916337778372831,0.6693873024357274,0.6336040853422027,0.48927397450358195,0.640280764835971,1.0,0.5614575557160574,0.5666741385808259,0.62616899618455,0.6121295843074336,0.4759610644411233,0.6363404395897285,0.5942863878620885,0.6538124008265115,0.5747806544163385,0.6853842257281013,0.5896559734654099,0.6528606243107667,0.4356751425700203,0.6437527560936956,0.6529470233511401,0.640141871623439,0.6032681923828864,0.6369305010556985,0.6425610715970413,0.6247806152981213,0.5031075541903689,0.6398488188170085,0.6489717340709106,0.6078097051021183,0.5787278217724382,0.510431985100304,0.5001498484315858,0.5520068258657496,0.43792097355831633,0.6222711935957733,-0.6516801067271033,0.35572805487229553,0.05789399899687319,-0.3053603933430306,-0.11638740135946007,-0.045068242967388636,-0.16318566044046226,-0.2226374302347751,0.19206417396205908,0.15683014052751393,0.2859379001561324,-0.6337825629862761,0.3697252617413969,0.0031091594798736606,-0.3386427293133984,-0.15788501278913517,0.019641261489950382,-0.2802262607967711,0.20522621581094594,0.16693175274998168
0.7392054628750276,0.7796513441053146,0.782908104744239,0.8113828319644102,0.6975350790453768,0.838548184078729,0.739196949573335,0.7924647899784619,0.7832863057137173,0.7465515315504625,0.7427179026312164,0.7042604664729623,0.7492459741849545,0.7710986367073414,0.72203495906414,0.7823598188358468,0.6122267019957605,0.8068058167629015,0.5614575557160574,1.0,0.7208080601902148,0.7137385555409217,0.6836287708602375,0.6515517412138445,0.6039789058911855,0.6741649984059743,0.7667319743147446,0.7196788771392544,0.7879893368235933,0.7465561918655714,0.739700171025673,0.4471906529544909,0.7697320710344897,0.7645023478907983,0.7886947592071504,0.7672758484769533,0.7812958958606446,0.7827145410640931,0.7603711503024094,0.6534113107721432,0.8072633086177171,0.705345357805242,0.7002851120119145,0.4743085694106975,0.7411026111152764,0.5160163540359555,0.704832612485664,0.6245036134696867,0.5065931764769431,-0.8096999586868615,0.57611217445153,0.16661410335874138,-0.15154524236949546,-0.19443241723815508,0.10284400433050048,0.016091428969152673,-0.5095542243687913,0.05462901379918972,0.2776046141461125,0.5494276280867867,-0.7825684333559143,0.585018930104193,-0.031632000863947504,-0.1331343847793734,-0.11212897582499762,0.07951460600657803,-0.3160970092741812,-0.0732759438510236,0.32232493522697053
0.8768420183247021,0.8515712350990936,0.8781435959883501,0.8713801158092562,0.8002883773122851,0.7974964190378114,0.7701838297571578,0.8689283956037845,0.7836005328451282,0.7450668361132168,0.8414100088239546,0.8773927077388849,0.8205313211828112,0.8325125450605606,0.8452303531602315,0.7881897296345981,0.6944595784751223,0.7458817251500025,0.5666741385808259,0.7208080601902148,1.0,0.7433422292064599,0.7640605844352962,0.698632158510435,0.799017540333925,0.7105670960272265,0.8539002065812904,0.8925032235085415,0.8660366284251767,0.9027980605631373,0.8505350985637944,0.393193387550214,0.8820475283236051,0.873704834975515,0.8652015885303438,0.8304331721763788,0.8558559743571117,0.8742180762412257,0.8318017765833942,0.7780036011430974,0.7948189892048831,0.7755508210805987,0.7636015982505326,0.4767094138564858,0.7772371426844508,0.5182761310258431,0.8008123477490541,0.7473790213157968,0.636592782973478,-0.8794768999397583,0.6038902184096269,0.20428925065027823,-0.19843905465334016,-0.18543066974283146,0.09042757566194426,-0.017885954329272535,-0.3269454088943124,0.12493423335002152,0.3189560905595149,0.47548964505893454,-0.8764969750383721,0.6193760203755031,0.004296059785333452,-0.23950924453667277,-0.21046429084714963,0.01016712320011525,-0.2992455556970091,0.08044268832317164,0.33401385829679786
0.778973145651151,0.8352836838622549,0.7856640439983908,0.8433575499954484,0.6829374217420275,0.7254797584077429,0.7539894010928679,0.843658479836892,0.8192778928248178,0.772452187736165,0.8048177045828903,0.7632570402187654,0.7889625658216075,0.7489310884771717,0.7865735543499738,0.8761135859712141,0.6746840910933659,0.8363567123982264,0.62616899618455,0.7137385555409217,0.7433422292064599,1.0,0.8032859368555316,0.7464771054598847,0.7520335009610423,0.6814242098222938,0.8215450636934692,0.7866214594559637,0.8269197380120173,0.8377764292945937,0.8807329292107466,0.5567154649108403,0.8221545982760233,0.8405011625365528,0.8703754354291772,0.8532808082968021,0.8508257776466682,0.8553619458887253,0.872992278722996,0.7746228857632526,0.7836752854284867,0.7638820318756379,0.7521977489859384,0.534201655353776,0.7673481168118235,0.5483414650595961,0.8068660377970772,0.7269924248385983,0.6087393378760959,-0.8509755602411005,0.5791290591076749,0.17132274983969809,-0.2242358579302296,-0.2605388584414147,0.09181672542104258,0.01723870269725539,-0.3177331678536618,0.1287035214313965,0.32115852752808977,0.46504565137635,-0.8524989576618875,0.58374937421366,-0.05688204573332747,-0.30618034945399136,-0.2482987040693982,0.13287267919396908,-0.16765071851641536,0.07068234201037639,0.36865732080014496
0.7496922995984087,0.827159450942511,0.7718004128629873,0.7729012821140295,0.7145349251729803,0.7216317726285769,0.7604406549651164,0.8458410742992604,0.7702294729460162,0.7783934309057249,0.8173684217532728,0.8006477225081813,0.7974603547628434,0.7984625937318293,0.7984632694676114,0.7918090207740227,0.7271585502422635,0.801188704853838,0.6121295843074336,0.6836287708602375,0.7640605844352962,0.8032859368555316,1.0,0.6905943778139622,0.7384453418081579,0.6830007071824945,0.8065825347181678,0.7711869371832919,0.8210012332502031,0.8287280362105423,0.7764844240997023,0.4092338285225375,0.8451400449595107,0.8410870212239764,0.8370848404906909,0.808284042392476,0.8493855618859412,0.8478632227987539,0.8618312069882893,0.8327268768445231,0.7055047171673512,0.7765236217002797,0.7858941823672414,0.5745041957975714,0.7641018192122687,0.5595934878310194,0.7984213081636893,0.8221037897697862,0.5361539298023587,-0.826337000319158,0.5276448196455178,0.20703204408412607,-0.2767109629870903,-0.1711840042120558,0.07912093373106507,0.021785700130679896,-0.22060149702582818,0.22923230722021568,0.2982105088095657,0.3902987293470552,-0.841944095992822,0.5208180429459707,-0.037737771880601574,-0.3146235529555119,-0.24417617181392168,0.06661999561766675,-0.22391574856353164,0.10934567077158946,0.3385962210162847
0.7514789760762958,0.7905681498884507,0.7399315948712549,0.7629365334526653,0.6630899051452586,0.6802131756238636,0.6987982236731625,0.7918374155187041,0.741270516669519,0.7219584796932127,0.7246197422088403,0.7725743895024954,0.7346241192957326,0.7357768293486416,0.7560754645711875,0.761255300641393,0.6392341160671504,0.6867807212683136,0.4759610644411233,0.6515517412138445,0.698632158510435,0.7464771054598847,0.6905943778139622,1.0,0.7046179554588463,0.6672784873432537,0.7692216147134776,0.7770582407268677,0.8008368785265522,0.7815321925131622,0.7531382248419369,0.671309406148099,0.7978584624360401,0.7954887934489431,0.7990806624146034,0.8731818670227539,0.7911996915134376,0.7944033645676796,0.7812331337046567,0.8559920495743998,0.7416771089225349,0.7218900103997606,0.735408179390204,0.5290877752462085,0.7744453345271098,0.5075763623846518,0.717292452785776,0.839422503175656,0.5728432767689232,-0.7874755482079069,0.5643038049443236,0.2974980700074228,-0.059021494043706824,-0.09637214643807043,0.07196339716256486,0.04072227589487195,-0.24522432509083406,0.14480720799006308,0.34061343028286756,0.38785933621878427,-0.8143846627196875,0.5993819151342249,0.052862559440048654,-0.13101934997581638,-0.09019715367231494,0.0518487997718777,-0.1836152455567546,0.10441170565564074,0.42458406357699013
0.8876219808712749,0.8828406031713544,0.8469405080524959,0.8339829821033484,0.7234142776300134,0.7379534639718388,0.8302291586454389,0.8685070030655764,0.8198612103115426,0.760087643853561,0.822733136142423,0.8114714666824255,0.8181382675906248,0.8121597466166157,0.8833868752459523,0.7835012267966778,0.7497937521339854,0.736876258492916,0.6363404395897285,0.6039789058911855,0.799017540333925,0.7520335009610423,0.7384453418081579,0.7046179554588463,1.0,0.7697495302998667,0.9146457054942926,0.8599987381825555,0.8711702881438022,0.8725894593382673,0.8190391056116603,0.45224844801383807,0.9043402668018361,0.902462101776287,0.8805515568809091,0.8420468399635584,0.87696188146007,0.8905269611123158,0.8397819563849996,0.7471727403983233,0.7409884761848111,0.8296602645967598,0.8047007610851027,0.6077069939255288,0.7897517130075659,0.6359896357650631,0.8298690989779081,0.696885667352404,0.7328516307541139,-0.8755587519533777,0.5957350184302426,0.12437805970548048,-0.24603937931810532,-0.14859567622884898,0.02286631116008554,-0.10161542039011591,-0.2381273363271674,0.18732224194992855,0.376400890567578,0.5331957310540747,-0.8865500215478224,0.5813823401607098,-0.07761133479697041,-0.34217062611416255,-0.190802235600482,-0.0032013942359463976,-0.17793857306955735,0.25413189516399715,0.43176790833677464
0.7814926089169378,0.8778764072122992,0.8160654505066403,0.7792821711300777,0.6480038448347097,0.7156536718310298,0.9354913833041036,0.8517437332313001,0.8447660837985972,0.8797794809684352,0.8273356296351844,0.7068079228277927,0.7811326372886156,0.7733140821676893,0.797316118082676,0.7380382510530997,0.8898071416355476,0.7876497561674671,0.5942863878620885,0.6741649984059743,0.7105670960272265,0.6814242098222938,0.6830007071824945,0.6672784873432537,0.7697495302998667,1.0,0.8180108850649086,0.7291580565401982,0.8550722093207629,0.7949945234582023,0.7324177385908407,0.6095889935404579,0.8179998385186652,0.8459064776207631,0.8429310470104487,0.8380559723000846,0.8241646205219239,0.8401707224377422,0.8343354768630001,0.6617122539379517,0.7584959298081355,0.9257060776123418,0.9104728417053369,0.6516980973798692,0.7485629843768126,0.7502171294861324,0.7927096911929137,0.5875547579362485,0.62006361952855,-0.850238590627017,0.5269364405524518,-0.02911890897861642,-0.30953666348627523,-0.09178336819206508,-0.02625995706917561,-0.12296571322701268,-0.4209890481779326,0.14443520205728613,0.26427720180173775,0.596859329678735,-0.8459254469368472,0.5230469749111849,-0.2802828563147844,-0.3423661725735678,-0.08639342048510579,-0.013242228522407275,-0.3028833402332758,0.13319717063615769,0.28365469646426333
0.9173039527510968,0.9488686137519311,0.9178407005707643,0.9182111649961473,0.7851034051174525,0.8296785737363922,0.8851614331014959,0.9391184635409213,0.9055942737402863,0.8207556427278556,0.8880928486589543,0.8721972477655333,0.8800768001503294,0.8900794972631813,0.9160146514276197,0.8995466559841637,0.7959796856348966,0.8596822826463604,0.6538124008265115,0.7667319743147446,0.8539002065812904,0.8215450636934692,0.8065825347181678,0.7692216147134776,0.9146457054942926,0.8180108850649086,1.0,0.9005585095574383,0.9349144617904783,0.9276420950259978,0.8712633786533781,0.48377795182712524,0.9519750803126797,0.9542614988642012,0.95379487872664,0.9219406807953769,0.9524465494478398,0.9602084487389351,0.9093502686173417,0.8037970743969564,0.8341992356847525,0.8680169166872092,0.8549401227308394,0.6132276950277583,0.8506343708953459,0.6308309759417385,0.8950588514985017,0.7686644111540024,0.7322878009314444,-0.9573448325333415,0.672342431909617,0.17464471609899587,-0.2774352427194216,-0.2154683003192392,0.04452036759091115,-0.0683186150200462,-0.37227785319845275,0.22412128890744595,0.3850609971556164,0.5773171464139624,-0.9542233433201577,0.6465952676984866,-0.046887609543678224,-0.3364727901028923,-0.21254656002729663,0.026866186797467877,-0.24145972224534248,0.1477143936874352,0.45152509229579363
0.9367747964957079,0.893917403009311,0.899325847240742,0.8948001066188355,0.7983135674533098,0.8053848159383615,0.7918295438036278,0.8927112308998382,0.8272217830338722,0.7743724374448626,0.8509218057920306,0.8821316776475289,0.8332182797174333,0.8599330071409533,0.8683215188851192,0.8258272034044826,0.706082859347161,0.7699336010528032,0.5747806544163385,0.7196788771392544,0.8925032235085415,0.7866214594559637,0.7711869371832919,0.7770582407268677,0.8599987381825555,0.7291580565401982,0.9005585095574383,1.0,0.9029014187499558,0.932277141574667,0.8886397030977086,0.470739470429988,0.9259932616015544,0.9085426706184091,0.9060161198332503,0.8693040889322429,0.8926110039054811,0.9089349909561462,0.8604137150292553,0.8163856795912398,0.8569128702403797,0.8109701810027435,0.7987978007492613,0.5261213228189133,0.8249791546564933,0.5375733579348445,0.8310521705002956,0.7911037929755247,0.6871682379516401,-0.9111553967067982,0.6385001620415185,0.24302047928897008,-0.1662190154688529,-0.20204143266482197,0.05641532188849864,-0.015693503839325273,-0.2966290279396901,0.15855814874416568,0.4009803799419252,0.5371352220617557,-0.915381513713481,0.675010777983469,-0.007180835488969216,-0.2128925637213137,-0.1687548448544317,0.024643713309540956,-0.2278444097558973,0.1326429345145686,0.4494651485328616
0.9271297247073778,0.9644045761296296,0.9273690955518801,0.9354712464222265,0.7625470041646464,0.830080921022844,0.8979321476578414,0.9355210550128734,0.8941561979987684,0.8483057929450277,0.8781250395366526,0.8577894346289965,0.8662801460573607,0.8750049756015028,0.9400754222322325,0.8663070175713143,0.8164287473633276,0.8631429236511832,0.6853842257281013,0.7879893368235933,0.8660366284251767,0.8269197380120173,0.8210012332502031,0.8008368785265522,0.8711702881438022,0.8550722093207629,0.9349144617904783,0.9029014187499558,1.0,0.9452806348179282,0.8924533132861588,0.5917515320387248,0.944139007511603,0.95858588884658,0.9500406356763503,0.9435117952593751,0.9291159936615456,0.9515925393551352,0.9366734246138506,0.834269758718106,0.8586174826845542,0.8915003801259288,0.8791255628104275,0.6197747025789037,0.8472423989620235,0.6863154430091004,0.8738481696272932,0.7780522118446476,0.7143976173065548,-0.9596703497620567,0.6646728282661586,0.20049062560473366,-0.21540646309237385,-0.15928567083410522,0.06033074560076949,-0.07396165698854043,-0.3659654941917039,0.09115171400560829,0.34237631050760486,0.5775331818846503,-0.961589249748554,0.6556205529241406,-0.0594486176887159,-0.27626035290135825,-0.1953417892785833,0.02682869840330613,-0.34677969228091626,0.05927102245636902,0.3541545476216857
0.9398897309024458,0.9385239770765342,0.930469028877437,0.9332008199411097,0.7945317461713832,0.7969050265541352,0.8490425675852437,0.9295783261266702,0.8801643471370718,0.818603035789148,0.8847274044987099,0.9121456487827034,0.8727073714509542,0.8663880386661041,0.9251919735822403,0.8600232990121521,0.7810024554547178,0.8230708194917834,0.5896559734654099,0.7465561918655714,0.9027980605631373,0.8377764292945937,0.8287280362105423,0.7815321925131622,0.8725894593382673,0.7949945234582023,0.9276420950259978,0.932277141574667,0.9452806348179282,1.0,0.9086648433826499,0.5135412026625931,0.9365516698720133,0.9450777091549147,0.9470356113472037,0.9201216130427957,0.9196452250027978,0.9427285854422426,0.9249188302952326,0.8578422800344874,0.8215197971770587,0.8464108116337256,0.8421161846136117,0.5420008326181601,0.8353078637059977,0.6208920596009647,0.8732843880437315,0.8062437366287877,0.6690211800771254,-0.9477888302876665,0.6876985996673751,0.23763778282890577,-0.1621206110751315,-0.1869772255393425,0.08306973883869798,-0.030203243968690605,-0.3355017218974248,0.08391321865587525,0.3568780184851782,0.5384943819977076,-0.9625209730340931,0.6678192268440479,-0.03785079849995503,-0.2567934346159274,-0.21623994798026303,0.03245034285798973,-0.3138187585739029,0.037564468664930205,0.36372081346247215
