0,1,2,3,4,5,6,7,8,9,10,11,12,13,14,15,16,17,18,19,20,21,22,23,24,25,26,27,28,29,30,31,32,33,34,35,36,37,38,39,40,41,42,43,44,45,46,47,48,49,50,51,52,53,54,55,56,57,58,59,60,61,62,63,64,65,66,67,68
1.0,0.9224551563602186,0.9307946970989822,0.9370717247075638,0.8391796725957038,0.8442308433548226,0.8789589818772104,0.9064446764169743,0.9054862750335194,0.8752634980955187,0.8915270943732,0.909532728480191,0.8770991435409163,0.8975666317074258,0.9257191249312892,0.8770815450781257,0.8605792232676145,0.7653580323864079,0.6376190910003823,0.7287378832622801,0.8687800554777388,0.8636781980172525,0.7747500700901367,0.6319541613402087,0.9251331365897867,0.77457445205687,0.9266295377608976,0.9361377955006683,0.9184027994711794,0.9295557747841512,0.8787831436227442,0.7491346313422822,0.9363818060501594,0.9301696997150709,0.9254009298262508,0.8760404222210654,0.9080978712560432,0.9166774976993922,0.8763084857367817,0.7490239597176801,0.800548552433284,0.8590706545995722,0.7859578871833335,0.7504974970490388,0.8958284104208554,0.5974719693349143,0.7832017097389532,0.6753195567535233,0.8043465758530705,-0.9346764172887005,0.6123337269137189,-0.4371572379469571,-0.5518717918659234,-0.4671441907050619,-0.01594458129589429,-0.0966036299481299,-0.15809289892538553,0.15133193202775225,0.2521509376588704,0.830766257443862,-0.9333398624917654,0.3703590624168807,-0.4550620744523505,-0.5849150507776135,-0.3581524676527427,-0.04523247849747815,-0.027117296835969223,0.10590413333447579,0.40964113694638304
0.9224551563602186,1.0,0.9504471883095483,0.93993630951893,0.9011485635588232,0.9110783830529053,0.9606953063189004,0.9543284933277238,0.9443273721932354,0.9302712041690306,0.8984482770602802,0.8901597027278333,0.9188393543654922,0.9186483288199576,0.9724664927245423,0.9141384343294834,0.9334222751365734,0.875687429221316,0.7775282823268833,0.8322412459973044,0.8267278991278177,0.8914208805181819,0.9006977924324833,0.7105976000824701,0.899129561847997,0.9003067209976401,0.9597379707389398,0.8863499353396233,0.977067831990083,0.9511838530655989,0.9171623100214144,0.8259365027913796,0.9723113456946717,0.9727800259972107,0.9639219424528985,0.9455385800314063,0.9722884226270511,0.9708416354813703,0.9465771813186239,0.8021957653831515,0.8932409047756598,0.9497147913725732,0.8853006764971442,0.8337693097558828,0.9230810051622703,0.662168267179054,0.8426917472954558,0.7397284034828908,0.8302165325843648,-0.9794429268649218,0.6204040033974833,-0.4099410609815574,-0.6094759012581381,-0.40410859785501413,0.00791880110357199,-0.06227131965328004,-0.2245298391680676,0.211636793322716,0.1792042254930604,0.8288715066294603,-0.9784877406271757,0.2836368351152756,-0.44450881940122633,-0.6300750401021021,-0.3052458356600863,0.023116551190340874,-0.11051287355607223,0.1472400854908392,0.38964843412677885
0.9307946970989822,0.9504471883095483,1.0,0.9553675479314452,0.8660912361537847,0.8937326026878337,0.9356634968140313,0.9262041143690015,0.9398397595112882,0.8988267880197686,0.8658594385616742,0.8729490380327256,0.8925001779444536,0.9077173439113493,0.9470832865525286,0.8654538761622576,0.8941857083174499,0.8428835579959165,0.749147055616613,0.816032736850528,0.8128600302858671,0.8326538786042849,0.8378784167234262,0.6431254280470944,0.8737783503573832,0.8782031292637369,0.9427749994961241,0.8654046670976954,0.9483866394916103,0.9263492390787945,0.8889062503822882,0.7533814633800653,0.9414197800464071,0.946847025314539,0.933481670878901,0.8995072893522205,0.940660982828624,0.9456273521364218,0.9077528465860806,0.7414757302749435,0.8667309510302383,0.8989130968998682,0.8172943891215305,0.7974861490960029,0.9014392829874414,0.6411822775456852,0.7998500518452795,0.6880968660037027,0.8161438082799827,-0.956148038290447,0.5762240900079902,-0.48655207455040983,-0.6470469824232762,-0.48035478944988313,0.0032500751554636127,-0.16405269106678702,-0.28579038080635616,0.17401664420112842,0.1811068740413233,0.8584220817760266,-0.9559834625536932,0.227775002076874,-0.5374119897352161,-0.6575433619092258,-0.3968874634645663,0.009197987322895037,-0.15930068802250935,0.07227384617064249,0.32221117275560424
0.9370717247075638,0.93993630951893,0.9553675479314452,1.0,0.8577437015322121,0.873563702020942,0.9078922503248633,0.9168323152333177,0.9327679226776507,0.8818440770881346,0.8746017876521943,0.8889530900555607,0.9110252019285179,0.9036727037484493,0.9431094826347197,0.8964788088071476,0.8656478283355583,0.8046955766696358,0.6783916699149558,0.8019056384970056,0.8715609856944019,0.8928134657642124,0.8015439558352221,0.6854560241409585,0.880532556077978,0.8110281013796083,0.9408301139630862,0.8544305961099107,0.9249584502852628,0.9365768351998071,0.8988544137406508,0.7688023717851511,0.9355335838534072,0.9469732207985491,0.9352256578691717,0.914770651901174,0.9341555421795528,0.9373423420275239,0.8965943234236223,0.790263561179931,0.8106953012789483,0.8730712886456307,0.7822324915580108,0.7560801952325948,0.8932206281512902,0.605309221474182,0.8148211086495791,0.724037348279555,0.8196678591137131,-0.9542439929169027,0.5727692181566183,-0.49495871222965643,-0.6186649096520933,-0.508072520704665,0.009306249980957906,-0.1262217040389753,-0.2685443933751677,0.16150183318974323,0.15456612249006657,0.8275413578649838,-0.9519977026050285,0.25979709278326807,-0.5164376392286465,-0.6427306511791311,-0.4211663629374983,-0.008505282745068036,-0.12949292330256784,0.05097581364932566,0.32435983663639456
0.8391796725957038,0.9011485635588232,0.8660912361537847,0.8577437015322121,1.0,0.9120746974791865,0.9005265272184619,0.8881219419457895,0.8650343034347878,0.9050976190003546,0.8337461469742484,0.7980814143723678,0.9047196406946397,0.8352121187517925,0.8906701180570104,0.8603588762740064,0.8473258612445832,0.8006014328570096,0.7111539908852202,0.8251322537778243,0.7608655784580569,0.8485310455839539,0.8083364759535658,0.6489575885362808,0.8258763025992782,0.8354817416118162,0.8680312372401328,0.8129170416681826,0.900699962794404,0.8509269112088172,0.8679059018379338,0.816795906301612,0.9175284871620428,0.8974289018173569,0.8896754310898677,0.8655275519763094,0.8981929252807448,0.899072586296496,0.8695445396566873,0.7160682458844518,0.8328334311319485,0.8716930807270518,0.804433506944539,0.7824669143259934,0.8735074195328305,0.6242824325931711,0.765028340002077,0.6445654588215433,0.6725894580103836,-0.8874606179971595,0.6278326227544941,-0.30583753983648987,-0.5112475715738666,-0.31089337904082165,0.0077437886429920005,0.04324725971769665,-0.16194393009640443,0.20084407053945486,0.10235375585105934,0.7807594905043566,-0.9070572738999132,0.33434859019920815,-0.3662653230129124,-0.552255015803516,-0.2603606421336062,0.0005119053290521671,-0.04078972615730536,0.17766998411156043,0.389752962891729
0.8442308433548226,0.9110783830529053,0.8937326026878337,0.873563702020942,0.9120746974791865,1.0,0.8914292993154571,0.8699952703434973,0.8898061287953647,0.8599988394712134,0.7764905022244576,0.7842507018666,0.8920893750418718,0.8380511691984022,0.8936917500706343,0.8358280229822316,0.8044203394678707,0.8101217060659576,0.8350349605307958,0.9049186555434171,0.7307110766631945,0.8135746737778083,0.8263020469468079,0.6725020763030652,0.7940003489040807,0.8542192228684837,0.8848122026765289,0.8068216745015103,0.9014591262428321,0.8380943621499192,0.8394575988530623,0.7704569445863999,0.9094622267851543,0.8977662197285439,0.8720884102333574,0.8601709919667684,0.8937463160861241,0.8934505445831752,0.8630072673513342,0.7290083503458316,0.8970631989708175,0.8610115682605085,0.7819561877905832,0.7769451203464344,0.8408432707862254,0.5726378953554953,0.7386019173906891,0.6663395287088112,0.7261104089670629,-0.8932902107089097,0.5480669305429173,-0.3512293000629911,-0.5278309971211927,-0.3574667682831657,0.040199447925335176,0.004331563938287605,-0.32740558149244403,0.15371864213898132,0.13672968494165444,0.789108997775428,-0.9029256186965932,0.24985713181985006,-0.3753493401599772,-0.5714482033370719,-0.2792114712716535,0.022165196863539235,-0.17834686844678482,0.16432944505567498,0.3029846407435879
0.8789589818772104,0.9606953063189004,0.9356634968140313,0.9078922503248633,0.9005265272184619,0.8914292993154571,1.0,0.9294948091530135,0.9363037031976216,0.9299654124683436,0.8564454418689653,0.8302378212642837,0.8827748185947919,0.8917907236927861,0.9470569182322337,0.8776018839709047,0.9458587096502622,0.8984476069722136,0.781847020438697,0.8253423389153386,0.7572600988475465,0.8506290150368612,0.8917208394197282,0.6755735910708729,0.8646091498661398,0.9299466808850568,0.9378736056829934,0.8417803360908658,0.9584221662401458,0.9052984438145725,0.8837259721304772,0.8236624711024082,0.9423963738513836,0.9523376479975765,0.9359995216307817,0.9103932358033784,0.9497024601947901,0.9498344344967862,0.9215444663851082,0.7464082254341342,0.8778504098726505,0.9471169943068005,0.8844049040311068,0.8338989049928884,0.904109403421608,0.7012857028215465,0.8263010352216652,0.6944256844171328,0.7981678383626344,-0.9531314362621944,0.6136508837568554,-0.4232272515785324,-0.6378392428326852,-0.37777787871984925,-0.005268566728534622,-0.050486196190799554,-0.23716411805334123,0.21765680115460834,0.16715318463553192,0.8379822348734873,-0.9553920688057156,0.263305865483723,-0.46559464822213986,-0.650840840794355,-0.2709308812596524,0.014865059266432357,-0.1276467253954852,0.16882340678700222,0.35117062574283225
0.9064446764169743,0.9543284933277238,0.9262041143690015,0.9168323152333177,0.8881219419457895,0.8699952703434973,0.9294948091530135,1.0,0.9050803483479571,0.9376176652942892,0.9265643982698991,0.9156274957428471,0.9356859807640029,0.9215120127594894,0.9534235284495837,0.9207357177888891,0.9116026624737117,0.8271414969480072,0.7064419397330389,0.7965854659358399,0.8482783442327048,0.8780454011968571,0.8936489415306935,0.6973425091575765,0.9046918827830357,0.8557263615049437,0.9487846427294087,0.8722805787663344,0.9468385758389297,0.9524329096377232,0.913322975238716,0.818358311013022,0.96457047062675,0.9538421236865409,0.9445881375018788,0.941300634306647,0.9630833611206471,0.9659567580428334,0.9340394575580468,0.793971141467107,0.8458825677213335,0.9341136463264386,0.8737340675182588,0.887160292222821,0.944047048982352,0.6797725776669843,0.8468189162400358,0.746424015268817,0.8195285760083674,-0.9604454833975078,0.6322284164510196,-0.41161660960420593,-0.6334475005713726,-0.4019337574238476,-0.04568068627613141,-0.14342235061496988,-0.11088501243721924,0.3584648082674153,0.2332041168084626,0.7966472817548749,-0.9634382444183294,0.31237740085513516,-0.45509522057724605,-0.643296897707927,-0.32912888773452953,-0.032576007200943675,0.035538072694124,0.16748995204306816,0.4493108945926039
0.9054862750335194,0.9443273721932354,0.9398397595112882,0.9327679226776507,0.8650343034347878,0.8898061287953647,0.9363037031976216,0.9050803483479571,1.0,0.8943985033341364,0.8488660681397875,0.8431647244732883,0.8822578313707267,0.8942558564515868,0.9351052062240487,0.856278348482983,0.8926821668501526,0.8272085122903612,0.7388458893161632,0.8116781333818942,0.8022605669421772,0.8519519691333435,0.8265223379951838,0.6604687275526564,0.8621438634338336,0.8575801217654344,0.931135747570636,0.844589270885785,0.9356490727850437,0.9064237384235535,0.889137892887776,0.8039314910708314,0.9315667952567501,0.9446568254716453,0.9319886265826149,0.8881972731493112,0.9290252816851047,0.9331576900747965,0.9066452874897413,0.7380664207039355,0.8494804930250067,0.9056854644995218,0.8051933046592125,0.7588046237465959,0.8742019548526587,0.6354370022181239,0.7984075648067378,0.6805169115289835,0.7924319879333228,-0.9433996281606688,0.5660718171157473,-0.46947485421924817,-0.6185221112313805,-0.4357724686592455,-0.01788918149995374,-0.033746581280444506,-0.25785697162024956,0.12597409511934154,0.18649067459043456,0.8303571084294933,-0.9426078114814158,0.26022249012138726,-0.4942076430017078,-0.6480235708039266,-0.31568824785007077,0.005845246418154994,-0.16590622639173522,0.14627148908842627,0.32898082883699775
0.8752634980955187,0.9302712041690306,0.8988267880197686,0.8818440770881346,0.9050976190003546,0.8599988394712134,0.9299654124683436,0.9376176652942892,0.8943985033341364,1.0,0.8710424851592511,0.8596814447415136,0.8917696371081594,0.8914568374079327,0.9110042353713115,0.8804773471324194,0.9106432775024933,0.825755652090387,0.6744242734572636,0.7965023942761804,0.8087798546209195,0.8428915962855471,0.8680163972423084,0.6634296224474463,0.8464179093068255,0.874370320062592,0.9097410853477768,0.8573004524827615,0.933217488100922,0.9029295513548072,0.8943913956131775,0.8429729034648383,0.9371750082939373,0.9243922607651665,0.9158435577455968,0.904981807180104,0.9259505073626985,0.9284142954905384,0.9093050515337109,0.7441812417326155,0.8587834689695267,0.9256625734224294,0.8566367686579742,0.8443009173048984,0.9143372027362948,0.688078842718369,0.8106777183356171,0.6896594941376354,0.772506492244836,-0.926900053545246,0.6453362424880987,-0.3909004749784206,-0.5897752711804065,-0.33556203962983605,-0.0443073944789878,-0.0791865762225929,-0.1216741798084469,0.30318645090448954,0.19877501297534625,0.8039381241038156,-0.9390687978654308,0.31949466284319944,-0.46737214957001383,-0.6012866410859737,-0.25978912586724695,-0.04307930568031751,-0.02071171878301929,0.16820582350985724,0.4596469676059336
0.8915270943732,0.8984482770602802,0.8658594385616742,0.8746017876521943,0.8337461469742484,0.7764905022244576,0.8564454418689653,0.9265643982698991,0.8488660681397875,0.8710424851592511,1.0,0.8942145107146022,0.9047095569454353,0.8670104854834265,0.9081547988671202,0.8794822614044763,0.8802317691446124,0.7579368476942959,0.6028061564087471,0.6480441838736994,0.8383262692698169,0.877462835539067,0.8206379679809651,0.6564488013048537,0.9355449892975296,0.7510287120619791,0.9016221706128721,0.8553446481452038,0.8937559724020806,0.9380220586150745,0.9003670337313304,0.772112686472936,0.9175017143262477,0.909473044186474,0.9266278300992262,0.895753207791192,0.9096673695609938,0.9234383620970509,0.9065732782637187,0.776683852190369,0.722336893935389,0.8727810463018956,0.8148322478624074,0.7963764800110213,0.902268436181446,0.6282944181335405,0.8152300840656823,0.7062235241020605,0.7514312642664028,-0.910873480064766,0.6452857218564144,-0.3430833783433736,-0.5673258251730412,-0.3946899870048495,-0.05992163413773194,-0.09432137835171076,0.022001005196597943,0.32210097455681835,0.2404166684016429,0.7534160700653838,-0.9176798247643813,0.35551879591419416,-0.3861873395726577,-0.5961032623363685,-0.3357978794733477,-0.03914276817236084,0.11649046891748453,0.17755729566143622,0.4779508527500089
0.909532728480191,0.8901597027278333,0.8729490380327256,0.8889530900555607,0.7980814143723678,0.7842507018666,0.8302378212642837,0.9156274957428471,0.8431647244732883,0.8596814447415136,0.8942145107146022,1.0,0.8732564270204881,0.9010919683022732,0.888833038005866,0.8737205326077534,0.8436322296335527,0.7170566212096355,0.565561989804402,0.6904928005321466,0.9275760768259226,0.8410657569090039,0.7957578759226165,0.6441117574805333,0.8650842803542894,0.7210238403841588,0.8834589064886238,0.8873119276521614,0.8793465611070767,0.9209952323817266,0.8620951840053115,0.7651993642508949,0.9164147099019084,0.8920949781276554,0.8912558879446146,0.8851118958271394,0.8858598515230787,0.8938933794422236,0.8697368695558073,0.7739748655812895,0.7614401146573269,0.842224731887743,0.7754574524161965,0.7507959621159966,0.885730624888491,0.5717113829923821,0.7715001721766,0.7122770014339522,0.7511737046380409,-0.9034476469690261,0.6350820417498383,-0.388688546839422,-0.5804207296776377,-0.4562487009645471,-0.023805834389926315,-0.14132103249943903,-0.06625043160063838,0.2542006260003731,0.21504123941297296,0.721530698783737,-0.9073084204075904,0.35257039920230376,-0.44075250605987704,-0.6027226609499329,-0.41588122649219056,-0.020030212596930285,0.03679558937099753,0.09879905776054305,0.4651634887194751
0.8770991435409163,0.9188393543654922,0.8925001779444536,0.9110252019285179,0.9047196406946397,0.8920893750418718,0.8827748185947919,0.9356859807640029,0.8822578313707267,0.8917696371081594,0.9047095569454353,0.8732564270204881,1.0,0.8748309846950066,0.9228403717277861,0.905325550545824,0.8428393542244579,0.7658019729594091,0.6927745750361292,0.8310229719558805,0.8496828089642493,0.8949963306087406,0.8169785131232117,0.7070189604294728,0.879014047340174,0.7936434084263048,0.9163135826791607,0.8212256934525212,0.9046650141073024,0.9174068972226088,0.9025398541170832,0.8148043447447624,0.9356585109406022,0.9247553830705936,0.9218265051651661,0.9159234643547716,0.9286468943707512,0.9348536053657545,0.8918218302325431,0.7770889980040487,0.8036644353966867,0.8802206426709351,0.800736521584648,0.8228989323979657,0.8983306298133532,0.6106697657480763,0.8081499963312835,0.7130157720848256,0.7606309536664514,-0.9236556786332768,0.6219677263167676,-0.36870855924681384,-0.5814024955993268,-0.40014265499825746,-0.027176508396296453,-0.07784127626652143,-0.13068067907295594,0.31194916361322217,0.17540959744747697,0.7701551553333391,-0.9338131602363607,0.31665823848462155,-0.3906272415255536,-0.6112254638810882,-0.35042176845647244,-0.035994621233142045,0.014564033099323227,0.1616387201351549,0.41045998623907204
0.8975666317074258,0.9186483288199576,0.9077173439113493,0.9036727037484493,0.8352121187517925,0.8380511691984022,0.8917907236927861,0.9215120127594894,0.8942558564515868,0.8914568374079327,0.8670104854834265,0.9010919683022732,0.8748309846950066,1.0,0.9080754965185382,0.8331808123994571,0.8726928828526939,0.7770688503696982,0.6571043221122287,0.7232537130261407,0.8452705402223131,0.8187442193350533,0.8258095331524953,0.6663462203835782,0.867038463475392,0.804838822412796,0.9352284790540828,0.8340152835597578,0.9031213145578978,0.901739844118736,0.8520912546959044,0.7758898693510153,0.9287025398933341,0.937968422519174,0.9060596907039098,0.8916638695942433,0.9095968095382607,0.9300286115468192,0.8910232583716844,0.7595673545138036,0.8032133642177042,0.8901806706491919,0.8112569839653564,0.768562946781625,0.8817042243972315,0.614742053282452,0.8020821981152152,0.7177401646651342,0.8115550809344386,-0.9282211381775491,0.5759260410055738,-0.4774441338938201,-0.6299300998381339,-0.44662703631615147,-0.017385208129298176,-0.08067071372226993,-0.18095703356325746,0.24622542938155276,0.24246537452909253,0.8001081589286169,-0.9273953462885705,0.26031928247445485,-0.48702025397799753,-0.6557883907066232,-0.3357515379307823,0.02525309660878089,-0.04978674033520024,0.16539208540190195,0.35218281447869965
0.9257191249312892,0.9724664927245423,0.9470832865525286,0.9431094826347197,0.8906701180570104,0.8936917500706343,0.9470569182322337,0.9534235284495837,0.9351052062240487,0.9110042353713115,0.9081547988671202,0.888833038005866,0.9228403717277861,0.9080754965185382,1.0,0.9189845919606499,0.9200490098971439,0.8696801046057703,0.7560877056347824,0.812247135305136,0.8220559507044899,0.8956528882283569,0.8890017487615188,0.6937977377871873,0.920489591541967,0.870895260967795,0.9630229828094313,0.8726663279590368,0.9630635191362352,0.9540593313437437,0.9103284116853232,0.8029783013058758,0.9668846975730644,0.9694611212833729,0.961143233715792,0.9377005289943613,0.9708283285443321,0.968210113891072,0.9385932102102008,0.7968596587703541,0.8559533424605706,0.9271301568584899,0.8619989899746364,0.8319331513549061,0.9211949559543897,0.6608763334361786,0.8404694190354285,0.7432340636381825,0.8320258280525584,-0.9757823956974725,0.6201953272391448,-0.43257234769778846,-0.6221678055858832,-0.44752434845334566,-0.020521999907926046,-0.09325089006157748,-0.21184349187594345,0.2187420368883735,0.19830815339262411,0.8264678132685326,-0.9753725831741891,0.3016053085427905,-0.46214172762336586,-0.6464609179053467,-0.3490455160548535,-0.0018818322667610776,-0.09355295539239175,0.11899971219678364,0.39220115960390534
0.8770815450781257,0.9141384343294834,0.8654538761622576,0.8964788088071476,0.8603588762740064,0.8358280229822316,0.8776018839709047,0.9207357177888891,0.856278348482983,0.8804773471324194,0.8794822614044763,0.8737205326077534,0.905325550545824,0.8331808123994571,0.9189845919606499,1.0,0.8411678304741766,0.7929795268019335,0.6387789970688578,0.790866404993933,0.8324785409213372,0.9278936919885963,0.8297817466626615,0.6978163307660843,0.8657729825175798,0.7756542290952614,0.8940245392895856,0.8452435312550844,0.900487783189612,0.9243235627608022,0.8773586951874223,0.7820846128559231,0.9221183313347345,0.9058609291682334,0.9086331138073879,0.9240011815172188,0.9242247551316422,0.9126148070315175,0.8860014660171391,0.8175138967148253,0.7867491215089393,0.8672121177221823,0.7997043800042595,0.796051863448467,0.8956603391954553,0.5883185390268382,0.8135645851826122,0.7457677620436808,0.7790961876939083,-0.9216010690969506,0.6491650344110602,-0.3525773497619296,-0.5567162067996022,-0.38271640599603957,-0.02395471396642489,-0.12622279987637305,-0.10081315763708192,0.2882382879759879,0.1447884343786808,0.742778290360548,-0.9257436422043344,0.376321590242494,-0.37864026669170714,-0.561219409049014,-0.3272266819956081,-0.05264687724711897,0.005131761880184712,0.09630074677971354,0.4316497008853165
0.8605792232676145,0.9334222751365734,0.8941857083174499,0.8656478283355583,0.8473258612445832,0.8044203394678707,0.9458587096502622,0.9116026624737117,0.8926821668501526,0.9106432775024933,0.8802317691446124,0.8436322296335527,0.8428393542244579,0.8726928828526939,0.9200490098971439,0.8411678304741766,1.0,0.875072016293664,0.7127192049557463,0.7141923979465239,0.7717626102554259,0.8183689902066481,0.8839271469568808,0.6282218130596288,0.8719678390661998,0.8893520380502148,0.9074132820786742,0.8371276981287484,0.9322117184761487,0.8998031043572428,0.863923170497706,0.8113835486502502,0.9167398060128006,0.9246263747122287,0.9230848601625319,0.8836877260655116,0.9199454137084041,0.9236495325562709,0.9085954304270394,0.7087507335976532,0.81556656732542,0.943392412561388,0.9024444035174922,0.8140333412708406,0.8948860842143023,0.7078929237087208,0.815961310836402,0.657700546558142,0.7704419626968013,-0.9269185508130946,0.6208906171196956,-0.41011952721431266,-0.6191525943379542,-0.368895778009211,-0.01888013897983762,-0.0466404612111542,-0.1435423766421295,0.22136649144334222,0.17222963693532897,0.7881098649386766,-0.9282175310051709,0.2708249085110648,-0.4643847389927443,-0.6384802182994936,-0.2723691620631945,0.02161534097234355,-0.059650391869241294,0.1865786921549277,0.3863643628111397
0.7653580323864079,0.875687429221316,0.8428835579959165,0.8046955766696358,0.8006014328570096,0.8101217060659576,0.8984476069722136,0.8271414969480072,0.8272085122903612,0.825755652090387,0.7579368476942959,0.7170566212096355,0.7658019729594091,0.7770688503696982,0.8696801046057703,0.7929795268019335,0.875072016293664,1.0,0.822906261654785,0.733635278854,0.6028370748607286,0.7897981999080015,0.8974849395615885,0.6113763628912064,0.7642145310750652,0.8704333091251151,0.8415673807668329,0.7296837730025643,0.871155086654922,0.8076177089164422,0.7753391147911997,0.6924221727438079,0.8481923315048585,0.8530321339532283,0.8403009921833846,0.8262825410524498,0.8643813049077578,0.8497274202033439,0.8497562148707914,0.7042111429566378,0.8032778491315508,0.838040817850264,0.8299019248795343,0.7493509652758373,0.812474334037955,0.6089489287130098,0.7320303145586499,0.6659653382925391,0.7247446472177043,-0.8659640313010828,0.5401540809039528,-0.3788874818787585,-0.5944593068397036,-0.39643836910166935,0.025155855494629946,-0.07108196831943407,-0.2877373368245073,0.13639147207343552,0.11958504501757615,0.752333136401088,-0.8682649250954709,0.1921840959978258,-0.4379361815445323,-0.6152421944233205,-0.3006320860318151,0.04478482645289425,-0.24028523065895138,0.07163695525823485,0.2955088554117471
0.6376190910003823,0.7775282823268833,0.749147055616613,0.6783916699149558,0.7111539908852202,0.8350349605307958,0.781847020438697,0.7064419397330389,0.7388458893161632,0.6744242734572636,0.6028061564087471,0.565561989804402,0.6927745750361292,0.6571043221122287,0.7560877056347824,0.6387789970688578,0.7127192049557463,0.822906261654785,1.0,0.7699119750629009,0.456818424082484,0.6101349083911083,0.8033153396488669,0.5182081345821961,0.6303245915692289,0.8311612369937397,0.7331009850490697,0.6135692640291351,0.7697715394015662,0.6720327200018676,0.66760974084347,0.5460679800930093,0.7294133305946627,0.7362264836797275,0.7046572443285604,0.6909803375767875,0.7509019269823088,0.7470663829301366,0.7219800354953562,0.5590792614646282,0.8050925853188355,0.7462982686457861,0.749596633602849,0.7001544773929664,0.6568507449819934,0.48488306130560305,0.5730970119142742,0.5212968154177066,0.6212132309929805,-0.743792832765518,0.3913021752665609,-0.23974698161142388,-0.44904641368587694,-0.22886645321515212,0.04892056787685335,-0.032762944290880065,-0.3774120462052052,0.13566227895245878,0.11919362453596397,0.6262997361059277,-0.743113222934275,0.10762062668364017,-0.2758287595256894,-0.47780821193629364,-0.16746461591089565,0.07871152782149311,-0.30361015446471934,0.1447024608494571,0.1881763173471261
0.7287378832622801,0.8322412459973044,0.816032736850528,0.8019056384970056,0.8251322537778243,0.9049186555434171,0.8253423389153386,0.7965854659358399,0.8116781333818942,0.7965023942761804,0.6480441838736994,0.6904928005321466,0.8310229719558805,0.7232537130261407,0.812247135305136,0.790866404993933,0.7141923979465239,0.733635278854,0.7699119750629009,1.0,0.6633887325195724,0.7400517680808363,0.7616323443056983,0.6702439443387891,0.6567751024278455,0.798804720835271,0.7904893967114454,0.70256634454997,0.824298822124002,0.7518105852511895,0.7701717414851466,0.7523932423625462,0.8175046909695138,0.8056929874994209,0.7830484862685314,0.810346104947191,0.822289621044955,0.8079098961003541,0.7722174385516238,0.6724925523910484,0.8618588590206882,0.783265284379098,0.6810780498384138,0.7384870611103869,0.763424655836244,0.5427179602166082,0.7004176832697926,0.6404070186750032,0.6847516075704374,-0.8169560186754048,0.4916831635857252,-0.3533435182434409,-0.535706598071849,-0.326804499792579,0.014655465069730842,-0.07478071992675743,-0.3664644856683029,0.18345168927152342,0.06325880010740478,0.6975215280792069,-0.8183077980880661,0.18323690549949448,-0.3768008170556684,-0.5425304112933054,-0.27670124903381965,0.020490235180311393,-0.20671391613388623,0.09775998642234703,0.24340669853735306
0.8687800554777388,0.8267278991278177,0.8128600302858671,0.8715609856944019,0.7608655784580569,0.7307110766631945,0.7572600988475465,0.8482783442327048,0.8022605669421772,0.8087798546209195,0.8383262692698169,0.9275760768259226,0.8496828089642493,0.8452705402223131,0.8220559507044899,0.8324785409213372,0.7717626102554259,0.6028370748607286,0.456818424082484,0.6633887325195724,1.0,0.8309135215731583,0.6730769274578837,0.6360171268891294,0.8060171624174732,0.6249429574238418,0.8251984548221493,0.8280320581827065,0.8054732940459359,0.8659086037922062,0.8291762037133682,0.7567629757300388,0.8554342838146883,0.840141654974096,0.8457315401632538,0.835580627030611,0.820843792744581,0.8286480280272664,0.7895340944564765,0.7251663697018808,0.6785143951350524,0.7847829455047272,0.695004524468633,0.6684630417642669,0.8284055897182162,0.5018418881512423,0.7416634286737259,0.6501419789122197,0.6984964201793289,-0.8476910544265516,0.5750989636103754,-0.39404954775023027,-0.535775353409317,-0.4649597149876946,-0.03207242484382494,-0.0694860691949938,-0.06798684832000845,0.1920470930695505,0.12707293271561135,0.6531192883785234,-0.8478857074132979,0.3446460447988822,-0.41671994485073904,-0.574736572732293,-0.4171305315475543,-0.023474941508762497,0.04606409902893376,0.09431065077855748,0.3842314510232898
0.8636781980172525,0.8914208805181819,0.8326538786042849,0.8928134657642124,0.8485310455839539,0.8135746737778083,0.8506290150368612,0.8780454011968571,0.8519519691333435,0.8428915962855471,0.877462835539067,0.8410657569090039,0.8949963306087406,0.8187442193350533,0.8956528882283569,0.9278936919885963,0.8183689902066481,0.7897981999080015,0.6101349083911083,0.7400517680808363,0.8309135215731583,1.0,0.7989673555695198,0.736615407517527,0.8587792492614931,0.7152361402398363,0.8776691571835025,0.8190204766517974,0.871957286217522,0.8972129417959499,0.8879577689452297,0.8095535845980436,0.8990900599017896,0.8971229886650242,0.9138563051943496,0.9071074900351908,0.8973261492796298,0.8897096886778726,0.882972287009742,0.8406260331697232,0.7346141802028263,0.832744222498119,0.7575470357579471,0.721384444343697,0.8682959977390761,0.5464714144797738,0.8213456609193746,0.7483938994925243,0.7436591211614114,-0.9012712744925893,0.6247823928807523,-0.3429409591992281,-0.5212875039430552,-0.40413354714155786,-0.0037448239198407396,0.013669158366974275,-0.09921988192100795,0.19567022059127057,0.10765342231597788,0.7283240127615216,-0.9046057581713783,0.38042127786026514,-0.3354973538772815,-0.5657477087236241,-0.32040551522531785,-0.03503195750420958,0.0033725750162959364,0.11779678458999092,0.41531709505791486
0.7747500700901367,0.9006977924324833,0.8378784167234262,0.8015439558352221,0.8083364759535658,0.8263020469468079,0.8917208394197282,0.8936489415306935,0.8265223379951838,0.8680163972423084,0.8206379679809651,0.7957578759226165,0.8169785131232117,0.8258095331524953,0.8890017487615188,0.8297817466626615,0.8839271469568808,0.8974849395615885,0.8033153396488669,0.7616323443056983,0.6730769274578837,0.7989673555695198,1.0,0.7012910874210605,0.7996004400953188,0.862505303132995,0.8689927368571176,0.7715617963863216,0.8924455398250404,0.859387101399977,0.819088796958747,0.7539979257787481,0.883389931145123,0.8766597779575225,0.8667953930593377,0.8914204802653547,0.8991176183334199,0.8929315684275699,0.9096048208440806,0.795959889800975,0.8403789243095,0.8801260236982263,0.8718101507507469,0.8305144342242187,0.8572353422902611,0.6309005256511433,0.8118577747121724,0.7771090637316592,0.7641559969903079,-0.8898873702559186,0.5781675240291384,-0.316556304959697,-0.5775881705226066,-0.3296834873900532,-0.017308953064804993,-0.1215994468995303,-0.15567343497749903,0.31635550554892117,0.1826425651259317,0.6972543366695539,-0.892362888526488,0.2260119436701514,-0.3609180814748676,-0.5868881616562336,-0.2666213279032465,0.05957581863047953,-0.07921633880859566,0.15402308322160096,0.40843096504540116
0.6319541613402087,0.7105976000824701,0.6431254280470944,0.6854560241409585,0.6489575885362808,0.6725020763030652,0.6755735910708729,0.6973425091575765,0.6604687275526564,0.6634296224474463,0.6564488013048537,0.6441117574805333,0.7070189604294728,0.6663462203835782,0.6937977377871873,0.6978163307660843,0.6282218130596288,0.6113763628912064,0.5182081345821961,0.6702439443387891,0.6360171268891294,0.736615407517527,0.7012910874210605,1.0,0.6250349119092385,0.5809187399568378,0.6892708857220502,0.592506132869601,0.6843685878813823,0.7018463043916541,0.6493029980004811,0.7864461824984091,0.7015369753717636,0.7201111373638615,0.7185931398010407,0.8318925976196411,0.7134154350773949,0.7027955731438126,0.7540738426891406,0.8929495205549481,0.6353775274876993,0.6656492019003455,0.595351191331816,0.5865669238849324,0.6942150327708368,0.42053252269486374,0.856758077989182,0.8748004797971256,0.6096926248919797,-0.7172095445887542,0.3962034655270228,-0.2775720417704969,-0.4793021773593499,-0.3424378373346321,0.019444597168419182,0.015396742263607203,-0.19602813340222494,0.22888795276606277,0.002459272464247841,0.5072382249135026,-0.7107723010274307,0.12414418819033649,-0.1785312966200488,-0.49141887822025454,-0.26214598663659405,0.0964510172935541,-0.00848910033400077,0.0832873014330218,0.22219496511425144
0.9251331365897867,0.899129561847997,0.8737783503573832,0.880532556077978,0.8258763025992782,0.7940003489040807,0.8646091498661398,0.9046918827830357,0.8621438634338336,0.8464179093068255,0.9355449892975296,0.8650842803542894,0.879014047340174,0.867038463475392,0.920489591541967,0.8657729825175798,0.8719678390661998,0.7642145310750652,0.6303245915692289,0.6567751024278455,0.8060171624174732,0.8587792492614931,0.7996004400953188,0.6250349119092385,1.0,0.7540357437267488,0.920653330214714,0.880460362613207,0.8920398022450098,0.9264317913021083,0.8665209348605064,0.7375627047024698,0.9177656705330695,0.9183410322720765,0.9233044692046206,0.8687628081552383,0.899353591509158,0.9161870968164609,0.8730465955392668,0.7385101989285457,0.7250443498078503,0.8610381510509343,0.820875005922604,0.7833943743738283,0.8895901198547973,0.6278541482730078,0.8002247346109794,0.6749094561643989,0.7730133987618824,-0.9133337375333693,0.6165663255563751,-0.3671558678471505,-0.536354804560434,-0.4163456181053398,-0.060096141802688,-0.07578792530952735,-0.023537179299529018,0.22751921916234197,0.29483429187895477,0.7912236968301423,-0.9134998297695234,0.38720749882341793,-0.37454738515933095,-0.5830954303792947,-0.3084978317295193,-0.05957448132803394,0.09274104078627575,0.1682660923489538,0.4316322490608526
0.77457445205687,0.9003067209976401,0.8782031292637369,0.8110281013796083,0.8354817416118162,0.8542192228684837,0.9299466808850568,0.8557263615049437,0.8575801217654344,0.874370320062592,0.7510287120619791,0.7210238403841588,0.7936434084263048,0.804838822412796,0.870895260967795,0.7756542290952614,0.8893520380502148,0.8704333091251151,0.8311612369937397,0.798804720835271,0.6249429574238418,0.7152361402398363,0.862505303132995,0.5809187399568378,0.7540357437267488,1.0,0.8580526632325436,0.7591151715720409,0.9080383759921551,0.816958742183787,0.804771490285602,0.7148677168316978,0.8603815124520352,0.8647376041272486,0.8417141449676316,0.8241337939010984,0.878581560548873,0.8732353119759393,0.8428813586747808,0.643107425172595,0.903457284108606,0.9079768312716565,0.8972883664887321,0.8249730019165339,0.8207975177549257,0.6665838595465594,0.7139894459663546,0.5927261413174243,0.7462101184245294,-0.8748108902567732,0.5409638359883036,-0.32630358329039016,-0.5646634262380609,-0.2518044492644418,0.0401423863322115,-0.09326055642105843,-0.30050207881613766,0.21965200306916877,0.13772665482469582,0.7746972381289751,-0.8788704368566586,0.1724160081158926,-0.4091992743248022,-0.5683751504865817,-0.17375625257275182,0.05494018357165205,-0.2113469170785802,0.14373280754952886,0.2968023523593829
0.9266295377608976,0.9597379707389398,0.9427749994961241,0.9408301139630862,0.8680312372401328,0.8848122026765289,0.9378736056829934,0.9487846427294087,0.931135747570636,0.9097410853477768,0.9016221706128721,0.8834589064886238,0.9163135826791607,0.9352284790540828,0.9630229828094313,0.8940245392895856,0.9074132820786742,0.8415673807668329,0.7331009850490697,0.7904893967114454,0.8251984548221493,0.8776691571835025,0.8689927368571176,0.6892708857220502,0.920653330214714,0.8580526632325436,1.0,0.8706646724031804,0.947132647512946,0.9439584129682582,0.9045250662828765,0.7948384177463013,0.9611637865253786,0.9663257948883608,0.9486654488947311,0.9266107914490483,0.9529668427322535,0.9654971798755332,0.9256552339939217,0.7832894467412738,0.8395693513255329,0.9218713967933313,0.8568853049921329,0.8288989435445195,0.912105965837868,0.6527164631782132,0.8392451624521765,0.7390386681005331,0.8504187894649089,-0.9691315657649849,0.5993046813833424,-0.4703732706518675,-0.6485036266374312,-0.4757872421784077,-0.014780586290529663,-0.09207018756375676,-0.22435101502289412,0.25751124896635996,0.2568673111983717,0.8380209358453446,-0.9660809497615565,0.294310833814726,-0.4760689029170422,-0.679408814296707,-0.34941183994609915,0.002240320978013878,-0.0603083543863419,0.15546660534275997,0.360001686592677
0.9361377955006683,0.8863499353396233,0.8654046670976954,0.8544305961099107,0.8129170416681826,0.8068216745015103,0.8417803360908658,0.8722805787663344,0.844589270885785,0.8573004524827615,0.8553446481452038,0.8873119276521614,0.8212256934525212,0.8340152835597578,0.8726663279590368,0.8452435312550844,0.8371276981287484,0.7296837730025643,0.6135692640291351,0.70256634454997,0.8280320581827065,0.8190204766517974,0.7715617963863216,0.592506132869601,0.880460362613207,0.7591151715720409,0.8706646724031804,1.0,0.9000962009041031,0.8946446881297088,0.8629272314058227,0.7486816610838428,0.9058144476243596,0.8767991502031488,0.882980733055946,0.8404854960546219,0.8604915495386579,0.8731338533082083,0.8411897889942571,0.7119905637079517,0.816554390886475,0.8374011214605818,0.7873396890689652,0.7419861212782634,0.8710166233514846,0.6037757610513228,0.7370257062629697,0.6227728526233929,0.7589846651471304,-0.8863629827721119,0.631427136967876,-0.2997809217328287,-0.4596065538080468,-0.3553474571287024,-0.02275945402452116,-0.06789261209977629,-0.07004052972522866,0.17020971748216288,0.2718235988495843,0.7669878540576736,-0.8878172677874119,0.40744712116293136,-0.3401045457275169,-0.48849175370663395,-0.27222397150845673,-0.04157136033161298,0.04368768877363858,0.12847283761734032,0.5057857332275887
0.9184027994711794,0.977067831990083,0.9483866394916103,0.9249584502852628,0.900699962794404,0.9014591262428321,0.9584221662401458,0.9468385758389297,0.9356490727850437,0.933217488100922,0.8937559724020806,0.8793465611070767,0.9046650141073024,0.9031213145578978,0.9630635191362352,0.900487783189612,0.9322117184761487,0.871155086654922,0.7697715394015662,0.824298822124002,0.8054732940459359,0.871957286217522,0.8924455398250404,0.6843685878813823,0.8920398022450098,0.9080383759921551,0.947132647512946,0.9000962009041031,1.0,0.9434562623632489,0.921642771786125,0.8252576271970847,0.9666366875537304,0.9605765792418935,0.9572861642478507,0.9317582044400924,0.9629035637024831,0.9635783626552936,0.9425277355579033,0.7760931575077518,0.9019339473404,0.9435098819950307,0.87699847737495,0.8320880681636406,0.920212568858815,0.6755550307187782,0.8278841702104783,0.7117109656820468,0.8223415430696772,-0.9691496484234849,0.6284797075140344,-0.38931218505237614,-0.5957154359122036,-0.3773353936101014,-0.005821156461884793,-0.08269045424090692,-0.202850456320899,0.20030567217137135,0.18455634434909976,0.8353977807155796,-0.9695705160430166,0.28475866359863733,-0.440624284939828,-0.6102903124538264,-0.28504181448725807,0.017341528853230755,-0.10001679834993404,0.12833816621904054,0.4125098788725393
0.9295557747841512,0.9511838530655989,0.9263492390787945,0.9365768351998071,0.8509269112088172,0.8380943621499192,0.9052984438145725,0.9524329096377232,0.9064237384235535,0.9029295513548072,0.9380220586150745,0.9209952323817266,0.9174068972226088,0.901739844118736,0.9540593313437437,0.9243235627608022,0.8998031043572428,0.8076177089164422,0.6720327200018676,0.7518105852511895,0.8659086037922062,0.8972129417959499,0.859387101399977,0.7018463043916541,0.9264317913021083,0.816958742183787,0.9439584129682582,0.8946446881297088,0.9434562623632489,1.0,0.9215755275361908,0.7845897335001372,0.9528621600339938,0.9481824612328386,0.9508291085632621,0.9436001134386304,0.9528868056071569,0.9535900374568237,0.9305708088985922,0.8222226278526958,0.8104937401602199,0.9072055735250916,0.8467823728234622,0.8142723412103364,0.918564933077974,0.6384226588971805,0.8370928894827222,0.7599257488817334,0.8165781710783276,-0.9625059885842089,0.6210679721910419,-0.3988391957471234,-0.5920729446024569,-0.4221662776852851,-0.03135187521821428,-0.15262238271347175,-0.11485277636287743,0.2765321201941045,0.21503736611527394,0.7869735059626078,-0.9597624705082936,0.2986362607533113,-0.4275594335356688,-0.5977853365639739,-0.35300775422565317,-0.017234148376484668,-0.004785343664278839,0.09001232180160978,0.436428214158424
