0,1,2,3,4,5,6,7,8,9,10,11,12,13,14,15,16,17,18,19,20,21,22,23,24,25,26,27,28,29,30,31,32,33,34,35,36,37,38,39,40,41,42,43,44,45,46,47,48,49,50,51,52,53,54,55,56,57,58,59,60,61,62,63,64,65,66,67,68
1.0,0.9203731742172522,0.9533947264247205,0.9238342106007902,0.8636096448561712,0.8785289513008855,0.9132759981112823,0.8723061220314561,0.8351264395453157,0.8615340097125397,0.8431913216683173,0.8807447091890203,0.7677600551712669,0.8395015451335431,0.9101567902575003,0.798766704562895,0.8847723341405723,0.6979625578019277,0.7358392960750368,0.8151016138384526,0.8542804541392539,0.6433776216474119,0.6716748399110561,0.5815607695748228,0.8426429625657867,0.8861635816329047,0.8977059313614145,0.9440058718016432,0.9317269408641666,0.9105053798083724,0.7868069561295765,0.4927717558086062,0.9075453326553997,0.8918125817890573,0.8847326780956533,0.8242936978374416,0.882373442069234,0.8848910166699113,0.8376171454695746,0.578250878972813,0.8728638723268721,0.8904818352904431,0.8498401015998318,0.8491109929219229,0.847387018016136,0.7473722316804021,0.6329535909080856,0.2703369505388317,0.6194725341133821,-0.9251791622284561,0.5827300718685144,-0.5269755979675851,-0.5351482973091376,-0.24799379135226476,-0.20820077637769663,-0.223014711839724,-0.3268438869654751,-0.3958246086357911,0.335130711158513,0.688485605653585,-0.9046725807969083,0.4268357339006906,-0.6229399879121187,-0.5528289215566855,-0.2592640665140635,0.02515371340629082,-0.5167230523255691,0.05149835272688947,0.5969405115441685
0.9203731742172522,1.0,0.9410063757297301,0.9376777209035627,0.9240695321182967,0.9171999590775802,0.9610803776238337,0.9397280461620349,0.9140197759072398,0.9312840162356902,0.9120200482021799,0.9146192455459224,0.9008052592249433,0.8881290643526987,0.9556245408347498,0.9061283843948098,0.9406016988168403,0.8247479025877102,0.8113407124496246,0.8488828677141536,0.8842612012206893,0.7912004217881058,0.8008493104119117,0.6967472277172553,0.8753674502692306,0.9360077402160906,0.9483691132723397,0.8964497350337642,0.963981768873229,0.950753012512728,0.8717977729067773,0.5675231802486506,0.9606451154268665,0.9501219191654791,0.9515535413574686,0.9265371544211443,0.9578475678179139,0.9615848830478616,0.927207069808786,0.7038528646039695,0.9114898536120568,0.9578544829936472,0.9194034246827333,0.9123876679681249,0.8759264949237939,0.8175419131170041,0.7108757454722652,0.42845773479193927,0.7176003469834118,-0.9700372523074458,0.6753328087776513,-0.4551601952175818,-0.6266017863644125,-0.20144603673797512,-0.140860498201624,-0.1564234561613557,-0.2691307402588425,-0.3419042787339241,0.30717926026414594,0.6600056596616665,-0.963058315390468,0.5083092070789985,-0.5829823248464433,-0.6384136059935754,-0.28086262541783946,0.005173054397552031,-0.4310950736259972,0.13282523867264054,0.5841483233424885
0.9533947264247205,0.9410063757297301,1.0,0.959443216269248,0.8788571575044773,0.8963271226609502,0.9467521108416191,0.8785518672629877,0.865809667981157,0.880130150381629,0.8518558424838394,0.8765246102377683,0.8191854939738377,0.8211488535999548,0.9333621198243922,0.8495729004902439,0.9241196529726959,0.7889071581230179,0.7895229958455754,0.8434711244574756,0.8570057496828168,0.7126976633733647,0.7149319241326237,0.6272922289292938,0.8130296053384566,0.9245743896136247,0.907033922723946,0.9124488969780432,0.9464371339792271,0.9142350348875162,0.8260886103352718,0.4757708462808684,0.914524483206373,0.9038113252940151,0.910492514455476,0.8568208340898555,0.8984531107524851,0.9100956202238949,0.8624896301403835,0.6322833965197358,0.8865387846465904,0.9211263282463181,0.8724254778353577,0.8719558864981576,0.8758374014450954,0.7755622531439762,0.655085029084635,0.3346985100119624,0.6459556149801519,-0.9512728623424465,0.6217262342718292,-0.5368818881733199,-0.5782866256341539,-0.29603711460475496,-0.2072197653606995,-0.24292278159308908,-0.3628910528263998,-0.437950760349834,0.2749515063261424,0.7126429942888516,-0.9237959264157215,0.44742051912711245,-0.6198066823458787,-0.5935472934739727,-0.2918921691326765,0.029612993666399825,-0.5233445565110129,0.07937495711239102,0.5772799394209819
0.9238342106007902,0.9376777209035627,0.959443216269248,1.0,0.8668502978621769,0.8966193448944983,0.9429830366201201,0.871703585158794,0.8838866491895658,0.8834725358819516,0.8474917015563714,0.8638748107045934,0.8412235505768665,0.7999357446271758,0.9350665702278544,0.8671404079416212,0.9066606481804911,0.8248629489861272,0.8357855594139176,0.852758073012167,0.8656860114815633,0.7518653589807439,0.7372690061007593,0.6487731366003547,0.7990468178247317,0.908182635699702,0.9030567893828539,0.8761912848984192,0.9454390983889002,0.9037905340854929,0.8513740072289385,0.48325360574419635,0.9117374644756071,0.8990825456565211,0.9143603776796163,0.860371175874856,0.9003462048517473,0.9151471649818571,0.8763888269597304,0.6583666891461829,0.8776850833013654,0.9143864301871392,0.8568813443288645,0.8677975298767185,0.8646211799546984,0.7677274534889994,0.6597385328964228,0.35064288455649645,0.6701879272492851,-0.9543784245855926,0.6019311932299111,-0.5604129951165272,-0.611663586285468,-0.33881777135254304,-0.20213757056335369,-0.2383852497617967,-0.38218311206847794,-0.4069908948422952,0.2470176405067853,0.7196180606555228,-0.9159254229304625,0.4041015747610539,-0.6274505187138428,-0.625483470440656,-0.3322159209683404,0.012268316058318351,-0.5304188631409805,0.09216226258531207,0.531124378016383
0.8636096448561712,0.9240695321182967,0.8788571575044773,0.8668502978621769,1.0,0.9065493460738889,0.9201980919125237,0.8753955847124282,0.8494972992783993,0.8890065697834653,0.8494039811876701,0.8501927174546204,0.8745094398991661,0.8335073046735494,0.9075609351023297,0.8725056237712636,0.8866258667534769,0.7689220456686755,0.7813086676356391,0.8312197155335803,0.837209022364393,0.7605783753022375,0.7605985086579559,0.6618242739994935,0.8100260282482176,0.8809724293029234,0.8835670209535883,0.8321469594161592,0.9130763718922221,0.8904497574264912,0.8068720725774217,0.5389596706414037,0.8957537814881139,0.889633496460207,0.8807467125412062,0.8711917424999679,0.907523330355653,0.9030610290970511,0.8733494533635641,0.6803639957137407,0.8465604568461856,0.9046382551600068,0.8736519128781648,0.8534789877493097,0.839941332045493,0.7875397323668218,0.6680421696948136,0.42523976182722456,0.6525537003951895,-0.9043299447272242,0.6467153626758558,-0.39199353926423375,-0.5348396222031017,-0.11158105967757699,-0.11803106329881369,-0.18476022609494647,-0.2463031090883826,-0.3272221421005989,0.28419727560692143,0.5919199114020143,-0.9024966501919334,0.5128988690636666,-0.5063762372963828,-0.5310366389043325,-0.21694138460769652,0.02803680112728616,-0.4208892897955488,0.11218983611632471,0.5352539263824089
0.8785289513008855,0.9171999590775802,0.8963271226609502,0.8966193448944983,0.9065493460738889,1.0,0.8984843548519591,0.8892414506363863,0.8746163288024493,0.8782347208590056,0.8730701046513973,0.8711163876160258,0.8598258453687724,0.862440774503228,0.9066032376266395,0.8577786845249767,0.858000646133305,0.783601150346854,0.7641245666666671,0.8622273357081347,0.8645579381097459,0.7726195079836922,0.7633726771125473,0.6444456202006403,0.8137972108864437,0.87040989193857,0.887976370173655,0.838133713245391,0.8897129014888637,0.8896787017730974,0.7921950314366454,0.511107664530324,0.9123352457190782,0.8986745082715926,0.8853314851524549,0.8517581331158328,0.9069340190464488,0.9041775033130717,0.8781459880058271,0.649578580642322,0.8512840504802386,0.8849122268000659,0.84950048560184,0.8262695925782191,0.8320897221494409,0.7593283036441377,0.6327965499934757,0.3662419793122777,0.6798107848640486,-0.9042358544738164,0.6564923405742439,-0.4015454721394303,-0.5262462763096611,-0.13638983744441785,-0.0912686243223661,-0.16192272305155928,-0.21985613037294963,-0.2696349218945808,0.2550329758739171,0.5977582517177553,-0.9017581977021257,0.5127890772361802,-0.5090297395587338,-0.5556040105813301,-0.23828075530616283,-0.03870057871311325,-0.4280604576828989,0.05591573327693979,0.4767954232478137
0.9132759981112823,0.9610803776238337,0.9467521108416191,0.9429830366201201,0.9201980919125237,0.8984843548519591,1.0,0.8975156682316079,0.8900339441400256,0.9200377679997673,0.8764993207970739,0.8743248521960203,0.8736806411528738,0.8407018169383905,0.9395765250832776,0.8908229876586603,0.9576206025232924,0.8356170680940755,0.8234634153331539,0.8500935356327929,0.861284399119244,0.7609031760139394,0.7827513033230536,0.681432364454101,0.8308871965128152,0.9578088849296301,0.9234071684333327,0.8825249413588663,0.9545132743994132,0.9213562459730357,0.8467596157579731,0.5306063243152391,0.9321761405707693,0.920688888294207,0.9256420515999925,0.8917745582441804,0.9276573548439454,0.9363330684017835,0.9014715940116054,0.6727821294582725,0.8982048128178446,0.9488734389254376,0.9150270526838757,0.8967455893562689,0.8821838382861817,0.8145079303031089,0.6830581397136192,0.4043819692571908,0.6856872914529529,-0.958008805631437,0.6408771067563299,-0.4886441779511373,-0.6034590523441098,-0.20382996713342957,-0.16739378762198343,-0.2065744429517236,-0.32610153581152146,-0.3579219739887128,0.2955413252752504,0.672967404509985,-0.9382369061517392,0.47042378659487594,-0.5723106853816519,-0.6092033463795723,-0.25356150038349484,0.007499496689895373,-0.4897787248634058,0.13427339963790494,0.5526537647191615
0.8723061220314561,0.9397280461620349,0.8785518672629877,0.871703585158794,0.8753955847124282,0.8892414506363863,0.8975156682316079,1.0,0.860633061532774,0.8746136475416547,0.9462055191525305,0.9279237288972758,0.9090556806352311,0.9521079589855573,0.9233625867994001,0.8830601696344849,0.8767312737149368,0.7972645541362416,0.7228896653537509,0.7667446337033881,0.8471449093851946,0.7940518895021836,0.7713359958124235,0.6896410034495167,0.9325819232998602,0.8810880907552233,0.9637678691799899,0.8106001027648742,0.9029742215209599,0.9445976049355325,0.8445869741093662,0.5921803924680628,0.9607246952061099,0.9703982014656498,0.9455304612231582,0.9125956200572067,0.9596133829630824,0.9595189682694462,0.9212651536458981,0.6518614434178505,0.8432990185950711,0.8917394856293956,0.8587981529435617,0.8540640580845537,0.7919721170241998,0.7343709604066806,0.7155508443645898,0.3996132186314616,0.7998168745271372,-0.9294787752766408,0.6542707467086064,-0.43306110384995417,-0.6772488702968521,-0.15827348057660942,-0.07590300552921947,-0.018574869257348834,-0.10941896553959526,-0.28463571011119393,0.2769919456178776,0.5445307390310504,-0.9640600858370817,0.4903250069686987,-0.6369732417608324,-0.7128600685992409,-0.3627355286811715,-0.08990392382963075,-0.3315264785582548,0.15578544084559498,0.5298209996266101
0.8351264395453157,0.9140197759072398,0.865809667981157,0.8838866491895658,0.8494972992783993,0.8746163288024493,0.8900339441400256,0.860633061532774,1.0,0.915197388531453,0.84272594639754,0.843834313066602,0.8561841355015116,0.7961243397764932,0.8859976593583366,0.8315792667535765,0.8630941854331385,0.7642753470351638,0.7630739684056635,0.8246163686474114,0.8284771783676467,0.7567264177197447,0.7566334443502744,0.6552970668066082,0.8022688749453368,0.876156251027395,0.8646075358190106,0.8188516064049228,0.8914973664645496,0.8721508482923278,0.8339509491064178,0.5251018781590454,0.8878681431331619,0.8599003736978622,0.8768356497611149,0.8613399737705747,0.8837662125096449,0.8876795043688055,0.8482444226721128,0.6760725415314166,0.8601589380405866,0.8948526938943214,0.8636518363627139,0.8785400544265711,0.8301959728863546,0.7914498068628718,0.6569322236262857,0.41735996522787977,0.6226057537577921,-0.9032875751843593,0.6074618334262293,-0.41985153658515156,-0.5677809879816547,-0.18456641585218428,-0.13377160805223873,-0.16634772900523367,-0.2921768672216404,-0.2540023237165881,0.2815830221947461,0.6593489465039164,-0.873822758963286,0.4481284525628573,-0.5015306296458225,-0.5912218603730035,-0.19445591849814065,0.007248973180597974,-0.42595770800985255,0.11349162343400225,0.5192697664983229
0.8615340097125397,0.9312840162356902,0.880130150381629,0.8834725358819516,0.8890065697834653,0.8782347208590056,0.9200377679997673,0.8746136475416547,0.915197388531453,1.0,0.8754712306478527,0.8592985863329554,0.863368856809295,0.8204867621962617,0.8880468253454957,0.8308575250817805,0.9005661058714084,0.7601491733639566,0.7629861745166501,0.8401413017762783,0.8709430944422846,0.7518898340619672,0.7625125699271577,0.6394113830173098,0.8153332786481862,0.9030242092483186,0.8812846574254455,0.8567187981511054,0.9074679170991309,0.8931991233495947,0.8469664654504249,0.5581205789209959,0.8981307326395026,0.870852335687224,0.8932743937908139,0.8686394300010384,0.8961569123372544,0.896963364060454,0.8671679949852543,0.6500851536961869,0.8920656690375071,0.9228361739655422,0.9096330539759403,0.9184277886860687,0.8898614414089481,0.8581019781403173,0.6551949356569378,0.3704423274715158,0.6201245585241626,-0.9102618776614566,0.6036815123708676,-0.3934811006939419,-0.5402218833186543,-0.11347806287472327,-0.13234553115728356,-0.18749806708722175,-0.2685380826812271,-0.27271277778035063,0.33422745948664406,0.6355816590527983,-0.8897523767638272,0.47481861051553126,-0.49416021445671765,-0.5549758288034157,-0.16042257058105105,0.028965530888126104,-0.4159572046587065,0.13962271146960864,0.5508069199660558
0.8431913216683173,0.9120200482021799,0.8518558424838394,0.8474917015563714,0.8494039811876701,0.8730701046513973,0.8764993207970739,0.9462055191525305,0.84272594639754,0.8754712306478527,1.0,0.9210071416432012,0.8926459681379662,0.9222350988963826,0.888739910603983,0.8539747683498423,0.8608154805820573,0.765958597833017,0.7076771667558339,0.768170233758844,0.858953247106054,0.8044526653241063,0.7617526391071908,0.6647435772466622,0.903615430804662,0.8519812885775878,0.9329805714018716,0.7890284092686938,0.8664740555502753,0.9197923179246534,0.8399170078877569,0.5768598820225123,0.9316626006461733,0.9366852588074883,0.9226546798349975,0.8817370384818625,0.9206621546832053,0.9340069303363281,0.909794395270084,0.6402185691944038,0.8130554430490429,0.8692668099896973,0.8388612498109879,0.8161876190322067,0.7677787628477908,0.7052902280502769,0.705229194544009,0.3847276931111904,0.7550543082385727,-0.8914392332524165,0.6282266651815033,-0.3664682406572869,-0.64515163784141,-0.09898959397415036,-0.084539824966918,-0.014323714467692705,-0.09224614112999271,-0.2271331623886723,0.2657770757992053,0.5025479680735896,-0.9312457578960861,0.46168701444056703,-0.571680000131136,-0.6707160546096436,-0.31419438116137777,-0.1002479987966055,-0.30007455625664187,0.16386799440269975,0.5086206994688632
0.8807447091890203,0.9146192455459224,0.8765246102377683,0.8638748107045934,0.8501927174546204,0.8711163876160258,0.8743248521960203,0.9279237288972758,0.843834313066602,0.8592985863329554,0.9210071416432012,1.0,0.8819639331824363,0.9001889211602667,0.9005422091316359,0.8331009164193396,0.8659440813985927,0.7318231210367303,0.6637158976454801,0.825497032629502,0.8854829867478275,0.7872722413129366,0.7348791204678133,0.6308941289324693,0.8945611855354695,0.8380320697386023,0.923828914364218,0.8236529099250272,0.8764134464694778,0.946940260059108,0.8411773189837148,0.565021848475924,0.9252465368222501,0.9273909599133545,0.9271462151965828,0.877330332020208,0.904377431823778,0.9208113351640143,0.8863374615208507,0.6557138201100297,0.7915464187624803,0.8581676033573565,0.8347749061130056,0.81637756762799,0.7867707646572811,0.6989825247504122,0.667656979453183,0.37708201608284925,0.6998607944921776,-0.9058944777775961,0.6422961439541414,-0.4343031574593407,-0.6484086139522821,-0.15735457836115618,-0.1310821670542698,-0.05738803034866459,-0.1673060849022478,-0.3033249660888413,0.285318109705898,0.5419393402429244,-0.9317953388610921,0.4920272648182812,-0.5964030006645833,-0.6661052134600552,-0.3232894641745947,-0.03725448832844374,-0.3263947520976476,0.13208371159275045,0.5304607950350395
0.7677600551712669,0.9008052592249433,0.8191854939738377,0.8412235505768665,0.8745094398991661,0.8598258453687724,0.8736806411528738,0.9090556806352311,0.8561841355015116,0.863368856809295,0.8926459681379662,0.8819639331824363,1.0,0.8578484382683103,0.8866282663780749,0.9008723988306278,0.8581420523522256,0.8401853778736209,0.7554239336446849,0.7537616611690324,0.7852680392098791,0.8763630718357306,0.7997346338003316,0.6668042625819439,0.8573770296551615,0.8361898422203898,0.9026891087609152,0.7076729853016317,0.8603120968306907,0.8883996094004851,0.8425340401362978,0.5290507080728916,0.9017265485592695,0.907061818351009,0.9136969193232987,0.8855555677875266,0.9201990223736177,0.9285028090027871,0.9017252548236104,0.674934106321455,0.775425993102087,0.858999097944388,0.821366680001003,0.821976986738832,0.7701303914908604,0.7284932274906757,0.7055836454023319,0.4344768081518372,0.7325860055456758,-0.8838081799119868,0.6538411839720678,-0.3667554332028546,-0.6576291924458374,-0.1210316145254313,-0.043942381056426415,-0.04913825315533099,-0.10024310307687491,-0.2268757679057003,0.2436446842824176,0.5228141099272859,-0.9102285687526056,0.48852494609876446,-0.5311105194291676,-0.6668432540797601,-0.3169089982737012,-0.10332279514080236,-0.2694581839446022,0.20404266968072457,0.4471424578514598
0.8395015451335431,0.8881290643526987,0.8211488535999548,0.7999357446271758,0.8335073046735494,0.862440774503228,0.8407018169383905,0.9521079589855573,0.7961243397764932,0.8204867621962617,0.9222350988963826,0.9001889211602667,0.8578484382683103,1.0,0.8672791185866248,0.8185538443903124,0.8206937628521312,0.7409099453685283,0.635699032474007,0.7188239664215703,0.8193438061181263,0.742836306731059,0.720493883410374,0.6471313287049912,0.9143957610030494,0.8353527522320521,0.9294508059216139,0.7705028922596803,0.8376292168859131,0.9029753021697523,0.7712975115965659,0.6068752797871231,0.9199856358365431,0.9412517747923563,0.8868502527223284,0.8607116942449446,0.920953330838207,0.9128279992538171,0.8802065673919347,0.5780382493599395,0.8041630017530058,0.8366981450080455,0.8089284641427237,0.7855791570791951,0.7262078759498967,0.6827351875305406,0.6497323742091298,0.3332967447462428,0.800473975918763,-0.8614498482657325,0.6691275632252931,-0.35657122716837963,-0.6165411368443733,-0.043084152818656164,-0.010277098574644055,0.01557038319859669,-0.00841007975075829,-0.22558696564542535,0.29855128130696906,0.4384837167144885,-0.9241765488733865,0.5188052563182507,-0.5867193870313361,-0.6712719105764589,-0.331345009967563,-0.13266585003684883,-0.26411849347743405,0.09975200300183491,0.5120671645976539
0.9101567902575003,0.9556245408347498,0.9333621198243922,0.9350665702278544,0.9075609351023297,0.9066032376266395,0.9395765250832776,0.9233625867994001,0.8859976593583366,0.8880468253454957,0.888739910603983,0.9005422091316359,0.8866282663780749,0.8672791185866248,1.0,0.9036139724984259,0.9112804197822895,0.8176890432857561,0.8131978773079599,0.8369573220762806,0.874863147224097,0.7920469343267371,0.7758297986553119,0.6642091446245378,0.8620846483336393,0.9086821930650865,0.9374220017435324,0.8568720764167358,0.9483667533094383,0.946111122929667,0.8787888831773334,0.5512722295889486,0.9408382454923501,0.9447231749036467,0.9382449137458945,0.9036139818801139,0.9406929255199326,0.9486469036419871,0.9023055029717935,0.697754607484446,0.8677143048007964,0.9190761449112894,0.8783152338934764,0.8662777650941904,0.8475740032620485,0.7917278782465954,0.6831939441230808,0.4328786900551111,0.7113657115996056,-0.9615683851256417,0.6519984256217476,-0.48452273635466914,-0.628959348830197,-0.24923835902148467,-0.14596265723244642,-0.13809178567831196,-0.2833975182157869,-0.3783640531567746,0.28328330695897813,0.6449685503575059,-0.9523219665489312,0.4842152600645332,-0.5993146359875199,-0.6425542194445989,-0.33349811091412607,-0.011923487472299201,-0.4627128401657237,0.11048683074441226,0.5568432867402814
0.798766704562895,0.9061283843948098,0.8495729004902439,0.8671404079416212,0.8725056237712636,0.8577786845249767,0.8908229876586603,0.8830601696344849,0.8315792667535765,0.8308575250817805,0.8539747683498423,0.8331009164193396,0.9008723988306278,0.8185538443903124,0.9036139724984259,1.0,0.8687531511127358,0.8745524209222906,0.8012192734399323,0.7578907993194868,0.779139086812771,0.8554728559989276,0.8702837301373922,0.6636449206870179,0.8260220008725297,0.8474178627352242,0.8865971966946631,0.7505288330297505,0.8776778702069093,0.8847143244457237,0.8362550260575142,0.46456255486400166,0.9002622112604644,0.8980326115585288,0.8996703577685133,0.8694504985140975,0.9148450857398208,0.9232973432555622,0.9037855061237575,0.717011775376463,0.7927964285577166,0.8658720016446733,0.8260674447096122,0.8146979403703877,0.7797128124906467,0.7297353425150735,0.6844650223081385,0.5125799727556843,0.7026125211249491,-0.9061868641936782,0.6323293019396825,-0.4249718155454724,-0.6773051231872838,-0.2308397261002968,-0.10814748546332897,-0.1149008907078858,-0.20330177041811853,-0.3025105310219313,0.18022685202223207,0.5932009773382253,-0.9076764680799638,0.4507021350498952,-0.5602064534470231,-0.6623485690601191,-0.357421126018654,-0.03699155461040106,-0.3725619032283709,0.15664198149632277,0.44843789695527075
0.8847723341405723,0.9406016988168403,0.9241196529726959,0.9066606481804911,0.8866258667534769,0.858000646133305,0.9576206025232924,0.8767312737149368,0.8630941854331385,0.9005661058714084,0.8608154805820573,0.8659440813985927,0.8581420523522256,0.8206937628521312,0.9112804197822895,0.8687531511127358,1.0,0.8209297140065439,0.7814653516735349,0.8180134704977386,0.8305754166230355,0.7436157054657783,0.7646383842540038,0.655117153901791,0.8196538694167277,0.9382175531531635,0.9030114673430756,0.855216412344383,0.9284424430267851,0.9020734001791443,0.8232023887212135,0.507634056526568,0.9081341283700544,0.8980566055859871,0.9105064014153492,0.8782908607377671,0.9029564814876636,0.9171079870509045,0.8784000356296467,0.6449010571073542,0.8571275861734038,0.9438555493185287,0.9195604174814422,0.8802911402098241,0.8758716906317645,0.8019451237967087,0.6796160371841183,0.39261125075097825,0.662191323906744,-0.9306965527267207,0.6422311608217758,-0.4541103591238001,-0.588051706644071,-0.1796961540330192,-0.1497914603814637,-0.19770689255095034,-0.2776594936178493,-0.3499393887113136,0.28082885657124734,0.6407413142861631,-0.9176411653625329,0.492359722212038,-0.5467027377429939,-0.5979527949937214,-0.2324669867045007,-0.009926380068578771,-0.42590069017022997,0.1691158262171114,0.5591725469582681
0.6979625578019277,0.8247479025877102,0.7889071581230179,0.8248629489861272,0.7689220456686755,0.783601150346854,0.8356170680940755,0.7972645541362416,0.7642753470351638,0.7601491733639566,0.765958597833017,0.7318231210367303,0.8401853778736209,0.7409099453685283,0.8176890432857561,0.8745524209222906,0.8209297140065439,1.0,0.8074924487310653,0.7085199563529522,0.7251324394138946,0.7941311228449329,0.8149360874938802,0.6112841831474922,0.7061945564942738,0.8067481652397762,0.8099330510127533,0.6394274950070746,0.8000687973642248,0.7873145284055736,0.7535153814189645,0.439565248172764,0.8165763777003422,0.8154294878062499,0.8115552093635231,0.770834929305839,0.8397271620297041,0.8372350765709236,0.8341664272149889,0.5998587863503534,0.7366123771094676,0.808213604648551,0.7631005113173297,0.7453146732487497,0.7165188100312576,0.6439379508600629,0.5424907130609187,0.40283062355659394,0.7117273691964169,-0.835481800342731,0.6101605045258773,-0.42195086228254985,-0.6381823266737753,-0.24396297412635076,-0.09330322024661328,-0.14468954966725917,-0.21576258662758624,-0.30050013563191486,0.10700847621566462,0.5468448402635332,-0.8214896151079131,0.4428350207978606,-0.5068563813055935,-0.6418069948639883,-0.3738741131628799,-0.11004657875326139,-0.35898584558173524,0.16064357266938717,0.37605351167960166
0.7358392960750368,0.8113407124496246,0.7895229958455754,0.8357855594139176,0.7813086676356391,0.7641245666666671,0.8234634153331539,0.7228896653537509,0.7630739684056635,0.7629861745166501,0.7076771667558339,0.6637158976454801,0.7554239336446849,0.635699032474007,0.8131978773079599,0.8012192734399323,0.7814653516735349,0.8074924487310653,1.0,0.6763013020989644,0.7325851610903411,0.654979191560788,0.7180654003767913,0.526149049064073,0.6561151743933195,0.7816096941444608,0.7497104177225942,0.7224387528668516,0.8221039966717781,0.7362255552597038,0.72611403255982,0.3512641172526342,0.7698559155527974,0.7511867949342824,0.7619598921895069,0.7153209214619355,0.7778736594189815,0.7781799086632125,0.7558329809807626,0.569625252733724,0.7677123229264398,0.8213955830971765,0.7457690020167599,0.7629408780572496,0.7228307075662757,0.6739973695903774,0.5713288969783347,0.3389422075399616,0.5742255756105275,-0.8137643235178136,0.4900398129972994,-0.3835341654217851,-0.5036246511925155,-0.29186436114462616,-0.115875288994832,-0.1753459341448475,-0.3692211413320574,-0.3057328981824025,0.13385911953910282,0.6194697923016557,-0.7583911400671969,0.31365345400779365,-0.42842161330300615,-0.5076309764884696,-0.25296286103245796,0.0017280096262449953,-0.461098905362929,0.1374458438266428,0.3786664465060508
0.8151016138384526,0.8488828677141536,0.8434711244574756,0.852758073012167,0.8312197155335803,0.8622273357081347,0.8500935356327929,0.7667446337033881,0.8246163686474114,0.8401413017762783,0.768170233758844,0.825497032629502,0.7537616611690324,0.7188239664215703,0.8369573220762806,0.7578907993194868,0.8180134704977386,0.7085199563529522,0.6763013020989644,1.0,0.8832423482765102,0.6986537106849199,0.6876621903058822,0.5954044991063846,0.662931216289401,0.8139790511482885,0.780751260573889,0.800776559324481,0.8271612059604619,0.8409784364553395,0.7627657401923051,0.51919653582274,0.8191855870923078,0.7895277140770394,0.8023590484134873,0.775508066582747,0.7944741020396426,0.7955467671390775,0.7756890328831518,0.6512264091650694,0.7862612948374773,0.8100357255655617,0.7905150762,0.7874406898146998,0.7965606184012204,0.7108966075154215,0.46735239198826783,0.38533780361032177,0.5364801273311345,-0.8520617239630601,0.5712894729334017,-0.4566048594861815,-0.5193857587402126,-0.20194189217304628,-0.1741090353935942,-0.22008278451228072,-0.3844276082706848,-0.37671426326769186,0.19752602951360154,0.6412588584084046,-0.8124855996212192,0.46769940121152914,-0.4586806211076153,-0.5079081272201091,-0.21269047275989747,0.09117447962727239,-0.45976127070359674,0.045812856201175436,0.4910729170587202
0.8542804541392539,0.8842612012206893,0.8570057496828168,0.8656860114815633,0.837209022364393,0.8645579381097459,0.861284399119244,0.8471449093851946,0.8284771783676467,0.8709430944422846,0.858953247106054,0.8854829867478275,0.7852680392098791,0.8193438061181263,0.874863147224097,0.779139086812771,0.8305754166230355,0.7251324394138946,0.7325851610903411,0.8832423482765102,1.0,0.7151609039408786,0.678082457422963,0.5565500222637095,0.7609891691109817,0.8342089203483836,0.8490383853480659,0.8182927629115477,0.8574476312613882,0.895157700791698,0.8427641997704161,0.5946249883623653,0.8591359973372615,0.8598220615952485,0.8605062784757701,0.8115504035482123,0.8498040231291646,0.8496966591368705,0.808017261235901,0.5919726261516903,0.8235628788093892,0.8576710824865297,0.8387479494972299,0.8179933913929449,0.7858776256310362,0.7208494667676177,0.5212939733604616,0.31670802719074587,0.6482112018728017,-0.8780222678749604,0.6098192472176809,-0.40503780376770987,-0.5594854820095271,-0.16472841834495094,-0.1063308933019286,-0.13492099604076216,-0.2866740874866311,-0.3540768399357351,0.24984967599188918,0.5520758616412325,-0.8639403391294987,0.49591064572728905,-0.4953879598885374,-0.5743522296062494,-0.2594080917191871,0.030866588319580317,-0.4260989377158602,0.02014885171419288,0.5131794931123556
0.6433776216474119,0.7912004217881058,0.7126976633733647,0.7518653589807439,0.7605783753022375,0.7726195079836922,0.7609031760139394,0.7940518895021836,0.7567264177197447,0.7518898340619672,0.8044526653241063,0.7872722413129366,0.8763630718357306,0.742836306731059,0.7920469343267371,0.8554728559989276,0.7436157054657783,0.7941311228449329,0.654979191560788,0.6986537106849199,0.7151609039408786,1.0,0.8166617946195768,0.6851781203437112,0.7442922586995564,0.7068424974888683,0.7947243684943236,0.5881043057332165,0.7357380150181256,0.8049259969390125,0.8487386232427785,0.5600438136219188,0.7860720347353299,0.7922585718759473,0.8273705425696231,0.8263721547234347,0.8093092955683138,0.8474515422181251,0.8669705923536886,0.7435623732940249,0.637460614152906,0.7362241077008879,0.6960878457467713,0.6963905249443211,0.6518786807434447,0.6183906993436612,0.6806590627860197,0.5470484582576894,0.649662222467106,-0.7748941401864249,0.5963510799276913,-0.30189719498590734,-0.6632251298062554,-0.13937276628931072,-0.05202987062618096,-0.0725037132391043,-0.08897561781094243,-0.24192194266006084,0.12367712873491422,0.42233310382193345,-0.8061233451170533,0.452865022759123,-0.472041512026238,-0.6501201361432666,-0.3440421027300895,-0.08027293573927417,-0.23885483730753204,0.10272151562849663,0.3480784269047309
0.6716748399110561,0.8008493104119117,0.7149319241326237,0.7372690061007593,0.7605985086579559,0.7633726771125473,0.7827513033230536,0.7713359958124235,0.7566334443502744,0.7625125699271577,0.7617526391071908,0.7348791204678133,0.7997346338003316,0.720493883410374,0.7758297986553119,0.8702837301373922,0.7646383842540038,0.8149360874938802,0.7180654003767913,0.6876621903058822,0.678082457422963,0.8166617946195768,1.0,0.6778844514646791,0.7347940203165287,0.7355859812527145,0.768103768369506,0.6533420395872707,0.7498409672640398,0.7722966534472386,0.6997976410216356,0.4135393832273834,0.8016163745939251,0.7735553538760441,0.779028663641882,0.7756436280805004,0.8095574626689953,0.815367157251161,0.8775093014523703,0.7716986837016195,0.6861805219852037,0.7592438470314342,0.7485236252430431,0.7038133244510058,0.6640552750501411,0.6128020578425405,0.6317330137513998,0.6137302978807058,0.5742085457435304,-0.793668695705412,0.5387587746327264,-0.3501548399965069,-0.6225321389954005,-0.16894208481008272,-0.12016340129588421,-0.10669190726141278,-0.21239071681159707,-0.19241565787016918,0.10461212491966458,0.5215490263655359,-0.7870609793596803,0.38799942644780266,-0.45374468594633843,-0.5877821185077321,-0.29456335108236154,-0.06990331150067719,-0.34586130604676896,0.19240042590555081,0.33253848241668366
0.5815607695748228,0.6967472277172553,0.6272922289292938,0.6487731366003547,0.6618242739994935,0.6444456202006403,0.681432364454101,0.6896410034495167,0.6552970668066082,0.6394113830173098,0.6647435772466622,0.6308941289324693,0.6668042625819439,0.6471313287049912,0.6642091446245378,0.6636449206870179,0.655117153901791,0.6112841831474922,0.526149049064073,0.5954044991063846,0.5565500222637095,0.6851781203437112,0.6778844514646791,1.0,0.6124068221029381,0.6913510356491155,0.6750074897799084,0.5664206938835795,0.6665083728310888,0.6616532252568352,0.6227387667247237,0.6674025653359127,0.6885338171310169,0.6830010205651554,0.6714498125413394,0.8142514841010907,0.6873818018807983,0.716610376394553,0.7588815586832618,0.8285657855807722,0.618261616539852,0.6787845987647593,0.6413620446359881,0.6220436354966742,0.5885414802589479,0.5505862241097743,0.7364490651259316,0.6745415293852018,0.553366616855369,-0.6778390472337302,0.4632759844777251,-0.30255477911116657,-0.5220667054342,-0.18474126284628548,-0.08323800604145988,-0.08233611207116281,-0.2136049603315716,-0.25438847562484806,0.10253031557088538,0.3935780562615833,-0.6976445384263569,0.3574343335412913,-0.43814893176663405,-0.5356322213391401,-0.2640316109908447,0.0075951854689579835,-0.27088662538050784,0.09732357469342783,0.35327472207917826
0.8426429625657867,0.8753674502692306,0.8130296053384566,0.7990468178247317,0.8100260282482176,0.8137972108864437,0.8308871965128152,0.9325819232998602,0.8022688749453368,0.8153332786481862,0.903615430804662,0.8945611855354695,0.8573770296551615,0.9143957610030494,0.8620846483336393,0.8260220008725297,0.8196538694167277,0.7061945564942738,0.6561151743933195,0.662931216289401,0.7609891691109817,0.7442922586995564,0.7347940203165287,0.6124068221029381,1.0,0.8059436657820406,0.9324124220685482,0.7696444737288144,0.8423390240708436,0.8989441925317759,0.7857353768100198,0.528652147329489,0.9250935163950306,0.9158137989577358,0.9003021690461043,0.849957218666924,0.9062256657197766,0.909191590999921,0.8745311795565154,0.5904768799513053,0.7543539860509325,0.8220637673089234,0.7937684531513369,0.7825971359173859,0.7228882240876747,0.6662191704082375,0.7356252448704802,0.36612481897300536,0.7203538050832051,-0.8652413155103739,0.5825155117014913,-0.40777252211048715,-0.6483474236026127,-0.12473917278873359,-0.08541832430710886,-0.0077852955909175495,-0.03997626187762014,-0.2142721230758884,0.28602482341431745,0.5002232792824258,-0.9059886619173368,0.40428097084161807,-0.6262335134663415,-0.6718507436585973,-0.3145911219483206,-0.1243915812719278,-0.2698675031499663,0.1861821203636335,0.4972070065296238
0.8861635816329047,0.9360077402160906,0.9245743896136247,0.908182635699702,0.8809724293029234,0.87040989193857,0.9578088849296301,0.8810880907552233,0.876156251027395,0.9030242092483186,0.8519812885775878,0.8380320697386023,0.8361898422203898,0.8353527522320521,0.9086821930650865,0.8474178627352242,0.9382175531531635,0.8067481652397762,0.7816096941444608,0.8139790511482885,0.8342089203483836,0.7068424974888683,0.7355859812527145,0.6913510356491155,0.8059436657820406,1.0,0.9013814071066063,0.8648338060045947,0.9326954795157691,0.8932417375364136,0.8174045729576723,0.550960341168865,0.9048699449759613,0.898883390875598,0.8934940180973955,0.881577435243306,0.9019352737250853,0.9088243983895811,0.8666404721606281,0.6401662529780624,0.9042434263351118,0.9458551589253985,0.9244120155557882,0.8952680843528408,0.8678946580303009,0.8186142685234561,0.6694861306730601,0.3961962889999204,0.6840938650853247,-0.9276924896000921,0.6349952415527005,-0.43650839915271494,-0.5595602670690493,-0.15842503154309598,-0.1412338634889648,-0.1942442157169308,-0.3043072562963033,-0.34875978742839997,0.29887633564640265,0.637714292863194,-0.9150666317676717,0.4846581417562516,-0.5384579228183186,-0.5814846276664417,-0.21961369707397974,0.013183343558112721,-0.46611044654899086,0.10232579585910574,0.5612594404083685
0.8977059313614145,0.9483691132723397,0.907033922723946,0.9030567893828539,0.8835670209535883,0.887976370173655,0.9234071684333327,0.9637678691799899,0.8646075358190106,0.8812846574254455,0.9329805714018716,0.923828914364218,0.9026891087609152,0.9294508059216139,0.9374220017435324,0.8865971966946631,0.9030114673430756,0.8099330510127533,0.7497104177225942,0.780751260573889,0.8490383853480659,0.7947243684943236,0.768103768369506,0.6750074897799084,0.9324124220685482,0.9013814071066063,1.0,0.8328020925981918,0.9267358734859685,0.9519920591181688,0.8629786321011369,0.5726506624831877,0.9645144793748415,0.9708662386094997,0.9566390919883254,0.913342575364578,0.9562276330038852,0.9638124552299875,0.9276623844496457,0.6442854438709169,0.8573175840522538,0.9044320397605612,0.8683689106688318,0.8608053113347429,0.8122974696633961,0.7478623794678854,0.7227636630141016,0.38947387925272486,0.794310065588858,-0.9427399867117777,0.6794530755031946,-0.4616170747142515,-0.6859568970659206,-0.1927781064518199,-0.10282709899718254,-0.06077776579959491,-0.14225679580293618,-0.31148333370198183,0.28370492861596663,0.5775136051899799,-0.9724468714643262,0.4880397034381142,-0.6602171707660666,-0.7050934749327502,-0.38621411120880766,-0.0768872372300546,-0.3651936572612378,0.13916129896327528,0.554522013172976
0.9440058718016432,0.8964497350337642,0.9124488969780432,0.8761912848984192,0.8321469594161592,0.838133713245391,0.8825249413588663,0.8106001027648742,0.8188516064049228,0.8567187981511054,0.7890284092686938,0.8236529099250272,0.7076729853016317,0.7705028922596803,0.8568720764167358,0.7505288330297505,0.855216412344383,0.6394274950070746,0.7224387528668516,0.800776559324481,0.8182927629115477,0.5881043057332165,0.6533420395872707,0.5664206938835795,0.7696444737288144,0.8648338060045947,0.8328020925981918,1.0,0.910441390656297,0.8609691535675142,0.7482251239083791,0.47111406316519805,0.8599264231787462,0.8276598684518532,0.8305807880032288,0.7920244792994293,0.8290536978059243,0.8313681180413107,0.7942321880646549,0.5825487895989562,0.891640070877536,0.8781095413284873,0.8450212165666094,0.8492995293458149,0.847270408502757,0.7676873685153315,0.6044606881937258,0.2830555100601998,0.5428067068480854,-0.8844598201423728,0.5537314874206545,-0.4384345906050293,-0.4538011464121004,-0.20748079647465761,-0.21643519328357996,-0.251000510039804,-0.34224335538785133,-0.3627716930359243,0.34561124163945905,0.707483108035896,-0.8487625085152902,0.42071961953285325,-0.5140731215881131,-0.46017379719777035,-0.16440150385172914,0.09426312551450729,-0.4974774921166013,0.0466622729369334,0.6028351446131005
0.9317269408641666,0.963981768873229,0.9464371339792271,0.9454390983889002,0.9130763718922221,0.8897129014888637,0.9545132743994132,0.9029742215209599,0.8914973664645496,0.9074679170991309,0.8664740555502753,0.8764134464694778,0.8603120968306907,0.8376292168859131,0.9483667533094383,0.8776778702069093,0.9284424430267851,0.8000687973642248,0.8221039966717781,0.8271612059604619,0.8574476312613882,0.7357380150181256,0.7498409672640398,0.6665083728310888,0.8423390240708436,0.9326954795157691,0.9267358734859685,0.910441390656297,1.0,0.9335844248424855,0.8628394335990245,0.5400048614130538,0.9351166365678666,0.9241782364715408,0.9308816901941435,0.9013411319471002,0.9301424585732609,0.9336777087612318,0.8924842882790474,0.6730063534313372,0.9079731194508671,0.9461672882685467,0.9091434799070495,0.90543047974901,0.8860864130990453,0.8195909598992334,0.6928029450082085,0.39768488849621636,0.6823647747893061,-0.9646497360688049,0.6276311450933566,-0.48436657360611546,-0.5850063376198732,-0.2549320513108614,-0.1952003185570999,-0.20797581453904446,-0.3281703913863301,-0.38309460448898264,0.32414248844408927,0.695709438474075,-0.9415043692838357,0.45624628427616654,-0.5866169133803767,-0.58635576160035,-0.2819191271786806,0.034479525060674185,-0.48475249330362086,0.1098151764178813,0.5965574308538858
0.9105053798083724,0.950753012512728,0.9142350348875162,0.9037905340854929,0.8904497574264912,0.8896787017730974,0.9213562459730357,0.9445976049355325,0.8721508482923278,0.8931991233495947,0.9197923179246534,0.946940260059108,0.8883996094004851,0.9029753021697523,0.946111122929667,0.8847143244457237,0.9020734001791443,0.7873145284055736,0.7362255552597038,0.8409784364553395,0.895157700791698,0.8049259969390125,0.7722966534472386,0.6616532252568352,0.8989441925317759,0.8932417375364136,0.9519920591181688,0.8609691535675142,0.9335844248424855,1.0,0.8918081060888227,0.6096690319183181,0.9502382255698109,0.9554275419329911,0.9513794485473153,0.9163810015487209,0.9429555100249846,0.949962005934464,0.9136008667179635,0.6896244926326816,0.8431832256161559,0.9007907121943409,0.8756107522372993,0.8633887111467565,0.8339335304923509,0.7675088115489719,0.6846019439025516,0.43519342061873006,0.7245477535523287,-0.9515545454986877,0.663656673474512,-0.47248416230070034,-0.6729091046656893,-0.216934405890454,-0.15387926822694342,-0.09604458936450268,-0.22057356373446055,-0.37276168251751957,0.3019502824063656,0.6145918775056808,-0.9653261305393503,0.502598140130023,-0.6321453132743996,-0.6758676278556002,-0.3604722992258317,-0.02532401853060944,-0.3970233800564446,0.11055015104927811,0.5780124167484699
