0,1,2,3,4,5,6,7,8,9,10,11,12,13,14,15,16,17,18,19,20,21,22,23,24,25,26,27,28,29,30,31,32,33,34,35,36,37,38,39,40,41,42,43,44,45,46,47,48,49,50,51,52,53,54,55,56,57,58,59,60,61,62,63,64,65,66,67,68
1.0,0.9450828956572788,0.9598224632430564,0.9087860462657162,0.9074597326543298,0.8881611306440114,0.9183887444572468,0.9000023764472531,0.8737040648528732,0.8506658009597571,0.8793062139697649,0.8472304656679391,0.8449814386957711,0.8966843805579395,0.9099786553035212,0.7995496590518681,0.8971693911338585,0.5687441176195168,0.8040006023294846,0.7416040151937084,0.6619661476579907,0.6311560492306915,0.8285801668168887,0.5806651866148616,0.7150883351092575,0.7935318066513583,0.8709496993250915,0.9339852686776466,0.9325748125574532,0.9454629793273321,0.8131752121582381,0.5061338438444415,0.9260430921950031,0.9101951845443306,0.9059203713151847,0.9130860363096854,0.9074203053654992,0.9273219673276231,0.8680841980768447,0.7241958490478321,0.7565574221710918,0.8401504847523183,0.8016956378728654,0.7988234439625007,0.8694103053056219,0.6710115276188817,0.7088764092608336,0.571988925983273,0.7246821338056256,-0.940793255618382,-0.12212830461640904,-0.5932991966294341,-0.571245671923292,-0.42844955481907643,-0.1480427730634037,-0.4829326236013341,-0.4652552378795523,0.1417244103621204,0.43472223781225944,0.6360228467842645,-0.962676961832406,0.012093875543986539,-0.6484057904597376,-0.5752703280691814,-0.4604692816063821,-0.13074016111194386,-0.3527783235507562,-0.126681565059193,0.319381343985843
0.9450828956572788,1.0,0.9574340963377694,0.9082943008219423,0.9107582780798229,0.8857829363661208,0.9596320020474759,0.9457205232873352,0.8921369579846228,0.9063829779139575,0.8755508888164476,0.7991235531831036,0.8095306834369692,0.9062010023103305,0.9158503665486069,0.8554377265341313,0.9229992134964928,0.6275156262846934,0.8605896233623368,0.8105690163007079,0.6332846223570916,0.7203485566183014,0.8611176096859404,0.6375753207436878,0.781322044261977,0.836603342914466,0.9192033820534566,0.8905513903968488,0.940400090946219,0.9503067145602283,0.8486112668432189,0.5539200340806546,0.9578489052653942,0.9498050092465586,0.9336330842498468,0.9514901180143339,0.9459236623335646,0.9552427390351491,0.9068504530334488,0.7708541532715122,0.8167441996003405,0.9019970461272205,0.8652044799268838,0.8325567080350815,0.8801717488972262,0.6904050044850952,0.7480899060273607,0.5675513589731599,0.7224830393202157,-0.9781018959835674,-0.1573315820570318,-0.5703811758255766,-0.6232418302889735,-0.4290157884843363,-0.0883580468194333,-0.3697647091500028,-0.44636053340888565,0.19513069028283128,0.5007844311505849,0.7381323746807982,-0.9734444263149231,-0.008859971609660634,-0.6089960088990425,-0.6108207080002666,-0.3963445494744707,-0.09172571589453178,-0.3375770373290411,-0.0702620539962277,0.34324147434399405
0.9598224632430564,0.9574340963377694,1.0,0.9235366175115528,0.9020911178222999,0.8927308588132082,0.9360545357959416,0.9266337319475378,0.871956117823786,0.8715580557265703,0.8846359467284973,0.8369189483374561,0.8243950690932106,0.9055215494702132,0.9010789956187532,0.8053173849756667,0.8918381765380488,0.6096124857314834,0.8352305398553274,0.7935235470303844,0.674281352775386,0.682078050384684,0.8395253939814206,0.5969739859304046,0.7409217130657753,0.8193202967188203,0.8957844426963942,0.9263737803997922,0.939259985333041,0.9494745401389931,0.8547959428397944,0.50914185131335,0.9420350058377497,0.9278456157062722,0.9228493833622772,0.9371660581197944,0.917039346231861,0.9426309074743131,0.8987095043287635,0.7556185846601439,0.783109329934594,0.8552631982702239,0.838657550476048,0.7980257458038676,0.8611310371076053,0.6395735781329147,0.734293897816051,0.5705186154161428,0.6790035866117362,-0.9607856748977196,-0.1785474344884697,-0.5761892585297567,-0.598822746691205,-0.45163360088175414,-0.10966386122769942,-0.43298252343534205,-0.46479826162746046,0.14570201809389013,0.45258900223612514,0.676609342440196,-0.967235280208741,-0.008942301405508985,-0.6267722478596557,-0.5916286073957654,-0.4439125389933592,-0.10270971123946383,-0.33873882337535066,-0.14306126192737664,0.30623450333108443
0.9087860462657162,0.9082943008219423,0.9235366175115528,1.0,0.896471672453184,0.8952313109156916,0.8776598355726982,0.912307404478498,0.8801144662318636,0.8336958868002371,0.8520797821083148,0.8976114232700382,0.8552288772346714,0.9066630771445249,0.8557109967814619,0.8240428836233851,0.8209476605901503,0.44893883390410366,0.7892075158713433,0.776702933114953,0.8083489585744256,0.6720613660257738,0.7391260843230164,0.5899114981415483,0.7602759381892443,0.7502758191501334,0.8937294120734626,0.8419776304976726,0.8397285040098565,0.9241209693926913,0.80898861633597,0.5394717677795139,0.9118209336647947,0.9164721520501357,0.8930342392829544,0.9060660400818089,0.8998234559381834,0.909710049412418,0.842945273354713,0.7307788117046234,0.6727458656138712,0.7560900945616402,0.7028106604830825,0.7614562196470301,0.8677409180882385,0.6130555278081768,0.6867403184706381,0.5159762896746681,0.6738962317020963,-0.9317194246689046,-0.16835107612178554,-0.5768674314906623,-0.5990818439658714,-0.45599316746460955,-0.14726395854271795,-0.3540585841935567,-0.39304102041496325,0.18435996670539334,0.45491603368943306,0.6566640825177439,-0.9248998858539929,-0.03944563011570371,-0.6059444826431943,-0.5867744420245298,-0.42518154201802455,-0.10212568414755534,-0.2666676753084012,-0.12387802542036407,0.2677094019022547
0.9074597326543298,0.9107582780798229,0.9020911178222999,0.896471672453184,1.0,0.9407103481769944,0.8982821980659893,0.8929153897117615,0.8663713742103462,0.8691788454810604,0.8297227857161645,0.8487990606600799,0.8483648679783475,0.8918023020199485,0.8451480796684738,0.7958614366874331,0.8450645733410117,0.45700980712443257,0.8074657795454679,0.7432119862126527,0.7153907643696672,0.5965918341506046,0.7375218028381286,0.6125576192484865,0.7432743391750823,0.7886864006618962,0.8735560087206149,0.8402809685450929,0.860925376937637,0.8933092276140768,0.7578276946388551,0.5804183269065646,0.9287109909530763,0.897841708173106,0.8592273867068438,0.8897015213883019,0.88819078524077,0.897689707471597,0.8253686447789098,0.681030410234783,0.7106296132204077,0.8109583629428009,0.7647091610219631,0.7725285619197313,0.8383458782498823,0.668476064505962,0.6497873749896953,0.4898393303634947,0.6551597427221771,-0.9125639936347701,-0.09116157492705462,-0.5102798313991582,-0.4854924701899377,-0.3262551804123978,-0.12987753648802486,-0.3267638074140531,-0.3605203319481286,0.22272874082810556,0.48665127006623754,0.684189208400379,-0.9110687477914062,0.04934111043570557,-0.564006530165226,-0.49289239629768883,-0.2980778635729149,-0.07659154821345909,-0.24711602109070377,-0.0451797052406236,0.31637094012229744
0.8881611306440114,0.8857829363661208,0.8927308588132082,0.8952313109156916,0.9407103481769944,1.0,0.8580412606022293,0.878936620401732,0.8324843762343881,0.8698642882879443,0.8034193244759433,0.8479858697492014,0.8545549877696172,0.8734217038111158,0.8393026987568469,0.7780293995237069,0.7864745303307931,0.4304556069272256,0.8321564170174082,0.7689574411710073,0.7213412857111267,0.5604558296826954,0.7201371459870518,0.5557016445362389,0.7126992785827223,0.7698941873248443,0.8572263808031806,0.8188732860278982,0.8445176087536577,0.8702188350539991,0.7464779320764562,0.5226215120998343,0.907911791691368,0.8774469507308197,0.8294649844140531,0.8553229223489869,0.8588099128388336,0.8792144229003167,0.7883410082417919,0.6469536264890692,0.7310552822769888,0.7794870330564129,0.7464890193731105,0.7612750756445437,0.8192138547423669,0.6441906171157203,0.6128853032978973,0.48792371871113943,0.6302602426285469,-0.8887497476900108,-0.12635346157567842,-0.48964767167227974,-0.4574484541897852,-0.31818195897670903,-0.12013686249189248,-0.29568619907035487,-0.3906767170765067,0.22870092033010947,0.4592931451182034,0.6371799825411703,-0.891968351700489,-0.02470836857197778,-0.5569790596458303,-0.4516219108121318,-0.30366775415226704,-0.06043843699264629,-0.2976090223660175,-0.06643675571445586,0.2616570874574804
0.9183887444572468,0.9596320020474759,0.9360545357959416,0.8776598355726982,0.8982821980659893,0.8580412606022293,1.0,0.9229502163862807,0.8835470653875032,0.9104195466788686,0.844352976534689,0.7685094191112617,0.7809931516508072,0.8861153151334011,0.8984382761843501,0.8402244477673884,0.9397826396840604,0.6715714495846362,0.8223493682382856,0.8057756398783784,0.5664596988849526,0.7063454359673178,0.8531944205463642,0.6483900124869687,0.753665237625436,0.8924764339356716,0.8978502243461769,0.8568950089211343,0.9253067983112113,0.9127204217850066,0.812160494979757,0.5676100919006334,0.9347674698667255,0.9288005992766286,0.8967390559749263,0.9372766981121207,0.9244655916977969,0.9333983313712167,0.8873375336223185,0.7363298440116396,0.8233025362357435,0.890492782961258,0.8663721025954008,0.8326908555599302,0.873327172649668,0.7313723495889629,0.7579854027669747,0.5777940796350592,0.7092051069135218,-0.9546720058991636,-0.11298779304433192,-0.5316934092453975,-0.603247366739613,-0.4070423597163071,-0.08847141234835947,-0.3360740588194942,-0.44747515122914466,0.16902578475477575,0.4754092747804355,0.7134145975981485,-0.9554902282580221,0.023346675113169374,-0.577206773856198,-0.5992955555197838,-0.37038137996028525,-0.06679887551593665,-0.3607497226845463,-0.0903253505691306,0.3566280736367765
0.9000023764472531,0.9457205232873352,0.9266337319475378,0.912307404478498,0.8929153897117615,0.878936620401732,0.9229502163862807,1.0,0.8723752278682825,0.8890090811407487,0.9073013697884297,0.8214408653004768,0.8353783197732377,0.921504449053232,0.9014029858596355,0.8527396227614988,0.8753725570189919,0.5702741438360159,0.8252100657493209,0.7857089240616978,0.6926944427362269,0.736653637033699,0.8425705526786155,0.6412829428771492,0.8592360825363178,0.7910921142769768,0.9558855625055297,0.8407280281749981,0.878337644225217,0.9478722123922648,0.8558703789253395,0.5544126201641,0.9601140327828573,0.9555002916482146,0.9372999609949275,0.9444631003783662,0.947014690925242,0.9587482603914023,0.9066244555738195,0.7860727047172875,0.7372598183695502,0.8386487352071864,0.8153508041711116,0.8451984315578572,0.8788011875703794,0.6673398621983079,0.7382674352180657,0.5859459453666989,0.6631679759053101,-0.9602707966170732,-0.2464543576016464,-0.586402509192502,-0.6517235227648513,-0.46080343616040875,-0.06804690053630669,-0.32008506683647664,-0.3596985235026295,0.28248295571153004,0.5102505967747227,0.7062405460306046,-0.9466706166755998,-0.09809984067788025,-0.6191598127404714,-0.5971202548858059,-0.37234497280584317,-0.10451996306389452,-0.2312998313616847,0.011274133732604543,0.29500459648355515
0.8737040648528732,0.8921369579846228,0.871956117823786,0.8801144662318636,0.8663713742103462,0.8324843762343881,0.8835470653875032,0.8723752278682825,1.0,0.8402408814743181,0.8235183588497387,0.792398615450478,0.8063510979256028,0.8520969174046642,0.8230717735357186,0.8063549407536096,0.8519471980866227,0.5031346186753581,0.7336263034813321,0.7329114882415664,0.6466331011057989,0.7043469421280378,0.7495227177243258,0.6464921101031271,0.7504517584624825,0.736337458663945,0.8581047104811852,0.8030404588992222,0.8320929220628898,0.8795197435702488,0.7834025575259262,0.6091974857016342,0.8932225694500043,0.8834952093359261,0.8611450170202668,0.8920038741715642,0.8892409484531137,0.8828697016488235,0.8328140114090469,0.7304273062589288,0.6953790928691876,0.7596879902902745,0.7058175375508873,0.7395390496288139,0.8531439212430171,0.6712694756193605,0.7285202019531796,0.578656702310784,0.6998604696322441,-0.906155320745924,-0.06463603999723375,-0.5421700475529968,-0.5722939716943968,-0.4280863420884449,-0.13357380600495486,-0.3027515988523486,-0.37679993960203256,0.19245197336805508,0.46304722414400723,0.6813729675390876,-0.8900932686732456,0.07556941411411536,-0.5420208362966356,-0.5878978542805072,-0.3663853184248596,-0.09071976184844947,-0.2470949786258427,-0.1094932535828458,0.32696238201616695
0.8506658009597571,0.9063829779139575,0.8715580557265703,0.8336958868002371,0.8691788454810604,0.8698642882879443,0.9104195466788686,0.8890090811407487,0.8402408814743181,1.0,0.7885838893536312,0.7453500129305242,0.7951231267800303,0.8312619447558468,0.8334231563365151,0.8142407470719534,0.8546354310023687,0.6145395609819088,0.8225324902572837,0.8153811853486175,0.5484095730768549,0.6496912015383555,0.8074051279130621,0.6242247231020654,0.6914437450007035,0.8471311889845853,0.840250889026254,0.7918707561965954,0.8723229507166583,0.8513458896267246,0.772140774884423,0.5473218690380853,0.8945612354177007,0.8603205303879445,0.8447608631303269,0.8802855509403531,0.8729852877189357,0.8729769640718186,0.8090055493228009,0.6830702893263391,0.8290154732339562,0.8445745672072834,0.8430176023211067,0.8517673047747669,0.8671587978071404,0.7601712325832353,0.7331880068139676,0.5427137343942244,0.6820931342150687,-0.9005476194908296,-0.11999082793661753,-0.43341411556410875,-0.5302935310358963,-0.3451133729439995,-0.07653439774482007,-0.320976088280578,-0.4095422649024769,0.1899260079826786,0.47606365286746205,0.669192665759069,-0.8940787205160544,-0.04250079730370419,-0.4800850642373987,-0.5103647856967354,-0.2959179072129663,-0.039389993972342524,-0.3256281720757323,-0.05283081797680492,0.3385544075584618
0.8793062139697649,0.8755508888164476,0.8846359467284973,0.8520797821083148,0.8297227857161645,0.8034193244759433,0.844352976534689,0.9073013697884297,0.8235183588497387,0.7885838893536312,1.0,0.7927976904375179,0.852620159561039,0.8375979964476343,0.8485026211778256,0.792411759800257,0.834025060849282,0.5302464671469561,0.6963587806129785,0.6144003253495814,0.6784560461737271,0.7450345052058056,0.8180695348272705,0.5987009242913645,0.8103401250326308,0.6681730042664058,0.8763227995219316,0.8453371383676175,0.8332765966108251,0.9170507391712898,0.874998432514261,0.5018530753231423,0.8959139240626439,0.88278602675298,0.9173620671121849,0.8922764316674254,0.8780241252131614,0.9146536485210567,0.894322229885402,0.7867784134246611,0.6017477259742744,0.7567844766162388,0.7452223939178085,0.7401521104483595,0.8190906475143034,0.5690833017145951,0.7359964998673296,0.6080068941531676,0.6020264563504085,-0.8929163470857665,-0.22432057231256916,-0.5374999912241528,-0.6093323445245307,-0.4752161642114701,-0.0881218844783555,-0.39280288163453403,-0.2970937820684527,0.23608792652304908,0.44901953412300116,0.6164821408902598,-0.8955245546607356,-0.08796522530414704,-0.5804899779563722,-0.5551214037924628,-0.4205868100961692,-0.16147576492677596,-0.1492369975852398,-0.02096455032109159,0.2797617605880998
0.8472304656679391,0.7991235531831036,0.8369189483374561,0.8976114232700382,0.8487990606600799,0.8479858697492014,0.7685094191112617,0.8214408653004768,0.792398615450478,0.7453500129305242,0.7927976904375179,1.0,0.8840942787657791,0.8545461404981313,0.7895410904652107,0.7061125288390504,0.7386817223307419,0.32143115790797455,0.656710568395493,0.651223282718957,0.8515582280459534,0.5095347411510696,0.6415131284697397,0.5329019775144354,0.6355282855214708,0.6440649044579189,0.7941717576977936,0.8163400562602287,0.7533079198928435,0.8401386049300701,0.6857480310750931,0.5017652053853363,0.8346672467605692,0.8089220855676216,0.7952110760278859,0.7954190229455763,0.7879996598606329,0.8165434723867232,0.7312465285041663,0.6230225519115921,0.569943399212996,0.6397107281303588,0.5749261621551983,0.6722845470424377,0.7981772862494216,0.5624451082096817,0.5901858117435707,0.5033251922160552,0.6148501764468934,-0.8186545263095156,-0.16223187620231597,-0.4730378396965912,-0.4525058852603366,-0.36753133797003273,-0.16487927031872335,-0.39121325773614607,-0.2650911080617492,0.1579298506224972,0.459810664122493,0.4947316501131886,-0.8242612656514188,-0.06596851752351558,-0.5306021049467392,-0.4203497728700056,-0.3604133638566252,-0.10371960351767305,-0.1411162456682461,-0.07800296672782993,0.26861733412332434
0.8449814386957711,0.8095306834369692,0.8243950690932106,0.8552288772346714,0.8483648679783475,0.8545549877696172,0.7809931516508072,0.8353783197732377,0.8063510979256028,0.7951231267800303,0.852620159561039,0.8840942787657791,1.0,0.8454818820526403,0.7986320034212747,0.7163499216004918,0.7504705303822142,0.3579797663038606,0.6418400184742578,0.5892014422300965,0.7761279492964783,0.578716270173917,0.6638345571422674,0.5555431895337359,0.7037518907298944,0.6354689153962613,0.8141093237652696,0.7926653871360765,0.7568416933790032,0.8495810106770675,0.7649308658658962,0.5436017571147345,0.861173095872843,0.8206150339817749,0.8074062867864529,0.814337518196202,0.8129337170889778,0.8383400115201411,0.7596517522142183,0.6340086094497026,0.5675944248685407,0.6560813415364706,0.6242392489909595,0.6780218383533939,0.790054293857002,0.5846006494875025,0.6283271739912458,0.5070730835861545,0.5951339576623004,-0.8307062948257516,-0.11689710388032827,-0.44639184882909133,-0.45506477075170526,-0.3677950657008613,-0.0961590403578784,-0.33152274810915827,-0.27236182930148245,0.22366547727711925,0.40652005233283334,0.5751150772222068,-0.8333291151157233,-0.04523997437007301,-0.5240141875506343,-0.4213327552282461,-0.337657591272295,-0.09194214790359129,-0.15113108154914798,-0.026860057178688206,0.2682574023273927
0.8966843805579395,0.9062010023103305,0.9055215494702132,0.9066630771445249,0.8918023020199485,0.8734217038111158,0.8861153151334011,0.921504449053232,0.8520969174046642,0.8312619447558468,0.8375979964476343,0.8545461404981313,0.8454818820526403,1.0,0.8549382983788931,0.7555565991448007,0.8295379858112805,0.4636221362451041,0.7634112846712373,0.7240751286643645,0.741947264421695,0.626283173564958,0.7487459693180806,0.587236816582132,0.8324036552046281,0.7534054930419483,0.9317939008522336,0.8277514127928546,0.8270713787816947,0.9092635270222322,0.7774993809709043,0.5366365086289782,0.9377565639633265,0.9352138565349151,0.8590834484735318,0.8917387832401987,0.9236682334255941,0.9139921282552548,0.8388286966015611,0.7160974314128613,0.6791483846274479,0.7748123037672913,0.73786007062253,0.7447529438336369,0.8363180438282656,0.6128595266463878,0.6535310094135426,0.536209705335273,0.6428430289957198,-0.91959390862517,-0.135766072033351,-0.5652096086533579,-0.583385384586287,-0.4116374554630897,-0.10110424842431799,-0.2929277328014843,-0.337618125743951,0.25075878182758604,0.4816821005513216,0.6858866657592516,-0.9118041521334493,-0.004376081432293618,-0.5921184902018178,-0.5416626597313124,-0.32947849703096865,-0.09827582019192443,-0.21764063120385907,-0.02940213237210275,0.31367955432638417
0.9099786553035212,0.9158503665486069,0.9010789956187532,0.8557109967814619,0.8451480796684738,0.8393026987568469,0.8984382761843501,0.9014029858596355,0.8230717735357186,0.8334231563365151,0.8485026211778256,0.7895410904652107,0.7986320034212747,0.8549382983788931,1.0,0.838093531732542,0.8726727002304356,0.6321696433899393,0.7877316257244148,0.7623572406260298,0.5706558011997596,0.6769118884657812,0.8506907875746144,0.5882780249470538,0.7071802108593306,0.7807605363056834,0.879694730451761,0.843170084500171,0.9061882167498362,0.9020313001129784,0.7913737377859809,0.4968213900326245,0.8957286991193122,0.9043273386725976,0.8782857979799076,0.8897235763901246,0.8890856894615929,0.920546356418848,0.8479901833342979,0.714090856553786,0.7501866975897091,0.8167084504967412,0.7709475199632608,0.7994255203518462,0.8441356494044195,0.701834983933581,0.7232070420190856,0.6239574670196877,0.6992194117846874,-0.915302313954105,-0.20748040951773644,-0.5555863256009274,-0.5918199855961976,-0.4474545345617442,-0.07437966095712896,-0.41070573727510107,-0.4327465314411611,0.1717706379599934,0.41352177548663355,0.6155530299668099,-0.9252665810300803,-0.09195760573999252,-0.6109466120773304,-0.5746307492105656,-0.4481171779278408,-0.14568099802773704,-0.3539865006655841,-0.06232586644312945,0.2753469951100134
0.7995496590518681,0.8554377265341313,0.8053173849756667,0.8240428836233851,0.7958614366874331,0.7780293995237069,0.8402244477673884,0.8527396227614988,0.8063549407536096,0.8142407470719534,0.792411759800257,0.7061125288390504,0.7163499216004918,0.7555565991448007,0.838093531732542,1.0,0.8023176380735992,0.5991284370816001,0.7950199542707825,0.751229532009578,0.5547171908370923,0.7823852922616845,0.8113485599889263,0.6198517726651491,0.697016160970764,0.755362079827984,0.7971266287978255,0.7233349327326491,0.8098078868304687,0.8448313664576379,0.7616524350589329,0.5110352442337963,0.8233046488010533,0.8303432623231858,0.8507073538646029,0.854306813702084,0.854424572602162,0.8485515051373522,0.8171946928231987,0.7576420011792634,0.6856380759600885,0.7808093532907571,0.7253103252680414,0.7998252069454247,0.8133513874225602,0.6684584132205363,0.7184075011262031,0.5602886390752786,0.6839565454396713,-0.8604942131245378,-0.2184205377370428,-0.496796445190169,-0.5930977390060838,-0.39257441047997027,-0.1137063734933414,-0.3609937839972217,-0.3534333470352162,0.20599285181306745,0.4498197751154762,0.592565963279277,-0.8504364418485826,-0.1138168860970644,-0.4880367499948119,-0.5539034462024374,-0.3631027587312307,-0.11472223029573332,-0.2078405594016056,-0.08114313417604652,0.30027257274545177
0.8971693911338585,0.9229992134964928,0.8918381765380488,0.8209476605901503,0.8450645733410117,0.7864745303307931,0.9397826396840604,0.8753725570189919,0.8519471980866227,0.8546354310023687,0.834025060849282,0.7386817223307419,0.7504705303822142,0.8295379858112805,0.8726727002304356,0.8023176380735992,1.0,0.6856520630454506,0.7440075369714447,0.7207123142353514,0.5101670709205882,0.6740332950677779,0.8571991531897736,0.6129888451505139,0.6885580298152145,0.8159897627150433,0.8377297290531077,0.8422170632523938,0.8996978351173591,0.8772316486242719,0.7638521769541058,0.5123875198148469,0.8873185487330985,0.8749885452174193,0.8773740293222028,0.8972204973773731,0.8798839511136104,0.893781800405199,0.8563992950203815,0.7183941899567052,0.7570925903298494,0.8766931914448189,0.8187541839620486,0.7948382805057325,0.8481991009105001,0.7008950331566316,0.7453724014641513,0.5850394949467387,0.7032983663774736,-0.9091885467156211,-0.10524672476243745,-0.5022715679072539,-0.5832152212709568,-0.4469197030222674,-0.07479601503328075,-0.3806930846324855,-0.4187100779669473,0.14825313722429637,0.46623753774123805,0.6663135577560404,-0.9167263748957978,0.017831428903573247,-0.5477264628534589,-0.6059777704985057,-0.4127221105572956,-0.09186562977585311,-0.3364472326393906,-0.07977369163431076,0.3632975074330793
0.5687441176195168,0.6275156262846934,0.6096124857314834,0.44893883390410366,0.45700980712443257,0.4304556069272256,0.6715714495846362,0.5702741438360159,0.5031346186753581,0.6145395609819088,0.5302464671469561,0.32143115790797455,0.3579797663038606,0.4636221362451041,0.6321696433899393,0.5991284370816001,0.6856520630454506,1.0,0.620596633382266,0.6016998999853442,0.04161118356325393,0.6126113764725309,0.7916445218662468,0.33657767268485134,0.3511027877052188,0.6547264493670506,0.5146357718715597,0.5295284613932272,0.6965155431961964,0.5559779788486882,0.5556192580380885,0.11613302548953652,0.5576602941452122,0.5477262353805049,0.5761597208254668,0.5908622251157121,0.5673904176225993,0.5957988120932654,0.616174872330375,0.49100763266955955,0.6719706627847347,0.6763312230403794,0.7120482038873434,0.6114299254966713,0.5333989630660434,0.5199500117878879,0.6238967190631663,0.4878233158646558,0.4666922777935601,-0.6111877882480379,-0.1675737944770366,-0.3050787891052665,-0.47024088463198616,-0.358575478681748,0.01807709786396108,-0.36480816225330925,-0.47145076406237035,-0.01184137130018413,0.19596473621426833,0.3836755685773558,-0.6226010006825548,-0.07295934833824011,-0.3578801477000422,-0.48640968913196014,-0.4138499577156341,-0.028208344304253924,-0.39380062674074706,-0.18708462786455016,0.24018697536254904
0.8040006023294846,0.8605896233623368,0.8352305398553274,0.7892075158713433,0.8074657795454679,0.8321564170174082,0.8223493682382856,0.8252100657493209,0.7336263034813321,0.8225324902572837,0.6963587806129785,0.656710568395493,0.6418400184742578,0.7634112846712373,0.7877316257244148,0.7950199542707825,0.7440075369714447,0.620596633382266,1.0,0.8563229365201263,0.5407241857073167,0.6156198549447476,0.7662457872571516,0.47334619006752443,0.6444186002781412,0.7694577241852492,0.7887157984046563,0.7437241329394894,0.8443178542006692,0.8174894983001049,0.7203738158006869,0.37988621514439674,0.8226753926737113,0.8166289664822927,0.7964775870087701,0.8020868216846411,0.8092434865378838,0.8156898578028877,0.7551945245595801,0.6374999358498854,0.8070142886731497,0.8379039547857187,0.8076871082795176,0.7826871616683689,0.7332887828776283,0.5973211291284944,0.5921422320396567,0.43095825541796184,0.6054851917380185,-0.852358312680705,-0.16098248915621394,-0.5028230434633396,-0.5298660945482041,-0.3152909218866137,-0.08994119155311492,-0.3458032189071082,-0.45877844500808307,0.17926547076012844,0.4150316865016162,0.6201944098905372,-0.8381038511961182,-0.0322281433101858,-0.5423419587082308,-0.5118048564528194,-0.29690939422595153,-0.025062238464220166,-0.3182301233751776,-0.13447438015452395,0.2756899673822092
0.7416040151937084,0.8105690163007079,0.7935235470303844,0.776702933114953,0.7432119862126527,0.7689574411710073,0.8057756398783784,0.7857089240616978,0.7329114882415664,0.8153811853486175,0.6144003253495814,0.651223282718957,0.5892014422300965,0.7240751286643645,0.7623572406260298,0.751229532009578,0.7207123142353514,0.6016998999853442,0.8563229365201263,1.0,0.48254399774397017,0.6196609521656261,0.7139563114825507,0.5319264050826984,0.5414721930334905,0.7729621291732719,0.7394378827177407,0.6908468535756236,0.8030536796917076,0.7499341864323502,0.6795166288859817,0.4563193200370427,0.7642074654621118,0.7644791363073725,0.746177534690681,0.7804688085504281,0.7626468206611108,0.7704093387445812,0.7122363460296269,0.6223579373643635,0.8337695850923406,0.743925795659402,0.7324807877064475,0.7651662301238488,0.7175224653369149,0.6282772830299594,0.627622471068572,0.5068787992517265,0.594865624700872,-0.8086197738449681,-0.22476207407639542,-0.44256812931357453,-0.49034782639837293,-0.3159061782778674,-0.07625775332014621,-0.3258813820526965,-0.4608629643698836,0.08773781467518509,0.36437886793722946,0.5599807428868954,-0.792278043438577,-0.09043913036220268,-0.4622677835817242,-0.48159120016797285,-0.2899124104845066,-0.017629056374150933,-0.3981946208370131,-0.13654328955291473,0.2076853948629543
0.6619661476579907,0.6332846223570916,0.674281352775386,0.8083489585744256,0.7153907643696672,0.7213412857111267,0.5664596988849526,0.6926944427362269,0.6466331011057989,0.5484095730768549,0.6784560461737271,0.8515582280459534,0.7761279492964783,0.741947264421695,0.5706558011997596,0.5547171908370923,0.5101670709205882,0.04161118356325393,0.5407241857073167,0.48254399774397017,1.0,0.42746518343902973,0.40926704036595235,0.37417288939285326,0.6412210873671612,0.4122074644406619,0.6890157811235204,0.6231860115647164,0.5271061921018181,0.7153537110636926,0.6312521037313943,0.4190347389624139,0.6987695551435132,0.6863876663399638,0.6659286976870609,0.6424017604005895,0.6594204848878682,0.6689072856478029,0.5828890552889434,0.5143933715748473,0.3262445172393601,0.4802175530865759,0.39857268459544754,0.4772001775210135,0.6242673761466009,0.316310503123337,0.38289938446633975,0.27310500451513925,0.38279175362920154,-0.6732965164146091,-0.1427111773363527,-0.4163950860869744,-0.37412565332166975,-0.30041624472515915,-0.16191582477743227,-0.19557614888338914,-0.12108819410106332,0.23376001622612197,0.4050979592962426,0.4912513853321275,-0.6462504822388856,-0.02097344375083889,-0.44939240964904653,-0.32452043524600205,-0.22875700438168778,-0.09424917589698212,0.04553041412730799,-0.03468896163887869,0.1524273295157512
0.6311560492306915,0.7203485566183014,0.682078050384684,0.6720613660257738,0.5965918341506046,0.5604558296826954,0.7063454359673178,0.736653637033699,0.7043469421280378,0.6496912015383555,0.7450345052058056,0.5095347411510696,0.578716270173917,0.626283173564958,0.6769118884657812,0.7823852922616845,0.6740332950677779,0.6126113764725309,0.6156198549447476,0.6196609521656261,0.42746518343902973,1.0,0.7643360159655569,0.6792400967933322,0.6904508319847295,0.5377146735928143,0.7205952005573846,0.5846102183766243,0.6661370737960122,0.7252834285669983,0.8179494181254888,0.5576585521297845,0.6974979542558305,0.7195631669554816,0.7536622665826667,0.7761063241586094,0.7287099047419034,0.755678225085603,0.8120892834153126,0.8247243273931418,0.5327214731068194,0.6256993238392325,0.619995991357201,0.6087477510197881,0.648540937921517,0.47172962470615964,0.729845854262642,0.614588567702494,0.4644234850359348,-0.7437139866788143,-0.25722097839780134,-0.38856267251747567,-0.590155576093207,-0.43159894046649316,0.006307314018182541,-0.20797285061335677,-0.2643815424921405,0.1630127849050917,0.3314043267969275,0.571642676473125,-0.7053327641349951,-0.09712871196233203,-0.355312809824519,-0.5630592565452212,-0.3344819965174219,-0.10686286331763782,-0.10721066852433757,-0.06758501970813094,0.17825317318796777
0.8285801668168887,0.8611176096859404,0.8395253939814206,0.7391260843230164,0.7375218028381286,0.7201371459870518,0.8531944205463642,0.8425705526786155,0.7495227177243258,0.8074051279130621,0.8180695348272705,0.6415131284697397,0.6638345571422674,0.7487459693180806,0.8506907875746144,0.8113485599889263,0.8571991531897736,0.7916445218662468,0.7662457872571516,0.7139563114825507,0.40926704036595235,0.7643360159655569,1.0,0.5761907714122841,0.660783436125741,0.7264977209849491,0.7881981630553537,0.7821205897094706,0.864870673699157,0.835276584896236,0.7741382965884747,0.37244859416255344,0.822629683312747,0.8149283967463102,0.8528918845203651,0.8396159044715981,0.8227621946394917,0.857847993175931,0.8595889691861877,0.7790168700283946,0.7410252652118714,0.8393593617739905,0.8229871462548837,0.7938948440091279,0.7825187565211122,0.6304213328938932,0.7650036502361252,0.6819126135766674,0.6539334720843726,-0.8511024384689704,-0.24930111436860528,-0.45244950650120114,-0.59727062572183,-0.44053749728344527,-0.05328679662028337,-0.4055833625639061,-0.42232893139294,0.20490586178692952,0.3938509673102334,0.5466412578615073,-0.8605277251708959,-0.13279285733216126,-0.49425310070417494,-0.5987287380339987,-0.44069732455501404,-0.14730120814133443,-0.293527214268962,-0.043910649310826305,0.26541143850575083
0.5806651866148616,0.6375753207436878,0.5969739859304046,0.5899114981415483,0.6125576192484865,0.5557016445362389,0.6483900124869687,0.6412829428771492,0.6464921101031271,0.6242247231020654,0.5987009242913645,0.5329019775144354,0.5555431895337359,0.587236816582132,0.5882780249470538,0.6198517726651491,0.6129888451505139,0.33657767268485134,0.47334619006752443,0.5319264050826984,0.37417288939285326,0.6792400967933322,0.5761907714122841,1.0,0.5522775041793346,0.5325585364421445,0.6211947900905854,0.6047494734349721,0.5622630863161426,0.6152259348267572,0.5559729907879368,0.8586918824782617,0.6369305091847518,0.6278392381146742,0.6220156998716792,0.7434387107199387,0.6221622938466923,0.6459907545313278,0.6956889261201511,0.7647379824438996,0.5268543069246547,0.5214795993658573,0.49878519503202173,0.5719532826521228,0.6248772039153323,0.5285870935270279,0.6474681605120551,0.6002114400133275,0.49992252770934814,-0.6442245175057236,-0.10899435837191253,-0.2655006825492522,-0.3956928561211965,-0.2566164417624991,-0.026928040689036044,-0.19928559838811608,-0.1219629608469555,0.12565141176102854,0.37241723590570075,0.48809773449088023,-0.6195324107832788,0.03328131335126084,-0.2506710452663316,-0.3822165850759046,-0.15842956022057625,-0.04522834291331259,-0.10154447245750256,-0.010026192503841977,0.27961025401925993
0.7150883351092575,0.781322044261977,0.7409217130657753,0.7602759381892443,0.7432743391750823,0.7126992785827223,0.753665237625436,0.8592360825363178,0.7504517584624825,0.6914437450007035,0.8103401250326308,0.6355282855214708,0.7037518907298944,0.8324036552046281,0.7071802108593306,0.697016160970764,0.6885580298152145,0.3511027877052188,0.6444186002781412,0.5414721930334905,0.6412210873671612,0.6904508319847295,0.660783436125741,0.5522775041793346,1.0,0.5862604700094212,0.9043494440128549,0.636061619669162,0.6565339372500121,0.8175724174344495,0.7727105083485774,0.5004236410288628,0.8479210173499788,0.8710252363299255,0.7940360469682765,0.7986358041088903,0.8490767777598962,0.8226817473326442,0.7858541858012904,0.7115491674930075,0.49721283781626924,0.6774106340868671,0.6457408353180812,0.6509763591177694,0.712751635313256,0.4868681227240925,0.5868927080409904,0.44498585953582886,0.5041354993745812,-0.8141313983192822,-0.14379190189615831,-0.5601088752633585,-0.6223423868845557,-0.40575811259616373,-0.05663506787875845,-0.06432253480689548,-0.20947595550356635,0.40368923303617266,0.48137886363176735,0.709553183561486,-0.7790392195191057,-0.019250151657074298,-0.5512703566301368,-0.5337467621195322,-0.22732257969842967,-0.10430544358885538,-0.030312387849949343,0.09505696476002849,0.26341885797291786
0.7935318066513583,0.836603342914466,0.8193202967188203,0.7502758191501334,0.7886864006618962,0.7698941873248443,0.8924764339356716,0.7910921142769768,0.736337458663945,0.8471311889845853,0.6681730042664058,0.6440649044579189,0.6354689153962613,0.7534054930419483,0.7807605363056834,0.755362079827984,0.8159897627150433,0.6547264493670506,0.7694577241852492,0.7729621291732719,0.4122074644406619,0.5377146735928143,0.7264977209849491,0.5325585364421445,0.5862604700094212,1.0,0.7449537058515057,0.724729163374543,0.8365687284773521,0.7660215958298076,0.6681121510950756,0.4827400047378371,0.7940004617602548,0.7844803381670252,0.7380005604514397,0.8106872472693744,0.7969366890669816,0.7827071297311728,0.7282052974869996,0.5649363257525856,0.8303322976219321,0.8279011856284034,0.8385376705000067,0.7990657735022824,0.7561720804325717,0.7132920321990712,0.626593406396766,0.4460904071609177,0.6609246525121354,-0.8218172233938063,-0.06830243617649809,-0.4358622495944681,-0.49178393912909785,-0.25504086065090653,-0.1010197415418004,-0.33187395658936886,-0.48587293610783855,0.0726311314913597,0.40458778339042056,0.6077606901417807,-0.8391369689730562,0.010697460629317545,-0.510248599548575,-0.4885281505264223,-0.28330519870672166,0.016360004912440107,-0.42044226372922533,-0.16693972378355412,0.36052821761612025
0.8709496993250915,0.9192033820534566,0.8957844426963942,0.8937294120734626,0.8735560087206149,0.8572263808031806,0.8978502243461769,0.9558855625055297,0.8581047104811852,0.840250889026254,0.8763227995219316,0.7941717576977936,0.8141093237652696,0.9317939008522336,0.879694730451761,0.7971266287978255,0.8377297290531077,0.5146357718715597,0.7887157984046563,0.7394378827177407,0.6890157811235204,0.7205952005573846,0.7881981630553537,0.6211947900905854,0.9043494440128549,0.7449537058515057,1.0,0.8029971306553789,0.8433083649635571,0.9218438083053695,0.8288247461198418,0.5558122575308494,0.9518000038369689,0.9613692405194104,0.8942202511174148,0.9167970609978272,0.9365121306851054,0.940663862489304,0.8838186478055164,0.7512928547300011,0.6966635313461642,0.796377418133511,0.7653534587821259,0.7612083821107604,0.8369644460247454,0.6150762775180852,0.7105519460032718,0.5602093423964154,0.6467093485801343,-0.9404827597155455,-0.18470289857714825,-0.5904120941872513,-0.6335252883216366,-0.44350529223804,-0.04964982129539165,-0.2188108385730623,-0.3503321588023027,0.31861574421003125,0.4951424176189937,0.7259563962214078,-0.9200541808777022,-0.036147954644189004,-0.613708153494481,-0.5797442377098178,-0.3306352506049847,-0.10452820982072301,-0.21844210644010212,0.015911032917930938,0.28686856237702746
0.9339852686776466,0.8905513903968488,0.9263737803997922,0.8419776304976726,0.8402809685450929,0.8188732860278982,0.8568950089211343,0.8407280281749981,0.8030404588992222,0.7918707561965954,0.8453371383676175,0.8163400562602287,0.7926653871360765,0.8277514127928546,0.843170084500171,0.7233349327326491,0.8422170632523938,0.5295284613932272,0.7437241329394894,0.6908468535756236,0.6231860115647164,0.5846102183766243,0.7821205897094706,0.6047494734349721,0.636061619669162,0.724729163374543,0.8029971306553789,1.0,0.8964923612789549,0.8955393718602848,0.7805941196586713,0.5061889657817739,0.8701886783264965,0.838254238221982,0.867057328027958,0.8710064542215274,0.8308247667536237,0.8680643297224715,0.8406964250353647,0.7124316079937576,0.7386502154668732,0.7874959646233616,0.7688015792574407,0.7295681816055991,0.8076264239489812,0.5951774307047144,0.6965330920176042,0.5590363290097086,0.6682627870143886,-0.8826819104706222,-0.15015727112917926,-0.5152718795649757,-0.48952476147162327,-0.378477357812557,-0.09652631174105929,-0.5005695871024166,-0.39371703508269146,0.0883196139809879,0.4249263138497838,0.5660835991691008,-0.9003526188624617,0.0039949898444645035,-0.5680576967409917,-0.4833063904368278,-0.415393659085028,-0.11058455444813961,-0.2735967492215575,-0.11687366769677682,0.3264261374476014
0.9325748125574532,0.940400090946219,0.939259985333041,0.8397285040098565,0.860925376937637,0.8445176087536577,0.9253067983112113,0.878337644225217,0.8320929220628898,0.8723229507166583,0.8332765966108251,0.7533079198928435,0.7568416933790032,0.8270713787816947,0.9061882167498362,0.8098078868304687,0.8996978351173591,0.6965155431961964,0.8443178542006692,0.8030536796917076,0.5271061921018181,0.6661370737960122,0.864870673699157,0.5622630863161426,0.6565339372500121,0.8365687284773521,0.8433083649635571,0.8964923612789549,1.0,0.9092457091139496,0.8187539089084881,0.4730625576430059,0.8971424950402355,0.8783146866277401,0.8850982726007908,0.8961431842633625,0.8799636365017854,0.9080285057207139,0.8734832384528055,0.710754030000271,0.8331008730958203,0.8810562281423322,0.8703994577823321,0.8140034159155438,0.828182628571288,0.6745644033604683,0.727539921197547,0.5695706101791338,0.7004612455631113,-0.9253047471461667,-0.1681619779089221,-0.5179659684109758,-0.5431634010340574,-0.38629686711634104,-0.10209851967011112,-0.4635260676051231,-0.5024336226122247,0.10127897872623075,0.4345717985792193,0.628277793666548,-0.940573336641185,-0.026983643837049587,-0.5822209600719287,-0.5511785031404828,-0.4094412080622851,-0.10359349329540371,-0.39366450423560656,-0.1349365983196466,0.32250343342991167
0.9454629793273321,0.9503067145602283,0.9494745401389931,0.9241209693926913,0.8933092276140768,0.8702188350539991,0.9127204217850066,0.9478722123922648,0.8795197435702488,0.8513458896267246,0.9170507391712898,0.8401386049300701,0.8495810106770675,0.9092635270222322,0.9020313001129784,0.8448313664576379,0.8772316486242719,0.5559779788486882,0.8174894983001049,0.7499341864323502,0.7153537110636926,0.7252834285669983,0.835276584896236,0.6152259348267572,0.8175724174344495,0.7660215958298076,0.9218438083053695,0.8955393718602848,0.9092457091139496,1.0,0.875374685806346,0.5408821659047589,0.9512421806527123,0.9436056985719836,0.9424760405251862,0.9392305092055647,0.9407277885407205,0.950494653840684,0.906117233695295,0.7861198801068237,0.7190606233360457,0.838428145814195,0.80016616943552,0.812566221196494,0.8744022321897553,0.6328790742591264,0.7254760066197953,0.5884335390290004,0.6868694390818902,-0.9610915013482966,-0.1929921156348349,-0.6004748795620298,-0.6303532846832766,-0.46365659600554643,-0.12089628705579544,-0.3940828715907246,-0.4084506405819222,0.20186836733156985,0.4866807285843169,0.6911466393504849,-0.95991768946615,-0.02918867604794122,-0.6288134909970935,-0.5844383489683335,-0.43354262709843105,-0.11917206408620606,-0.25281212733896324,-0.08565559859466725,0.3258683834670889
