0,1,2,3,4,5,6,7,8,9,10,11,12,13,14,15,16,17,18,19,20,21,22,23,24,25,26,27,28,29,30,31,32,33,34,35,36,37,38,39,40,41,42,43,44,45,46,47,48,49,50,51,52,53,54,55,56,57,58,59,60,61,62,63,64,65,66,67,68
1.0,0.8820820409377598,0.9199950467265502,0.9072019836558552,0.8198306339551562,0.7339462554449002,0.8178753364858898,0.7690655754206408,0.8283555339303877,0.8118903843676734,0.7540579987399707,0.8737008564943111,0.8114356224903039,0.6495377775168397,0.7345566091883551,0.6703942027387823,0.8426191256011208,0.5189497499416489,0.6215521434891225,0.6319388706794626,0.7292202763498223,0.7081845016849816,0.646348571963212,0.16671176128766935,0.8911058557895957,0.6302601410303428,0.8416823960520553,0.9233060504707502,0.857013475483873,0.8775042343072471,0.7829833631147678,0.42615231154581024,0.8044909881826494,0.7719345596492243,0.841579714253411,0.816612348275234,0.5874773115417758,0.646458102903165,0.7814850157585862,0.5100348494190047,0.79370933830539,0.7940835550640468,0.7853166344284326,0.746095003194636,0.7882054477814595,0.6281346417963896,0.5175228257156588,0.2525055262029482,0.5930425834945714,-0.8737115272869126,0.1894131532919947,-0.38346636722563365,-0.4595721137524729,-0.20493415582387745,-0.15961031077438062,-0.28404328137277324,-0.24912139591434818,0.02610034780246997,0.19678023304283224,0.645742590228631,-0.8879809777609998,0.34731016581747604,-0.3896557899324328,-0.3601796486913653,-0.21952021189549023,-0.06410078192299017,-0.2908866868013877,-0.03070234599283697,0.07998512834892205
0.8820820409377598,1.0,0.9302758126604296,0.9025799111104426,0.8616168808429027,0.8307723653507769,0.9061433921310749,0.9374912535126879,0.9132299713946479,0.9024419034788861,0.8942306289738575,0.8704736237094611,0.9334154986558787,0.8380865550569294,0.8923172122693329,0.8473211085737642,0.9004670576970184,0.7079419174037207,0.7845822142176804,0.7663778814187624,0.7503447544420578,0.7613555354016784,0.7981115147829421,0.191869975524988,0.8427316945512898,0.7491359712226429,0.9461209683664141,0.8794244766465387,0.9150190324879727,0.9528745447988718,0.8099965676876625,0.44785130672625817,0.9449910071482409,0.9315308733512285,0.9281017657929289,0.9369861210603407,0.7766827737921415,0.8481504107029063,0.8897345210514793,0.6153619735225736,0.8623690812047691,0.9339937070551132,0.8963257692756013,0.904154726155776,0.8291766860096973,0.6482872125639789,0.6216975807660825,0.3302754512665234,0.66387687033431,-0.9649262414942429,0.39212538426965654,-0.31297993199549085,-0.5438479105136892,-0.22122774506921788,-0.17197904744777373,-0.08018211674248936,-0.07837430582499721,0.15054897679992602,0.21139936338995832,0.7159380578754962,-0.9637811273135445,0.5249061059232732,-0.4161626766378157,-0.5328005732803727,-0.2527530028969402,-0.13283266289649692,-0.0889688701252311,0.0507255840519702,0.2192370943079511
0.9199950467265502,0.9302758126604296,1.0,0.9301376686550118,0.8920845562163441,0.8295878178744875,0.8607994464734502,0.8692025889081321,0.8700802566158685,0.8484890956733911,0.8265415414803914,0.8906169875016701,0.8697619261379291,0.767985846202221,0.8412595537167524,0.7537323033672838,0.8495544712110358,0.6660372970433115,0.7197280185934436,0.7371957635205129,0.7960002692280568,0.7305378078373551,0.7231769688670748,0.18281647643594293,0.835072686013488,0.6948716350536445,0.9019263359088563,0.880912110370401,0.8570383807331238,0.9124531828726286,0.7921268902483384,0.40486218267409463,0.9013032483230184,0.8762253762684451,0.8934031334004287,0.8762386983779067,0.691732897271076,0.7631185734355289,0.8340140643485308,0.571245208722037,0.8443369853453758,0.8614586897504656,0.8145294339602974,0.8241001943807935,0.8024651472371875,0.6274042042609682,0.5762115862760753,0.3070479718941759,0.6260019048202053,-0.9232857891339874,0.30781778725456566,-0.38774122955556056,-0.5049984698482027,-0.23646302921258394,-0.1712410150615846,-0.1559922623355675,-0.17826847617419445,0.06540619560639165,0.19134201043426238,0.6610395866108757,-0.9358474890204104,0.45083694096901655,-0.4545756096347733,-0.4807672740211064,-0.27786946670469337,-0.12053332226686041,-0.1901893799858935,-0.004833974603975899,0.15923982052980343
0.9072019836558552,0.9025799111104426,0.9301376686550118,1.0,0.8438936320779423,0.8293965833417192,0.8332282236391046,0.822489929330158,0.851865361764504,0.8268762026288613,0.789522579044204,0.8923260770844315,0.8498715478048062,0.7174008275313573,0.7771724649211021,0.777469079744909,0.8222086306187275,0.64178901951886,0.6914778193586802,0.7220047930221616,0.8089435965538849,0.7931537288127469,0.710807394831805,0.21943455077523769,0.8395910487829551,0.6397582825149694,0.8788320293809326,0.8580652656315374,0.8235317003901205,0.8906338136129514,0.8193728655307069,0.4292452430536208,0.84321496897922,0.8394522105232839,0.8810880434896377,0.8570307484229192,0.6307685745065479,0.7057805975327085,0.8197377660500643,0.5757126689723814,0.7715336783882396,0.8096724312759371,0.7706462979329282,0.7949202691251209,0.815677119263005,0.6185641648488467,0.5690908177439993,0.3171213555025426,0.6673712633975001,-0.9124837147604975,0.24375080599904256,-0.40828764596439443,-0.4957965317393144,-0.24735128297210365,-0.17105288162005677,-0.202792181884275,-0.23523506109369577,0.03543799936197328,0.20160303059656537,0.6365339289228359,-0.9145497035795519,0.40196960065767495,-0.4348197489717444,-0.4207310482927218,-0.27202214187490725,-0.10526410332565919,-0.2373462289982963,0.007108370239189732,0.09903687379901056
0.8198306339551562,0.8616168808429027,0.8920845562163441,0.8438936320779423,1.0,0.8278102805009732,0.7816191482052756,0.8173302326653308,0.8079241043873813,0.7893128582578053,0.7729590314919831,0.850223925348431,0.8251661433473929,0.722298271522435,0.7953588937466941,0.7399744985092721,0.7483751672012326,0.5557633162858063,0.6540947834522817,0.6963749125929429,0.7902190141171589,0.6652903798900562,0.6633674085319329,0.1075714949076069,0.7685344580706086,0.603420315614915,0.8088786951983854,0.7546470833253703,0.7459034417359125,0.8378974267312941,0.7108578853717822,0.3541663007921356,0.8328474501524957,0.8203566266061566,0.8072059246326367,0.7997948305928048,0.6916461037832504,0.7315851041619047,0.7679311054748577,0.5294449356391071,0.7728109822174054,0.7932303305766392,0.7476390555477299,0.7862976962070489,0.7580982900193877,0.5794647459457275,0.5182830339355136,0.265766543849585,0.5550526105428388,-0.8431131070958613,0.28157173530297536,-0.293745255050422,-0.4107926486202879,-0.15137934861690328,-0.1215869635456812,-0.13306745422202287,-0.1082757838821404,0.1009094337660737,0.18624506512355218,0.6425343765290912,-0.8509774913296531,0.3907132802263438,-0.3710867341204368,-0.41455653647466356,-0.18458005093408886,-0.05227987503469294,-0.13433448873035467,0.07894423262038525,0.11732238687988657
0.7339462554449002,0.8307723653507769,0.8295878178744875,0.8293965833417192,0.8278102805009732,1.0,0.7333278476872408,0.7870513865902694,0.7642233162888861,0.758868189485445,0.7279808504826245,0.7753553618569633,0.7897168406391535,0.7045277179409928,0.7485941025816025,0.769709219928178,0.6736442042814551,0.6491139935045189,0.813279679230077,0.8032571137971443,0.7333339807786443,0.6834042158606657,0.7536553229798097,0.22537387805856166,0.655475504824551,0.5749073278472753,0.7753721805242241,0.7088733088033292,0.6918468028979478,0.788022701600291,0.6143642563742241,0.3317633373241365,0.8090780755052134,0.7883653944784001,0.7781749174267978,0.7789057939944454,0.6360932580282634,0.7051325278771379,0.7699875193214825,0.5804159308669948,0.7465736464121715,0.7586117549618123,0.7045735994126019,0.7608860284083693,0.7080185523668276,0.5508460992737838,0.5731868503950585,0.3651679075288073,0.6026818388402785,-0.8176550832654512,0.2892012499204745,-0.2997885706619012,-0.33491656041426393,-0.07307663463949739,-0.09629336494850442,-0.09443068648252952,-0.12448409659606051,0.08868968768051906,0.17225578644528017,0.5406842698550461,-0.7988194487809999,0.39146589044875485,-0.32767127464031265,-0.3390218382728237,-0.12079891498740324,-0.09443612898271277,-0.12393949032791989,0.0860203555371015,0.13677651995055315
0.8178753364858898,0.9061433921310749,0.8607994464734502,0.8332282236391046,0.7816191482052756,0.7333278476872408,1.0,0.8203972611914884,0.8381953215148931,0.8889005255419192,0.756750678491951,0.7549899427855157,0.8870070312429436,0.6967631105612067,0.7845824002505399,0.7200126034705968,0.9351413573419959,0.7534858631787749,0.7488942265153662,0.7780968652606299,0.5799165774275554,0.7509145138291129,0.6849841328308833,0.2144561751292345,0.7649264665904476,0.8915288903599493,0.8604970853492229,0.8518332537172526,0.8962318184871092,0.853416276834135,0.735521427022228,0.5157691861989496,0.836481420529784,0.833252790565275,0.8426765352125266,0.8742947315542179,0.6489657107760461,0.7369138529121069,0.7939183533182306,0.5578705941568097,0.8255255256371584,0.9034664453400707,0.8986895148077642,0.8277805875336696,0.7995143717962274,0.7387838375131559,0.5120264092034871,0.24067615442427995,0.6223027090623687,-0.8873288612149953,0.29012595651036804,-0.2933551733355637,-0.5565557543733998,-0.21579258286898564,-0.13173114439962302,-0.14456414325693864,-0.1362837346822275,0.11006400721484395,0.14972681452277015,0.650581213188717,-0.8842777882740029,0.39696393413870434,-0.32163014318010474,-0.5204370726431735,-0.23876924389970913,-0.13706309330380842,-0.1581283421243826,0.004737033602018657,0.1425953231786446
0.7690655754206408,0.9374912535126879,0.8692025889081321,0.822489929330158,0.8173302326653308,0.7870513865902694,0.8203972611914884,1.0,0.8735547548255004,0.860795432250567,0.9412724634266526,0.8166022208820691,0.8886140748739648,0.9158195679104981,0.9294433286339145,0.8667422498151127,0.8145002503430703,0.7043076034404413,0.7389450673000343,0.692132148612319,0.7510252452748296,0.6962155484903023,0.8103624121517838,0.14865747889798253,0.7603631167455069,0.677029993203318,0.9310927135000242,0.771846160601004,0.8511613643616883,0.9290640751169363,0.7879803027523657,0.3646412238369304,0.9631614636050976,0.960577561893857,0.9022708799545518,0.9200879112303033,0.847183196765726,0.9133454740522808,0.8814841192724652,0.6211063654875428,0.7968721553551652,0.9024182659480056,0.8426216207569949,0.9225654713020113,0.772926468033518,0.5473198487290041,0.6289447206085653,0.3702114624147742,0.6246518787528232,-0.9274755838001496,0.4732332210544255,-0.2823324831484198,-0.5277686506884556,-0.2324921739156939,-0.18361191338902358,0.10664877504860411,0.08803211726560638,0.2264851331261959,0.25116104911666326,0.7267993114095462,-0.9246181896023351,0.6102383988877996,-0.44518542846316683,-0.6073364099918455,-0.26743606911787793,-0.19929494507777887,0.07453019895147225,0.12237267615322259,0.3451149948576985
0.8283555339303877,0.9132299713946479,0.8700802566158685,0.851865361764504,0.8079241043873813,0.7642233162888861,0.8381953215148931,0.8735547548255004,1.0,0.8622369268378416,0.8284591016169446,0.8476050032563617,0.8795079141856755,0.7582872935241336,0.8277896643217679,0.7873858925988234,0.8381753609472006,0.6502766302684434,0.7126662761873821,0.7109624390368732,0.7372631771731544,0.7134696567844466,0.7235284147790045,0.1566356422021884,0.8102793213488119,0.6730913623439683,0.8890149225868748,0.8150252049005252,0.8542202963010926,0.8909632873485188,0.7951688328705637,0.38294461059269164,0.8874065030012434,0.8608932287686545,0.8681235839870397,0.8685053261527492,0.7004251740286457,0.7961434064916978,0.820588956279919,0.5522190984439365,0.79638037839563,0.8700861593499919,0.8355253148922006,0.832285204639276,0.7607809916354155,0.6119196460748482,0.5564186419039481,0.27390069069393974,0.6150034418557986,-0.9036622615948924,0.3925560305217881,-0.2940629404374095,-0.5544485880163278,-0.2707292262409317,-0.1414955993256639,-0.09807505400244801,-0.0969243418776106,0.0986829415304768,0.250115947943165,0.6883125818507174,-0.9080782064907357,0.5180081427370631,-0.4197200899350082,-0.5203728688286308,-0.29261352613231684,-0.12288686540275301,-0.10094148794392999,0.07471918712287215,0.18790350016548524
0.8118903843676734,0.9024419034788861,0.8484890956733911,0.8268762026288613,0.7893128582578053,0.758868189485445,0.8889005255419192,0.860795432250567,0.8622369268378416,1.0,0.8080100176435764,0.7858584766267521,0.9027572974856622,0.7404319147410345,0.8063262156870344,0.743262384076669,0.8726075417191209,0.6492683140267098,0.708740016559065,0.7375787868455841,0.6741544519319791,0.7012475267248344,0.6912134946267393,0.20936813977024993,0.7674809976793758,0.7634407870747617,0.8645289212322227,0.8441134277736028,0.8734167084271948,0.8771364110663817,0.7663969113108664,0.4823172055125943,0.8537736478649316,0.8541735650632891,0.8469668038224847,0.8848218802332628,0.6961450785653432,0.7861354743309654,0.7947862119850322,0.5341457566016035,0.8139016867263817,0.9062613850017592,0.8692736968708971,0.8679665390949922,0.8414233432855281,0.7571399978598292,0.539828531890066,0.2269748583946501,0.6320046092354425,-0.8934186728041505,0.32018951807500357,-0.26512349132044816,-0.5364962708168146,-0.19497584241068333,-0.1578205424672194,-0.07175908393694304,-0.056210447648040056,0.14534526005780288,0.21376646703284877,0.6581556259627067,-0.886104264017933,0.46191318465850006,-0.317302654496008,-0.5171062154565562,-0.2143328933766949,-0.1268156715999319,-0.12703706156495437,0.06928334522240545,0.1633144050441202
0.7540579987399707,0.8942306289738575,0.8265415414803914,0.789522579044204,0.7729590314919831,0.7279808504826245,0.756750678491951,0.9412724634266526,0.8284591016169446,0.8080100176435764,1.0,0.7985833123372837,0.8435776103314505,0.8882033772604522,0.8788878002083055,0.84396756768172,0.7789876781591489,0.6309613900766922,0.6765811191808687,0.5976248302660929,0.7483383038056851,0.6926726424406482,0.791904467374905,0.1474959333314056,0.7725412839229805,0.5868436013634506,0.8993866106318068,0.7538605414624991,0.8090448690015182,0.9163203417277076,0.8121266036591469,0.36339855040982844,0.9238470596294568,0.925595014989128,0.887213556433221,0.8803303722490224,0.8173988103728753,0.8638172740119897,0.8738241343408881,0.6096203796384969,0.7328127924460031,0.8493434291244286,0.7998562892592617,0.8636838073748997,0.743357597763858,0.51571957077194,0.5960983759144368,0.35437711597857996,0.6095157890778851,-0.8854691519954099,0.47251605339427305,-0.2218500059100749,-0.48317077317215873,-0.22708210836914727,-0.2003880484072709,0.11513216811631855,0.12275772526311957,0.2426948261530466,0.2509497404333586,0.6842967373533276,-0.8848797151734701,0.5875715190247623,-0.4050072298541273,-0.5630072476860944,-0.2566195400861276,-0.18107800969781324,0.13356563376898678,0.13142478825194692,0.35017427828455466
0.8737008564943111,0.8704736237094611,0.8906169875016701,0.8923260770844315,0.850223925348431,0.7753553618569633,0.7549899427855157,0.8166022208820691,0.8476050032563617,0.7858584766267521,0.7985833123372837,1.0,0.7988425491906335,0.7080214524012154,0.7564536075898042,0.7619883770334737,0.7855536597038091,0.5220779635759335,0.6113723407961543,0.605233557384469,0.8397833864260997,0.7040797942908256,0.7106302237783969,0.11608424594763699,0.889154923167445,0.525708715852977,0.8467094199034433,0.7766172959289945,0.7464190888338815,0.8704915134673417,0.7723126917598234,0.33507358700462087,0.8339132166103204,0.8094428270600511,0.8527219095518271,0.8102194572999133,0.5912838707652485,0.6693729107907289,0.8010925800843648,0.5424786573492892,0.6990132911237933,0.7666926484575775,0.7245203722079706,0.7868516383988163,0.7872314131863359,0.5647495900982077,0.5302237690625177,0.29614679330036386,0.6222082525504917,-0.8699295024408364,0.29199279060003236,-0.33327538423512004,-0.49983886451293796,-0.23617029698864409,-0.18824976110575456,-0.185526964261825,-0.1544891870171162,0.11731070616421208,0.2469080524729183,0.6403181400745086,-0.8953314206088328,0.3998782275296633,-0.4114258929652213,-0.4002870008404437,-0.2776636225902513,-0.07479082110839676,-0.20512329893774306,0.09825240748342441,0.11538231878059244
0.8114356224903039,0.9334154986558787,0.8697619261379291,0.8498715478048062,0.8251661433473929,0.7897168406391535,0.8870070312429436,0.8886140748739648,0.8795079141856755,0.9027572974856622,0.8435776103314505,0.7988425491906335,1.0,0.7992789954974364,0.8358475351827083,0.8192997231939918,0.8674821173787459,0.7143628069688576,0.8030696217497186,0.7963327389860518,0.6824492054701717,0.7372340646928189,0.7665164304850091,0.20924886408572363,0.7757713353198826,0.7642848180395189,0.8889821535392898,0.832076295328102,0.8886130946960843,0.9039688178274512,0.7723804283691719,0.45878549725896306,0.8904405448205693,0.884362165761953,0.8804919417067011,0.8968385198831281,0.7314297605953812,0.806686406648168,0.8491501140415164,0.5692368267417157,0.8415379259915907,0.9155524635611263,0.8845637054617164,0.8824848694393252,0.8130807423385883,0.6823117617461782,0.5865872516383686,0.29057307803639776,0.635862678014791,-0.9103263791792892,0.363651168104542,-0.27305301778303137,-0.5101016822336661,-0.18879428535593104,-0.13308101913213188,-0.04063440563200711,-0.07426077772978604,0.1793451559496771,0.18245604316822758,0.6769219968124107,-0.9078751819433497,0.4836646863749264,-0.35782345794659753,-0.5071107724653836,-0.21771818348414257,-0.0848367152849991,-0.09902525597582254,0.10084196542404794,0.18017068341939108
0.6495377775168397,0.8380865550569294,0.767985846202221,0.7174008275313573,0.722298271522435,0.7045277179409928,0.6967631105612067,0.9158195679104981,0.7582872935241336,0.7404319147410345,0.8882033772604522,0.7080214524012154,0.7992789954974364,1.0,0.8481040050360973,0.8260446953870577,0.6960570610571957,0.6525044082364826,0.666318695209662,0.6103006357484322,0.6900970393544751,0.5896535168165995,0.7561764742474819,0.12145939384436183,0.6404823634237355,0.5873561936796202,0.8430552516527833,0.6496234659466112,0.7380651476964297,0.8357921798685874,0.6817607640347965,0.272006639546216,0.8947023623720533,0.8918688056666956,0.7988576808210968,0.8210485762847316,0.8509761845309174,0.8536003820045576,0.8188504637187852,0.5510560050001817,0.6935986426809615,0.7931694683018035,0.7206455826276505,0.8461450742451523,0.6421481436027385,0.4545293570026924,0.6079367417771208,0.3823309639523469,0.545819477339783,-0.8133135219085622,0.509847864759929,-0.19674942834299977,-0.4023049275913199,-0.14186704756152996,-0.13652842298192513,0.220292443467315,0.18142892258597684,0.29507356740053176,0.24726709586018278,0.6489465182208076,-0.8111323658077685,0.6271867487561115,-0.400144438792095,-0.5641104863731542,-0.19031807349064048,-0.16075525226502177,0.20732048139893486,0.1815130094041234,0.44108708963934246
0.7345566091883551,0.8923172122693329,0.8412595537167524,0.7771724649211021,0.7953588937466941,0.7485941025816025,0.7845824002505399,0.9294433286339145,0.8277896643217679,0.8063262156870344,0.8788878002083055,0.7564536075898042,0.8358475351827083,0.8481040050360973,1.0,0.8100825231203934,0.7653356366253401,0.6878242637661317,0.7098185600139303,0.6683598041687167,0.7174639873044435,0.620348381118227,0.7300790349162098,0.06279579732157109,0.7024169321924623,0.66334756277429,0.903763493910831,0.7302675465207402,0.8197514701208237,0.8697617050261756,0.7347187000840195,0.3065495477654217,0.926053144151171,0.9338298563084197,0.8386433216223712,0.8613803410192398,0.8742796367456587,0.9417611522039613,0.8001475248863098,0.5350125917556492,0.7676258806305728,0.8587407583892788,0.7867578889391632,0.8733006699539824,0.6926081384931762,0.48746204113245745,0.5545186209931502,0.29205441859682546,0.5478879469331693,-0.8994005818689552,0.45485377011774086,-0.3094013314500938,-0.5149256912125466,-0.2893955097310603,-0.19390737514041267,0.03841212014354933,0.020531243537782944,0.16428653266819834,0.23142802133896298,0.730590897783491,-0.8899405650947103,0.6180324032095132,-0.5048405970566432,-0.6245852451465334,-0.30970193930715134,-0.19153643826205696,0.041711076655492986,0.0586901875834217,0.34013306378582986
0.6703942027387823,0.8473211085737642,0.7537323033672838,0.777469079744909,0.7399744985092721,0.769709219928178,0.7200126034705968,0.8667422498151127,0.7873858925988234,0.743262384076669,0.84396756768172,0.7619883770334737,0.8192997231939918,0.8260446953870577,0.8100825231203934,1.0,0.7085592766373826,0.6579888899876352,0.726965186312325,0.6595914674670622,0.6706265426986132,0.7177357587411565,0.7980200745330538,0.15622522426624671,0.7161822644396975,0.5442131045877416,0.8431510078998996,0.6527803726208831,0.7386631423166339,0.8439708880089125,0.7114421665724368,0.32781081087211145,0.8550164273007635,0.867987472747207,0.8442952135605488,0.8261387297257019,0.742447482803553,0.7932352164335643,0.826010287200097,0.6165990788864761,0.6634169146386207,0.7820155545840705,0.7206534262709638,0.825242083129091,0.7029145470064821,0.45866759135557783,0.5982181984925007,0.3688291322991837,0.5645273883542914,-0.8384998176849633,0.4017812823316192,-0.2384780156098207,-0.48613549594866023,-0.2418568208726468,-0.15830412246929398,0.06924540166362099,0.06249415592951416,0.20309866433489288,0.22086781214954035,0.6483453289406492,-0.8437045111443959,0.5125456032472518,-0.3774765182094398,-0.5342525563377886,-0.2956708944838539,-0.14124020468888013,0.06994411059912393,0.14946305058534903,0.30490540472838007
0.8426191256011208,0.9004670576970184,0.8495544712110358,0.8222086306187275,0.7483751672012326,0.6736442042814551,0.9351413573419959,0.8145002503430703,0.8381753609472006,0.8726075417191209,0.7789876781591489,0.7855536597038091,0.8674821173787459,0.6960570610571957,0.7653356366253401,0.7085592766373826,1.0,0.6539227185736374,0.6921653504732294,0.6689877420556184,0.6239168982128771,0.7047171670582506,0.6817180173806032,0.13508267129492763,0.8158010445776817,0.8224571274623214,0.8528076989399068,0.8545375813208741,0.887844512987949,0.874283517744666,0.7534553129988083,0.4914835185443243,0.8216965284215343,0.821572614695099,0.8501811000877852,0.8599847721259755,0.627284952194415,0.7103589214909687,0.7806903721274248,0.520923158751912,0.7811111626532204,0.8996709707717014,0.9043963669670546,0.8225206280016659,0.7980599403359333,0.6985496298246225,0.4735136692816731,0.1958918614370821,0.6327905947634398,-0.8806659424015366,0.29500059294451464,-0.27236897129353066,-0.5524821769058572,-0.23691210864593798,-0.14256608830204037,-0.146697589406027,-0.09782573470699572,0.14577712884523533,0.13357499286031022,0.6485006705752411,-0.8878932593747033,0.39892853878559376,-0.29906786500850274,-0.4890485036410358,-0.2520624241343216,-0.1559881011900083,-0.1356436261976337,0.024853008407804432,0.11699951084437818
0.5189497499416489,0.7079419174037207,0.6660372970433115,0.64178901951886,0.5557633162858063,0.6491139935045189,0.7534858631787749,0.7043076034404413,0.6502766302684434,0.6492683140267098,0.6309613900766922,0.5220779635759335,0.7143628069688576,0.6525044082364826,0.6878242637661317,0.6579888899876352,0.6539227185736374,1.0,0.802758919640793,0.7295524381206698,0.38996242686714866,0.6980837684449546,0.7528384057277728,0.3435139874292047,0.4610313796162118,0.7321665428006372,0.7282091671475245,0.5720888988542341,0.6612206707439329,0.6511776439927921,0.5491455407208329,0.40695540962041205,0.7189264101511157,0.716475848736501,0.6894845728085045,0.737478011570657,0.5646231673169317,0.6685914114914807,0.7119795396571118,0.6136235817844773,0.6465481820054177,0.7179539642979423,0.6661888577228513,0.6705936080274886,0.5590620785602106,0.5104713451274898,0.5670026939698383,0.439562685909117,0.5248511265690553,-0.7140897936009413,0.3254567181680008,-0.2912879475846471,-0.44653250380864795,-0.19077815602006498,-0.10129909075273272,0.07181030897759151,-0.07794261563454805,0.10917920594097345,0.08571031745452815,0.43990896401738255,-0.6947285442299992,0.4126062726807894,-0.35133882250333226,-0.51886531533419,-0.27742760595224625,-0.1565312558465368,-0.03903435414169964,-0.029657065090279457,0.2720283054446168
0.6215521434891225,0.7845822142176804,0.7197280185934436,0.6914778193586802,0.6540947834522817,0.813279679230077,0.7488942265153662,0.7389450673000343,0.7126662761873821,0.708740016559065,0.6765811191808687,0.6113723407961543,0.8030696217497186,0.666318695209662,0.7098185600139303,0.726965186312325,0.6921653504732294,0.802758919640793,1.0,0.8124920347598104,0.5019017285594775,0.6305924402078419,0.7724290062688648,0.2485130711430251,0.5422357868640884,0.6942590731053301,0.7313051374228545,0.6739182537815334,0.7157247546531303,0.7281623762350308,0.5242978231341654,0.35212758093749513,0.7520644261617848,0.7382937820646033,0.7211662345349643,0.7438678149491338,0.6104699403129944,0.6963951162339075,0.7231480862128674,0.5202854808583771,0.7499745594780194,0.7831466435424912,0.7413134145156611,0.7425775043437929,0.6438809069758042,0.5678811554837785,0.5501707641432851,0.3281312767928908,0.5553689551264116,-0.7608180062578689,0.321916223516086,-0.2562956438466642,-0.3661280824180423,-0.0748528373908642,-0.11159875955779919,-0.044516050368057294,-0.09555395001889552,0.15179622497948073,0.11611904869786328,0.4649661584422768,-0.7327260932353739,0.4166130630911511,-0.26794910769726515,-0.3953666649455016,-0.12716035840832357,-0.08732414961770686,-0.06561161040990601,0.07191788715963794,0.16069356707732838
0.6319388706794626,0.7663778814187624,0.7371957635205129,0.7220047930221616,0.6963749125929429,0.8032571137971443,0.7780968652606299,0.692132148612319,0.7109624390368732,0.7375787868455841,0.5976248302660929,0.605233557384469,0.7963327389860518,0.6103006357484322,0.6683598041687167,0.6595914674670622,0.6689877420556184,0.7295524381206698,0.8124920347598104,1.0,0.511749503880867,0.6388848588119705,0.6199226541836732,0.2666103175750787,0.4815275388445395,0.7073488610576976,0.6906502402371676,0.6855792145280796,0.705619644534363,0.6754301689932917,0.4976031790384377,0.3623840499085095,0.7090922412289075,0.6927508342436833,0.6823489949671137,0.7181479991838493,0.5643025295358663,0.646432784658061,0.6832077711087435,0.484977892167708,0.7732983787719961,0.7405349976389843,0.7081637862784618,0.6993102320695728,0.6473552897846963,0.5733856450585426,0.5044618440846107,0.24096950736882403,0.5413141873917862,-0.7367301931184033,0.23096263136302303,-0.23902501341812063,-0.35474463358592007,-0.06810158561917008,-0.050475637712096046,-0.055878010116008334,-0.1630224342427795,0.04592554713904884,0.08384302536758166,0.46182384912998803,-0.7056390410163805,0.3230747093996538,-0.22169759813103185,-0.34770955439243484,-0.09857224885432746,-0.026642058929640135,-0.13734202942063906,0.030613474017388738,0.10615986800521728
0.7292202763498223,0.7503447544420578,0.7960002692280568,0.8089435965538849,0.7902190141171589,0.7333339807786443,0.5799165774275554,0.7510252452748296,0.7372631771731544,0.6741544519319791,0.7483383038056851,0.8397833864260997,0.6824492054701717,0.6900970393544751,0.7174639873044435,0.6706265426986132,0.6239168982128771,0.38996242686714866,0.5019017285594775,0.511749503880867,1.0,0.5065488897045841,0.5485420140696396,-0.06054392791160553,0.6762981155483399,0.38820846813871546,0.7313260522536593,0.6258297355038996,0.580828002583552,0.7575851258854952,0.6955472438858143,0.16011461886841596,0.7475599625682805,0.743303127979195,0.7181450859434686,0.6715763998305478,0.6412573340343746,0.6735240763919528,0.6305412895043471,0.3502460107839767,0.6030236019513798,0.6612321608297673,0.5990003272942928,0.685123646075588,0.6328687021448999,0.4123915340886325,0.394392905028575,0.12337662154343955,0.5884350291956028,-0.7592602117196225,0.24352534737839124,-0.2830649201140521,-0.353913747970145,-0.19761045424657686,-0.17535356206472832,-0.04360863877821089,-0.0962327963571067,0.09394123904087966,0.23519046921902065,0.5454228181980763,-0.7534560731609644,0.4130402749829919,-0.36419438374430274,-0.3416260564067767,-0.18109898959839738,-0.07265444516795183,-0.0672506083324081,0.09524216167843057,0.14298921242895188
0.7081845016849816,0.7613555354016784,0.7305378078373551,0.7931537288127469,0.6652903798900562,0.6834042158606657,0.7509145138291129,0.6962155484903023,0.7134696567844466,0.7012475267248344,0.6926726424406482,0.7040797942908256,0.7372340646928189,0.5896535168165995,0.620348381118227,0.7177357587411565,0.7047171670582506,0.6980837684449546,0.6305924402078419,0.6388848588119705,0.5065488897045841,1.0,0.7714181119328065,0.5523065122586316,0.7324174954470837,0.5341100239853588,0.7702272941052528,0.7123638721349668,0.71195885702005,0.7814691672550784,0.7737971477582752,0.6666737347212168,0.7159286196048832,0.7200082911132866,0.7928607703563315,0.8283248432934994,0.47340837928562374,0.5703984849975193,0.8546429821670006,0.7899753907365873,0.6082651848324275,0.6933900382162369,0.6821934852869785,0.6887931743903953,0.712829311388196,0.5755190472649268,0.683458395610501,0.5659591691568507,0.5121774353701877,-0.7662683819991041,0.2179990316611955,-0.2713184686718024,-0.489164431607206,-0.22773668425741883,-0.049365718651706296,-0.1068513707974451,-0.12521638644606461,0.06833134559809351,0.1140850224236601,0.5012715178054947,-0.7783624548613572,0.2620967892257334,-0.3157928292089541,-0.4218690244389717,-0.32243668280727217,-0.08676589636691086,-0.14518832523001718,0.005125893981988554,0.12995361856304197
0.646348571963212,0.7981115147829421,0.7231769688670748,0.710807394831805,0.6633674085319329,0.7536553229798097,0.6849841328308833,0.8103624121517838,0.7235284147790045,0.6912134946267393,0.791904467374905,0.7106302237783969,0.7665164304850091,0.7561764742474819,0.7300790349162098,0.7980200745330538,0.6817180173806032,0.7528384057277728,0.7724290062688648,0.6199226541836732,0.5485420140696396,0.7714181119328065,1.0,0.36438958503401053,0.6783096174232276,0.5169738924704285,0.8017111160956423,0.6361293551617199,0.6909430954455926,0.8009197078837691,0.6483523445849083,0.4171622146705349,0.8108986544600403,0.7895587486688145,0.803230287088362,0.8249416212714274,0.6262977021877306,0.7068578717812277,0.8820366925873964,0.8106519638319867,0.6547336295594447,0.7478127052430118,0.6909254887011421,0.7777681198652897,0.6733276561440344,0.49022823238972313,0.7157066451100648,0.6628794842633203,0.5547099312535352,-0.7934422252388237,0.4122070957047768,-0.2475521157846875,-0.4296648225915649,-0.16976104235258874,-0.12467496520138469,0.043992114924103584,0.03861122258650771,0.2229608550212433,0.14407033514395667,0.5027100776025799,-0.7887534066811427,0.4456648811675786,-0.33284275243492467,-0.4676171958706276,-0.26046862403247145,-0.1320273054662592,0.030315124579982162,0.11159210103390207,0.2744803089985086
0.16671176128766935,0.191869975524988,0.18281647643594293,0.21943455077523769,0.1075714949076069,0.22537387805856166,0.2144561751292345,0.14865747889798253,0.1566356422021884,0.20936813977024993,0.1474959333314056,0.11608424594763699,0.20924886408572363,0.12145939384436183,0.06279579732157109,0.15622522426624671,0.13508267129492763,0.3435139874292047,0.2485130711430251,0.2666103175750787,-0.06054392791160553,0.5523065122586316,0.36438958503401053,1.0,0.1635074607315724,0.13669244338286918,0.2249875174763874,0.2581989833557356,0.20655589847449793,0.22357619509573498,0.2345817832433454,0.7042147015389735,0.17313055028901028,0.16999321613401816,0.25531728146139965,0.36396035619415174,-0.01000372737268982,0.06615846827414472,0.402625241680925,0.6178087566560609,0.2090236418733663,0.1854237423739141,0.14750892919461273,0.14609095950198053,0.23164717563779522,0.2845573042021075,0.6647090437811474,0.6948397331314909,0.09182427016968926,-0.20528431736431593,0.027648960003693435,-0.09289587043381296,-0.1319880030664869,0.07777315946294128,0.11347210770020891,-0.019816482161679406,-0.13784259530478435,-0.08350385873702672,-0.026805835563442112,-0.0022064397782406426,-0.20115300256764526,0.007470741064228229,-0.0910014544411935,-0.0757835291330761,-0.04993456038422274,-0.016568475557727145,-0.10311202667334662,-0.129370576885893,-0.030886029884103324
0.8911058557895957,0.8427316945512898,0.835072686013488,0.8395910487829551,0.7685344580706086,0.655475504824551,0.7649264665904476,0.7603631167455069,0.8102793213488119,0.7674809976793758,0.7725412839229805,0.889154923167445,0.7757713353198826,0.6404823634237355,0.7024169321924623,0.7161822644396975,0.8158010445776817,0.4610313796162118,0.5422357868640884,0.4815275388445395,0.6762981155483399,0.7324174954470837,0.6783096174232276,0.1635074607315724,1.0,0.5291805813943146,0.8327524166702589,0.8133628895132549,0.8003443079471295,0.8706109146356432,0.8163087868809813,0.4310855812229889,0.7885967722905539,0.7615745745436396,0.8405523060070945,0.8039669468935344,0.5451305570489534,0.6127995618461521,0.7927616662711522,0.5520418903141631,0.6618337221389158,0.7490209687264014,0.7495802172828478,0.7440873736022725,0.768989286355777,0.5841618502187915,0.5115251449796477,0.30972499234697515,0.5392510858309998,-0.839132065946834,0.28883172243448185,-0.3082165636580556,-0.5353460420050913,-0.30174438531379644,-0.17839468121495564,-0.2818656713634284,-0.14174476936557193,0.10750688957488232,0.2298325003645909,0.6654881429364136,-0.8790654753924374,0.36607263152992253,-0.4012477792930783,-0.42124603668045374,-0.3437293024075314,-0.08984765316865981,-0.21057036547401847,0.04078378964755755,0.10220986002922267
0.6302601410303428,0.7491359712226429,0.6948716350536445,0.6397582825149694,0.603420315614915,0.5749073278472753,0.8915288903599493,0.677029993203318,0.6730913623439683,0.7634407870747617,0.5868436013634506,0.525708715852977,0.7642848180395189,0.5873561936796202,0.66334756277429,0.5442131045877416,0.8224571274623214,0.7321665428006372,0.6942590731053301,0.7073488610576976,0.38820846813871546,0.5341100239853588,0.5169738924704285,0.13669244338286918,0.5291805813943146,1.0,0.6921450133816445,0.707259459015006,0.7837392482959773,0.6644610112730317,0.529998134898426,0.4288276467931189,0.6813897681777165,0.6833273624505725,0.6562148387955541,0.7135183299892341,0.5705070394048217,0.6393717887856132,0.6039377080169196,0.3989280681016905,0.7500439018773973,0.8058373890717653,0.8043447676246127,0.6917442816085049,0.6459753726787161,0.6905749886280382,0.36867700228569494,0.10869977972710784,0.5150290231769991,-0.7262065152012077,0.2517559374115538,-0.232056429677071,-0.453754902709598,-0.13373391823986758,-0.1170427325714529,-0.07390558205256782,-0.11317136414455757,0.12243703624925416,0.09661964814767887,0.5452790706402962,-0.7027604848676476,0.36666331878549085,-0.24701474371554313,-0.47046068623357395,-0.12452494429908297,-0.14705890789677392,-0.10509740690603907,-0.008231646270908829,0.09468031177872112
0.8416823960520553,0.9461209683664141,0.9019263359088563,0.8788320293809326,0.8088786951983854,0.7753721805242241,0.8604970853492229,0.9310927135000242,0.8890149225868748,0.8645289212322227,0.8993866106318068,0.8467094199034433,0.8889821535392898,0.8430552516527833,0.903763493910831,0.8431510078998996,0.8528076989399068,0.7282091671475245,0.7313051374228545,0.6906502402371676,0.7313260522536593,0.7702272941052528,0.8017111160956423,0.2249875174763874,0.8327524166702589,0.6921450133816445,1.0,0.8360886169192108,0.8849917232066765,0.9394046659328597,0.8351403427558792,0.4461443051049101,0.947629178964771,0.937659497938618,0.9233576566134736,0.9363609785817338,0.7650204242468318,0.851057013937111,0.8858113179991616,0.6397362784875023,0.8060064655360305,0.9004400651441707,0.8352077348175457,0.88580694974352,0.7893158665761691,0.5940096314530958,0.649719375242173,0.39569347365465235,0.6329674778035851,-0.9571211288397174,0.4207348214977063,-0.3403010993162949,-0.5885787500125521,-0.3165680948904436,-0.18448294044619504,-0.05675738996951525,-0.07257276506547143,0.15207003929998758,0.23802846572452205,0.7073994592106653,-0.959254864532866,0.5857126988886275,-0.511958546342019,-0.6102795895131686,-0.37316518555357037,-0.14856497063204635,-0.07452650851379586,0.02205812420226206,0.2918816918124948
0.9233060504707502,0.8794244766465387,0.880912110370401,0.8580652656315374,0.7546470833253703,0.7088733088033292,0.8518332537172526,0.771846160601004,0.8150252049005252,0.8441134277736028,0.7538605414624991,0.7766172959289945,0.832076295328102,0.6496234659466112,0.7302675465207402,0.6527803726208831,0.8545375813208741,0.5720888988542341,0.6739182537815334,0.6855792145280796,0.6258297355038996,0.7123638721349668,0.6361293551617199,0.2581989833557356,0.8133628895132549,0.707259459015006,0.8360886169192108,1.0,0.9064598040616086,0.8750357758676253,0.7838207037138043,0.48716521032638566,0.7963808773877573,0.7805716697081164,0.8357605836860097,0.8347665510734603,0.5974456178708906,0.6787415517617267,0.7782813724007183,0.5050290062959343,0.8514021214903993,0.8376763421763717,0.8215650086591506,0.758598808216368,0.8068963169994436,0.6858999457713991,0.546962161191328,0.24159529060793022,0.5739672731126142,-0.8684577480398978,0.20324388674229008,-0.3276211622688689,-0.45551296435742566,-0.15405877864836454,-0.16633456153848125,-0.2178866766669083,-0.20295273109493842,0.018029888719007757,0.20495826568881578,0.5930017634074849,-0.8647606547923286,0.3713632833590353,-0.3444523672922607,-0.38368741221618685,-0.18986408890047923,-0.09386874438235589,-0.2298909332363632,-0.06339350610596839,0.10216136000078184
0.857013475483873,0.9150190324879727,0.8570383807331238,0.8235317003901205,0.7459034417359125,0.6918468028979478,0.8962318184871092,0.8511613643616883,0.8542202963010926,0.8734167084271948,0.8090448690015182,0.7464190888338815,0.8886130946960843,0.7380651476964297,0.8197514701208237,0.7386631423166339,0.887844512987949,0.6612206707439329,0.7157247546531303,0.705619644534363,0.580828002583552,0.71195885702005,0.6909430954455926,0.20655589847449793,0.8003443079471295,0.7837392482959773,0.8849917232066765,0.9064598040616086,1.0,0.897770270011926,0.8130782806876734,0.48769239524176006,0.8614828960242547,0.8560500332234624,0.8517183835547297,0.8856859824182052,0.6974967271782814,0.7915611632959753,0.8114230822242136,0.5366794273782405,0.8312361219408076,0.8973262716545168,0.8889307450414284,0.8391804565708345,0.7837554766866501,0.642304238652274,0.5358011585903636,0.2614376175255301,0.589783865518694,-0.9121661470338658,0.32631033784884184,-0.3336153459091217,-0.5665064086302337,-0.2905920856976821,-0.18140266443369396,-0.15568965124891282,-0.11314398278251275,0.0842510787185537,0.22171581563241421,0.6951328214207891,-0.9026081807077376,0.4914954925250598,-0.40276020116654615,-0.5471753652002671,-0.3022655302680757,-0.1581728004735443,-0.15477046635994102,-0.015922335481816256,0.2002230546792896
0.8775042343072471,0.9528745447988718,0.9124531828726286,0.8906338136129514,0.8378974267312941,0.788022701600291,0.853416276834135,0.9290640751169363,0.8909632873485188,0.8771364110663817,0.9163203417277076,0.8704915134673417,0.9039688178274512,0.8357921798685874,0.8697617050261756,0.8439708880089125,0.874283517744666,0.6511776439927921,0.7281623762350308,0.6754301689932917,0.7575851258854952,0.7814691672550784,0.8009197078837691,0.22357619509573498,0.8706109146356432,0.6644610112730317,0.9394046659328597,0.8750357758676253,0.897770270011926,1.0,0.8589454670051411,0.46856736571990804,0.9308817296608158,0.9291795976959164,0.9302720482705574,0.9314623381557852,0.7597215919746877,0.824984404700137,0.9023696636886476,0.6479421928731519,0.8178572672223394,0.8991504728841793,0.8583760341350001,0.8893236364863487,0.8288206891492531,0.6216825896057941,0.6353053988791819,0.36807532077817107,0.6301498656136217,-0.9447476454896946,0.38071460224560144,-0.30032811554371003,-0.5697619512739384,-0.25518433849449107,-0.17124705756082942,-0.05960275178736974,-0.02128229759947939,0.15045836327561252,0.22236989165248539,0.6974731470804798,-0.9533915346844251,0.5144616367425467,-0.4381258906387058,-0.5582953228625125,-0.30165551312639366,-0.14660127853423446,-0.0440797735495383,0.06427801922613625,0.23147803953049467
