0,1,2,3,4,5,6,7,8,9,10,11,12,13,14,15,16,17,18,19,20,21,22,23,24,25,26,27,28,29,30,31,32,33,34,35,36,37,38,39,40,41,42,43,44,45,46,47,48,49,50,51,52,53,54,55,56,57,58,59,60,61,62,63,64,65,66,67,68
1.0,0.9099452335436836,0.9011029116191006,0.9240426315208736,0.8996265489059074,0.8792627448593461,0.8848281268630646,0.8832067340522285,0.9063848168198473,0.8103780767499115,0.9150344983639999,0.8996152492066958,0.7610524519019858,0.8400321786487285,0.8916984780285511,0.722241146247682,0.8624715174011683,0.7234247479158105,0.7437291815501562,0.7743972790768675,0.853252773285485,0.8298597949009766,0.5786104340414651,0.6700452801189384,0.8637795755748569,0.7931963064835411,0.8597420248134936,0.9533569179195734,0.9261330471196316,0.8962095879054516,0.8622987840234714,0.6637136285730844,0.9278880147600324,0.8970884087309197,0.8651676015528994,0.7941086402045533,0.8318762257060622,0.8918032884314389,0.8053891385077017,0.6035068225973692,0.7764096129437928,0.8686464101694598,0.8263183291423127,0.8276882878227575,0.889799348311823,0.7358468081342869,0.6739449617507834,0.32396727203553904,0.7795688425199524,-0.9063750791619609,0.4729275914826811,-0.34381781301926495,-0.31408930290308784,0.19388760481163797,-0.05155105454801396,-0.3386093237547027,-0.13202265769593957,0.4401446585244844,0.13691487160214016,0.2924345940415174,-0.8895922743038037,0.12550664031949893,-0.34262108355393645,-0.28656410492430084,-0.17274890734143591,0.054211464510779496,-0.615780665382155,-0.06116583108265557,0.20026002521506794
0.9099452335436836,1.0,0.8477970118323894,0.9063875950544646,0.9278909434233372,0.9500774721279899,0.9474182871179347,0.9330537182315254,0.9440209766746903,0.9277197558703271,0.9320946841519497,0.867496145006552,0.8822301177362931,0.793435618686021,0.9336435143183414,0.841838383399021,0.9228082542790063,0.7825659733026048,0.8760485834250726,0.909644609411521,0.8770382412933179,0.8555003957774406,0.7815530205225154,0.8027748935654503,0.9127088496173028,0.895637999807775,0.8703785881479642,0.9095662697207093,0.9711562207954224,0.9300480931118764,0.9217930554707334,0.6671134969016264,0.9512576595013384,0.9588826613153565,0.9367321574391374,0.9181111107251835,0.9161617666714936,0.9352300603180836,0.9390491576329344,0.7746282543406962,0.8769967253728632,0.9691456656982893,0.9439872765081752,0.9123912417305622,0.9411425768293223,0.8161281789258568,0.7986044506532193,0.4900628952174645,0.7836370642128649,-0.949404480293863,0.4480320024206012,-0.2276971930725528,-0.32615268346650184,0.2574062564455822,-0.05337842918774902,-0.3066949939612897,-0.13195637202451801,0.448074243976449,0.06302534892726895,0.14299206290383915,-0.9551966116901501,0.14084494507511458,-0.23224940497035415,-0.279322581014078,-0.13022766885379472,0.12330917988716884,-0.5946262895502133,0.0006098668555385905,0.05941280829499634
0.9011029116191006,0.8477970118323894,1.0,0.9508146029806261,0.8103941825545763,0.810713317880325,0.8877027262633306,0.8538203160520175,0.8593650266961345,0.7407993718156632,0.845174995815241,0.8269843163528157,0.6857702716051177,0.8464688044436733,0.8490143165960617,0.7125242902444191,0.8737152606165544,0.8145992771433065,0.7048949811805157,0.744849774607403,0.8129582536127923,0.8424511885407583,0.49779974264507043,0.5774835985839761,0.7710347686377249,0.838482341030562,0.8502032052165629,0.9085239183449804,0.8677952681005235,0.8577813038234794,0.8311095394015285,0.6449066559179523,0.8631553533744324,0.8715934200060668,0.8447536503548956,0.7191656230605213,0.8080733187413847,0.8765824699306991,0.7527074343551058,0.49139670645756633,0.7256527303470552,0.8005030726932467,0.7925634582399133,0.7240886155141997,0.8559421147468047,0.632774653787497,0.582262168054878,0.2083393153238776,0.7331278511306614,-0.8960292780640329,0.39138423577663245,-0.44093503766572556,-0.47184863663103116,0.030335302460721962,-0.08615708197260631,-0.2756627343019071,-0.19887664706158648,0.3705540356170201,0.09070979812310456,0.3961510166466275,-0.845168159908341,0.09952905538687586,-0.4568909564394016,-0.426205570884497,-0.2523754469275839,-0.035389233897300997,-0.5366512634405061,-0.1491752250445728,0.19228203167380328
0.9240426315208736,0.9063875950544646,0.9508146029806261,1.0,0.8654168607780636,0.8781232315833887,0.9277797139200235,0.896515096563876,0.9125064205545267,0.8185446713588312,0.8913747147202645,0.876573939436139,0.7749077578775411,0.8479915158368033,0.9059835728687257,0.7921821476700851,0.9076443017568754,0.8262745693961662,0.7670546399395393,0.8243179602570778,0.8610641472558704,0.8886161489673806,0.5959540769846526,0.6652301075554385,0.836410524061192,0.8589901001782834,0.8818017772162721,0.9216270068367466,0.9132854661471118,0.9118407081905211,0.8944967341786465,0.6638809174156773,0.9129387964858967,0.9250068097112746,0.8938475679164831,0.8060176056578812,0.8605878896663197,0.9174361390982373,0.8235981147612328,0.5990419571596248,0.7735952394149641,0.8613423548851376,0.8411527334019555,0.7970383528159125,0.9020653430810419,0.7040036724050682,0.6716530708492234,0.30871113227137986,0.7793406180076067,-0.9354871855692454,0.4227753632987062,-0.4144690586902275,-0.45281554352800146,0.06606899952750528,-0.0849746771744055,-0.318160266674289,-0.19630885493183436,0.408244016851778,0.07990149115607853,0.3042237010010303,-0.9087081457172264,0.08010789387087977,-0.4349077368349219,-0.4165142565992819,-0.2805384168222923,0.042604082662083875,-0.5967428841876846,-0.11623713832747727,0.1574918651628052
0.8996265489059074,0.9278909434233372,0.8103941825545763,0.8654168607780636,1.0,0.9083984179114074,0.8795818034066262,0.8913258925999504,0.8888673459899654,0.8857596035141198,0.9232436110071927,0.8917016041780688,0.8821499209455653,0.7684697119908422,0.8770337625126208,0.789792677162783,0.8489454524129956,0.6494553083959966,0.7610292642621554,0.8295680526365711,0.9080892512093823,0.8106244835165298,0.6991478772667968,0.7755254907045891,0.896849384981629,0.8000917741784095,0.8290096196064289,0.9033225029368904,0.9210974687040071,0.8967821937329026,0.8891444955177887,0.6585822517287891,0.9281272024856356,0.9054692938648019,0.8760771951129636,0.8751813940815762,0.868833778631471,0.8899122923389031,0.8775647853254005,0.7608704169106839,0.8202266531577506,0.9108418428165104,0.8840375417911941,0.8618197203230566,0.9117672400572489,0.7876996766563592,0.7501415520274793,0.4790470220927279,0.7413800923105655,-0.8868440607664835,0.4576219753266872,-0.16578840302303172,-0.2575035624958178,0.2943686542937606,-0.04864644354443749,-0.27116222906306314,-0.08798389613115985,0.44554022067818144,0.04267239200936629,0.07368871164614509,-0.9068831675531785,0.14865701967062764,-0.1814455989161698,-0.21973810212896808,-0.11441331549326143,0.12547316783025442,-0.5599736823506531,0.027482991537266636,0.05267859743087015
0.8792627448593461,0.9500774721279899,0.810713317880325,0.8781232315833887,0.9083984179114074,1.0,0.9008761398373983,0.8993419799864055,0.89948660367305,0.9080824395529975,0.8924777642988269,0.8089444242372541,0.8732467390452646,0.7571484916021544,0.8942478594801175,0.8337453174485491,0.8654218182648411,0.7547146621057815,0.8926892622874979,0.913022098565296,0.8566058214518448,0.8145376384974077,0.7795143791198338,0.7401747219522218,0.8767986728964078,0.8695981173074022,0.8289806564516533,0.884260303241735,0.9377932827592014,0.884430022793017,0.8703204095294125,0.5876699353154832,0.9280212722704267,0.9227557978055767,0.8867705043063197,0.8700368733628847,0.8909561721812564,0.8992775411758686,0.8941048841173364,0.74480645316835,0.9006807495539234,0.9399863741952909,0.9141008767432862,0.8883931631220584,0.905009152334486,0.793441326173323,0.7301555186481129,0.44990048587671955,0.766256139469562,-0.9093315441446403,0.4080811772520023,-0.20583491221692998,-0.2739858073314641,0.2785403487475841,-0.052758626763405106,-0.2655608193474051,-0.1602668154759965,0.43649429460724354,0.04348256964750911,0.1101501739826291,-0.9179205059960025,0.11537759327437283,-0.2090654673238179,-0.22895835551592758,-0.09552489875745929,0.1446538261097069,-0.5601483616054049,0.030936813440925002,0.025562066459393445
0.8848281268630646,0.9474182871179347,0.8877027262633306,0.9277797139200235,0.8795818034066262,0.9008761398373983,1.0,0.9077634076974138,0.9229048821037288,0.8777098670754224,0.8924958587367464,0.84011218417621,0.8067388664878468,0.78535903170462,0.9281788066728303,0.8242503284865907,0.9671355268589101,0.8611620123966767,0.8454944061836539,0.8870760614348144,0.8317022268446624,0.8823726475151613,0.7302987226288916,0.7625186599772131,0.8800746256792926,0.9262440544576972,0.8820848932307963,0.8859264818540301,0.9463266245371923,0.9122510437066356,0.9115894432232714,0.6801423758397738,0.9160697228483619,0.9472592764300082,0.9191530349118483,0.8802321744153485,0.8908720077634682,0.9264968293488539,0.908432697213822,0.7142524469509292,0.8347138285133864,0.9293235420939103,0.9135325654727554,0.849337270689439,0.9259214417432414,0.7772146199051173,0.7481180895211318,0.4386374467049048,0.7878333774591829,-0.9423905138289831,0.42996839899618833,-0.3128606173677902,-0.3984161101320248,0.167727471074097,-0.06476526367834744,-0.33032258860420777,-0.18564355292816515,0.3915271377414006,0.04783122908229557,0.1889497543956205,-0.9465141510334815,0.11927796896859806,-0.3290482313249316,-0.37041675083084374,-0.22119428567496766,0.04161308534464366,-0.6125665405568029,-0.10246082669960441,0.08104000200205584
0.8832067340522285,0.9330537182315254,0.8538203160520175,0.896515096563876,0.8913258925999504,0.8993419799864055,0.9077634076974138,1.0,0.8930553352497363,0.8752346015435966,0.9368894309665643,0.8645606648806666,0.8111687709649186,0.8806643879554595,0.9162779131423382,0.8539954664425615,0.8915460858342429,0.7163566979954112,0.7682902297193922,0.8272087442245607,0.8762261990563789,0.8620528378609095,0.6419139304493269,0.7508078113163048,0.9214071110313335,0.8186825136723179,0.931761895341182,0.8908969599673946,0.914993284685205,0.9423842965153707,0.8981478071873062,0.7392166898571146,0.9554693876172682,0.9613131656103938,0.9408849178321678,0.8735900567185166,0.9573297878477831,0.9688627845244302,0.8999901170209155,0.679687803922855,0.7713674091283002,0.9069288364559749,0.8902352746090063,0.8237671891482219,0.9240006899094513,0.7253161609348683,0.7446231817232081,0.42714535068704784,0.7939680913401082,-0.9261643572833178,0.490193546335235,-0.2904664809668042,-0.4085768972870934,0.19632745775382165,-0.05287571016527837,-0.11513978140207386,-0.011044950266238071,0.5235266038940728,0.23012879720719553,0.12402605255761295,-0.9440917734575944,0.19632189425984914,-0.3395256132792927,-0.3921725672760929,-0.2175053792991576,0.07296614924182389,-0.4397346621845294,0.07364235857211225,0.2008904008211664
0.9063848168198473,0.9440209766746903,0.8593650266961345,0.9125064205545267,0.8888673459899654,0.89948660367305,0.9229048821037288,0.8930553352497363,1.0,0.8833175319872566,0.9086399058683576,0.8758138756506798,0.8353801713823832,0.8009423242097313,0.8991134064403596,0.765597112258279,0.8907012038174563,0.7627345999187967,0.8228024049440587,0.8697198270682454,0.8490763112416028,0.8388750593709773,0.7077880675177404,0.737484515078552,0.8530868794701759,0.8653946259950293,0.844180435687241,0.899233561003663,0.9362535024608257,0.8948405848918511,0.8875961655194703,0.6430783225379231,0.9165863237490721,0.9188910679629738,0.8987630140950535,0.8587922020969707,0.853584460799933,0.8959592724408464,0.8748468778846809,0.6979693169763728,0.8270624560907311,0.9238978558353537,0.8882914450335214,0.8911665257122885,0.9141929406200101,0.7972696073318709,0.7366051575081675,0.3919236402260651,0.7774980665970954,-0.9275700999505171,0.4635657940089775,-0.2917553927926098,-0.33863290257192613,0.22186075604478417,-0.06207004333872077,-0.3564945825318695,-0.12784347519640182,0.4687238449920991,0.08143324130659416,0.23625725949767004,-0.911493880568757,0.12905476510414685,-0.274538230765657,-0.2672765249029972,-0.11977832759067004,0.08588385217742985,-0.6497290326617637,-0.05150188745720165,0.12450864551360735
0.8103780767499115,0.9277197558703271,0.7407993718156632,0.8185446713588312,0.8857596035141198,0.9080824395529975,0.8777098670754224,0.8752346015435966,0.8833175319872566,1.0,0.8848029051046089,0.785330189010461,0.9136548868794163,0.686943685296751,0.8342366199306809,0.8227102900930948,0.8545401564312339,0.6858509257047416,0.8393785593665809,0.8921126054840808,0.845373797231671,0.7844125254319452,0.8278812506754443,0.8109331608506288,0.8529930936921899,0.8433471635707814,0.7788319611729885,0.8308650470442793,0.8995124081669448,0.854162271712901,0.8727643776820518,0.6089087193834397,0.879144675351244,0.8906050191816645,0.8819236582936258,0.9011695224475548,0.8775559822262609,0.8601011496536106,0.9185623321590468,0.8187643506158894,0.8439284268109152,0.9436558294983858,0.9271217287352472,0.9144691066539233,0.9133471273668912,0.8214649651917181,0.8121337423200637,0.5609629686668788,0.7255623541364261,-0.8751023499252805,0.4005752101660819,-0.1028962773615513,-0.2779643949798698,0.3002078000354356,-0.032965599531044915,-0.27202355671906525,-0.08189654494494256,0.41883895813280597,0.0030306344370540626,0.0320153024298291,-0.8934432695851444,0.1451080146518352,-0.12688326058979563,-0.22116009281274845,-0.06873690613147582,0.16687775079744585,-0.5401216577394335,0.046173252971098505,-0.035447817999468355
0.9150344983639999,0.9320946841519497,0.845174995815241,0.8913747147202645,0.9232436110071927,0.8924777642988269,0.8924958587367464,0.9368894309665643,0.9086399058683576,0.8848029051046089,1.0,0.8902955478010152,0.8284631093893331,0.853072629583333,0.8868894048076655,0.791001721991273,0.8687813281680585,0.6821537739987408,0.7539518490197369,0.8084476841766405,0.8902878613830973,0.8365183456180226,0.6441126608904539,0.7446116815084933,0.9008448591927402,0.7988377359003479,0.8835934585030668,0.912983719239826,0.9197343781324241,0.9129341795910821,0.8880208306053257,0.7012486544471493,0.9417661155206022,0.9271277780301425,0.9101292426325261,0.853469076947723,0.8992723822430093,0.9292171342129196,0.8790645676617358,0.6823479219618247,0.7785670331976763,0.9094223852120938,0.8788723948162974,0.8566000727010901,0.9191993028723366,0.7653390013463826,0.7436913214755092,0.40996908166815255,0.7840083240560792,-0.9089648351567362,0.5082186483611185,-0.2483393271481619,-0.3517563592897836,0.23969498140056086,-0.05099809937970348,-0.22500824912973488,-0.01698519931353838,0.5063675455022495,0.17596622930906644,0.15142811082681032,-0.9174545837972332,0.2021077793145725,-0.2684025859212663,-0.3129345466994322,-0.15919254714650083,0.1391715983056514,-0.5296947733503832,0.032852003316991535,0.17986073013265141
0.8996152492066958,0.867496145006552,0.8269843163528157,0.876573939436139,0.8917016041780688,0.8089444242372541,0.84011218417621,0.8645606648806666,0.8758138756506798,0.785330189010461,0.8902955478010152,1.0,0.783077436204698,0.8073756533727395,0.8558926936798885,0.7137299240245656,0.8060815008171618,0.6165559348330886,0.6612714457441665,0.7332010889943434,0.8801441034564402,0.8199392808131041,0.5589315273392901,0.6951637313669526,0.8637400211870344,0.7199547129118841,0.8302339935648503,0.8862147021262582,0.8764048766660653,0.8902356087079266,0.8737685751054961,0.6625121608582956,0.9047533501927613,0.8640122380425486,0.8463454936737149,0.8049196297778747,0.7986401609912552,0.8644275286494465,0.7927407129053521,0.6377164839304283,0.686463784074862,0.8316705628049749,0.7857615336109848,0.8073896231239799,0.8668437671463284,0.7433041033678338,0.7176628014941969,0.3524425674146403,0.763240384500274,-0.8455294260476087,0.4779482658510516,-0.25409158268218207,-0.27205890850078396,0.2584467777247484,-0.058938191124604376,-0.30914730318447897,0.009381002266431666,0.4933441154064036,0.13897771484114918,0.11661198582386141,-0.874522886707142,0.06575885995224742,-0.2910738705626269,-0.22549813603099186,-0.18588596527727372,0.08366496310983196,-0.6229681162865953,0.009948509526648951,0.199675884826649
0.7610524519019858,0.8822301177362931,0.6857702716051177,0.7749077578775411,0.8821499209455653,0.8732467390452646,0.8067388664878468,0.8111687709649186,0.8353801713823832,0.9136548868794163,0.8284631093893331,0.783077436204698,1.0,0.6202210125205669,0.7790022956425847,0.8317509840774128,0.781796870463942,0.6317219665771953,0.7938114308964147,0.8581422610028854,0.8642939890258464,0.7528516077111799,0.841359484869979,0.8028831749933003,0.8146426504098749,0.7796634008866086,0.7016840898828441,0.7713583136434942,0.8476564769514287,0.8170657221846784,0.8605100717717299,0.5422681851516243,0.8333319648245725,0.8386414107660599,0.8305033112813272,0.8850114466779155,0.821567530940183,0.8021964031225088,0.8834965183663569,0.8594965507100985,0.8061294419333805,0.8868657414266039,0.877121317700806,0.8589233727219152,0.8618491742557288,0.7537391415853427,0.8016403175152751,0.6353672939022986,0.6132810738991445,-0.8396290786044909,0.30128532437799355,-0.08585564426593376,-0.24847443246659345,0.2559674500385388,-0.06649320347327416,-0.2860374337610068,-0.14000524204967976,0.37094134017971164,-0.10898697797429426,0.021089278476186295,-0.8352909263142732,0.0884545262461541,-0.09069799497453086,-0.17963645267155962,-0.03675166602732988,0.2163251933484002,-0.4897047595451144,0.09822997791449255,-0.16269276347678524
0.8400321786487285,0.793435618686021,0.8464688044436733,0.8479915158368033,0.7684697119908422,0.7571484916021544,0.78535903170462,0.8806643879554595,0.8009423242097313,0.686943685296751,0.853072629583333,0.8073756533727395,0.6202210125205669,1.0,0.791678571496509,0.6578771763610456,0.768805624554588,0.621481412468649,0.5899308136564201,0.637259300433845,0.7580127329715216,0.763489043994168,0.3745200950803541,0.5294562106413891,0.7683972581597821,0.6763157047215801,0.8358148868984581,0.8257341923863399,0.7907797681612203,0.8320834241435604,0.7470069556427478,0.6768182849150145,0.8437352860785448,0.8369959289200803,0.7983665703460581,0.6739723462434107,0.8209724936607223,0.8796554994215063,0.704447687605643,0.4195770036811892,0.6036802695733304,0.7434279833892269,0.7205224462352547,0.6836761280762206,0.807423491746231,0.6065975330043243,0.5289296562793321,0.13362907592323717,0.729797367445527,-0.8063699595007451,0.47673249140831664,-0.33807566792350396,-0.4275515023278287,0.14723432561003308,-0.05229861522386331,0.0017949179133983188,0.12607262327374338,0.6140213964373847,0.30894164368533855,0.24635082460612212,-0.803855742202057,0.14219239766511063,-0.3898067745374877,-0.38977083543051966,-0.21059983121649878,0.03405652971133551,-0.3649742479361603,0.08596212038535415,0.37055608830360465
0.8916984780285511,0.9336435143183414,0.8490143165960617,0.9059835728687257,0.8770337625126208,0.8942478594801175,0.9281788066728303,0.9162779131423382,0.8991134064403596,0.8342366199306809,0.8868894048076655,0.8558926936798885,0.7790022956425847,0.791678571496509,1.0,0.813892659269637,0.9105347090692899,0.8008681756097044,0.8115835834416485,0.8609536756254125,0.83458282504132,0.8410945240025545,0.6719077563716591,0.7308740413107767,0.9083200153903308,0.853886671165139,0.9083459635633969,0.8701816554882217,0.9314679224728236,0.9317507486055139,0.8984694848074639,0.6791101131443119,0.9385193901844704,0.9511333447737784,0.9065745908916762,0.8739318987693682,0.8889060454905708,0.9270543293203766,0.871411977118298,0.6792200712720196,0.7945979544171428,0.8941032985285086,0.8664406278729948,0.8293875398590312,0.8915881547658366,0.7473255545203045,0.730318696477906,0.41451964039409817,0.7820550930799243,-0.9377712980335041,0.4616301282699399,-0.34799661099715573,-0.38333360535948513,0.12072234176636451,-0.024100085719653077,-0.3242611307760204,-0.1828844311399692,0.40793717734821133,0.1300385765077087,0.18848721632786136,-0.9450033615278242,0.1154587984557052,-0.3660986139880671,-0.3676704176037376,-0.26996568050016173,0.07933857424844093,-0.5971137948047414,-0.029709859345895033,0.14490281133985505
0.722241146247682,0.841838383399021,0.7125242902444191,0.7921821476700851,0.789792677162783,0.8337453174485491,0.8242503284865907,0.8539954664425615,0.765597112258279,0.8227102900930948,0.791001721991273,0.7137299240245656,0.8317509840774128,0.6578771763610456,0.813892659269637,1.0,0.8216345039872383,0.7017004563754172,0.7338392772245738,0.8084688721604395,0.7986948688141128,0.8344149627753661,0.7119885508400774,0.7773307150081216,0.8231713596596217,0.7456881976581577,0.8089707755251144,0.7429411846033713,0.8046221835183486,0.8570998634660293,0.8590034432135704,0.6539232939075298,0.8310366825902273,0.8727867750957861,0.8766910744150263,0.8666599739923865,0.8951810596921388,0.8661648043750249,0.8769188052115723,0.7610089762393769,0.6944104288834192,0.8251808540085609,0.8410444809702362,0.6954967364471415,0.8246547566262556,0.5832314955131968,0.7792582944297983,0.6431038727683323,0.6231615825199492,-0.8562011317273384,0.31037690083058106,-0.24603265903311172,-0.43883212580209385,0.03170402455412407,-0.04728484130562118,-0.12494468690374468,-0.16818411785638426,0.2804051762391929,0.08101223412466164,0.06172057573177695,-0.8544635130651482,0.1577192238237131,-0.2879351240281381,-0.4483392125526675,-0.2528690796973583,0.150707758324081,-0.30510293202898514,0.048416502385840235,-0.052193472698672604
0.8624715174011683,0.9228082542790063,0.8737152606165544,0.9076443017568754,0.8489454524129956,0.8654218182648411,0.9671355268589101,0.8915460858342429,0.8907012038174563,0.8545401564312339,0.8687813281680585,0.8060815008171618,0.781796870463942,0.768805624554588,0.9105347090692899,0.8216345039872383,1.0,0.8588005165393487,0.8105173162843758,0.8490366830300917,0.8004987080691709,0.8805279013882207,0.7067831584818466,0.7740276085496001,0.8698926142895119,0.9079814106992706,0.87544878213876,0.8587657649218654,0.9209095506783526,0.8995041821737094,0.9020653471180746,0.7091530428760495,0.8886285169724577,0.9332440527078713,0.9067508439144741,0.8760732768219809,0.8827442378502067,0.916342578228109,0.8986530802238475,0.7085856408653268,0.782574775247379,0.900377960005124,0.9047126413109811,0.8087106376400421,0.9062022480528101,0.7388003450463774,0.7574708320502459,0.4612548895215544,0.7594088592383896,-0.9283726161563342,0.3832809622000995,-0.3296743360150628,-0.4381207369826021,0.11235067305045307,-0.055442955605322364,-0.30025453701725874,-0.19911448039437638,0.35932644550866116,0.039570710265262564,0.1943070458610879,-0.9293190503483179,0.0977045578502652,-0.35145496865355746,-0.4228866124348167,-0.26113208264324156,0.029129946987302695,-0.554858166625465,-0.11020112486982696,0.048976754083334115
0.7234247479158105,0.7825659733026048,0.8145992771433065,0.8262745693961662,0.6494553083959966,0.7547146621057815,0.8611620123966767,0.7163566979954112,0.7627345999187967,0.6858509257047416,0.6821537739987408,0.6165559348330886,0.6317219665771953,0.621481412468649,0.8008681756097044,0.7017004563754172,0.8588005165393487,1.0,0.8199096899675354,0.8060959310542208,0.6225285057261037,0.7634687125231541,0.6688570878080665,0.5372089408523925,0.6605449773021269,0.8748425491220159,0.721804746205055,0.7137966069492884,0.7960156748455671,0.732825199472783,0.7492147279153274,0.4553197929669257,0.7272127414344607,0.7941772568306169,0.7459106623059922,0.6884707917377227,0.7140897137663038,0.7586228377969423,0.7248766868162985,0.5305173941605411,0.7423079105538335,0.746489978144036,0.7535377542763853,0.6664117040298968,0.7425608398388905,0.5782270238755655,0.5388782984504321,0.30462515173362004,0.6156827972356345,-0.8373688675765392,0.22844897497133754,-0.4395353322146405,-0.4674941052968372,-0.09226616467868344,-0.059276456497828305,-0.40729071153164537,-0.39596986857714156,0.20362672261532666,-0.09557120012008385,0.38424757195662446,-0.7756269878252002,0.0063542485576249565,-0.41957811370743264,-0.43536591710081346,-0.27855173982249737,0.03557657120329438,-0.5672288936998499,-0.2161396605058026,-0.03437475030000873
0.7437291815501562,0.8760485834250726,0.7048949811805157,0.7670546399395393,0.7610292642621554,0.8926892622874979,0.8454944061836539,0.7682902297193922,0.8228024049440587,0.8393785593665809,0.7539518490197369,0.6612714457441665,0.7938114308964147,0.5899308136564201,0.8115835834416485,0.7338392772245738,0.8105173162843758,0.8199096899675354,1.0,0.9164552384811945,0.7036774005991794,0.7168668405977955,0.8664092363874034,0.6566063555112062,0.7514930294068474,0.8900919125733987,0.6971323668626135,0.742943705190691,0.8716369427026214,0.7634699720184936,0.7839719742042084,0.39608160752385296,0.7994989461286264,0.8240929488591964,0.7854399994532103,0.7956407922221264,0.7741468882496884,0.7775568926098101,0.832353228618689,0.7176192221233966,0.9006455749254394,0.8893833047646379,0.8660224063898131,0.8490931549722353,0.7972989114825673,0.7471948027206613,0.6745082407520254,0.4246926002561105,0.6772284957930889,-0.8247447161006048,0.28178724495827384,-0.16696764920267473,-0.208485965688213,0.27709403500013646,-0.07566771531560249,-0.356684284900309,-0.24591691538032942,0.3403937245367331,-0.08954288908061851,0.12075502489230408,-0.8316906054158469,0.04346889582452937,-0.1434005423255504,-0.1552534978394164,-0.041862540176106515,0.11613937445199206,-0.6074303240283712,-0.010897752924715688,-0.08741010400248028
0.7743972790768675,0.909644609411521,0.744849774607403,0.8243179602570778,0.8295680526365711,0.913022098565296,0.8870760614348144,0.8272087442245607,0.8697198270682454,0.8921126054840808,0.8084476841766405,0.7332010889943434,0.8581422610028854,0.637259300433845,0.8609536756254125,0.8084688721604395,0.8490366830300917,0.8060959310542208,0.9164552384811945,1.0,0.7873726537467256,0.801410887969146,0.8510411698533304,0.7528702805972831,0.8011246809873673,0.8839641093889117,0.7502007056809998,0.7805919907309192,0.8964431928246704,0.8218635398714058,0.8469277178312841,0.5376252906466181,0.8513452376843402,0.874783187745214,0.8413292855057343,0.8614130965326814,0.8260108734522039,0.8341397354551167,0.8785493761856618,0.7716801472864725,0.8933513829859534,0.9125458727619985,0.8857205707238346,0.8766457689433008,0.8695269133071027,0.7964392103825408,0.7274084590068759,0.4974019031025622,0.7143362155533296,-0.8737603895277612,0.33188897805328,-0.1539625294284721,-0.25189207086728377,0.2218749105010479,-0.057433087163708665,-0.33452723421287733,-0.21420485673180575,0.3577302561437516,-0.04961031486101671,0.10563643975156387,-0.8759398821723577,0.06305435823987388,-0.1560561703530573,-0.21131554858363172,-0.09418214125937299,0.15330629052193348,-0.6067804711975611,-0.014447247424103775,-0.04307627730363724
0.853252773285485,0.8770382412933179,0.8129582536127923,0.8610641472558704,0.9080892512093823,0.8566058214518448,0.8317022268446624,0.8762261990563789,0.8490763112416028,0.845373797231671,0.8902878613830973,0.8801441034564402,0.8642939890258464,0.7580127329715216,0.83458282504132,0.7986948688141128,0.8004987080691709,0.6225285057261037,0.7036774005991794,0.7873726537467256,1.0,0.8039002335596352,0.6266110252701443,0.7167215772016994,0.8462682744251699,0.7422485352803113,0.8273314385302162,0.8733343321395669,0.8715761993187016,0.8957217829422919,0.9034102197153435,0.6602791422081088,0.8843811515019313,0.8814973642315633,0.8650540889865466,0.8321352270026442,0.8607929618697316,0.8699132578233055,0.832990906955432,0.6942597761074434,0.7600324528992282,0.8539643216800441,0.8424110636475334,0.7892779825056615,0.8763268928727665,0.7024732600541083,0.7077391755650981,0.4654500609761213,0.6976880915882543,-0.870919352134896,0.4182346686936786,-0.22199318956128178,-0.34744927296896727,0.2130298455469641,-0.0773500569574342,-0.20173912820464288,-0.10701865207319892,0.38620934318656597,0.083362156056183,0.09097259329488461,-0.8720765135954458,0.15448209259619491,-0.2566881555950688,-0.3116899637443688,-0.15277595281378886,0.12876791922731415,-0.4761339862351185,-0.005850712340343356,0.08250312760748384
0.8298597949009766,0.8555003957774406,0.8424511885407583,0.8886161489673806,0.8106244835165298,0.8145376384974077,0.8823726475151613,0.8620528378609095,0.8388750593709773,0.7844125254319452,0.8365183456180226,0.8199392808131041,0.7528516077111799,0.763489043994168,0.8410945240025545,0.8344149627753661,0.8805279013882207,0.7634687125231541,0.7168668405977955,0.801410887969146,0.8039002335596352,1.0,0.6124785247518696,0.758978905452404,0.8275899167785538,0.7734569365224045,0.8478460747753409,0.8324428286598228,0.851439730739019,0.8727457926038418,0.8968835731823623,0.7628313297381555,0.856820377144377,0.8808119100362531,0.8789042285718415,0.830252406589392,0.8490202767088366,0.8966697003944472,0.8440775624878589,0.6659689471631178,0.6832242842972874,0.8206379038255175,0.8143206452105111,0.722243648173782,0.859187274790738,0.6567899238086199,0.7614837939033359,0.4588433588768619,0.7403329146201796,-0.8675456459019026,0.3901012498019902,-0.291584636572625,-0.43937605964122595,0.0678597621548465,-0.04541439132566265,-0.21044550700497416,-0.09409059775697891,0.38216769779707765,0.12177396738316187,0.21329226090025477,-0.8749836591077674,0.08037754753509907,-0.36092020926410373,-0.43162698101471036,-0.3080294224997944,0.09223306036550476,-0.48655575621025265,-0.05304818228031517,0.15478572939269694
0.5786104340414651,0.7815530205225154,0.49779974264507043,0.5959540769846526,0.6991478772667968,0.7795143791198338,0.7302987226288916,0.6419139304493269,0.7077880675177404,0.8278812506754443,0.6441126608904539,0.5589315273392901,0.841359484869979,0.3745200950803541,0.6719077563716591,0.7119885508400774,0.7067831584818466,0.6688570878080665,0.8664092363874034,0.8510411698533304,0.6266110252701443,0.6124785247518696,1.0,0.7195452057837398,0.6789369566529843,0.7769533071172318,0.5245426847800098,0.5794027101075039,0.7500179930483116,0.6413408747538104,0.7146514987120078,0.3178815158715131,0.6764806036644966,0.7042681547631183,0.6882034358237198,0.7972901124461819,0.6772079204596847,0.6360211886640249,0.8172513121996435,0.8694512002999608,0.8095042885489123,0.8140328059265185,0.8105628802474057,0.8026080851731209,0.7117492724423904,0.6988561898994007,0.7281091869543859,0.6753525092770175,0.5233047080328104,-0.7051164488860353,0.16690994167470488,0.023098501628782592,-0.09992511673519654,0.2919495239523112,-0.03266085677673529,-0.3817331598312552,-0.22275007002056182,0.2496535922060693,-0.2407615453170824,-0.0522095769819644,-0.7251999107102983,0.01001724435507063,0.03383433741296862,-0.04227822564125745,0.030665477285667646,0.19534221107038013,-0.5360851777069795,0.058495606726417314,-0.3071148307174664
0.6700452801189384,0.8027748935654503,0.5774835985839761,0.6652301075554385,0.7755254907045891,0.7401747219522218,0.7625186599772131,0.7508078113163048,0.737484515078552,0.8109331608506288,0.7446116815084933,0.6951637313669526,0.8028831749933003,0.5294562106413891,0.7308740413107767,0.7773307150081216,0.7740276085496001,0.5372089408523925,0.6566063555112062,0.7528702805972831,0.7167215772016994,0.758978905452404,0.7195452057837398,1.0,0.7844640065687186,0.6882646010807084,0.6813307339181396,0.6852958019945139,0.7771102169798896,0.7610016344511623,0.7996598233395158,0.7844357854574635,0.7502847635249098,0.7762212294476079,0.7913489044550457,0.9018156136005329,0.7720418211566461,0.7557641092547629,0.872031441567194,0.8656062849309488,0.6760378380746135,0.8148458218193776,0.8147243062727364,0.7545127175210726,0.7869395466014097,0.7024067568942918,0.8635295214302233,0.7229953013854467,0.613846205695919,-0.7451971054523187,0.33413009470952837,-0.020895320346005743,-0.24323183808270069,0.23665131928460856,-0.031337968736700146,-0.2042449628201862,-0.04463518940377689,0.29787583611530744,0.010604092835913856,-0.09937024032122559,-0.7907785711653844,0.11758299398690684,-0.060731577947185936,-0.22704873271191114,-0.1358690672300539,0.17482714775994834,-0.40008979776940706,0.05888198474505145,-0.08143483766290502
0.8637795755748569,0.9127088496173028,0.7710347686377249,0.836410524061192,0.896849384981629,0.8767986728964078,0.8800746256792926,0.9214071110313335,0.8530868794701759,0.8529930936921899,0.9008448591927402,0.8637400211870344,0.8146426504098749,0.7683972581597821,0.9083200153903308,0.8231713596596217,0.8698926142895119,0.6605449773021269,0.7514930294068474,0.8011246809873673,0.8462682744251699,0.8275899167785538,0.6789369566529843,0.7844640065687186,1.0,0.7826181235081253,0.9058855488774965,0.8480387534739265,0.9001638479000116,0.921670709258914,0.905362793001561,0.7028531371667522,0.940660989681572,0.9294622885527647,0.9154271934525168,0.894217001223656,0.9050663736634154,0.9142332196347562,0.9003765204277335,0.7414329840596227,0.748815845704104,0.8935540670965586,0.871837257497897,0.8102962069515772,0.8807264663001243,0.7271931533900463,0.8081757316190865,0.5057588427975981,0.7979580395776575,-0.87566326384345,0.4918744655715971,-0.22454606163011856,-0.3251937978291153,0.24308839961711454,-0.036041254806481314,-0.2200862080452331,-0.046444924274363746,0.43365572460853163,0.18817849313603915,-0.007381761024975687,-0.9429008367385173,0.1866924810958255,-0.29541275894037056,-0.3341846448619726,-0.2564473992378729,0.06906353933982744,-0.5174073018259914,0.03206304041709474,0.13264950770606945
0.7931963064835411,0.895637999807775,0.838482341030562,0.8589901001782834,0.8000917741784095,0.8695981173074022,0.9262440544576972,0.8186825136723179,0.8653946259950293,0.8433471635707814,0.7988377359003479,0.7199547129118841,0.7796634008866086,0.6763157047215801,0.853886671165139,0.7456881976581577,0.9079814106992706,0.8748425491220159,0.8900919125733987,0.8839641093889117,0.7422485352803113,0.7734569365224045,0.7769533071172318,0.6882646010807084,0.7826181235081253,1.0,0.7646909636222233,0.8046841086233795,0.8941131130716141,0.8115285712405167,0.8280404474364768,0.5244584006573914,0.8325376397848921,0.8706381581217186,0.8392414517539459,0.8106672924002588,0.8070407865527401,0.8306765689609931,0.8509437301776326,0.6783741450925711,0.8764070638533265,0.8963924430430478,0.8980204028907997,0.8313498085135045,0.8581083516419039,0.7540685931589272,0.6787423288125117,0.3714978375361383,0.694930993218362,-0.8798086117307,0.3166807884106077,-0.25534793535204187,-0.3310168497059257,0.20017187911548004,-0.07008055990145193,-0.34329376928882327,-0.2535211628998216,0.3430796749356836,-0.08774687176741269,0.20112774221374236,-0.8680330284070432,0.056736688367381174,-0.23773437072563636,-0.26469372537262,-0.1141832294795919,0.01360554936189602,-0.6118147173847782,-0.10050092374452707,-0.04813245322598843
0.8597420248134936,0.8703785881479642,0.8502032052165629,0.8818017772162721,0.8290096196064289,0.8289806564516533,0.8820848932307963,0.931761895341182,0.844180435687241,0.7788319611729885,0.8835934585030668,0.8302339935648503,0.7016840898828441,0.8358148868984581,0.9083459635633969,0.8089707755251144,0.87544878213876,0.721804746205055,0.6971323668626135,0.7502007056809998,0.8273314385302162,0.8478460747753409,0.5245426847800098,0.6813307339181396,0.9058855488774965,0.7646909636222233,1.0,0.8574816809721425,0.8650673704035335,0.9226062461385504,0.8673370011484043,0.7484661900391175,0.9181579626404466,0.9325351873587834,0.9105240249151708,0.8140007496284923,0.9099388378126685,0.9337854807646669,0.838692313929101,0.5748295207270588,0.678860351081182,0.8297062655658349,0.8117047965488077,0.7167696285034505,0.85586032668883,0.6326065049691798,0.6862607311550086,0.35852192825913554,0.7960482006409446,-0.8977794399325741,0.5503324888598093,-0.4270345294270287,-0.48487373397893285,0.0670248755727418,-0.053320470646465744,-0.1719066433953882,-0.10675140309743443,0.38360308774227175,0.30830029724876584,0.15695278807239185,-0.9222182882425162,0.26391021790041347,-0.4909768629182107,-0.5016806756602115,-0.3603579050500097,0.014234829964425636,-0.45566378842623345,-0.08826521982682727,0.2733708920218285
0.9533569179195734,0.9095662697207093,0.9085239183449804,0.9216270068367466,0.9033225029368904,0.884260303241735,0.8859264818540301,0.8908969599673946,0.899233561003663,0.8308650470442793,0.912983719239826,0.8862147021262582,0.7713583136434942,0.8257341923863399,0.8701816554882217,0.7429411846033713,0.8587657649218654,0.7137966069492884,0.742943705190691,0.7805919907309192,0.8733343321395669,0.8324428286598228,0.5794027101075039,0.6852958019945139,0.8480387534739265,0.8046841086233795,0.8574816809721425,1.0,0.9228284891998606,0.8972539357676806,0.8671469632957717,0.676856720079181,0.9215359611217031,0.8967761974632796,0.881384071246414,0.7964362357372563,0.8449577592250356,0.8938790645543377,0.8220590010258559,0.6071912295755431,0.7948689777329453,0.8769281181165195,0.8479527260490622,0.8171954047092369,0.896195837510279,0.735282968134805,0.6795148723372141,0.329816780487142,0.7731971619389756,-0.9022059810944811,0.46735789187159865,-0.3065516351442113,-0.3272162184603232,0.20063088813503016,-0.07680723015418546,-0.2873006890385065,-0.12695603099626993,0.4068852054474032,0.13183627023161448,0.25970321649791694,-0.8868079577656638,0.1474446196474183,-0.31468533949183103,-0.2933928456979026,-0.1579060717446035,0.05802803687244199,-0.5766771545107622,-0.09309950576401314,0.18761895604118942
0.9261330471196316,0.9711562207954224,0.8677952681005235,0.9132854661471118,0.9210974687040071,0.9377932827592014,0.9463266245371923,0.914993284685205,0.9362535024608257,0.8995124081669448,0.9197343781324241,0.8764048766660653,0.8476564769514287,0.7907797681612203,0.9314679224728236,0.8046221835183486,0.9209095506783526,0.7960156748455671,0.8716369427026214,0.8964431928246704,0.8715761993187016,0.851439730739019,0.7500179930483116,0.7771102169798896,0.9001638479000116,0.8941131130716141,0.8650673704035335,0.9228284891998606,1.0,0.9282094137160938,0.9198228196800747,0.6624202052812851,0.9445677772504204,0.9461761413732916,0.9176610664023436,0.8956288206092011,0.8889120382024343,0.923879433098958,0.9094907928960518,0.744507296243389,0.8778968450684057,0.9531388299297042,0.9253808322758659,0.90474444233916,0.9326725902362305,0.81643575465138,0.7689076018686243,0.44973368090942334,0.7837307352697483,-0.9412520615726107,0.4396320492184297,-0.24037944411752923,-0.3033527279389889,0.2537881714611071,-0.050576043298730104,-0.3319872827532088,-0.14732466921211662,0.4391790657619659,0.054736661044858075,0.16664634781079976,-0.9469894606139788,0.10312996437086742,-0.2408529765526493,-0.26058987064209393,-0.14360455361360117,0.09137437890417287,-0.6294312411730071,-0.03297543417860643,0.0882061392906774
0.8962095879054516,0.9300480931118764,0.8577813038234794,0.9118407081905211,0.8967821937329026,0.884430022793017,0.9122510437066356,0.9423842965153707,0.8948405848918511,0.854162271712901,0.9129341795910821,0.8902356087079266,0.8170657221846784,0.8320834241435604,0.9317507486055139,0.8570998634660293,0.8995041821737094,0.732825199472783,0.7634699720184936,0.8218635398714058,0.8957217829422919,0.8727457926038418,0.6413408747538104,0.7610016344511623,0.921670709258914,0.8115285712405167,0.9226062461385504,0.8972539357676806,0.9282094137160938,1.0,0.9435552474110886,0.7347382499483761,0.943176929989151,0.9570059835756832,0.9441496926766826,0.8985630968267776,0.9301004685787738,0.9505188831014009,0.8946809443494457,0.7055463321024088,0.7551977062403571,0.8981605832345503,0.8794220680058461,0.8062634593240507,0.9151860799955864,0.7188607192746902,0.7865571090834846,0.47023060227211894,0.7800618855137469,-0.9309461815399727,0.49251814238787367,-0.2978777218456331,-0.42829257428448714,0.135892649088425,-0.04237981165323905,-0.2073654508491455,-0.09047732919962094,0.42253783753717505,0.16780587635181538,0.11194798012680977,-0.9549796891326322,0.15615037482946378,-0.3562979228801869,-0.4146741377220818,-0.29699663525013903,0.09836489408849426,-0.5129019685532522,-0.04154899232177392,0.16008466784991301
