0,1,2,3,4,5,6,7,8,9,10,11,12,13,14,15,16,17,18,19,20,21,22,23,24,25,26,27,28,29,30,31,32,33,34,35,36,37,38,39,40,41,42,43,44,45,46,47,48,49,50,51,52,53,54,55,56,57,58,59,60,61,62,63,64,65,66,67,68
1.0,0.7729715898046914,0.8588647673887532,0.8438086964090785,0.6630302010714207,0.7788277885749865,0.7044914520393181,0.7157234327348535,0.6447926361511017,0.6891942079910535,0.719575421587506,0.6118039017800542,0.5609627193465717,0.755339293711184,0.7375702621002569,0.688607863064623,0.6197912029655128,0.6447299527303257,0.6658090324073547,0.6949708880040751,0.6755684603484006,0.6641029335264585,0.4544866285252362,0.6253638184372053,0.7921159398031616,0.5805813050730412,0.6875292524218058,0.8561636591250061,0.831855873864123,0.8056321303968843,0.7416423750532192,0.4067069935093208,0.7160941897788821,0.7810231795766142,0.7459371123138664,0.6821915056487649,0.7332196039876997,0.6997353726023545,0.6920526020060551,0.5447261353706941,0.6651667824603829,0.6935248755586861,0.6654157014772987,0.6485209610831786,0.7306526710504202,0.43375942732030587,0.6433807047262308,0.4055461513513372,0.5491711586390626,-0.7421326816787785,0.2709411305658125,-0.22126671443641668,-0.24775754510856057,-0.11072645927544361,-0.12719109928922565,-0.383160685133889,-0.506365908903958,-0.09828182366503266,-0.04068885671793705,0.46059646518373404,-0.7550318951636403,-0.025199645654012365,-0.2616310411337428,-0.2648086482063904,-0.2712843820530241,-0.0243649768020669,-0.440537416273586,-0.2279186122983799,0.09604165782883636
0.7729715898046914,1.0,0.8981780550617697,0.8896687442693042,0.7962555024557196,0.8059579872372767,0.9274642833271324,0.9555983334413041,0.8952232454334107,0.8893873156720642,0.8934858581466341,0.8192252849552021,0.8504138570492499,0.9504321009743285,0.9628730378914031,0.9099791933358454,0.815440988145995,0.8935539046752462,0.8423030972663573,0.8498756656231191,0.7680507614071035,0.8945350362034131,0.813671768992355,0.7977921829682457,0.8370208695544719,0.8782378260036136,0.9364116496434963,0.8361233013884547,0.9398569910316111,0.9424892783538923,0.9176537818747784,0.7268319122006343,0.9262046600765698,0.9554573795264762,0.9512962919640066,0.9404100502058097,0.9620031226585556,0.9433995357491645,0.941072731652511,0.8164855357241705,0.8451217444056943,0.9232374912524192,0.8582450947038186,0.8550708526019546,0.8695652534944758,0.6778263254317307,0.8852285943731515,0.74498211330119,0.663378958102254,-0.9611861761491847,0.41501460298961723,-0.4674266813716505,-0.5393928951446141,-0.251227537317395,-0.17250119850587664,-0.25585039464807363,-0.41252768496945835,0.11545559139185495,0.023020248451102062,0.6670771385619003,-0.9614391993913423,0.20953404155492789,-0.4790270121093132,-0.5833417737490815,-0.3160315992786257,-0.12880641019605654,-0.46704431507432403,-0.10110089640710819,0.17238970697542202
0.8588647673887532,0.8981780550617697,1.0,0.9252774252491708,0.6995718957442005,0.7787624576374179,0.8772284992079717,0.8555605701726487,0.7783561684690681,0.8151734443860728,0.8391226929339705,0.7030638791074844,0.6686205361132188,0.8819041028755978,0.8822359937308862,0.8325311137413373,0.7864649984061546,0.7999606330522758,0.7494497307407499,0.7877655720215989,0.7886651047768408,0.840223376305988,0.6291877288462939,0.7226734352096333,0.8550233825349677,0.7905283116290458,0.8620323348941794,0.9066764387659859,0.9169800220074537,0.91069622817669,0.8695547056056032,0.5948444593844875,0.8480549115481902,0.9079682209896276,0.8842929559097,0.8331520827181722,0.8860112293565321,0.8508392404851416,0.8354740713479547,0.6815188479256825,0.7444121996199877,0.8061244417903807,0.7685085058582052,0.7465402000383431,0.8250244893324481,0.5250478478230522,0.8100771740862011,0.5664859676691579,0.7340690314294013,-0.870729610439041,0.41749247879239754,-0.3743611403822102,-0.41950618006232104,-0.15363230488194818,-0.2183586795141765,-0.2765265611815851,-0.47156722890951075,-0.00023433574772865098,-0.011799984473824876,0.5358517208263699,-0.9128317902158521,0.08023334071241275,-0.37634161063289884,-0.465206503918469,-0.347465131408518,-0.10677000277885854,-0.5133118070811404,-0.1989941333428384,0.06176186858561548
0.8438086964090785,0.8896687442693042,0.9252774252491708,1.0,0.6962451567653274,0.8410237196155317,0.819187974458217,0.8535905000404956,0.806570457370591,0.7985450527931204,0.8135569017570663,0.7391185494732868,0.7214778947447328,0.8681763574019,0.8712002239395332,0.8292133015674438,0.7026489246628562,0.7815302201196174,0.7557941005390492,0.8065829781832452,0.824278046094061,0.8635865414149667,0.6200288191715092,0.7532988667037982,0.8501532320016633,0.7249852061781408,0.8359799423500369,0.8887224465755278,0.8922731959660952,0.9186390896803558,0.8990768242115835,0.5250129872318682,0.8421082933203746,0.8912780567184392,0.8857274691198054,0.8317778466325694,0.873791532449572,0.8395668029343499,0.837756126042465,0.7145365256331684,0.7335111095117613,0.7752010017343188,0.7481807604413019,0.7554647164791545,0.8452254801811989,0.5357473988669298,0.7920824669794762,0.6010598390740098,0.6778035507857418,-0.8644584347224629,0.3731290722552059,-0.34654195929092385,-0.4240596708122649,-0.18984538188752548,-0.20555153921780925,-0.25833001212579354,-0.48191313402401975,-0.010570911803499465,-0.031600628232584006,0.5284508193866685,-0.8997493522305325,0.10112800813986765,-0.34988846940561946,-0.4580223512328656,-0.3606004522732316,-0.11312479126780685,-0.5255152771101701,-0.22775505987435954,0.07905092245274829
0.6630302010714207,0.7962555024557196,0.6995718957442005,0.6962451567653274,1.0,0.7429503934119472,0.7286842820835505,0.7603838617742665,0.7257713471507211,0.810859073758105,0.6981546830461398,0.72884431099337,0.7276282627895442,0.7804433048084648,0.7576770401658409,0.7113965139381828,0.6240605735266982,0.7171136882685972,0.7143252346145267,0.7130547731906536,0.6723298809291622,0.6742293022483724,0.7042844491432487,0.6105379575487644,0.5945532492841421,0.6876555286693418,0.7157879650134504,0.6677429369736224,0.7243727225408477,0.7179229029029731,0.6691709868461239,0.5977506006068258,0.7469549948613634,0.7449664765248915,0.7307631627734978,0.7462984720563778,0.7695618521726936,0.7557765741341155,0.7763184577937747,0.6443754037160068,0.7801619633605846,0.7716493054937261,0.7287780496390461,0.6840431396281572,0.6383322672544819,0.5893329664432941,0.6752123798671709,0.6122568215462,0.4485455872847451,-0.772083888641072,0.29850707481314265,-0.30866278556738946,-0.36857017496939104,-0.1907517658039325,-0.05696924080391721,-0.3059754803820642,-0.3833344110121468,0.03265965543908241,-0.0510960562893419,0.49464180440844563,-0.7575244905565967,0.11120659284403799,-0.38698987559070636,-0.3899427137041246,-0.16393989057905714,-0.08729525764019933,-0.440551833691608,-0.043296419963215184,0.13714305179836958
0.7788277885749865,0.8059579872372767,0.7787624576374179,0.8410237196155317,0.7429503934119472,1.0,0.695654329623937,0.7605999328464301,0.7332400092614554,0.7648678762122978,0.6772297443530515,0.7021318329841829,0.7316300799021693,0.7808739408175205,0.7736853137774798,0.750172014987499,0.54129664695443,0.7058176219081459,0.7259860319579015,0.8640119118840592,0.7212720859607485,0.763889345495816,0.5777261319319551,0.7078854804016972,0.6755368222533399,0.6156287557403494,0.7382632946763119,0.7807630199358347,0.7795602477882657,0.7868133760161116,0.7476055124293475,0.4393582433817295,0.748725865751355,0.7892316286755693,0.7605875282576218,0.749967329864349,0.773385124798582,0.7438284704455737,0.7636619179386228,0.6754844045884275,0.7555078831334103,0.7361488391991468,0.688769852711384,0.7100210903186409,0.7361267392661845,0.5568173998709367,0.6574135354472488,0.5819198138686911,0.4951270976280383,-0.777159203167608,0.3244944738925281,-0.23769077929047186,-0.3285711916974458,-0.17042377465899594,-0.08832392371381215,-0.3167331283291829,-0.5112470744638968,-0.02891457590740744,-0.03304444970003718,0.5393566820780437,-0.7938509102227918,0.13079807499705992,-0.276849569588376,-0.3851217515547476,-0.23934390455059448,-0.07096260247299577,-0.5258189636111584,-0.19620258319882455,0.126770139029395
0.7044914520393181,0.9274642833271324,0.8772284992079717,0.819187974458217,0.7286842820835505,0.695654329623937,1.0,0.9016340754150486,0.829083534794795,0.8532969826334442,0.8676441959322253,0.7039432518494227,0.7712161693568972,0.8921736459852991,0.9172329636670687,0.8735912178518995,0.9223114005705703,0.8661620501867148,0.782945247197947,0.7835637722835872,0.7043791170222073,0.8778799418248554,0.771714681437378,0.7549314136757773,0.8073434157172392,0.9215453515828284,0.8961758548108657,0.7990973842159255,0.9059711139263862,0.888836492786264,0.8702123068625418,0.7962237626235172,0.8666964450017378,0.9153654987148331,0.9133878939200746,0.8913220983998602,0.9155659882671309,0.8939097354575919,0.8933572311736558,0.7399970808434527,0.7912588132677497,0.8909539098267663,0.8348761435983902,0.8044239809043726,0.8371398937678552,0.6693781854901785,0.8743978614029267,0.6452522663751918,0.6895668699915469,-0.9014313281981372,0.4082081185656898,-0.4154546530692166,-0.5111663285804406,-0.17185077755353487,-0.20329295942249148,-0.18227220371823807,-0.31994002606208843,0.11381917849545384,-0.02560898432540539,0.5909791552198956,-0.922234651745979,0.16009744454994962,-0.441147049895366,-0.5729157470362009,-0.30930457681088946,-0.1600648140162225,-0.41542091127322767,-0.041709127539838395,0.07859020910064633
0.7157234327348535,0.9555983334413041,0.8555605701726487,0.8535905000404956,0.7603838617742665,0.7605999328464301,0.9016340754150486,1.0,0.8761847470512736,0.8865110745829803,0.9259053577200326,0.8466312101785978,0.8544358870311932,0.9394428362933904,0.965659620169227,0.8901903355666028,0.7830247624630022,0.8755891633018121,0.8087958127769478,0.8286533464923171,0.772674379833303,0.8755965763045088,0.8408081257047983,0.7671686774472731,0.8273222017790042,0.8598914173634362,0.9433480826941298,0.772055632614046,0.9023353980626884,0.9245810158264082,0.8929101979263813,0.7308729569053715,0.9433306137159034,0.9500760320792755,0.9341179813314624,0.9167499580782406,0.9533618768425409,0.9608090672818571,0.9363969881300692,0.8126027767934514,0.7879236514860279,0.8890594676402787,0.8259793644298641,0.8856051169768734,0.8676816816929187,0.6668886120761105,0.8804186866828906,0.7762547028388886,0.6454427925302918,-0.9584224563218061,0.33365466336098176,-0.5355726410890617,-0.6010563591539058,-0.302750423242643,-0.1698211365211575,-0.2037698208566677,-0.35121597077311983,0.21568378212149764,0.05387824997992873,0.6786933706679945,-0.9476407138703761,0.18440798023170824,-0.5287592230051095,-0.6117726875140025,-0.3296136955841745,-0.11233663464352125,-0.4237760346025535,-0.08350431207780629,0.15707415608121725
0.6447926361511017,0.8952232454334107,0.7783561684690681,0.806570457370591,0.7257713471507211,0.7332400092614554,0.829083534794795,0.8761847470512736,1.0,0.8282395064972251,0.7890544638592243,0.7830181347014161,0.8359077689298539,0.8640057746528088,0.8832849201656852,0.8619609350092058,0.7357473434042939,0.8120186126197293,0.7135515401502326,0.7686340322867765,0.7344909379475406,0.8460607736484879,0.784465956210185,0.7177751933607175,0.7186298381069355,0.8079397383100526,0.8695917901599329,0.7176680658675323,0.8176450425337761,0.8577602982864494,0.8588920608609778,0.6948743376937988,0.8543867268484399,0.8513074716765981,0.8732541520255703,0.8773949863433713,0.8723373409327894,0.8782799224093119,0.87491393321229,0.7803640408052567,0.7616466527948449,0.8517987224775221,0.7367435229420821,0.7291437017439527,0.7913077018185094,0.6382186613093701,0.8270293221901915,0.7146996814924922,0.5476543794755,-0.906462158070787,0.40222928774839556,-0.49742455960324833,-0.598676338221026,-0.3854272091430609,-0.12928026919814695,-0.26385209490931094,-0.3409205775053336,0.08657949830672909,0.010424022636400061,0.6681493290365843,-0.8675114679293248,0.307607918280742,-0.46790021562013945,-0.6290297058579266,-0.35349225904665277,-0.09267690722533202,-0.3468161877310714,-0.09218482301814168,0.1812145516300363
0.6891942079910535,0.8893873156720642,0.8151734443860728,0.7985450527931204,0.810859073758105,0.7648678762122978,0.8532969826334442,0.8865110745829803,0.8282395064972251,1.0,0.8223802395122018,0.7326128352604715,0.8029029209212578,0.857482396388127,0.881520633905661,0.8454179077951101,0.7567366656106003,0.8155852100918672,0.7292107424350671,0.8075090370592631,0.7728622256900979,0.835282956157461,0.7768033808477449,0.718336367980077,0.7100878175330576,0.8447369813797491,0.8713760305957303,0.7671378251068367,0.8311108794429481,0.8596397869318566,0.8329812559736851,0.7195040976455498,0.862590028594982,0.8725593713541152,0.8626904233753993,0.8631441837499115,0.8722761796498631,0.8659668469675991,0.8891465344434816,0.7682653045745133,0.8288773480212879,0.8730891059338253,0.79577429888633,0.7980521458481749,0.8205861957869051,0.6921202841351604,0.793212631063464,0.6771966546886174,0.5763462036376591,-0.8857206187451726,0.3212006704331975,-0.4132337687193764,-0.5341566469520113,-0.25577733338808784,-0.12153696123910798,-0.19908780073641583,-0.3401977670823578,0.08076213219610778,-0.009512314599272556,0.6327455319849519,-0.883210134972543,0.13022817129786582,-0.44510038268919405,-0.5519845680114865,-0.2710413824200708,-0.07345841249479391,-0.44746570968776284,-0.08250947887434956,0.13884210189741147
0.719575421587506,0.8934858581466341,0.8391226929339705,0.8135569017570663,0.6981546830461398,0.6772297443530515,0.8676441959322253,0.9259053577200326,0.7890544638592243,0.8223802395122018,1.0,0.7870635867576179,0.7715404634970521,0.8934399954516908,0.9157558864996967,0.8473758275412563,0.7911815893907339,0.8175248769563458,0.7490774008641303,0.7157414952289045,0.7741619874457909,0.8185774285825584,0.7986460158541723,0.6739991491789433,0.8257651738072661,0.7988914875427331,0.8804243126396468,0.7607395260024198,0.8553277799591413,0.8968539002183454,0.8445884089208634,0.692240302094342,0.8819466403061546,0.9144914954017516,0.8885763736210546,0.8522873780730543,0.9041304622752621,0.912806932432015,0.8770816240569849,0.7442963699442221,0.6727395046131396,0.8175277202034525,0.7848320650468029,0.8141552743388294,0.7989890869098243,0.5893016221032503,0.8439027527137833,0.6992298109054274,0.6187384997726082,-0.9032128652364388,0.31882023539579246,-0.5055518373591747,-0.543359919481326,-0.2933772430310322,-0.1922988905021735,-0.17180142689391026,-0.29836607822491634,0.18175024472381182,0.04005606816251446,0.6060138049990773,-0.8875224031177129,0.1484043157538568,-0.5232022004066482,-0.5538713062181185,-0.35037020144519854,-0.09426084382443062,-0.3256876232521853,-0.10680487507919367,0.1119528492025328
0.6118039017800542,0.8192252849552021,0.7030638791074844,0.7391185494732868,0.72884431099337,0.7021318329841829,0.7039432518494227,0.8466312101785978,0.7830181347014161,0.7326128352604715,0.7870635867576179,1.0,0.809077855015929,0.8202141953942108,0.8370810074434976,0.7550388258987937,0.5691333425276713,0.7615979073577724,0.7252360342122822,0.7431649610364378,0.7444785499437706,0.7177214765463836,0.7759786150853466,0.6518640410935644,0.6791981004286967,0.6480004333089031,0.7964408480339468,0.6282480601843077,0.7262353547778985,0.7926306300814829,0.7270724880207713,0.5731380058915717,0.8530362110179767,0.811528545600183,0.770453664778195,0.78131606363172,0.8083518829146595,0.8548497452020486,0.812060238947418,0.723438783377562,0.6630883486423996,0.7068248164320181,0.6860406325066797,0.7613822100045126,0.7145956660892884,0.5539708459392229,0.7662895524102926,0.7731507316705517,0.3896576203570553,-0.8530462761925263,0.26219945773039427,-0.5306847331653154,-0.5386941492520566,-0.37331575175564746,-0.10306950543204005,-0.29696576639616845,-0.38522740737160655,0.1800048724638079,0.06354107341619326,0.6118303382230373,-0.7971232840447094,0.21866358949428796,-0.5319194294638362,-0.5191162111754282,-0.2633678799068796,-0.10429734336658189,-0.358066585413857,-0.10880918351463366,0.2268869160227122
0.5609627193465717,0.8504138570492499,0.6686205361132188,0.7214778947447328,0.7276282627895442,0.7316300799021693,0.7712161693568972,0.8544358870311932,0.8359077689298539,0.8029029209212578,0.7715404634970521,0.809077855015929,1.0,0.8242117970912596,0.8480784629628453,0.8402935871909957,0.6503197887731001,0.8553828146465289,0.7885366736633803,0.7888217671877752,0.6409882308443142,0.8150343074133832,0.8715635465903805,0.7032947842072803,0.6323374589930353,0.7818023447829989,0.8257466359044017,0.6120313588642667,0.7586279809129612,0.7939844602016524,0.7897113940950949,0.6559968323612263,0.8425297649068911,0.8165107221733162,0.8211523560282825,0.8477701403117112,0.8308252006757995,0.8564394340471857,0.8734244814029459,0.8019236888687692,0.7584710529198021,0.8277068528737074,0.7767905316455354,0.7947907729134648,0.7502619573737112,0.6970667423026685,0.7911284500655767,0.784277017474411,0.4225503309142921,-0.8634311071248058,0.2723814345014598,-0.4689370354672879,-0.595636615415194,-0.36798162109420846,-0.05388027141347651,-0.17536598790849486,-0.36953736596339043,0.15881158563551928,0.03593090835250408,0.6872856956619326,-0.813090769457592,0.25085598011512367,-0.5036543495782482,-0.6012195054303904,-0.28180932517079477,-0.0932251423031257,-0.3403812669645142,-0.02392746336412489,0.1766535353088664
0.755339293711184,0.9504321009743285,0.8819041028755978,0.8681763574019,0.7804433048084648,0.7808739408175205,0.8921736459852991,0.9394428362933904,0.8640057746528088,0.857482396388127,0.8934399954516908,0.8202141953942108,0.8242117970912596,1.0,0.9407356019709374,0.8660956854522713,0.7815931425643196,0.8578699190146165,0.8142641978552025,0.8141322850079236,0.7637614444465023,0.8572404717592169,0.8098014152002169,0.7396032638057664,0.827781298782669,0.8387878355987702,0.9238633527572143,0.7819179953081581,0.9067102983707347,0.9076267627359035,0.8754607230658544,0.7045908610041843,0.9094410545222941,0.933584307232176,0.9233464566504098,0.8976028162247971,0.9488877803194807,0.936798535781665,0.9067794365043973,0.766598440783488,0.7832883708027714,0.8742141440403823,0.8234160894246763,0.8212433964573523,0.8117956186651679,0.6386736734194068,0.8676701723038279,0.7400212001691157,0.6696251509052425,-0.9378228259743211,0.42001102638493265,-0.4945534242262402,-0.5273036149468323,-0.27106416999104715,-0.17836129940736142,-0.26274367181721786,-0.39370695681570467,0.12573562835871196,0.06743709184029269,0.6502634389392362,-0.932348719714485,0.21421849610826305,-0.5017245265731022,-0.5694468169984439,-0.3043007413744347,-0.1210131173048087,-0.43926719368389644,-0.12323649379490177,0.17562471050823159
0.7375702621002569,0.9628730378914031,0.8822359937308862,0.8712002239395332,0.7576770401658409,0.7736853137774798,0.9172329636670687,0.965659620169227,0.8832849201656852,0.881520633905661,0.9157558864996967,0.8370810074434976,0.8480784629628453,0.9407356019709374,1.0,0.9013995321304847,0.8031163863460072,0.8838863726724594,0.8204501583172575,0.8358933026152363,0.7735531617455648,0.8883466931425752,0.821870196136177,0.790707660125034,0.8482914287337848,0.8685406220874377,0.953241529250261,0.8008209652277442,0.9232149729531357,0.9373315223382173,0.9109266006611678,0.7359823411209103,0.9389984910689658,0.966940774362625,0.9395224038349307,0.9329597027043913,0.9542235633513118,0.9575816484507885,0.936475304507297,0.8222697843295588,0.7996972618136181,0.8956849546927371,0.8373553177773838,0.8658780523653717,0.8671123179368111,0.6578845385629839,0.8813334259899509,0.778117742245177,0.6582956783740141,-0.9627076867737773,0.36999711804100227,-0.5192356393463087,-0.5908162503508491,-0.29669602350733726,-0.19859314703844438,-0.2709931763774928,-0.41130796796052377,0.15405843093210853,0.05878367655234125,0.6633804629421548,-0.9648646578323049,0.20261803576859735,-0.5290146860017586,-0.6223589151305617,-0.3583428524199782,-0.12161364461826626,-0.46653332637317085,-0.11813263797779384,0.1498029131670972
0.688607863064623,0.9099791933358454,0.8325311137413373,0.8292133015674438,0.7113965139381828,0.750172014987499,0.8735912178518995,0.8901903355666028,0.8619609350092058,0.8454179077951101,0.8473758275412563,0.7550388258987937,0.8402935871909957,0.8660956854522713,0.9013995321304847,1.0,0.7839865065356563,0.9005302527629763,0.8095516788193855,0.8121506325305026,0.7056885852747373,0.9252162224034788,0.8277141151297901,0.7712523874061312,0.7661474399696672,0.8333029353333388,0.8877183893357744,0.7917683277154449,0.8671180495927746,0.8992920378027556,0.9019786669245562,0.6977694987319774,0.8757454324439446,0.9098823517319917,0.920888599934516,0.9230285785995405,0.8903917555095304,0.8915337461491099,0.9213029097364512,0.8372816862361407,0.7738063391198751,0.8633282191161197,0.8020142917192364,0.7819158929844183,0.8119464212053881,0.618391250888883,0.8507911220361788,0.7262842633188267,0.614595043660611,-0.9152959631162444,0.4034092564919074,-0.44647993141232956,-0.564018682728756,-0.3244888092364363,-0.1523703642273841,-0.12324097159328722,-0.33055744908409057,0.056597168347929154,0.020929481917402338,0.6685525004923438,-0.9023452509243387,0.24281817240820133,-0.4679295858305631,-0.5915660651669237,-0.36927940351721383,-0.1185024587793105,-0.3934548982710765,-0.09059148096425501,0.13371620397462838
0.6197912029655128,0.815440988145995,0.7864649984061546,0.7026489246628562,0.6240605735266982,0.54129664695443,0.9223114005705703,0.7830247624630022,0.7357473434042939,0.7567366656106003,0.7911815893907339,0.5691333425276713,0.6503197887731001,0.7815931425643196,0.8031163863460072,0.7839865065356563,1.0,0.758340544846392,0.6339041566535043,0.6319020426594774,0.6486425691786875,0.7913411509090006,0.6881889588192919,0.6564692181508957,0.7184637190691452,0.8672283527971985,0.7885220884483639,0.7073061005606076,0.7870132327853584,0.794549177497002,0.7788656903367794,0.7992580445900132,0.7529383116294571,0.8060332602204154,0.8227568646221392,0.7975758036856581,0.8139660302218147,0.7781800528015769,0.7817125739392821,0.643040928409821,0.6666330957917093,0.8186082814859956,0.7657272888687016,0.6643630290645595,0.7438879838897973,0.5968881355048598,0.8025415975997566,0.5061658847930071,0.6464554120273797,-0.7967260453591533,0.4175661891933956,-0.351106792840915,-0.46930638891831555,-0.1445613075176737,-0.19351571646969268,-0.09343523574505884,-0.20103405188521098,0.07854517063405421,-0.07568679787411148,0.5145804945243043,-0.8075718277688418,0.16366383894909695,-0.38178781116536215,-0.5275412427358881,-0.2886129943739013,-0.128419978651845,-0.2850543679819427,0.008678823936638852,0.03295078961207312
0.6447299527303257,0.8935539046752462,0.7999606330522758,0.7815302201196174,0.7171136882685972,0.7058176219081459,0.8661620501867148,0.8755891633018121,0.8120186126197293,0.8155852100918672,0.8175248769563458,0.7615979073577724,0.8553828146465289,0.8578699190146165,0.8838863726724594,0.9005302527629763,0.758340544846392,1.0,0.8867595993815852,0.8106891174530239,0.628069142047374,0.8774659483805348,0.8716657537155944,0.7466668089253905,0.7418660702698188,0.8519236450105246,0.8734619402953382,0.7058677204541088,0.8525572619223237,0.8498027190856301,0.8372450155258366,0.658459166492343,0.8709055601485237,0.8820609056518083,0.8748650117739016,0.881906872542116,0.8838460105075098,0.8756261029275987,0.908946465215707,0.7915517916696563,0.7751798814381169,0.8412126248244574,0.851740426053671,0.7953996897598913,0.770588351072362,0.6074544153061959,0.835703476472142,0.7486187466425633,0.6070100314712709,-0.8830355535350394,0.34393570065368767,-0.4525838982315384,-0.5593125957146368,-0.2779694276982157,-0.1321775421448524,-0.16915693195449016,-0.3862768229065519,0.11611915673298102,0.017231102496058942,0.6183888816182891,-0.890423013081233,0.154884609098262,-0.5081455509404328,-0.6318402900104699,-0.36938061395819793,-0.12859129789041238,-0.44099024130653297,-0.1101442047353344,0.15298510687907949
0.6658090324073547,0.8423030972663573,0.7494497307407499,0.7557941005390492,0.7143252346145267,0.7259860319579015,0.782945247197947,0.8087958127769478,0.7135515401502326,0.7292107424350671,0.7490774008641303,0.7252360342122822,0.7885366736633803,0.8142641978552025,0.8204501583172575,0.8095516788193855,0.6339041566535043,0.8867595993815852,1.0,0.7741151796911546,0.5711190616682872,0.7893115631883596,0.7691081830925885,0.6999598540996483,0.7016948413966868,0.7295015739660347,0.7860096848265525,0.686000091026979,0.835003800247112,0.7962093483042963,0.7731175889247465,0.5365295414630121,0.783219621914429,0.8218391772899396,0.8012718585551442,0.7994925993647235,0.8260439731952753,0.8016740354848585,0.8435266560047213,0.6927398700822591,0.7316102802992982,0.7734151784437139,0.8399212111880968,0.7748733283190524,0.6975775428918497,0.5541145462339481,0.7529553948080292,0.676392873327399,0.5821104510875275,-0.8033457156982273,0.3103089812552081,-0.37890556624580185,-0.3976452734393009,-0.16441485306615183,-0.1298945166926575,-0.2399060177472973,-0.4085147169614503,0.13036784164313625,-0.004874621675909728,0.5298406279350933,-0.8270751060985531,0.15027266456513166,-0.4521981057214205,-0.4857552106358235,-0.2967377339341777,-0.12701452662440804,-0.4677516339092719,-0.08934196101719226,0.15131553281330462
0.6949708880040751,0.8498756656231191,0.7877655720215989,0.8065829781832452,0.7130547731906536,0.8640119118840592,0.7835637722835872,0.8286533464923171,0.7686340322867765,0.8075090370592631,0.7157414952289045,0.7431649610364378,0.7888217671877752,0.8141322850079236,0.8358933026152363,0.8121506325305026,0.6319020426594774,0.8106891174530239,0.7741151796911546,1.0,0.6683492121478196,0.8368412500199515,0.6939226303191761,0.794176617673109,0.6703742623659197,0.7385442088596881,0.82471045598088,0.7222216759705573,0.8161430059586486,0.8112942428528904,0.7859859976446061,0.6005951730465672,0.8161003282544297,0.833625839389097,0.8138811061015513,0.8240352787063938,0.8354378419599394,0.8037153583643616,0.8389365427389075,0.7466078687335507,0.8211969434498466,0.7985813411359904,0.7318591182128333,0.7879463526446664,0.7700909868763998,0.5978402323944081,0.7267419927622393,0.683140812091139,0.5506974531975021,-0.8293135841047068,0.30526022114640755,-0.3275152242012,-0.4722912307495532,-0.22088693943738982,-0.08216268115625608,-0.2361621907788258,-0.4582963300638149,0.05498239961940006,-0.028571864587899367,0.5865994094242657,-0.8568120358501021,0.07982488493366906,-0.35664348948996116,-0.4898113847698809,-0.27812087528002105,-0.06108780507073359,-0.5672827055754353,-0.16111660967232733,0.11802324345633003
0.6755684603484006,0.7680507614071035,0.7886651047768408,0.824278046094061,0.6723298809291622,0.7212720859607485,0.7043791170222073,0.772674379833303,0.7344909379475406,0.7728622256900979,0.7741619874457909,0.7444785499437706,0.6409882308443142,0.7637614444465023,0.7735531617455648,0.7056885852747373,0.6486425691786875,0.628069142047374,0.5711190616682872,0.6683492121478196,1.0,0.7474551984582981,0.5952204860446614,0.5920273965264704,0.6995907501998944,0.635513469457997,0.7520074159960554,0.7482321742547406,0.6985698212485943,0.8168087685782789,0.7603063206125502,0.5397171713425719,0.7685846640818172,0.7736434606551654,0.7582312428615221,0.7220736393846027,0.7723907757279664,0.7605465984760464,0.7352262747127001,0.6317303518364671,0.6183891585116922,0.6834438107657228,0.6557481611198421,0.6583978656459746,0.7133552037410864,0.47150202746415726,0.7004370077446791,0.5419929744697033,0.5413349034772833,-0.7870136797030978,0.34336607516127626,-0.3632153953872157,-0.4740285821770336,-0.2524962266698477,-0.16091957788748723,-0.2119502252637145,-0.37438389053445664,0.06170418310292245,-0.052887900414773086,0.4703699599690359,-0.7790630734996945,0.13357291014467487,-0.33657393209486064,-0.43680520923948524,-0.2805059828015493,-0.006447598149404528,-0.4109773754604787,-0.1508417440633621,0.04083760345805942
0.6641029335264585,0.8945350362034131,0.840223376305988,0.8635865414149667,0.6742293022483724,0.763889345495816,0.8778799418248554,0.8755965763045088,0.8460607736484879,0.835282956157461,0.8185774285825584,0.7177214765463836,0.8150343074133832,0.8572404717592169,0.8883466931425752,0.9252162224034788,0.7913411509090006,0.8774659483805348,0.7893115631883596,0.8368412500199515,0.7474551984582981,1.0,0.7905245168501052,0.8215509298379444,0.7845246997480965,0.8277209166255936,0.8826199777970083,0.780967172922997,0.8594563436660725,0.9005565314672437,0.9270459864477344,0.7089713827850563,0.855051388520777,0.8933216118674729,0.9101424481831308,0.9130103687001347,0.8905112463970261,0.8666588090643895,0.9083634417597585,0.8219846633901908,0.7581983383381743,0.8408637483554126,0.8004614813372851,0.7666180249257637,0.8136652329446777,0.6167669561976893,0.8503254926340186,0.7104519454147066,0.6648175725831916,-0.883937523113061,0.38316404102826673,-0.36267567340333784,-0.5318696685952905,-0.22871276844650354,-0.13880681091582894,-0.09144983071472779,-0.32691440030703045,0.05970119086795614,-0.024770015200263968,0.5983708927089844,-0.9062865305114817,0.17962717608739956,-0.3795445020579062,-0.5843930581517324,-0.3394152624510912,-0.08312218304124813,-0.44236773519751516,-0.0990173673750864,0.092878937454436
0.4544866285252362,0.813671768992355,0.6291877288462939,0.6200288191715092,0.7042844491432487,0.5777261319319551,0.771714681437378,0.8408081257047983,0.784465956210185,0.7768033808477449,0.7986460158541723,0.7759786150853466,0.8715635465903805,0.8098014152002169,0.821870196136177,0.8277141151297901,0.6881889588192919,0.8716657537155944,0.7691081830925885,0.6939226303191761,0.5952204860446614,0.7905245168501052,1.0,0.6562615800417365,0.5926913067315545,0.8057777701408624,0.8169253784720357,0.5333910767171945,0.7070038841199181,0.7480512221089598,0.733289478552326,0.7280265029082612,0.8217092051017998,0.7881319271182583,0.8010784162238654,0.8356418746717178,0.8249571743580841,0.8477389110480511,0.8780353881025068,0.8059878856089361,0.6998897172955687,0.7949025983567033,0.7785729010943441,0.7446121693963246,0.6603893787927868,0.6338589886438163,0.791430205255708,0.8422209785855642,0.4572506225139995,-0.8310863892655115,0.29091871076046305,-0.49830464455701307,-0.59338767111975,-0.34780552368108436,-0.08157982249922247,-0.07140150379902215,-0.22713040212101798,0.21444791132047678,0.09374373588235922,0.6197760407458589,-0.7877788004078828,0.21872133888772208,-0.540036153012977,-0.6263716241454863,-0.2609384706522534,-0.07573440082141615,-0.259865935005993,0.0100479751856326,0.17233268258897846
0.6253638184372053,0.7977921829682457,0.7226734352096333,0.7532988667037982,0.6105379575487644,0.7078854804016972,0.7549314136757773,0.7671686774472731,0.7177751933607175,0.718336367980077,0.6739991491789433,0.6518640410935644,0.7032947842072803,0.7396032638057664,0.790707660125034,0.7712523874061312,0.6564692181508957,0.7466668089253905,0.6999598540996483,0.794176617673109,0.5920273965264704,0.8215509298379444,0.6562615800417365,1.0,0.7196548626451076,0.72762284812757,0.7632953285159245,0.7068085423080349,0.8023070218454157,0.8073423226435501,0.8192872788455292,0.6819087310084745,0.750933123356668,0.7921018904322835,0.7974168261342113,0.8653633941732412,0.7729960591654164,0.7477104004612694,0.8026279629607022,0.8134949169456931,0.7278662818718423,0.765314902183042,0.7342650256588386,0.728659151628753,0.7657939268916417,0.6129510671594431,0.7230753878426196,0.7370584725373708,0.5747443053733777,-0.7630196596979144,0.22627974496647413,-0.1898847567897437,-0.42418850736556307,-0.12300447226290569,-0.08755194979234648,-0.1047213366920441,-0.4094846382702086,0.06487136053127514,-0.038761470564834276,0.4468143321916454,-0.8083430662879086,0.07857483470270296,-0.20324498871874092,-0.4922605445262913,-0.2585601450419926,-0.060930014401500296,-0.5095529763099523,-0.12165155177319782,0.11809970892202447
0.7921159398031616,0.8370208695544719,0.8550233825349677,0.8501532320016633,0.5945532492841421,0.6755368222533399,0.8073434157172392,0.8273222017790042,0.7186298381069355,0.7100878175330576,0.8257651738072661,0.6791981004286967,0.6323374589930353,0.827781298782669,0.8482914287337848,0.7661474399696672,0.7184637190691452,0.7418660702698188,0.7016948413966868,0.6703742623659197,0.6995907501998944,0.7845246997480965,0.5926913067315545,0.7196548626451076,1.0,0.6976263886701296,0.8291535376031965,0.7965678945620069,0.8803375795167871,0.8785406648680347,0.8400182102251559,0.5481561376318927,0.8400723031058422,0.8704218111843333,0.8381770025298372,0.7904450422074968,0.8267278485547547,0.8149824581808225,0.7777735722797888,0.6482958815608956,0.6126141543352194,0.7328310890397244,0.7378178130873524,0.7482054905545481,0.7938294435114207,0.4959675586478535,0.7818391910241678,0.5746891901108837,0.7241753068546791,-0.8084409058022618,0.29602988124616936,-0.3764884572262357,-0.42661049281387425,-0.12311392252996096,-0.21856628671843908,-0.19532488297043965,-0.4000693139207829,0.058091894419362564,0.0916394730489244,0.44425011582599666,-0.86601204810046,0.052658687566220545,-0.37967926840711425,-0.4676110085420226,-0.3686444932907738,-0.10819597077185555,-0.4565000947781979,-0.15814725116750153,0.1232819793494791
0.5805813050730412,0.8782378260036136,0.7905283116290458,0.7249852061781408,0.6876555286693418,0.6156287557403494,0.9215453515828284,0.8598914173634362,0.8079397383100526,0.8447369813797491,0.7988914875427331,0.6480004333089031,0.7818023447829989,0.8387878355987702,0.8685406220874377,0.8333029353333388,0.8672283527971985,0.8519236450105246,0.7295015739660347,0.7385442088596881,0.635513469457997,0.8277209166255936,0.8057777701408624,0.72762284812757,0.6976263886701296,1.0,0.8664331440211495,0.6948655622084842,0.8316980792403754,0.8185234143377571,0.8114758947376597,0.819732189416617,0.831872838632206,0.8570007488982366,0.8636190027382424,0.8729836428812231,0.8695519422622466,0.8504445077009902,0.8654832233926314,0.7529458151303051,0.7975929621643482,0.8952251112461962,0.832816568446185,0.7709401471936543,0.7825279812709094,0.6897582397022816,0.8194411205781652,0.6786451985822418,0.6219865391181003,-0.8613229741133419,0.39276539076048084,-0.4212799831842707,-0.5663728457478504,-0.2138334477066866,-0.1718779996644286,-0.12924792831135126,-0.29087614651040006,0.1405036836051119,0.002250586072518606,0.6233379133128248,-0.8708356848475375,0.1678648732172453,-0.4625257406203305,-0.6186343776877495,-0.26498496958231643,-0.13624328258283405,-0.40687062771340193,-0.020325301702527738,0.08811160507792375
0.6875292524218058,0.9364116496434963,0.8620323348941794,0.8359799423500369,0.7157879650134504,0.7382632946763119,0.8961758548108657,0.9433480826941298,0.8695917901599329,0.8713760305957303,0.8804243126396468,0.7964408480339468,0.8257466359044017,0.9238633527572143,0.953241529250261,0.8877183893357744,0.7885220884483639,0.8734619402953382,0.7860096848265525,0.82471045598088,0.7520074159960554,0.8826199777970083,0.8169253784720357,0.7632953285159245,0.8291535376031965,0.8664331440211495,1.0,0.7608205959274152,0.8903634642282787,0.9061374726988011,0.8837938035148647,0.7405093809103677,0.9488488272855788,0.932170195788676,0.9238225071325518,0.9165655485401715,0.9412381616013928,0.9342592033170755,0.9211916491165375,0.8075175550200291,0.7779082842428056,0.8862373893146174,0.8235125861132266,0.8309855897540854,0.8239304155885527,0.6252838742871228,0.8738568610975662,0.7589146901538165,0.689194923753569,-0.942562635117921,0.39439205714005615,-0.5492628882088076,-0.622454586620905,-0.32863768468010784,-0.1816678555586789,-0.24933848275662474,-0.38530932843471355,0.14334744003313502,0.11006903313039286,0.6711366543210523,-0.9530371630147745,0.21560411256437081,-0.5509861716273603,-0.657098946724902,-0.3817944255380454,-0.11679563173463628,-0.48415841185642433,-0.12908165777577965,0.1858707473642793
0.8561636591250061,0.8361233013884547,0.9066764387659859,0.8887224465755278,0.6677429369736224,0.7807630199358347,0.7990973842159255,0.772055632614046,0.7176680658675323,0.7671378251068367,0.7607395260024198,0.6282480601843077,0.6120313588642667,0.7819179953081581,0.8008209652277442,0.7917683277154449,0.7073061005606076,0.7058677204541088,0.686000091026979,0.7222216759705573,0.7482321742547406,0.780967172922997,0.5333910767171945,0.7068085423080349,0.7965678945620069,0.6948655622084842,0.7608205959274152,1.0,0.8747450314938199,0.8766662255843077,0.8435682326485474,0.5126942498665035,0.7595962168185298,0.8351161908048784,0.8308642991077795,0.7874708939893392,0.7984429279089453,0.7666866631736932,0.7742874214463971,0.6472734873867702,0.7369705781482236,0.7615656541227972,0.7071138384190236,0.7005371959012487,0.7954584687610741,0.5361423652242608,0.7422553657760338,0.4881761089661814,0.6303066733808511,-0.7959851773833962,0.38808738415058125,-0.22351251636095493,-0.29290645729047093,-0.08916297593780102,-0.21520794823258804,-0.2604554339414621,-0.4326961378680754,-0.06153695063569008,-0.06487923928729387,0.47179032660830844,-0.8343712375138732,0.10851890146805733,-0.2267695243680435,-0.35422003038135597,-0.29942100764937923,-0.11714161884581065,-0.45384749621988263,-0.1773668890310591,0.06451984882685195
0.831855873864123,0.9398569910316111,0.9169800220074537,0.8922731959660952,0.7243727225408477,0.7795602477882657,0.9059711139263862,0.9023353980626884,0.8176450425337761,0.8311108794429481,0.8553277799591413,0.7262353547778985,0.7586279809129612,0.9067102983707347,0.9232149729531357,0.8671180495927746,0.7870132327853584,0.8525572619223237,0.835003800247112,0.8161430059586486,0.6985698212485943,0.8594563436660725,0.7070038841199181,0.8023070218454157,0.8803375795167871,0.8316980792403754,0.8903634642282787,0.8747450314938199,1.0,0.9331704614140001,0.9143317170327335,0.65058515406396,0.8679664862458906,0.936598878437786,0.9202152663210296,0.8961254450816589,0.9152457905276227,0.8880766817103114,0.8900612688332059,0.7625687153472827,0.7986685953454211,0.8765482785524568,0.8384928083996276,0.8317865081392641,0.8650034425017686,0.6420708912024765,0.8350252708675711,0.6669182313144706,0.6931621603542948,-0.9007388452300302,0.36920935785156944,-0.35940671291306237,-0.43259982674957204,-0.1477986164800683,-0.2088862247274419,-0.26248475909117236,-0.43661390696744035,0.060325175695640394,0.01736660911488256,0.5624296731951052,-0.9364250160394357,0.12382413818458157,-0.38603803080585114,-0.5033037578651298,-0.32952946140341655,-0.12791207166954283,-0.49680561816756585,-0.15433800855881322,0.13480015261552517
0.8056321303968843,0.9424892783538923,0.91069622817669,0.9186390896803558,0.7179229029029731,0.7868133760161116,0.888836492786264,0.9245810158264082,0.8577602982864494,0.8596397869318566,0.8968539002183454,0.7926306300814829,0.7939844602016524,0.9076267627359035,0.9373315223382173,0.8992920378027556,0.794549177497002,0.8498027190856301,0.7962093483042963,0.8112942428528904,0.8168087685782789,0.9005565314672437,0.7480512221089598,0.8073423226435501,0.8785406648680347,0.8185234143377571,0.9061374726988011,0.8766662255843077,0.9331704614140001,1.0,0.946226227962205,0.6601473884659348,0.8994967895388323,0.9447000214173084,0.9360740969777271,0.9182297189714135,0.9280261223053675,0.9081605114178681,0.913500517992584,0.8080836568928986,0.7637676577763957,0.8695230836619151,0.8299269848723152,0.8279700158721913,0.8730365298885575,0.6296775551307985,0.8643645544328834,0.7041743740520168,0.6686204573973162,-0.9323242613264032,0.357295602999625,-0.4117394206553352,-0.5133078639593655,-0.2426980794938895,-0.170171907239063,-0.2190985273908467,-0.4037669368959183,0.08870397948505822,0.002731023323492089,0.595276184119038,-0.9424102605619337,0.15247239689806946,-0.40700831613673816,-0.5509360964145807,-0.3698685039428989,-0.08848327542761023,-0.4629575063150663,-0.14389381448682678,0.14020502145651434
