0,1,2,3,4,5,6,7,8,9,10,11,12,13,14,15,16,17,18,19,20,21,22,23,24,25,26,27,28,29,30,31,32,33,34,35,36,37,38,39,40,41,42,43,44,45,46,47,48,49,50,51,52,53,54,55,56,57,58,59,60,61,62,63,64,65,66,67,68
1.0,0.9211599843396755,0.9405000917468034,0.9024068089436661,0.7627314550545339,0.8215083533789743,0.905987150544038,0.9087777866854764,0.8841893340694091,0.8642691750832955,0.9158256433403046,0.8604273584655856,0.7235127127010026,0.870674458030875,0.9152371159131638,0.8135999293681808,0.8788370380852641,0.8142051238109427,0.6443229288471614,0.7785348104418989,0.8557527302663039,0.7389079808659177,0.6581715416366654,0.7018530734947342,0.8654009244448979,0.844397682743278,0.8982541685504021,0.9080127953763489,0.942116812245765,0.9192820868019909,0.8649513613782492,0.719340459142053,0.9043002960352718,0.9156714230641859,0.9054016167050841,0.8728126072276786,0.9036697966356162,0.9036135960981737,0.8714825708546116,0.6931111239335858,0.7571766929136226,0.8464958485991961,0.8498868022984251,0.795196326517167,0.8506107073869094,0.7789174912104009,0.8697886611375484,0.4199330215037883,0.7562868292629087,-0.9164531865980464,0.5684041397666394,-0.7279008929318163,-0.546746222354985,-0.3863929939329751,-0.32409667073747067,-0.2522600747266483,-0.5322905180175883,0.005023911579401221,0.2066005111098566,0.8007526945436734,-0.9194446737022591,0.3714990245796055,-0.7036925926643418,-0.536259120428441,-0.4792593934141354,-0.1905928665076395,-0.4697748254511045,0.11908969940962656,0.3361119273888182
0.9211599843396755,1.0,0.9545904999206818,0.9394481214801919,0.8839588409522385,0.910690124544881,0.9515011693264841,0.9636483786138862,0.9409683372075347,0.9369218196235761,0.91638787802542,0.9209996021933011,0.8358342284585537,0.9459881873680679,0.9663829434778303,0.9239416367359099,0.9077721876366802,0.9217715403449055,0.7840976480755381,0.8835476796717907,0.862964108485364,0.8812237062385043,0.7804033652702768,0.830558471962882,0.8873672557527368,0.9303943653635229,0.954111671704073,0.8654372077923816,0.9677073791567848,0.9567968480598351,0.9393842678145531,0.8334595066463001,0.9612343468907645,0.9741085626528924,0.9699749341862024,0.9635724126724587,0.9747161497954859,0.972806647533389,0.9575279323755794,0.834184730794465,0.8498210910395889,0.9349080278346782,0.9364255706585973,0.8425851956424544,0.8981828664440825,0.8403461021547978,0.9365179640653376,0.5757212694877073,0.8545528902269897,-0.9814512735480938,0.5475901886716731,-0.7341349625985963,-0.6388744987382243,-0.4059465790275012,-0.330211868821599,-0.2223919188854605,-0.6243797367306411,0.00046490925917494534,0.16251626192258514,0.8520792307654852,-0.978723618346724,0.32696828628655694,-0.7083463015064173,-0.6463929613315176,-0.5150166523333612,-0.21712274682427907,-0.5088336191768551,0.12596088454295915,0.2979296144711106
0.9405000917468034,0.9545904999206818,1.0,0.9558921171010358,0.8438923383733431,0.8917840059153982,0.9416662124975832,0.9348852124893748,0.9088412908584668,0.892482769976955,0.9114876357560665,0.9002668351266274,0.7838659815973331,0.9118135541041112,0.942362448575003,0.8635023092858463,0.8991127088216277,0.8864169931030437,0.733614542156201,0.8582750987449799,0.8675942904634567,0.8086057640997178,0.69430251839336,0.7615948984961608,0.8697876436601725,0.9016038162325017,0.9251855955072089,0.8817490442856166,0.952841749419238,0.9362347632146886,0.9013730879997006,0.7674671487585587,0.9348536973626631,0.9455353320468204,0.9405460109543766,0.9187400904900425,0.9433383095535373,0.939273630816317,0.9101404743430151,0.7514575082785084,0.8082176484110956,0.8803022453161685,0.9025655543757233,0.7942301031904418,0.8700254859560662,0.7785760360967948,0.9013242455835023,0.4608738656690462,0.8080238690200531,-0.9501758088096326,0.5764773666496458,-0.7459312111373463,-0.5692386852320405,-0.37495321910397805,-0.33466821306001465,-0.2691505632180726,-0.6117962008615122,-0.026777645416619877,0.14611757780019358,0.8441781056782645,-0.9550497107983028,0.35792075270399193,-0.7205210222467129,-0.5795795492863742,-0.5108217278087811,-0.22035785640910188,-0.519266328832188,0.12810437973307032,0.2946628400832382
0.9024068089436661,0.9394481214801919,0.9558921171010358,1.0,0.8458886636740244,0.9002226121896825,0.907253460076295,0.9108390384342124,0.9029821490988388,0.8787426182876951,0.864992289710238,0.8987549587787603,0.7911597339964991,0.8990466329142067,0.9203756277427986,0.8522515870324718,0.8524611675987672,0.8794115910067877,0.7620052844824037,0.8987190954073987,0.8518518198566714,0.8265770510250924,0.6937658872682274,0.7680517270889121,0.8343269768966102,0.8876748411365926,0.9051002166987807,0.8653286879044603,0.9309208615167519,0.924748955760604,0.912087308997171,0.7690193406793137,0.9022318004926437,0.9295676426742633,0.9218910191882018,0.904107516267846,0.932861562851505,0.9250301463031403,0.8968328283086017,0.7492914164907298,0.8157108649515905,0.8756146005318582,0.8880616043943251,0.7782867287368812,0.8567635310721416,0.7761627101790719,0.8878343336416178,0.48391282433579375,0.8189896237831591,-0.9374930459202492,0.5245786349974306,-0.7287230117322109,-0.54414264033325,-0.32868089117628796,-0.32292740989971186,-0.2747195381470264,-0.6176770164910957,-0.03826506017299966,0.1677910663328045,0.7950252229211564,-0.9311118623024379,0.2996038825596346,-0.6876145911808283,-0.5550053430413799,-0.46164336657194455,-0.2169202171491865,-0.5292370710584996,0.10496070858910767,0.310712637271424
0.7627314550545339,0.8839588409522385,0.8438923383733431,0.8458886636740244,1.0,0.9201092808404054,0.8504795983498364,0.8473287380782015,0.8061497455028049,0.8474474411830732,0.7563917700524062,0.8589378842449579,0.8640374703522311,0.8639503977035986,0.839310637881816,0.8438573305903084,0.7655258246619636,0.9011079947884506,0.8703700234158812,0.874592146058351,0.7319247641790704,0.8660796492909502,0.7882921572460472,0.7966324529853205,0.7448807400465316,0.8162343249070857,0.8375915437200511,0.6842630126378646,0.8339520859751367,0.8069239437078717,0.8358518307436452,0.7499726330205613,0.8685963377984681,0.8578409572846715,0.8571284612321296,0.8604021557497997,0.879673308827183,0.8711949963943716,0.8738030970369174,0.8215282173795193,0.7960643984186679,0.8339469747096164,0.8861202637042687,0.7338820577806561,0.7779477789428699,0.7420936382136899,0.844687349843352,0.6339710798797865,0.7685725051769895,-0.8745713155723935,0.4536413899611909,-0.6177709921412761,-0.5444112233684859,-0.3186416363518127,-0.2621482816120601,-0.2342175994219342,-0.6255276938223716,0.031790825961857276,0.034779952424133,0.747820993343085,-0.862813983730014,0.2894536106373105,-0.5657957766787138,-0.5535835083813281,-0.43220626272492246,-0.18646778491691646,-0.4560999348953651,0.18901193317877857,0.16371585168287087
0.8215083533789743,0.910690124544881,0.8917840059153982,0.9002226121896825,0.9201092808404054,1.0,0.853416725157952,0.8709760792152287,0.832513128398209,0.8540900008365547,0.7905098709734282,0.8998984953387573,0.8572472036396778,0.8771784536827801,0.872246974479899,0.8501313054360444,0.7730368191465773,0.9113008392793243,0.8616922499487873,0.9115169023964345,0.8000027011579277,0.8506693240767822,0.7698546018346148,0.790357632460205,0.7678521429478177,0.8425734380621094,0.8724409819962996,0.7284450883623714,0.8641481111223684,0.8478043052656468,0.8721390427425302,0.7421603949858088,0.8860164174771178,0.8880041399429035,0.8843932665011865,0.8744329382808192,0.9027573166199505,0.8956350821814645,0.8829695883539014,0.8086927835505858,0.8018162485333237,0.8604860468639011,0.8960121800205609,0.7351639651571422,0.7892496645933981,0.7407306277896816,0.8487869972627874,0.5851622524962207,0.7984616345321406,-0.905817949363805,0.4771789524946623,-0.6734203748076162,-0.5297813639246002,-0.3259570232741549,-0.2639437751618608,-0.1964683370805131,-0.6560940363143983,-0.010246579806616344,0.01736733262517205,0.7408926639680848,-0.8920256184524237,0.29932400116911445,-0.624413688407716,-0.5619741961653709,-0.44294995062726994,-0.17078859905890448,-0.5195131439053124,0.11562332879017574,0.14328396328524232
0.905987150544038,0.9515011693264841,0.9416662124975832,0.907253460076295,0.8504795983498364,0.853416725157952,1.0,0.938027844740528,0.9203101525447404,0.9156692726537664,0.9156142643058671,0.8837855342389154,0.7956292425172133,0.9187623931297904,0.9451608830328285,0.8881682795920505,0.9647914802114599,0.9038215039347471,0.7092452704585052,0.8315780845729225,0.8457888667698475,0.8454410793548454,0.733409601392855,0.7751145909409665,0.8939076082601198,0.9196344165090113,0.9314757666622131,0.8535117719073588,0.9448306444682273,0.934303996053355,0.9004991129378875,0.8122763014854503,0.9407164718462142,0.9484278785585067,0.9479142301451207,0.9328750929350724,0.9425605728041416,0.946789726827898,0.9325203989313992,0.7710320154872153,0.7928513951520072,0.8978616657410081,0.9116793357493668,0.8189686874150311,0.8966423309760893,0.8216812415494346,0.918365582407006,0.49683547571021497,0.8002432353401412,-0.9495034098955549,0.5346640641832741,-0.7234320265383034,-0.6370368923102538,-0.40685698431330347,-0.3433378954564749,-0.26159758499532765,-0.5722497112107036,0.007691702112783121,0.18148292655116946,0.8587608154253542,-0.9564516062464203,0.3172575652990766,-0.6977781180434623,-0.6366988613701908,-0.5274047678047967,-0.24341198221070395,-0.45699103446213224,0.14897068856016218,0.2975521961520871
0.9087777866854764,0.9636483786138862,0.9348852124893748,0.9108390384342124,0.8473287380782015,0.8709760792152287,0.938027844740528,1.0,0.9308859666419016,0.9426692561371011,0.9286474086954241,0.9214748357792129,0.8327668159255597,0.9438756359631386,0.9581595227402212,0.9157468464777213,0.9011461838690754,0.8989138139139837,0.748919696395925,0.8423148757666018,0.8479411596768673,0.85737648466765,0.7841275209655708,0.8100283463751143,0.8873098414428872,0.9228559619498455,0.9466744214266429,0.8563887673965073,0.9567733348178987,0.941853808706695,0.926232674169407,0.8110443576488022,0.95870021348003,0.9693878124890011,0.9570310955996375,0.9378444229289051,0.9625493631552631,0.9701722798597514,0.9456460705008216,0.8044581079725998,0.8393882023575564,0.9187790051453781,0.9328483627533068,0.8915516615718047,0.9199620507799109,0.840634883880874,0.924003817424822,0.5788590261316579,0.8373305060903451,-0.9698617090911844,0.5220234675371507,-0.7472412206507455,-0.6871830631288581,-0.43118963974787217,-0.352941969357877,-0.33226166165052645,-0.5808218277974465,0.10214842533982917,0.19523777192469413,0.8508454737125646,-0.9686834927293629,0.2736760567593384,-0.7139268569218066,-0.6742519010266546,-0.5567751499180228,-0.2532858284033069,-0.45550209303634387,0.2277388183616098,0.3445227645241963
0.8841893340694091,0.9409683372075347,0.9088412908584668,0.9029821490988388,0.8061497455028049,0.832513128398209,0.9203101525447404,0.9308859666419016,1.0,0.9052634674130126,0.9018679081947237,0.876668035343786,0.7769734412740267,0.9019587018213346,0.9301075395685502,0.8852844073373684,0.8999505317410795,0.8609713746157369,0.7055774860970927,0.8251499105142542,0.8502526108162911,0.8352620254602112,0.716059753288504,0.7619542826195154,0.8777817896493424,0.8994404651401385,0.92022445554194,0.8498656561356566,0.9341924787359429,0.936593030330816,0.9150946967249637,0.8204929137435535,0.9145078701640327,0.9388338595935267,0.9401001008800565,0.9188474452937316,0.9314480513248022,0.940743365289963,0.917906177122325,0.7633603076919493,0.7839295928396914,0.903871982673178,0.8881011762079344,0.8253531331724633,0.8800647014316335,0.8039168965497606,0.9071656163435613,0.5016969650733569,0.8169427760663043,-0.9397630936938007,0.4859939206865129,-0.7192410904843249,-0.6305994696698075,-0.39039551669587585,-0.31796211080002645,-0.24704304068754046,-0.5319595631512238,0.005276467798366588,0.18718074204587185,0.8262400073738905,-0.94057806004726,0.2919763384193848,-0.6808414848095385,-0.6295153578472061,-0.5025813338057246,-0.2530297669623158,-0.42148932045739207,0.16635973690872277,0.33071498107698155
0.8642691750832955,0.9369218196235761,0.892482769976955,0.8787426182876951,0.8474474411830732,0.8540900008365547,0.9156692726537664,0.9426692561371011,0.9052634674130126,1.0,0.8815062843516922,0.8706256868272746,0.8503250640476857,0.9106276772841637,0.9123827463984975,0.8863884270241963,0.8852019720781555,0.8878878350452846,0.7492278236142524,0.8198494747536248,0.7958906499621129,0.8666272382796872,0.7956301914221383,0.8173959603529799,0.8374033877864572,0.9126463077898797,0.9086736426684898,0.8230598346195686,0.9281249700230007,0.9026155492577823,0.9140939342781544,0.8223321926196112,0.9176700695821133,0.9311276990181042,0.9290759754587269,0.9224114266374694,0.9276062894776723,0.9388621903152523,0.9366145027576693,0.8164365904227356,0.8629423236699313,0.9281946889934324,0.9310023390689963,0.8899292241010212,0.9074336942817557,0.8856822651781266,0.9036680095432923,0.6120914226060657,0.8110166748041496,-0.9375329587546456,0.4747565831532948,-0.6854063316145353,-0.6858203863502791,-0.3845784647628745,-0.3329231960700076,-0.249793839501071,-0.5690404613719515,0.07553219598105695,0.20633966116840288,0.8155671288320675,-0.9327629776165263,0.2992452950249122,-0.6371179535228942,-0.6695441550239433,-0.48958290880483724,-0.23436919811556595,-0.4167379826208515,0.2112427425129334,0.3272369329884132
0.9158256433403046,0.91638787802542,0.9114876357560665,0.864992289710238,0.7563917700524062,0.7905098709734282,0.9156142643058671,0.9286474086954241,0.9018679081947237,0.8815062843516922,1.0,0.8426814393206067,0.7351938705528018,0.8960411007386236,0.9212657610708241,0.8430004809921071,0.9084837952569638,0.8294142117847463,0.6239696550685634,0.7593869208716788,0.9011370005192301,0.7996830869339121,0.7085165182871417,0.7598557796846857,0.9247685424314258,0.8654674706836648,0.9176654416710918,0.8750533392277983,0.9358938707194728,0.9407764156027438,0.9068513832612676,0.7982179357267302,0.9330472726768623,0.9276172181124587,0.9312981994085725,0.9022291977888179,0.9033881492991691,0.9251783716340181,0.9090154949941461,0.7544230444548731,0.7574080125297618,0.8582966951243219,0.8675219673944048,0.8154047380363802,0.8774527100196899,0.7634520658363012,0.8953151677548191,0.4950232446438379,0.7693037099331885,-0.9173034855934494,0.5076850634228603,-0.6672871791648471,-0.6264572921331139,-0.4257532028984152,-0.32913646694425003,-0.29723419400434603,-0.4606429161267095,-0.011714138741855446,0.2163201321331733,0.8504189161981623,-0.933744806256819,0.3340636616020544,-0.6634407883332347,-0.6310325025052612,-0.5277886928392821,-0.26608419796588906,-0.34276626294497464,0.18966888060473752,0.35168477970405493
0.8604273584655856,0.9209996021933011,0.9002668351266274,0.8987549587787603,0.8589378842449579,0.8998984953387573,0.8837855342389154,0.9214748357792129,0.876668035343786,0.8706256868272746,0.8426814393206067,1.0,0.8069070423018004,0.9232504344793261,0.9178541396438283,0.8807896784861782,0.8421149502009785,0.8754777616251554,0.7333683976890272,0.9176243962831975,0.8757663328601899,0.8312889440479289,0.7599263064038003,0.7395834977268236,0.8351670204578335,0.8399580373055341,0.9109143113863618,0.7775781644064271,0.8834320090681109,0.8977539071704104,0.8939391449442633,0.7459608605072141,0.9261705458337661,0.9261185180328789,0.9089822310438951,0.8794025434530751,0.9214468493407566,0.9310873768682992,0.8958229818639907,0.7676692881598258,0.7621306213107206,0.8409736070379749,0.8789907123529723,0.7835760029708175,0.8485139936566493,0.7421025101645762,0.8637797841853181,0.548096425976619,0.834484260873927,-0.9360407582094259,0.4991329304316686,-0.7683252071523367,-0.6552835712783397,-0.4709397251035867,-0.3399741239293011,-0.3054738914845961,-0.6245755040776657,0.010590715571865392,0.10324849698169035,0.7779755777486473,-0.9235142454852581,0.2631475564212826,-0.7189925071026573,-0.6449248168907182,-0.5719736287184349,-0.22893902347719639,-0.49477486351907995,0.15293865509838828,0.23571197282011871
0.7235127127010026,0.8358342284585537,0.7838659815973331,0.7911597339964991,0.8640374703522311,0.8572472036396778,0.7956292425172133,0.8327668159255597,0.7769734412740267,0.8503250640476857,0.7351938705528018,0.8069070423018004,1.0,0.8123219694680649,0.8019834638090494,0.8257302379761127,0.7223851958853523,0.9099689087664119,0.8927004052273784,0.7831214590013892,0.6607528731978142,0.8852368346650625,0.8910493631874091,0.7348899334675523,0.6810188143525336,0.7876772864081134,0.7812064597531192,0.623771802674158,0.7951787055002207,0.7507638983818034,0.8205602914487726,0.6563563791588529,0.8045752450779343,0.8127999498148114,0.8114984123189694,0.8092514769561596,0.8558850413352944,0.8401292045850414,0.8634309771362607,0.8039116140202973,0.742460911395618,0.799534121215622,0.8930082256567174,0.7187684057603303,0.7351759475876185,0.7537614901073042,0.7996299627206942,0.6569862246658461,0.725315714357562,-0.8373205327197069,0.42352276481381373,-0.6090558095462726,-0.5607855407525811,-0.3374988546852369,-0.24016654670394613,-0.2659892954700834,-0.5814634131079806,0.1358208602710923,0.039270533868298686,0.6816944713220207,-0.8122617484994374,0.24945476089021415,-0.49073074163961394,-0.5787520397851631,-0.41197230923954625,-0.18098287639813804,-0.45461807718104197,0.2699698012427492,0.1642552937140432
0.870674458030875,0.9459881873680679,0.9118135541041112,0.8990466329142067,0.8639503977035986,0.8771784536827801,0.9187623931297904,0.9438756359631386,0.9019587018213346,0.9106276772841637,0.8960411007386236,0.9232504344793261,0.8123219694680649,1.0,0.944188599001007,0.8918094600856781,0.8803397465327945,0.8922498482370425,0.7444395601659403,0.8839582491828643,0.8650620005584516,0.8663538908280353,0.7773585111645532,0.8208714764759625,0.8870625479838167,0.9029025888051898,0.9497339859780489,0.8119892965341604,0.9241807246659925,0.931494364643136,0.9262739035935222,0.8251405291618137,0.9602015693449653,0.9579963979154542,0.9422814969824338,0.9316967455783489,0.9432704590628115,0.9604245644925661,0.9384366371107533,0.8214551906879405,0.8242701599083438,0.9022025985166033,0.9108668280522213,0.8328851624717137,0.8928711315654678,0.8060741682766127,0.9133173148533146,0.5982201107835066,0.8458921516370771,-0.9535626834290989,0.4853046103425958,-0.720967979769937,-0.6786436209308321,-0.44197646326199347,-0.32346261985359454,-0.2832859196630917,-0.5760908426759503,-0.016489335664678924,0.18171957860999982,0.8314940807749929,-0.952586807144903,0.25075072162014067,-0.694743887561239,-0.6690627936378376,-0.5407790647663021,-0.2267546121551231,-0.45252480723713373,0.13699000521340335,0.27990528717403645
0.9152371159131638,0.9663829434778303,0.942362448575003,0.9203756277427986,0.839310637881816,0.872246974479899,0.9451608830328285,0.9581595227402212,0.9301075395685502,0.9123827463984975,0.9212657610708241,0.9178541396438283,0.8019834638090494,0.944188599001007,1.0,0.9136026350158605,0.91124807283148,0.9027264802005829,0.7296790512433158,0.8599594687180653,0.8613858603589103,0.8564750163593811,0.7514410491473122,0.7985094125081901,0.9190166072195204,0.9133307426473608,0.9600539216609625,0.8549443080700302,0.956692002118494,0.956620573657183,0.928648487840871,0.822194662435947,0.9581925241147308,0.9746852299917341,0.9606034721309715,0.9456512182806175,0.9657042185214615,0.9697750354707013,0.9403614118421394,0.7988028593784976,0.7967888724757877,0.9072686841438405,0.9106177753376054,0.838456979390144,0.906907954724021,0.826060027392038,0.9278249185094021,0.5424948675817237,0.8462599677242303,-0.9725740821047938,0.5376884878631502,-0.742578083833926,-0.6447735748082198,-0.4546307067345529,-0.34304629521888597,-0.26183155839035027,-0.6125422190108578,-0.03131385248938741,0.19610703283599434,0.8588297724177462,-0.9753348078278898,0.2650544705249754,-0.7403618712193231,-0.648980052456294,-0.5660397887829061,-0.2345774536798677,-0.5087348199081366,0.11628899042767948,0.3146755117203812
0.8135999293681808,0.9239416367359099,0.8635023092858463,0.8522515870324718,0.8438573305903084,0.8501313054360444,0.8881682795920505,0.9157468464777213,0.8852844073373684,0.8863884270241963,0.8430004809921071,0.8807896784861782,0.8257302379761127,0.8918094600856781,0.9136026350158605,1.0,0.8434257799452873,0.9083880481820922,0.7760435167487401,0.8360966013396952,0.7830417758176017,0.9024862880404827,0.8439488886329486,0.8240724167164697,0.8456680119572216,0.8632421575591578,0.9001922945124153,0.7615075243776044,0.8941664493556496,0.894736353405602,0.8917468455574812,0.8014761036484814,0.9036998101928313,0.9205191952370232,0.9191584554910962,0.9217562218897297,0.926780081665914,0.9266585104010999,0.9300505112117836,0.866995152571964,0.7618036362754919,0.8645025875482873,0.8727632712378591,0.7987475369689876,0.8610584938138119,0.7889982834828674,0.9041441281672125,0.6844602473117568,0.8267237738316565,-0.931863675234382,0.5067399709023306,-0.6974294990661446,-0.6622467836543282,-0.46229822179751484,-0.2854117769790561,-0.2212247537526,-0.5796490011438206,-0.00338723636547148,0.14948899057578063,0.8081433446869309,-0.9243894105810794,0.24637009876107782,-0.6326372141331893,-0.683546967614222,-0.5332753589749186,-0.25392547206385463,-0.46905000140172537,0.14791772272582096,0.2868661007227536
0.8788370380852641,0.9077721876366802,0.8991127088216277,0.8524611675987672,0.7655258246619636,0.7730368191465773,0.9647914802114599,0.9011461838690754,0.8999505317410795,0.8852019720781555,0.9084837952569638,0.8421149502009785,0.7223851958853523,0.8803397465327945,0.91124807283148,0.8434257799452873,1.0,0.8404619388830192,0.594821794243932,0.7735641426349341,0.8464902747667254,0.7902532158571495,0.6806478626264599,0.7068158484123865,0.8872076905544902,0.8890706059526313,0.9005618524573731,0.8276725899432948,0.9085265754436098,0.9123892080777286,0.8629481491724417,0.7867138400422385,0.9062718331230489,0.9107772432420997,0.9145730486754889,0.8905823192604024,0.8974457746456942,0.9095069137544376,0.8943032377933535,0.7049277749712893,0.7284944255064333,0.8621604187841782,0.86410799609529,0.7889500560781796,0.8763490623717473,0.7932458420511155,0.8801824844312225,0.42851495294365827,0.7724410255345099,-0.9083280722909265,0.5134661462445922,-0.7048808657971724,-0.6559236197100881,-0.43251761647356207,-0.3421214292192243,-0.2630567578269431,-0.50729330827202,-0.0057758759487293605,0.19655721124549574,0.8460723954001231,-0.9201687109122674,0.3324215244349962,-0.6839450535478655,-0.6515860322953445,-0.5384840473106971,-0.25954581752444295,-0.3836477330789398,0.14912896002263093,0.3013092226013021
0.8142051238109427,0.9217715403449055,0.8864169931030437,0.8794115910067877,0.9011079947884506,0.9113008392793243,0.9038215039347471,0.8989138139139837,0.8609713746157369,0.8878878350452846,0.8294142117847463,0.8754777616251554,0.9099689087664119,0.8922498482370425,0.9027264802005829,0.9083880481820922,0.8404619388830192,1.0,0.8767000923836682,0.8540064882193683,0.7669624518765411,0.9159864689791305,0.8450789375936548,0.7965461950863413,0.8193530578371668,0.872692793228226,0.8866712252616118,0.734716489771406,0.8860580800588852,0.8708815124661463,0.8815548109983783,0.7524073732032025,0.9022046094731095,0.9087492119546458,0.9074082009751268,0.9032834108012113,0.9258383730420923,0.9183976729864259,0.9231988714865702,0.8393481479220718,0.779892474123359,0.8662855699911082,0.9245572106690143,0.7647138339781543,0.8319275166313569,0.7825023654532877,0.8881750403084848,0.6299301606638148,0.7984712731222098,-0.9212759460587476,0.48767095129768934,-0.6712203785594102,-0.597512207807376,-0.36691097397800515,-0.28164829335353553,-0.24161160363154377,-0.6208555727182417,0.021887197505521486,0.09581722727352851,0.7932883639688357,-0.9131730982159639,0.26884993601000456,-0.6053943360614543,-0.6212308113809413,-0.4749952787252435,-0.2149577113153933,-0.5038025582356305,0.1567828070458428,0.2233745486795818
0.6443229288471614,0.7840976480755381,0.733614542156201,0.7620052844824037,0.8703700234158812,0.8616922499487873,0.7092452704585052,0.748919696395925,0.7055774860970927,0.7492278236142524,0.6239696550685634,0.7333683976890272,0.8927004052273784,0.7444395601659403,0.7296790512433158,0.7760435167487401,0.594821794243932,0.8767000923836682,1.0,0.7503985622397387,0.5631650050020913,0.8226677834565524,0.7806489509759725,0.711036399839211,0.5823935843591981,0.7297093103739714,0.7115727294328587,0.5510409077394984,0.7304719848800753,0.6738743584705339,0.7417563744229796,0.6071736204403719,0.735765721414903,0.7446077567268076,0.7360716533163987,0.7490407677029852,0.7960943576466194,0.7613061946641947,0.7773484159509347,0.7767467930336988,0.7270709641531415,0.7611599761768582,0.820375286490055,0.6443530727706347,0.6562324997016887,0.6710289888527065,0.7250331070181152,0.6201509676742079,0.677466657939499,-0.7693810581976049,0.37696847847326215,-0.5494361489246451,-0.4448941199623618,-0.19644882316902085,-0.21822519153055375,-0.1968848463160837,-0.6014694823329869,0.12528278545713734,-0.02598574197216444,0.5953977562902747,-0.7441167350497503,0.1907965284440248,-0.4601479961447221,-0.4723537628551042,-0.3019206477662718,-0.1453348550674711,-0.49237255957031484,0.1904999927994119,0.1088445307798349
0.7785348104418989,0.8835476796717907,0.8582750987449799,0.8987190954073987,0.874592146058351,0.9115169023964345,0.8315780845729225,0.8423148757666018,0.8251499105142542,0.8198494747536248,0.7593869208716788,0.9176243962831975,0.7831214590013892,0.8839582491828643,0.8599594687180653,0.8360966013396952,0.7735641426349341,0.8540064882193683,0.7503985622397387,1.0,0.8284025317868354,0.8455618395951033,0.7245695135740852,0.7644336665804018,0.7657733626691272,0.8063948294886695,0.8539477820882143,0.7180717139884908,0.8255957182573097,0.8601791336942078,0.8678879388991281,0.7605199249050347,0.8673294869416821,0.8745006258175314,0.8688255837615928,0.860834165564888,0.8761161515584794,0.8798274548920151,0.8651779229326735,0.7691257184384498,0.7518375784204097,0.8056510910338766,0.8317112773561911,0.6896334871172162,0.7818416341619235,0.6900631680224947,0.8353223356508481,0.559470053737075,0.8281273738738468,-0.8896723386020206,0.44450273765298415,-0.682443752064169,-0.5528101795201219,-0.36833780163347224,-0.2864108528914957,-0.22488900902611847,-0.6292446159047674,-0.11107365811125042,0.06374284744155993,0.7336286613057397,-0.8723467540157767,0.2717126961243743,-0.6288975196703305,-0.575275248246415,-0.4758408823653586,-0.1789746164039893,-0.4963242681227145,0.05350884945460047,0.18769416176112724
0.8557527302663039,0.862964108485364,0.8675942904634567,0.8518518198566714,0.7319247641790704,0.8000027011579277,0.8457888667698475,0.8479411596768673,0.8502526108162911,0.7958906499621129,0.9011370005192301,0.8757663328601899,0.6607528731978142,0.8650620005584516,0.8613858603589103,0.7830417758176017,0.8464902747667254,0.7669624518765411,0.5631650050020913,0.8284025317868354,1.0,0.7399305750096524,0.6460888781485045,0.6776583861809651,0.8599431593688703,0.7706806599958699,0.8744524957993767,0.7880419246120892,0.8541539957882466,0.9093120028017702,0.8780970169720848,0.7429545450925233,0.8881741079594656,0.8700417686903059,0.8781031411388056,0.8401563268770627,0.8402324603427317,0.8708921067235771,0.8427582469354314,0.700627462069554,0.669815483650176,0.7797506856445892,0.793329473616257,0.6806493712392478,0.7882825915578432,0.6446583330637101,0.8287564420243263,0.43539885662336425,0.766472854320068,-0.8692301668359027,0.4510538207235555,-0.6664058425100056,-0.5848189294905022,-0.4533142909255755,-0.28477336623518196,-0.24162540332580146,-0.46807327704155766,-0.14690622078610194,0.1142920705467639,0.777606565378408,-0.8771753590323034,0.34538843763643523,-0.6520289372671205,-0.6246122412700488,-0.5379782492605616,-0.24962846748799486,-0.33821486207536444,0.061967059178280166,0.21961861760329704
0.7389079808659177,0.8812237062385043,0.8086057640997178,0.8265770510250924,0.8660796492909502,0.8506693240767822,0.8454410793548454,0.85737648466765,0.8352620254602112,0.8666272382796872,0.7996830869339121,0.8312889440479289,0.8852368346650625,0.8663538908280353,0.8564750163593811,0.9024862880404827,0.7902532158571495,0.9159864689791305,0.8226677834565524,0.8455618395951033,0.7399305750096524,1.0,0.877348648317922,0.8645464682007609,0.7977876183046517,0.830354173982476,0.8562749793305863,0.6782513081029857,0.8423615866647548,0.8422372544411993,0.9001925342909473,0.8320004921648493,0.8619034613041965,0.8700659692527013,0.8853568424174673,0.8993625624705842,0.8847474038803813,0.8932270241117409,0.9290301276478276,0.8969054315367077,0.7610760602837296,0.8421239382506257,0.8706028401562546,0.7416852516297766,0.8098840903135831,0.7642096733967036,0.8795896258919715,0.7334555820086048,0.7987627242637498,-0.8845784400992822,0.406354423146427,-0.6102896099666643,-0.6223364467080741,-0.37342227091758423,-0.27013572294748894,-0.21871680584328887,-0.5663493273268972,-0.02479109788432528,0.1111337709051203,0.7687614429646705,-0.8737760413436391,0.2461167110556048,-0.5292169078007338,-0.6443560721325604,-0.4403732333943056,-0.20020080564128637,-0.42051375042330896,0.15693966421694322,0.2102228748558526
0.6581715416366654,0.7804033652702768,0.69430251839336,0.6937658872682274,0.7882921572460472,0.7698546018346148,0.733409601392855,0.7841275209655708,0.716059753288504,0.7956301914221383,0.7085165182871417,0.7599263064038003,0.8910493631874091,0.7773585111645532,0.7514410491473122,0.8439488886329486,0.6806478626264599,0.8450789375936548,0.7806489509759725,0.7245695135740852,0.6460888781485045,0.877348648317922,1.0,0.7651355463275371,0.6767721031333813,0.7214306663396144,0.744224628170571,0.5694382729118963,0.738280180933067,0.7225338735828942,0.7763655507857602,0.6440016310429223,0.7688246884402927,0.7683658518153393,0.7669598879683048,0.7812442798260262,0.7983145624597536,0.7949936462898761,0.8500323401397328,0.8710105721039462,0.6643796250731736,0.7362409860971145,0.8001297223185735,0.6719814133017131,0.7092411846749601,0.7094557723863606,0.7749304202528107,0.8244382821134246,0.7081143345975888,-0.7943820025457672,0.3908537310823641,-0.58289630617055,-0.6058871339496941,-0.434815099332068,-0.23045633942681223,-0.2322121407999129,-0.5154850327760238,0.07449697611576071,0.07234187143570696,0.6505316217489487,-0.7653022091933295,0.2556543222113858,-0.43877040196569034,-0.6237311913739222,-0.4542512310607267,-0.1908341112667337,-0.38588975912033713,0.20893974473044155,0.1875225394494644
0.7018530734947342,0.830558471962882,0.7615948984961608,0.7680517270889121,0.7966324529853205,0.790357632460205,0.7751145909409665,0.8100283463751143,0.7619542826195154,0.8173959603529799,0.7598557796846857,0.7395834977268236,0.7348899334675523,0.8208714764759625,0.7985094125081901,0.8240724167164697,0.7068158484123865,0.7965461950863413,0.711036399839211,0.7644336665804018,0.6776583861809651,0.8645464682007609,0.7651355463275371,1.0,0.7553453624204347,0.8210071459663619,0.8129678970679116,0.6920331673782307,0.8111556738493441,0.8020163283586587,0.835070094446001,0.8855392495623178,0.8180462079948844,0.8231660480041343,0.8270971661350303,0.8855306685576995,0.8213345808951024,0.8317626551390593,0.8664053347811317,0.9002926802209917,0.8086324281132051,0.8296351328593768,0.8108117585220823,0.7490613885354779,0.7885208951546265,0.747312896576777,0.8216341455601623,0.7820786779415037,0.7294468036475612,-0.8229646129512883,0.3932971676691555,-0.5164246940199905,-0.5606259079136795,-0.28108164126362883,-0.2262274274503526,-0.1778525566135771,-0.5203455683592401,-0.05139813498082864,0.17050611047263153,0.7372530377380646,-0.8275552674540331,0.22700482599149793,-0.4842865747603633,-0.5733739759894751,-0.3754431133909845,-0.14649952953556453,-0.37311819484081304,0.09172880662881738,0.2483244591314357
0.8654009244448979,0.8873672557527368,0.8697876436601725,0.8343269768966102,0.7448807400465316,0.7678521429478177,0.8939076082601198,0.8873098414428872,0.8777817896493424,0.8374033877864572,0.9247685424314258,0.8351670204578335,0.6810188143525336,0.8870625479838167,0.9190166072195204,0.8456680119572216,0.8872076905544902,0.8193530578371668,0.5823935843591981,0.7657733626691272,0.8599431593688703,0.7977876183046517,0.6767721031333813,0.7553453624204347,1.0,0.8374321059777684,0.9335033331445546,0.8425744189258129,0.9048493259561119,0.932376883861176,0.8856750140716387,0.7975918269286911,0.9154920243003163,0.9114259766587037,0.915983727784552,0.8828867229362972,0.8771543496480118,0.9094587456098742,0.8867389734052494,0.7335071144027417,0.6873068864962801,0.8254646588713612,0.8160936577869335,0.79259157306023,0.8693293342048775,0.7415375452583943,0.8914292668088588,0.5033970699815216,0.7644326872258784,-0.8969761197029944,0.45779563683478935,-0.6486685991466109,-0.6251577368868926,-0.44890476900876874,-0.3487154592786418,-0.28998258728465365,-0.4418665611513353,-0.0815704255851988,0.2823874608967236,0.8377760051212421,-0.9148047858312501,0.22824552165380016,-0.6409900042434854,-0.6235371773139913,-0.5470997269647027,-0.23822145048731133,-0.3310007518674327,0.09925309728189367,0.3682086166164233
0.844397682743278,0.9303943653635229,0.9016038162325017,0.8876748411365926,0.8162343249070857,0.8425734380621094,0.9196344165090113,0.9228559619498455,0.8994404651401385,0.9126463077898797,0.8654674706836648,0.8399580373055341,0.7876772864081134,0.9029025888051898,0.9133307426473608,0.8632421575591578,0.8890706059526313,0.872692793228226,0.7297093103739714,0.8063948294886695,0.7706806599958699,0.830354173982476,0.7214306663396144,0.8210071459663619,0.8374321059777684,1.0,0.902168810669988,0.8250044715345806,0.9246332142697287,0.8981257763173637,0.8964836319676632,0.8419838913530484,0.9056827172645566,0.9212050989379702,0.9165618858360465,0.9267158433612995,0.9211181260403587,0.9228258450494939,0.9173321231831436,0.7843027078196195,0.889206311854569,0.9526401989023094,0.9261059531066527,0.8480467639225454,0.8701900137700634,0.8515815667518744,0.8765890700042398,0.5359864360537177,0.8173379646288023,-0.9248527613682808,0.487908763900505,-0.6742112537049374,-0.6131303454339153,-0.3052305870732291,-0.32222462313211214,-0.2328299165776269,-0.5869014005003491,0.017737865990240936,0.20120057912303974,0.8237183266522079,-0.9255584728619218,0.273153608243962,-0.646717251915828,-0.6030800574961859,-0.4304245989514089,-0.19751543897159538,-0.46220168568370273,0.1306460930803221,0.3012029175946382
0.8982541685504021,0.954111671704073,0.9251855955072089,0.9051002166987807,0.8375915437200511,0.8724409819962996,0.9314757666622131,0.9466744214266429,0.92022445554194,0.9086736426684898,0.9176654416710918,0.9109143113863618,0.7812064597531192,0.9497339859780489,0.9600539216609625,0.9001922945124153,0.9005618524573731,0.8866712252616118,0.7115727294328587,0.8539477820882143,0.8744524957993767,0.8562749793305863,0.744224628170571,0.8129678970679116,0.9335033331445546,0.902168810669988,1.0,0.8550954047094718,0.9510953577353237,0.9500970623307756,0.9298820673744522,0.8329273216840681,0.9620671237893607,0.9679300174558364,0.9601527598380024,0.9349832500551036,0.9446442574041038,0.9634980147383904,0.9381673212215167,0.7991070765213325,0.8029581806561632,0.9114253243793776,0.9002895108716763,0.8495963012263378,0.9075026502660906,0.8055542803232567,0.930020462155135,0.5578704651785266,0.8491935121608712,-0.9624626045488439,0.4862527033875842,-0.7044479715413515,-0.6592372455130167,-0.46601128479995196,-0.33015164101886146,-0.25142372544238145,-0.5754620005150609,-0.029939310720964223,0.22734800138944283,0.8507175821772863,-0.9659544517688597,0.24783693184269676,-0.6936101507866292,-0.6549983986236145,-0.5570138859804584,-0.25687712377477306,-0.438703010037002,0.10202186282526399,0.3162426655046867
0.9080127953763489,0.8654372077923816,0.8817490442856166,0.8653286879044603,0.6842630126378646,0.7284450883623714,0.8535117719073588,0.8563887673965073,0.8498656561356566,0.8230598346195686,0.8750533392277983,0.7775781644064271,0.623771802674158,0.8119892965341604,0.8549443080700302,0.7615075243776044,0.8276725899432948,0.734716489771406,0.5510409077394984,0.7180717139884908,0.7880419246120892,0.6782513081029857,0.5694382729118963,0.6920331673782307,0.8425744189258129,0.8250044715345806,0.8550954047094718,1.0,0.9113542486182745,0.8960501720404512,0.817707381471616,0.7281106723268196,0.85831891012305,0.8671809697009444,0.8560508010079897,0.828700523239791,0.8402850818400206,0.8422522387499872,0.8176250832541372,0.6216968911371304,0.7697069769049725,0.8239598128971319,0.7846096026549904,0.8030735933282772,0.8370816420390597,0.7618470633398899,0.8211547784434432,0.36665656818435316,0.7224515012433987,-0.8608277402265158,0.5234817116172156,-0.6290201742636402,-0.505993736483634,-0.3125532955865659,-0.3181818700990229,-0.24727265220909572,-0.4405419539296081,-0.0011499215961753774,0.341606310141696,0.7522533265753415,-0.8626319400526095,0.31504912667708085,-0.6053303211259531,-0.4564964829488384,-0.4003155083869097,-0.20614552115490772,-0.3870479594539068,0.0895875921472692,0.450083998622461
0.942116812245765,0.9677073791567848,0.952841749419238,0.9309208615167519,0.8339520859751367,0.8641481111223684,0.9448306444682273,0.9567733348178987,0.9341924787359429,0.9281249700230007,0.9358938707194728,0.8834320090681109,0.7951787055002207,0.9241807246659925,0.956692002118494,0.8941664493556496,0.9085265754436098,0.8860580800588852,0.7304719848800753,0.8255957182573097,0.8541539957882466,0.8423615866647548,0.738280180933067,0.8111556738493441,0.9048493259561119,0.9246332142697287,0.9510953577353237,0.9113542486182745,1.0,0.9583771196575628,0.9225659395656279,0.8209864756543077,0.9493839577319643,0.9636290221533869,0.9596371848452762,0.9429146466992218,0.9515168753251387,0.9562368258525095,0.9395929866567738,0.7910066582583157,0.8472756328988931,0.9294403484661999,0.9171969272873637,0.8663288099461851,0.9096183982045595,0.8466429651773542,0.9343217364050377,0.5371864235913393,0.8252130987214434,-0.964221501273077,0.5278578417781686,-0.7045205299581644,-0.6102037899451512,-0.3865523646833419,-0.3348640600816478,-0.2531660645872557,-0.5689325713757579,0.008818288906751716,0.2306678667936674,0.8466036104674975,-0.965334596678073,0.3185568654849868,-0.683480514218218,-0.5988857679859501,-0.48802459253196273,-0.22770856357788472,-0.4574184000991054,0.12903134832949098,0.3565471260919918
0.9192820868019909,0.9567968480598351,0.9362347632146886,0.924748955760604,0.8069239437078717,0.8478043052656468,0.934303996053355,0.941853808706695,0.936593030330816,0.9026155492577823,0.9407764156027438,0.8977539071704104,0.7507638983818034,0.931494364643136,0.956620573657183,0.894736353405602,0.9123892080777286,0.8708815124661463,0.6738743584705339,0.8601791336942078,0.9093120028017702,0.8422372544411993,0.7225338735828942,0.8020163283586587,0.932376883861176,0.8981257763173637,0.9500970623307756,0.8960501720404512,0.9583771196575628,1.0,0.9386197644379716,0.8394324007952783,0.9506715732542969,0.9605329163748187,0.9605118176986581,0.9430121026051241,0.9404672863266275,0.9549863997876172,0.9356644516134865,0.7874193003842284,0.7863585130303532,0.896106046356359,0.8858688786541542,0.8228106567036758,0.8983845651557969,0.8029541802411656,0.9281931767507431,0.5316933609859308,0.8379335530125134,-0.9584609413008287,0.5188688598210909,-0.707199849831628,-0.6376047815263313,-0.43075360991105793,-0.32734199238372635,-0.25999074673143313,-0.5369505673104549,-0.07819148330637787,0.22931190592651418,0.8508404227280626,-0.963575167581841,0.3112045794041363,-0.6850866399097905,-0.6402012437952218,-0.5241475468536586,-0.24194920196043718,-0.4229321724200652,0.08776278364039505,0.35969111650687896
