0,1,2,3,4,5,6,7,8,9,10,11,12,13,14,15,16,17,18,19,20,21,22,23,24,25,26,27,28,29,30,31,32,33,34,35,36,37,38,39,40,41,42,43,44,45,46,47,48,49,50,51,52,53,54,55,56,57,58,59,60,61,62,63,64,65,66,67,68
1.0,0.7449580869056257,0.7995877072171566,0.8543658395244941,0.12270130182982981,0.4927395594820017,0.6467803435435495,0.6621754845930418,0.4771320667129365,0.4830563088636389,0.29509475891098114,0.7372558018512851,0.5996334820928806,0.3920555957984069,0.7395460191030432,0.6979644633481416,0.6001314643295776,0.4905049699510215,0.11228723742046993,0.3898036390467202,0.701680085586951,0.5978045338344291,0.49608019284817545,0.3320219534224391,0.6813558011574672,0.5545742445604402,0.6982158132326076,0.6836956809537993,0.6196314584362851,0.7166045373565407,0.6703243259926255,0.28085485832529083,0.7166072129082531,0.6024590675404864,0.7041735145666161,0.5669311549868213,0.324981985399326,0.6530964996132252,0.6457244268019928,0.5855796785552814,0.7192668793414231,0.6713896211355749,0.6526566895099339,0.4523547285436422,0.26970011383514153,0.4776871919726691,0.4233964290011677,0.32947865857794156,0.2545421379365875,-0.7746763818635758,-0.09660789080852611,0.036619695200043434,0.02513980821223551,-0.15850035200268733,0.051717057874915,-0.35548776354869666,-0.26660027904718187,-0.03363098676874,0.21179440290480336,0.4257131406806223,-0.7930115732480708,-0.2596906402344532,0.015766931422178672,-0.06870573403749233,-0.09191290114882317,0.008498580410692196,-0.3046469138677486,0.004879803105373414,0.22326131049353032
0.7449580869056257,1.0,0.6396523549712645,0.646867980745378,0.0061310016784348245,0.43032066161283905,0.6513840340003578,0.6835743746798928,0.41708623117725113,0.5390972610897082,0.2768624310865753,0.7707122768725526,0.7201026748630871,0.4562723009149689,0.7114390565347214,0.7347117375494815,0.501473260709863,0.45837580756826873,0.07729113858285694,0.502366733615749,0.6310162544888269,0.522731488266772,0.5706589844878005,0.36612896728791533,0.6253046733159803,0.6631171891093725,0.7622219146024418,0.6762752627647267,0.6722180277199998,0.779754924191174,0.618707184714849,0.29388566000157357,0.7736362325862,0.7192858777669608,0.7434465175045338,0.5979359080476581,0.47056976035210624,0.7005509511565523,0.705272246627682,0.573481452500768,0.7487155741169393,0.7037093703944348,0.7128649518562635,0.5456955508898936,0.37986272626784673,0.560485392633566,0.40204918823780417,0.3586643574258805,0.2149883624503299,-0.7838170697384347,-0.15217128101866056,0.0470823470435591,-0.0831103636174747,0.02276245702408017,0.17116808690614355,-0.2841234351603399,-0.184153418508822,0.23521839728760077,0.10368315822457376,0.37514986771602826,-0.8195985205462587,-0.2534750681117097,0.0389658082146077,-0.19566988582189063,0.09231884840841895,0.10455586577966773,-0.27220986712278983,0.20500124515862042,0.12553472060956045
0.7995877072171566,0.6396523549712645,1.0,0.7276731841997091,0.07874883741039669,0.455553668216554,0.45659175933597834,0.5922800947897381,0.477562746133373,0.42054498402200235,0.3098712950137642,0.5832921418285615,0.469368554499927,0.41356304560410456,0.6870922302636819,0.553311996627482,0.49378630716674865,0.35272455559990046,0.10438013313133321,0.15480510141475812,0.6774133710508017,0.5322263899055917,0.4243967966886288,0.21332283743078057,0.6743233663487571,0.3963873806884092,0.5544421552137611,0.6906874137939579,0.4878500059226924,0.601743527890723,0.5652662623747373,0.19942878554655158,0.63421154844754,0.4383360442113985,0.5978972418422133,0.4094359450562233,0.2167965008949928,0.4695755661459576,0.46359750426792223,0.4609819665138327,0.5940671311497246,0.5064362388019082,0.45132709178597646,0.32979137546090137,0.16525013243559478,0.31478112622760135,0.3499587690865921,0.2795514247917265,0.2580738665935238,-0.5715594569671298,-0.12107709127987684,0.12362885635892158,0.055195872741507467,-0.14182437208783324,0.04268124321404224,-0.22898150415324015,-0.287487237119182,-0.07409007456867453,0.18287526495754183,0.341235162569577,-0.6325507751510275,-0.23149390243507817,0.08944790419185106,-0.10757058473455362,-0.11455981195905926,-0.01522165688058515,-0.20675793810351947,-0.045883472326795176,0.13815936259046002
0.8543658395244941,0.646867980745378,0.7276731841997091,1.0,0.06220858593496834,0.3571722064711351,0.647982606379434,0.5274932930575338,0.4186411805908661,0.4258792211361348,0.24523645138394382,0.6900552683059045,0.5612521156675553,0.26544357885317654,0.6611455050173862,0.6425479062558592,0.5774562723550769,0.4577484365786275,0.010162899866135227,0.38774267459103473,0.6452961852167419,0.6029886053465042,0.3214884241710234,0.33385811796425763,0.543650283605633,0.5571804019054245,0.6543528472167855,0.5522953695757674,0.6244138384745941,0.6667963707913181,0.7050967122407531,0.3377052298443495,0.5659982616014225,0.5433859015649595,0.6394567878870897,0.5345285422539722,0.29125759420036845,0.6062326414258461,0.6172708137647817,0.4914235053948439,0.6214959787783492,0.5847882293827211,0.5801985687105476,0.4353089295771984,0.3337768692079815,0.40567822693555505,0.3367909621303098,0.2182992627885918,0.1421520368291,-0.7293706459017718,-0.11080842806099234,-0.050670630008611106,-0.03227518992229341,-0.12833405006216986,0.02115194813804912,-0.3374062791312995,-0.31269922904946407,-0.11405596831401464,0.22481807525430253,0.3987999112181876,-0.7281347544210481,-0.2861527918387543,-0.06436815674287916,-0.09462264621736168,-0.0499456427048262,-0.011548974508007015,-0.35363569887939944,-0.05897265969435656,0.18286536219860144
0.12270130182982981,0.0061310016784348245,0.07874883741039669,0.06220858593496834,1.0,0.4971714882973794,0.050800363932407576,0.4165473839798488,0.4184647984111709,0.435023158884968,0.5193030926418744,-0.04407915734279824,0.10838679622322511,0.16485396849316641,0.01982886126824631,-9.701429859338246e-05,0.30191522490622114,-0.15041989477592607,0.5885126941662903,0.19493254865400733,0.30775671721653886,-0.1394487540528329,0.06188949401182597,-0.21673233606445114,-0.1153453688748074,-0.12489058812110657,-0.13092320336678467,-0.053002871884035074,-0.16939232797084414,-0.010950379335705062,-0.15658765765170654,-0.3458644881400303,-0.017443724775053425,-0.04125825345658718,0.046980114580049505,-0.16477969634051393,0.012261825040465269,-0.05616933874429969,0.055745585029377584,-0.08733208933005601,-0.10695903363510534,0.17556826056365782,0.0005798896707343093,-0.11318131416910673,-0.19291266425862774,0.09861261847518625,0.025264079487788495,-0.2057345474386873,-0.16634748392995527,0.05837067574211332,0.043225305381294286,0.11139470985383466,-0.022299698612496935,-0.03650967457582278,-0.08311900807626921,0.04677009989087069,0.11255160089008623,-0.08196455569073889,-0.06620683671039075,0.0267088842442915,0.023177706110715086,0.08914627903435993,0.11186874994951422,-0.05168369024915985,0.029223968906105773,0.005656363153528519,0.0642845763469795,-0.04623123510760425,-0.055310442351476315
0.4927395594820017,0.43032066161283905,0.455553668216554,0.3571722064711351,0.4971714882973794,1.0,0.13037549520632705,0.7237721726743107,0.5866513333128871,0.5423692281175633,0.46059841536559304,0.34307708683197125,0.431764893843581,0.4722048515658345,0.5155136590380501,0.43269700674091666,0.28041983116712704,0.019898726497354125,0.5259101424632269,0.1934668630413212,0.6979188687917013,0.30748336914869073,0.49367665078785766,-0.00908271447766805,0.34581954834321127,0.07100326838331844,0.26585488250588935,0.4283953244130475,0.07938873759346057,0.3897716639089884,0.25236683693313555,-0.0807768474899661,0.5185604520371738,0.3908639134331201,0.4120105716203092,0.1966346716754836,0.30986500811063133,0.384848080911857,0.40219256366400313,0.27635864544179345,0.4574936738352716,0.45299844867063366,0.2538545295580958,0.1688937869891034,-0.13839586187813108,0.2453341439367438,0.19026773087854962,0.16332880751072437,0.137846491651254,-0.36600776628561094,-0.12866141327189382,0.20197574677260366,0.004237746866626392,-0.0877402387446963,0.04727125435902952,-0.05274752333637071,0.022659137397000623,0.01077021094504578,-0.05868830379179488,0.25219873155939965,-0.4029121761169159,-0.13103798714187534,0.13860043790093787,-0.229707599260701,-0.1689076470201434,0.07011172683732864,0.036904405187684765,0.09779711215146798,0.04424982890969181
0.6467803435435495,0.6513840340003578,0.45659175933597834,0.647982606379434,0.050800363932407576,0.13037549520632705,1.0,0.401168669242284,0.32270677892852767,0.48559508964368103,0.12576394588081646,0.7214807910292231,0.6354412596679127,0.04809573853586947,0.5217537912384829,0.5791116716794592,0.6866555041199196,0.6483685505569671,-0.037737524432324705,0.4787281928631826,0.34516926382322544,0.5295529322687477,0.3176347886279209,0.41153465050163257,0.5271621908021793,0.7971699961980496,0.6978192963149604,0.4052991409329845,0.6859175146149203,0.6099923909626567,0.6418582586766772,0.4457103059840072,0.5146375165368656,0.4721734017465894,0.5784011136811076,0.542085733945171,0.22164386493761487,0.5687585177157201,0.6040734723760004,0.5418947461114042,0.5048005970105057,0.6432801667730031,0.6719722879058413,0.49956286341783646,0.5132526803626569,0.6345325023615969,0.26313677418397696,0.256982805355095,0.0005157503312361502,-0.7110632909386554,-0.14060713233842678,0.0199541418668815,-0.019464198763313,-0.09101808679604843,0.12573058663625572,-0.4615017457458641,-0.2529997391609764,0.06705483606759291,0.1942741015914273,0.31545158138983415,-0.7188601534789121,-0.2152776088261602,-0.04397756944032869,-0.040169833594209,0.05443304324420651,0.05906501052483158,-0.3340638097304633,-0.010027251534905801,0.1596938488266231
0.6621754845930418,0.6835743746798928,0.5922800947897381,0.5274932930575338,0.4165473839798488,0.7237721726743107,0.401168669242284,1.0,0.6574612984529024,0.7046485509003816,0.5381061499768174,0.6443532642819809,0.6760534689064253,0.6545231862860802,0.7128959979121354,0.6393768567573818,0.5702949575585995,0.11593020567925237,0.35422023631020105,0.34735346256783317,0.7138839448915264,0.3847023862538338,0.5386628362106919,0.19707508548085279,0.5448537566265373,0.36453862886781313,0.5484359172039207,0.6163398636916732,0.4052862517065647,0.6951732703008318,0.4415941897508724,0.10201535399093027,0.697853283812105,0.7024468082885871,0.6766376004512374,0.49346065183740695,0.4947842059432657,0.6198674196802609,0.6327945648127572,0.4287431590184924,0.5888219806366691,0.6625754435023437,0.479363846310673,0.44134001000627004,0.15368684615502415,0.422903822519159,0.42187690482600665,0.268555476031983,0.15017460048621886,-0.622147397018498,-0.022608668743082944,0.1493185821114053,0.00429373552756838,-0.07718525391898222,0.09822799467922864,-0.14195321626318794,-0.05794998243704789,0.13206811530454135,0.03603094289852959,0.21029894296811594,-0.706237006794209,-0.09072294637639333,0.10717291241834814,-0.12962407083719912,-0.10581661622351014,0.04132699445391398,-0.026635896039854362,0.1886608290799153,0.08398582820283457
0.4771320667129365,0.41708623117725113,0.477562746133373,0.4186411805908661,0.4184647984111709,0.5866513333128871,0.32270677892852767,0.6574612984529024,1.0,0.5708219737452738,0.3772839885507038,0.4877410369350356,0.5029809027930295,0.3845039325384725,0.5726000098587506,0.475935021735976,0.48265198265286746,0.039245504904134275,0.26808705529056154,0.102260682841797,0.5628204600458201,0.314230321009278,0.32887991100989955,0.07724384457384886,0.46742754138289744,0.2553771998230979,0.4792683009006554,0.5134868771231021,0.3532720510811748,0.557289943717761,0.38372768070544544,0.07883493310843274,0.5712435085973266,0.41535319726354886,0.4936263076943377,0.3429957768436883,0.24905938395658062,0.450577717878498,0.49516738478933336,0.28808998441870554,0.39893631361912235,0.5445654424690142,0.3469976291598051,0.1347733310130721,0.053644477633786256,0.18863687452817124,0.30929317711126747,0.19022214491538408,-0.09649290260758374,-0.521259236606821,0.04939906920868925,0.15855032673050165,0.10568417071083425,-0.1176785852400543,-0.028874370739221188,-0.3620842571281862,-0.14626903188578264,0.010044357985378767,0.051164149714517236,0.12389357076605508,-0.5507741703552427,0.04746506076858088,0.09106682569929392,-0.007406060345287089,-0.1425344822192701,-0.001668429224794633,-0.0853513957468465,0.020829842521754103,0.0844351398269383
0.4830563088636389,0.5390972610897082,0.42054498402200235,0.4258792211361348,0.435023158884968,0.5423692281175633,0.48559508964368103,0.7046485509003816,0.5708219737452738,1.0,0.5040579899073712,0.5857719819894471,0.7402055232471421,0.3802595462908473,0.5623497596980612,0.5176152120596341,0.6002956224097226,0.10110933230541158,0.34346830864709627,0.322291634016445,0.551801614897017,0.28456920204859804,0.3424923162418533,0.15660883779746335,0.423834855990197,0.438872327888765,0.5421781949426278,0.3933648463818449,0.3959611239954171,0.5736746308598933,0.37294428281846526,0.11577180793407124,0.5170209345006377,0.4956132425328906,0.5418185644762546,0.39235211739246145,0.37233880056653207,0.5137489882808112,0.558146736054811,0.30171897015176274,0.4012362556466287,0.6059668817006308,0.42686024920024007,0.4415767041259607,0.29230174917795243,0.5200005643403898,0.3372624297784138,0.15029434877787562,-0.071045927969041,-0.5597409263099143,-0.0537689092425981,0.024958929588231614,0.03351319320743729,-0.10344511193216473,-0.0028981680531329226,-0.2866241735501155,0.012603111270185647,0.10551307006024735,0.02258953572050887,0.18160257052888698,-0.6127514381824951,-0.05012093285581386,0.04644944098156781,-0.06947650726996782,-0.055857300821945226,0.04996039965818433,-0.04404386768241177,0.07858682317125688,0.06369021755077191
0.29509475891098114,0.2768624310865753,0.3098712950137642,0.24523645138394382,0.5193030926418744,0.46059841536559304,0.12576394588081646,0.5381061499768174,0.3772839885507038,0.5040579899073712,1.0,0.17284498694924308,0.3193295518715363,0.3588321876180789,0.2538948439530812,0.19278542886020697,0.45114551342721415,-0.03680345331121025,0.4955075443330248,0.23535276646946118,0.3677522630837507,0.05970694557597933,0.20610903665232377,0.04066724191574866,0.18352501176500333,0.04121039972091089,0.1282391264224523,0.2647009696587951,0.018278149963800686,0.2539189411666205,0.12415829425330745,-0.11313178367288645,0.19289949207617635,0.1960775838879477,0.3551349236898245,0.15685869499829574,0.2347632654898088,0.15315664896945874,0.2500250706927258,0.1061183916975188,0.1254447072455125,0.3136350409692377,0.1744856296570178,0.0005913024408506701,-0.009160494513821003,0.17324398847203032,0.2673346975663955,-0.017837411159676485,-0.009471721598659335,-0.16332341155698593,0.003800094815133452,0.05049370716702429,-0.047894997277910176,-0.10983250793911854,-0.005821530539307195,0.004466074708095995,-0.029131939594992384,-0.007440340282565514,0.02705100537863369,0.04881142802866518,-0.2177019086814541,-0.017425681319415774,0.10111535414530178,-0.10580461660564505,-0.0018308551151186767,0.001435028152020991,0.0431876187739728,0.09936197765778355,-0.03729941506615178
0.7372558018512851,0.7707122768725526,0.5832921418285615,0.6900552683059045,-0.04407915734279824,0.34307708683197125,0.7214807910292231,0.6443532642819809,0.4877410369350356,0.5857719819894471,0.17284498694924308,1.0,0.7888135975393294,0.37161512900402566,0.7546713224275758,0.811660596807322,0.5789179242187936,0.449299948749647,-0.07595475213293523,0.37127494805835576,0.5747939387027714,0.6389676315303625,0.5276732067764639,0.44755775802936093,0.683479934405385,0.7162421369135648,0.84668994536369,0.6337037888561502,0.7213799091362443,0.832338646270372,0.7393430669160924,0.46487120813612204,0.7619137781063926,0.7499368262239654,0.7377895625218839,0.6971809503288766,0.4215534076496971,0.7918253271756289,0.7732552039231648,0.6266351464657917,0.7197652029997385,0.7083681380759024,0.6988889894010427,0.6014289069551758,0.4337804730994018,0.5721631982284066,0.3935528749393659,0.42544075085842076,0.003895102043493152,-0.8910878341320257,-0.03786721523001336,-0.005982431462763624,0.022061480606809642,-0.129677244464806,0.10263014949791649,-0.467914333345157,-0.18483703185373157,0.16330958031273846,0.1587754208516134,0.36457505648201777,-0.8882963936331754,-0.2050825600467711,-0.01404345037768895,-0.042103340421599286,-0.1072033401842827,0.03451031202934574,-0.28268827949841724,0.12375673488563374,0.22404159176581614
0.5996334820928806,0.7201026748630871,0.469368554499927,0.5612521156675553,0.10838679622322511,0.431764893843581,0.6354412596679127,0.6760534689064253,0.5029809027930295,0.7402055232471421,0.3193295518715363,0.7888135975393294,1.0,0.42641385174454877,0.6382537312628593,0.6903177398331929,0.5361310509076906,0.27893783654193194,0.04653568343874816,0.3838110580123884,0.5596131121044022,0.4447820210028539,0.48599169351386684,0.33717014783898935,0.5535746889587969,0.6919527375399707,0.7302162524796649,0.5052321296377655,0.5779099264126519,0.7289072790349971,0.6193172140718186,0.316929234012866,0.6380334054191027,0.6847563441564429,0.6707414101687689,0.5796679436492426,0.4832182552229558,0.717373060577064,0.7131347803514461,0.46887761978070003,0.5964530479683525,0.6697134476494152,0.5877306885886693,0.5821977920871427,0.4185699631719825,0.6254155984658808,0.3456421846608388,0.2724464836221173,0.040899015485004374,-0.7582550117462803,-0.11788414838700209,-0.029193530869635657,-0.04091576984127041,-0.06542397956724184,0.06317241176731556,-0.36804917513459656,-0.11784421464565352,0.18718012214656304,0.061858843320010536,0.2997318824001772,-0.7764801087781275,-0.2001001890467845,-0.01933715747884226,-0.15162163254954275,-0.06699714291113543,0.08796382197127678,-0.1922535636535414,0.1377415994662888,0.051445499512774606
0.3920555957984069,0.4562723009149689,0.41356304560410456,0.26544357885317654,0.16485396849316641,0.4722048515658345,0.04809573853586947,0.6545231862860802,0.3845039325384725,0.3802595462908473,0.3588321876180789,0.37161512900402566,0.42641385174454877,1.0,0.4215262126949206,0.36445911254304986,0.29601016834703003,-0.10295484685724861,0.16682029455267386,0.17869009470599742,0.4695561160252988,0.17184986429932084,0.40754451546287146,0.15784896754502442,0.286412166139972,0.14557614637680794,0.2879208175303105,0.479573242158219,0.17208585058846038,0.4939636674824008,0.2161957534405124,0.04827640413785704,0.44942608143987656,0.5955461776068193,0.49552945644826885,0.4023980744253604,0.5818382138078041,0.4108404720404392,0.42746567743429426,0.2760414655005688,0.4522850862575209,0.41865964730783933,0.24389244000589938,0.23889794487598665,0.08328649368349667,0.11110982507207258,0.38103507514723195,0.21812974682525293,0.30031296496522997,-0.34124524316099336,0.06569165281601919,0.054710674512851054,-0.10349668336192105,0.10316605101043112,0.13656872272137832,0.09913437656107106,0.03448929210446758,0.07450977785023241,-0.13646347619534357,0.07273454915417751,-0.4340619864082074,-0.0717599989468393,0.03187315141891179,-0.1618886592265028,-0.0046815784082769206,0.1427709088382144,0.11784868326646232,0.24025343936155819,-0.02612332453365471
0.7395460191030432,0.7114390565347214,0.6870922302636819,0.6611455050173862,0.01982886126824631,0.5155136590380501,0.5217537912384829,0.7128959979121354,0.5726000098587506,0.5623497596980612,0.2538948439530812,0.7546713224275758,0.6382537312628593,0.4215262126949206,1.0,0.719395529738959,0.5122659607865225,0.2845003859264546,0.022659742631590787,0.16296253717608947,0.6813572753848232,0.6231975067845821,0.49196145971112776,0.27697960793829207,0.7866450628666869,0.503849032696185,0.7787349558530612,0.7932196882911008,0.6845566864658436,0.7967921615212633,0.6459347717570666,0.32637584513045365,0.857740054046235,0.6632352901874771,0.7207651385452121,0.5761556085116182,0.31942925763978497,0.6812691214790744,0.6410288262954809,0.5110833133040434,0.7589302060832297,0.6946800425051269,0.5597628658349347,0.42810860874857104,0.30147022915218524,0.3933497684480809,0.4169742317261839,0.4356730256018931,0.12401182022401315,-0.7796423450898995,-0.10673829013718249,0.10547230177409997,0.06101333592960871,-0.14167072457426796,0.14287221276012718,-0.3983999498956288,-0.2666803853785518,0.10118271619772376,0.15740811648147812,0.30868332658583264,-0.8213569224890397,-0.20103139491620323,0.05442068077634196,-0.054171114503661674,-0.13437342485520892,0.005491897993225842,-0.21815315069697883,0.1391502741398923,0.19124667327029024
0.6979644633481416,0.7347117375494815,0.553311996627482,0.6425479062558592,-9.701429859338246e-05,0.43269700674091666,0.5791116716794592,0.6393768567573818,0.475935021735976,0.5176152120596341,0.19278542886020697,0.811660596807322,0.6903177398331929,0.36445911254304986,0.719395529738959,1.0,0.39675788745411683,0.49913666563503906,0.04008939011448829,0.3852754822300026,0.5860624697457012,0.7103122259451538,0.6912414215138976,0.4581184408210635,0.6349181173536781,0.5524244409993321,0.7494435936518969,0.5939646308991611,0.5849922375984838,0.7493904695150768,0.7167421201231187,0.437061351612312,0.7562014633181704,0.6999025446775679,0.696137142514059,0.6351832198000635,0.4141868378096372,0.7618036572411948,0.7501179642834542,0.6562979242635598,0.716175714569149,0.7052591755647588,0.6427918577356025,0.5010955099873734,0.25095887714586257,0.535354609491412,0.32159262646192066,0.5003034371584139,0.09038736356915943,-0.8170833298919574,-0.16415737908878736,0.08623782388273592,-0.0525326197567476,-0.1215112639192511,0.07924770559063866,-0.343726115510181,-0.09261795063231777,0.1794735135463555,0.13722072996496065,0.4521725531991835,-0.7816668416297555,-0.2602877865654561,0.05978646723306549,-0.1443281087960612,-0.10351155812175664,0.023446096288175074,-0.23078604790966611,0.20362544353634923,0.1997929788781286
0.6001314643295776,0.501473260709863,0.49378630716674865,0.5774562723550769,0.30191522490622114,0.28041983116712704,0.6866555041199196,0.5702949575585995,0.48265198265286746,0.6002956224097226,0.45114551342721415,0.5789179242187936,0.5361310509076906,0.29601016834703003,0.5122659607865225,0.39675788745411683,1.0,0.28340206072651436,0.1592786125640775,0.3683281404886012,0.3709211469707863,0.3173273668866271,0.15371030474193947,0.29186988722380686,0.4828007493934936,0.4926350077436714,0.5583153384007713,0.4573305853618227,0.5025602710800964,0.5823073939641841,0.41482182816671237,0.27859553869628595,0.4549200726955334,0.4898778815475466,0.6015631231965568,0.5125438187137252,0.33188885041483945,0.4703347421863549,0.5207426140216709,0.33979939061321096,0.3471422800325062,0.6251733981149271,0.4952994455667266,0.36314352035878034,0.482293603486051,0.41643011202299957,0.4385976084422612,0.12892268906900475,0.021559809969498075,-0.551968751191348,-0.02428994216858263,0.006063893517597902,0.027010220846914432,-0.07109933114129131,0.1235995050056327,-0.29997228868363773,-0.14562266907024785,-0.04851324607289403,0.17337136597776798,0.07806937285987281,-0.6389744344222693,-0.033757460010221424,-0.044790561693903566,0.004051218510301935,-0.00884800544020912,0.03898172540186421,-0.10558993540805543,-0.02033375340628674,0.15617535959532106
0.4905049699510215,0.45837580756826873,0.35272455559990046,0.4577484365786275,-0.15041989477592607,0.019898726497354125,0.6483685505569671,0.11593020567925237,0.039245504904134275,0.10110933230541158,-0.03680345331121025,0.449299948749647,0.27893783654193194,-0.10295484685724861,0.2845003859264546,0.49913666563503906,0.28340206072651436,1.0,0.09323596429039863,0.4553924428803337,0.13750740945703352,0.6016896179364435,0.5360163081073402,0.41604484621161225,0.3647223450529382,0.41946241378575544,0.42168911086056643,0.27014660965667847,0.3716555516832253,0.32732028931376533,0.5189227823460129,0.40762191887259314,0.3267100142043875,0.21889474154026645,0.3376761576997679,0.36483508834283007,0.07308699199625228,0.364027046498172,0.415801143308749,0.621410659003603,0.41923433923817527,0.3850831072665099,0.5505722041144864,0.2765290487205376,0.18765155843868564,0.4750387344680456,0.06377822310199223,0.3926572335463912,0.05659565743269088,-0.4898372494946763,-0.24486489673313908,0.0277338825932912,-0.06706269616865249,-0.1446555297201163,0.07750886871932107,-0.285315898676802,-0.11784051367822869,0.07006182766185766,0.22032633009483443,0.4838649106024693,-0.40246197657459226,-0.26840359758696014,0.01336282679055269,-0.07875205795353662,0.06282148725414416,-0.00832873504817993,-0.30141286502400516,0.017316704986469096,0.142999695741294
0.11228723742046993,0.07729113858285694,0.10438013313133321,0.010162899866135227,0.5885126941662903,0.5259101424632269,-0.037737524432324705,0.35422023631020105,0.26808705529056154,0.34346830864709627,0.4955075443330248,-0.07595475213293523,0.04653568343874816,0.16682029455267386,0.022659742631590787,0.04008939011448829,0.1592786125640775,0.09323596429039863,1.0,0.26016566628570875,0.24313824022205346,-0.030241427184766592,0.2836178361351618,-0.10962921347797433,-0.06358495797442189,-0.24397483509187368,-0.15612501084161506,-0.017159771950391513,-0.2678389610943741,-0.03230918592207646,-0.08365115045074262,-0.22364395977304924,0.010139751119184795,-0.06806814136557301,0.05598290289588993,-0.10876998919148345,0.05442459115509094,-0.04691299544272728,0.05497848248233878,0.07012132688344318,-0.04110465354788828,0.13862378920261254,0.10845546375308,-0.051987760689325035,-0.2909310666457779,0.13732584180110366,-0.012746795487050357,-0.012936150233832079,-0.037128501686612116,0.06090315378342017,-0.11695981814873829,0.15150025090772262,-0.07568318633492489,-0.05611643929166306,-0.045832710678756494,0.1290593537533832,0.27559305725171723,0.013941448446554167,-0.05480769769044645,0.05615977335500734,0.03862894173104885,-0.0020071211392058085,0.12266136848773813,-0.16192377192713847,0.023282511195104074,0.007379693843242202,0.16390888268458945,0.042907467825960756,-0.05561624734861877
0.3898036390467202,0.502366733615749,0.15480510141475812,0.38774267459103473,0.19493254865400733,0.1934668630413212,0.4787281928631826,0.34735346256783317,0.102260682841797,0.322291634016445,0.23535276646946118,0.37127494805835576,0.3838110580123884,0.17869009470599742,0.16296253717608947,0.3852754822300026,0.3683281404886012,0.4553924428803337,0.26016566628570875,1.0,0.17077491459358674,0.19848408996224487,0.31285461234601697,0.28319835763507073,0.055874537641860324,0.4027340033105648,0.3150725017318111,0.1334979744716189,0.29561764742441354,0.3611105319885584,0.22174954360297816,0.11504620404457967,0.2352659138289085,0.4077330175056914,0.41431034620163615,0.3212905310286746,0.4091883725880012,0.36107835258660037,0.4584089238507774,0.3552610461896371,0.27771046946301264,0.45895042159500904,0.509446687516295,0.35515453532421154,0.22511822913054882,0.40976102569804435,0.14692933588542173,0.08844840195683826,0.06535188255680445,-0.3984391188177548,-0.12487067758946106,0.008644424304979572,-0.14816469007720898,0.13646363666371283,0.09141420706384663,-0.12922032142699502,0.030964441793396698,0.0891966486600674,0.010550217345001549,0.19403903160423921,-0.4020117018331109,-0.09521809177014283,-0.06118604007044727,-0.13221705313386198,0.2092823216560635,0.07264022947664146,-0.13778098390599677,0.16269127035072609,-0.03593556597638501
0.701680085586951,0.6310162544888269,0.6774133710508017,0.6452961852167419,0.30775671721653886,0.6979188687917013,0.34516926382322544,0.7138839448915264,0.5628204600458201,0.551801614897017,0.3677522630837507,0.5747939387027714,0.5596131121044022,0.4695561160252988,0.6813572753848232,0.5860624697457012,0.3709211469707863,0.13750740945703352,0.24313824022205346,0.17077491459358674,1.0,0.39028236335148275,0.4560138187822998,0.01970977831039534,0.4619776757830068,0.33250215467854055,0.4919541843952272,0.5384828328569081,0.3971062122404545,0.5686052584933547,0.4737933710177773,-0.0010888487509466255,0.6385373623708218,0.4871518088544998,0.5241598581471321,0.27023195518863613,0.3060390037792738,0.49686420613015914,0.5025788326123249,0.2960095920755604,0.6416803656887525,0.5280260834077678,0.42198062206826736,0.2971005187883092,0.04713053075650758,0.3042583225954222,0.16803179520137776,0.15130034286594504,0.12008595557734934,-0.5729139829065243,-0.06326990049255479,0.03119315600613233,-0.040268375637403285,-0.1004744064566613,0.014584486504947751,-0.1813029273866508,-0.17654510635382747,-0.00912170929469365,0.018446068701806588,0.3743036937417693,-0.6026725877120621,-0.24635021009370184,0.014242440282465997,-0.17339954625480958,-0.13601182752492885,0.0033134325898884764,-0.22838162062839557,0.024819220663657337,0.07422526588387085
0.5978045338344291,0.522731488266772,0.5322263899055917,0.6029886053465042,-0.1394487540528329,0.30748336914869073,0.5295529322687477,0.3847023862538338,0.314230321009278,0.28456920204859804,0.05970694557597933,0.6389676315303625,0.4447820210028539,0.17184986429932084,0.6231975067845821,0.7103122259451538,0.3173273668866271,0.6016896179364435,-0.030241427184766592,0.19848408996224487,0.39028236335148275,1.0,0.590696083352228,0.5968258418043196,0.6259432279882925,0.4124496616512693,0.6057850789437422,0.5575007535320712,0.4467655353870658,0.5600714553711742,0.7533353181051732,0.655329861070539,0.5882846908780487,0.44355930992692133,0.5428911120177454,0.6266514062094167,0.22332079711977426,0.5308167625472204,0.6054328005052209,0.7611551102592068,0.6357964843142324,0.5188390708818207,0.4867316648935895,0.29180049598268276,0.17790158078630763,0.36240393685465744,0.23164731007864026,0.6624659379798993,0.11781740618261845,-0.6405147863818487,-0.23070940854710892,0.08613026344092983,-0.08232291780446446,-0.15062791806024964,0.12561216164541672,-0.28386476025626084,-0.15866325566312905,0.05264926358184981,0.11452958127957459,0.46636186462079027,-0.5953582226442273,-0.33082510364551393,-0.002162843615607347,-0.18547150441416296,-0.1429438251583449,0.015190326253652096,-0.2446768734758735,0.08824635808979772,0.17737850656503718
0.49608019284817545,0.5706589844878005,0.4243967966886288,0.3214884241710234,0.06188949401182597,0.49367665078785766,0.3176347886279209,0.5386628362106919,0.32887991100989955,0.3424923162418533,0.20610903665232377,0.5276732067764639,0.48599169351386684,0.40754451546287146,0.49196145971112776,0.6912414215138976,0.15371030474193947,0.5360163081073402,0.2836178361351618,0.31285461234601697,0.4560138187822998,0.590696083352228,1.0,0.3472328920533023,0.45221288651894803,0.2497297622818729,0.42898653816407367,0.4654238026715578,0.214830587834003,0.4663910188748072,0.48535662869929874,0.2730700972474699,0.5564168578017306,0.458510236662004,0.47173792160217504,0.4200486878834687,0.3483870126605768,0.5181250945568916,0.5651493289102872,0.679485035979542,0.5843120033240227,0.48057664255990407,0.4793689497509063,0.29665765302983144,-0.08905489026765884,0.41760944125745736,0.1596142334358027,0.5719636608449592,0.11058535142091276,-0.540174601111305,-0.203370064636009,0.14600011520943523,-0.11868254833272505,-0.1253381800683711,0.06855142098871056,-0.12496316299236632,0.0692850372872703,0.1751305148270585,0.029966910125873842,0.4797708476167486,-0.46937957995705315,-0.29136912931230424,0.12581060773056738,-0.20494227355238537,-0.0999193895886531,0.00021192963535029635,-0.08364693978106523,0.20752770715462332,0.09880742839536451
0.3320219534224391,0.36612896728791533,0.21332283743078057,0.33385811796425763,-0.21673233606445114,-0.00908271447766805,0.41153465050163257,0.19707508548085279,0.07724384457384886,0.15660883779746335,0.04066724191574866,0.44755775802936093,0.33717014783898935,0.15784896754502442,0.27697960793829207,0.4581184408210635,0.29186988722380686,0.41604484621161225,-0.10962921347797433,0.28319835763507073,0.01970977831039534,0.5968258418043196,0.3472328920533023,1.0,0.3409993099774137,0.401198566610962,0.4007045620378642,0.285212750934063,0.30178068731171404,0.38721370896950463,0.4987188510165877,0.7732138321311435,0.28926835023159914,0.37033465577672187,0.4073572937392381,0.7867179641051782,0.31378562583527864,0.35378216084107533,0.4236450128132436,0.6689752758096857,0.30719992012001224,0.2978994227183577,0.36653521710472053,0.31327871218206804,0.3348421740139424,0.3312281241576698,0.32821891788914886,0.6799148903216276,0.16704262146965623,-0.4226708304351243,-0.2119075654403776,-0.0056048586855599195,-0.15489439749458095,-0.038859448312089775,0.17814651815685786,-0.12968637092397564,-0.036471300611675465,0.16153410910919186,0.06633289631079828,0.21293710086594994,-0.41186311893963695,-0.2793229100952358,-0.0532865857242247,-0.18894724941563434,-0.07683953221949573,0.09155311630702717,-0.10574174444986584,0.17156337799533164,0.1757605148846195
0.6813558011574672,0.6253046733159803,0.6743233663487571,0.543650283605633,-0.1153453688748074,0.34581954834321127,0.5271621908021793,0.5448537566265373,0.46742754138289744,0.423834855990197,0.18352501176500333,0.683479934405385,0.5535746889587969,0.286412166139972,0.7866450628666869,0.6349181173536781,0.4828007493934936,0.3647223450529382,-0.06358495797442189,0.055874537641860324,0.4619776757830068,0.6259432279882925,0.45221288651894803,0.3409993099774137,1.0,0.46068551929425905,0.7603007557959167,0.8205055896659775,0.6577527636258442,0.7279508166564748,0.6884435283732655,0.41223272982601555,0.7946808081177534,0.5409321576099075,0.6661085260650663,0.5779866488933165,0.188374962462678,0.5810948122610083,0.565536538711613,0.5147790471741691,0.6417158101991559,0.6223030656517826,0.49980651296906703,0.37627034395211223,0.3183333027181613,0.4033589809340912,0.49458932696353847,0.44865734808597946,0.1824614589213074,-0.6973933525468007,-0.18758094346918,0.17394214178959028,0.08228376008722722,-0.14770640407795624,0.13633621286854786,-0.4263997872406354,-0.2590953351755172,0.12418160245065735,0.23325351506515818,0.32832433891799523,-0.7234917978546173,-0.21523885347602387,0.15049413391949767,-0.09560238724683334,-0.11506129650687069,0.020528421440545327,-0.2438868964597964,0.14278323872747134,0.251512844860687
0.5545742445604402,0.6631171891093725,0.3963873806884092,0.5571804019054245,-0.12489058812110657,0.07100326838331844,0.7971699961980496,0.36453862886781313,0.2553771998230979,0.438872327888765,0.04121039972091089,0.7162421369135648,0.6919527375399707,0.14557614637680794,0.503849032696185,0.5524244409993321,0.4926350077436714,0.41946241378575544,-0.24397483509187368,0.4027340033105648,0.33250215467854055,0.4124496616512693,0.2497297622818729,0.401198566610962,0.46068551929425905,1.0,0.6792252614246456,0.355730391783889,0.6762622998566087,0.6021980130864639,0.5987978732426498,0.41774589307432103,0.5050703590724378,0.5422140859330371,0.5358654840330057,0.5421139114240082,0.28310625017674546,0.5846765473116252,0.5561390525090064,0.4450325864648675,0.542448805056206,0.522502251202964,0.5924848432948683,0.5636028506349591,0.5395913053382877,0.5875441445672145,0.23241756540833758,0.2315655538915932,0.03527654546487969,-0.6894857401352082,-0.0913887805285764,-0.02585300857184247,-0.0471740204463817,-0.010529709719490857,0.1315708420905863,-0.41901327269199545,-0.24796781938265866,0.15563511481724973,0.08800304047522031,0.24277154210878896,-0.7058969813088983,-0.2126867843713697,-0.0908114589818246,-0.045359622580685884,0.05910073074690027,0.06539332794592503,-0.32136611131647397,0.04976964114938758,0.09025355665864539
0.6982158132326076,0.7622219146024418,0.5544421552137611,0.6543528472167855,-0.13092320336678467,0.26585488250588935,0.6978192963149604,0.5484359172039207,0.4792683009006554,0.5421781949426278,0.1282391264224523,0.84668994536369,0.7302162524796649,0.2879208175303105,0.7787349558530612,0.7494435936518969,0.5583153384007713,0.42168911086056643,-0.15612501084161506,0.3150725017318111,0.4919541843952272,0.6057850789437422,0.42898653816407367,0.4007045620378642,0.7603007557959167,0.6792252614246456,1.0,0.7252023803891275,0.8310329253241446,0.8529880636120678,0.7289143098611407,0.45935662134261385,0.8174702462891162,0.7245970245990874,0.7508659308553116,0.6757406374372349,0.3962530663377361,0.78409518782222,0.7450008798867916,0.5344192556659793,0.697856264195575,0.7494397884212903,0.6632882638609454,0.5261676146328105,0.5033567194917032,0.50734625007701,0.473292034742974,0.4048750789312921,0.004656359237155437,-0.8918214256310504,-0.08858715215709684,-0.02122275829735396,0.03336949501772539,-0.1119885276891135,0.14064926315507142,-0.5461755084309602,-0.24576211246921273,0.1759048932173471,0.1813432397033245,0.3170637967625981,-0.8835912193562349,-0.15286213592643708,-0.015894520407806714,-0.03164678414202917,-0.017921269541876252,0.06299529891819881,-0.33439416453239124,0.15260248601306187,0.22206138822878713
0.6836956809537993,0.6762752627647267,0.6906874137939579,0.5522953695757674,-0.053002871884035074,0.4283953244130475,0.4052991409329845,0.6163398636916732,0.5134868771231021,0.3933648463818449,0.2647009696587951,0.6337037888561502,0.5052321296377655,0.479573242158219,0.7932196882911008,0.5939646308991611,0.4573305853618227,0.27014660965667847,-0.017159771950391513,0.1334979744716189,0.5384828328569081,0.5575007535320712,0.4654238026715578,0.285212750934063,0.8205055896659775,0.355730391783889,0.7252023803891275,1.0,0.6597375449573633,0.7618607439453756,0.5897108374231996,0.3060696204208999,0.8200192342395465,0.5910635883887602,0.7026162107259314,0.5641605562107068,0.31693192271887594,0.5863335886050306,0.5775359210369556,0.4805310161503072,0.675655588143175,0.646597114720615,0.5014595777404954,0.2764279782950204,0.2719656874225417,0.2819307766710316,0.531941135278683,0.414944067878087,0.23201251283088795,-0.6705373295041205,-0.17114163214582162,0.13458452119103798,-0.0006099823624774098,-0.05274551776247137,0.2220080356843805,-0.3753129951698765,-0.29903662250146434,0.07810036836106377,0.1513635061678968,0.30342686336459246,-0.7193978180122353,-0.20873913924718657,0.07801054041384324,-0.14355049293504155,0.004550296432730956,0.10020301565390019,-0.23249080756779353,0.21610828162113238,0.20624982016979398
0.6196314584362851,0.6722180277199998,0.4878500059226924,0.6244138384745941,-0.16939232797084414,0.07938873759346057,0.6859175146149203,0.4052862517065647,0.3532720510811748,0.3959611239954171,0.018278149963800686,0.7213799091362443,0.5779099264126519,0.17208585058846038,0.6845566864658436,0.5849922375984838,0.5025602710800964,0.3716555516832253,-0.2678389610943741,0.29561764742441354,0.3971062122404545,0.4467655353870658,0.214830587834003,0.30178068731171404,0.6577527636258442,0.6762622998566087,0.8310329253241446,0.6597375449573633,1.0,0.762040020656184,0.641332249064811,0.38873111179202263,0.6917165900290111,0.5946194894009462,0.6388436120999774,0.5575026777862716,0.2400879127533293,0.6250474540919984,0.5935595919053902,0.3554771369450417,0.5840589564037826,0.6267963682759943,0.6115828165553493,0.5215460437329054,0.55583381421526,0.43932699052239066,0.37459991793107783,0.246287213393689,0.03275878801143519,-0.7612460477365041,-0.10578068051073695,-0.010283865013188813,0.015010639892383857,-0.045682285998661996,0.1425203430936686,-0.5608923329928834,-0.3262874014321986,0.11694725850993759,0.21190712267537912,0.21765923599244882,-0.782722888524037,-0.17283779625262063,-0.04536099143523167,-0.0018925848061663191,0.08235903633300931,0.011365414961459961,-0.38605642708089677,0.12606701442171012,0.1766844584827259
