0,1,2,3,4,5,6,7,8,9,10,11,12,13,14,15,16,17,18,19,20,21,22,23,24,25,26,27,28,29,30,31,32,33,34,35,36,37,38,39,40,41,42,43,44,45,46,47,48,49,50,51,52,53,54,55,56,57,58,59,60,61,62,63,64,65,66,67,68
1.0,0.9759828120653894,0.9704579581350318,0.9740143427694852,0.9743553558081454,0.9720604778563132,0.9548783060984998,0.9695882082860139,0.9627673581218102,0.9254327027044356,0.9514742057300156,0.9413288290463727,0.9126566395747279,0.9552384722774355,0.9443894549662033,0.950096894106982,0.8797285821855761,0.7898881210776553,0.9271176533914091,0.9363965054678033,0.9145321551731025,0.8900782257975064,0.8618191951834292,0.8344290932921662,0.9738900041209827,0.9331438572530967,0.9753607623292514,0.9801797223534621,0.9338895975524011,0.9629632437210353,0.9171867422522362,0.4982229644709806,0.9775629006099146,0.9659498087563946,0.961348874655831,0.9349242542128577,0.952809397805604,0.9613740688542769,0.950071753750127,0.8581261842319489,0.9626931793640852,0.9618578203855739,0.9262155071002303,0.924188318473542,0.9357054766686983,0.8693349036244398,0.9064970155085823,0.6430841318300056,0.8547384692857635,-0.9685340304585343,0.6433233032003994,-0.7015029025776123,-0.6722152167491672,-0.4728045289340034,-0.1474019135932091,-0.29539980672258787,-0.662363236071362,0.45215374628461114,0.4790923197656502,0.7871208390661445,-0.9702735943116271,0.6139382239520438,-0.7006322634100036,-0.7478420242280963,-0.6508370197017495,-0.17770575361303717,-0.7900634643520301,0.42685858174734737,0.5931999767817544
0.9759828120653894,1.0,0.9762076251508572,0.9795048494507181,0.9709808277133744,0.9720420292933001,0.9721983745831295,0.9853740699881588,0.9709719465239499,0.9443780640399032,0.9665850666777115,0.948579366021057,0.9388137207636205,0.9723024333262185,0.9526449054840753,0.9685768645318964,0.9002950343372444,0.8144136118209214,0.9526506639318574,0.9540787360997197,0.9244190159723086,0.8886404072854704,0.8923601569222022,0.875571952465111,0.9695682811123781,0.9571418455058256,0.9834975139026593,0.9824364375893988,0.9555205142423653,0.9820779801936523,0.9441148567047444,0.5154537053411519,0.9856171280823111,0.9841027081298614,0.9802143757077394,0.9635137087979837,0.9760257379587985,0.9821941118583682,0.9763000188857087,0.8889741197708652,0.9707045284716953,0.980060058720981,0.9512936766113237,0.9339005418168309,0.9624932207240129,0.8885067957854379,0.9370571736140537,0.67590529456056,0.8722716236605057,-0.9847681205865494,0.6440940918536844,-0.6777461705039284,-0.7110991595042188,-0.4831424135985291,-0.14916248370435078,-0.24548713342718786,-0.6326096863693871,0.4889929687491034,0.502471655331034,0.7965021312901618,-0.9867566885995587,0.6152226510865049,-0.6619560753705053,-0.7743716691058447,-0.6683447146987672,-0.18391024335942058,-0.7713699935080606,0.4620222807744358,0.6188179767709409
0.9704579581350318,0.9762076251508572,1.0,0.982778452316603,0.9685395104534703,0.9690752228403574,0.9750356817312112,0.9663633443022415,0.9499283301555501,0.9140003747767419,0.9434847043394099,0.9233102318571534,0.9110074617457223,0.9602482225209431,0.9340499399924844,0.9537645185452178,0.9015565044298312,0.8346059451946815,0.9520126774980351,0.937249173897176,0.9038685663298172,0.869522767471736,0.8767998960487813,0.8506816346795272,0.9566132959703092,0.9656652466941457,0.9721719150573342,0.973481740102465,0.9425577158038059,0.9695711432767558,0.9310572291713173,0.4585657333252218,0.9691737719259547,0.9705482766010008,0.9616233611366978,0.9413027093548151,0.9558087767025581,0.9661649978600102,0.9592371761141436,0.8804145869765415,0.9593322852448232,0.9614021546917073,0.9281570467585784,0.9043253764107364,0.9419702324778624,0.8501791499561474,0.9143714389072852,0.6613883522945408,0.8405690061031297,-0.9778109886214343,0.6142567273816221,-0.6998907939394459,-0.701230883196552,-0.4997692925054305,-0.16499424848565394,-0.30490836907430546,-0.6947508676657508,0.44024435681465945,0.47278299342291585,0.8055682618788701,-0.9733172644012102,0.5896305541125036,-0.6783625162126337,-0.7723335382630739,-0.6588307766270078,-0.18953481420430593,-0.7977391084767752,0.4098000937054922,0.5763598064274422
0.9740143427694852,0.9795048494507181,0.982778452316603,1.0,0.9696288004890524,0.9742798627028935,0.9654446977802631,0.9737777100985764,0.9643695210241702,0.938343316035063,0.9540661034834272,0.9462537584956946,0.9278249461432092,0.9659691816611179,0.9472722567295422,0.9568793442245653,0.8772689044021524,0.7870071369352711,0.9402699622629949,0.9567422104258914,0.9351160851440704,0.8895478269821816,0.869963982279649,0.8415256897389006,0.9541694928121296,0.9488797946869625,0.9772513632051762,0.9767803275488252,0.9460678065343812,0.9753299233574378,0.9215192562802634,0.474376486891845,0.9753018723768639,0.9762363808286616,0.9718042130037656,0.939123476527966,0.9648982208223893,0.9728180419327606,0.9628406144051799,0.8612508797852191,0.9648532109701256,0.9684217537134564,0.932812117258545,0.9270347618111507,0.941863772374806,0.8780809309716539,0.907706488536539,0.6340965766618198,0.8675081208892407,-0.9753643823834381,0.6433372936884099,-0.6745695772680864,-0.7013938016309462,-0.498188875921678,-0.13733923478348994,-0.2691810768619067,-0.6643585270857636,0.43760541631365585,0.4427195711584277,0.7591742359569889,-0.9810886577684267,0.6001744854051089,-0.6651001446763755,-0.7719278858423667,-0.6853250215384584,-0.1704476223407452,-0.8038416624597157,0.4297357283564883,0.5855967593011876
0.9743553558081454,0.9709808277133744,0.9685395104534703,0.9696288004890524,1.0,0.9664463943114907,0.9557844432607652,0.9629316498840385,0.9582082868271513,0.9220632943923786,0.9451660593315641,0.9322942369931084,0.9067227395255091,0.9487005859914903,0.933083019949262,0.9440741652435484,0.8852906516572537,0.7933519986549361,0.9288331805615022,0.926739456741446,0.9069127662823148,0.8748669414636938,0.8619378994669686,0.8343800159475664,0.9566517209105424,0.9372297148504504,0.9629199714033707,0.9687355229589348,0.9225177511565191,0.9566222320082669,0.9075924516764752,0.47598039185958296,0.9694572392250853,0.9575304399983764,0.952295051212109,0.9290353835347467,0.9468046594012511,0.9552921369422407,0.9434647249204353,0.858998089149597,0.9583835947497903,0.962580882904239,0.9283182126104058,0.9144423099457598,0.9366595230120126,0.8608951112240255,0.9042865256456559,0.6393653080126014,0.8361825991612295,-0.9631020939572633,0.6319803087657145,-0.6769513644710883,-0.6549768924252628,-0.44035124330874886,-0.14219335662428156,-0.2806646677818064,-0.660924431968525,0.4764443005611677,0.4978131027572688,0.7941413129198138,-0.9607975827669426,0.6229153230721309,-0.6641346333037924,-0.7391163080966896,-0.6166042386037958,-0.1788620375516995,-0.7777013308333768,0.4499193421956546,0.6044236704905274
0.9720604778563132,0.9720420292933001,0.9690752228403574,0.9742798627028935,0.9664463943114907,1.0,0.9554505701369779,0.962483106493779,0.958741325248666,0.9282312340294532,0.9400036515675629,0.9380525262297272,0.9173525685141246,0.9519798420264193,0.9331379249771317,0.9526638957437705,0.8706888053599819,0.7817984810097037,0.9400639766551451,0.9458652388851929,0.9182315878906124,0.8733668483671846,0.8726167320146023,0.8291046852156804,0.9524484897233789,0.93795299021727,0.9668990693991082,0.9721295112613575,0.9280007965419482,0.9593561129967886,0.9057504936629229,0.4531179230853105,0.9702014594375189,0.9591849148122136,0.9559152516138074,0.9278966248437419,0.9518723291613966,0.9599595724353941,0.9538894767583336,0.8596667547545448,0.9611208793588671,0.9639117748511419,0.9199618766021589,0.9149144123075948,0.9344743293610681,0.8623094033252394,0.9044271936513026,0.6378058612072214,0.8492294572253803,-0.9640853030783494,0.6408905412839662,-0.6842592632957034,-0.6713517406305014,-0.47489490521216043,-0.1519532608983386,-0.27566740632475084,-0.6450105773715027,0.4623772687545476,0.4671417637772418,0.7776589288113701,-0.9658266304166516,0.6051878228891051,-0.6707645268398644,-0.7549180626675938,-0.6587119342199533,-0.16708810712706493,-0.7760214284652183,0.4274041595015785,0.5875093133165089
0.9548783060984998,0.9721983745831295,0.9750356817312112,0.9654446977802631,0.9557844432607652,0.9554505701369779,1.0,0.9596453686417287,0.943393081279972,0.9188117863550096,0.9411443328214856,0.9129792166455821,0.9096236290989853,0.9506808850089553,0.9254217060334222,0.9472489995726417,0.9456032064770084,0.857410262868262,0.9532823262160416,0.9316617750736238,0.884719242535988,0.8651365335205758,0.8654031083273476,0.8559417009615045,0.95249521564151,0.9769071851405499,0.9637056909032965,0.9599199302783933,0.9274347752019463,0.9650886616567457,0.9348676914711972,0.5021982739668052,0.9622689441057899,0.9636295971903139,0.9553472001048647,0.9505965173703733,0.9474124345152433,0.9579081818641744,0.9555133288484261,0.874987929227476,0.945136232506047,0.9627245008132991,0.9480352637300209,0.8901760727362525,0.9514255837669534,0.8691481762046587,0.9335012987778973,0.6445703171001133,0.8366485393419405,-0.9697722481768905,0.6178946734050594,-0.7065593181865538,-0.6894516081234199,-0.46824373684199144,-0.19453309108659547,-0.30973982559970736,-0.6558846634541008,0.45445129628888403,0.4829595443317022,0.810546474384392,-0.9659194461875671,0.5999115703808814,-0.6872796305520003,-0.7595761477540592,-0.625733071485332,-0.2162689219880065,-0.7584607758310984,0.42781791416533727,0.57800398147248
0.9695882082860139,0.9853740699881588,0.9663633443022415,0.9737777100985764,0.9629316498840385,0.962483106493779,0.9596453686417287,1.0,0.969126501410196,0.9481681588006591,0.9724797894309665,0.9484161403780299,0.9393360097023007,0.9716128446929454,0.9521533409153166,0.9634600293097634,0.8792956533903626,0.7851323461182188,0.9358780837181093,0.9529483462037512,0.9288835029263203,0.8874252146933792,0.8813843182167403,0.8666998570711973,0.9606438692160629,0.9462288062220034,0.9782305455957523,0.9758890938177655,0.9548194422649379,0.9780806370349662,0.9332435472532506,0.5123035933950889,0.9832651575699954,0.9849207031151244,0.977882039989104,0.957143107589163,0.9804964230572369,0.9807693363778489,0.972174567188181,0.8776533202600229,0.9656388625719439,0.9742850016084905,0.9467026667556824,0.9371807290102163,0.9556886956666604,0.8925175356379201,0.9273066457619126,0.6622937906313133,0.8778570809468641,-0.9780940901059783,0.6447962509067399,-0.6671729990958436,-0.7220877473393379,-0.48225860476384913,-0.15049541102899017,-0.2052248266513021,-0.6130000861889136,0.4913734337418257,0.48859441987618535,0.7674183244240952,-0.9845751695983278,0.5974176466952811,-0.6556583741915989,-0.775142810405151,-0.6788409659617903,-0.17041045740166813,-0.7688249167532138,0.4759921362345792,0.6238228961452215
0.9627673581218102,0.9709719465239499,0.9499283301555501,0.9643695210241702,0.9582082868271513,0.958741325248666,0.943393081279972,0.969126501410196,1.0,0.9493978578417411,0.9533886575730511,0.9511145263207647,0.9287922206377556,0.9582811869707711,0.9551205689918241,0.947993072372133,0.8614382393171347,0.7490895288076893,0.9150751720708141,0.9485192633725784,0.9306392873441347,0.8911190190924444,0.8538694117594992,0.8275933550571828,0.9509830341873706,0.917950109769512,0.9712496905533401,0.9624086730107833,0.9262779555122413,0.9620090415122288,0.9120415986118224,0.500447125086757,0.9735801961115308,0.9647475602907761,0.9649686791621557,0.9321280262495744,0.9619891855000777,0.9649108420733324,0.9521390117626874,0.8431329094415139,0.9508382248432847,0.960464850062291,0.926479990837855,0.9299081884498128,0.9401689479472849,0.9046880450342244,0.896810500556107,0.6110153830235644,0.878182416443525,-0.9569024939875299,0.6663412365100816,-0.6401281597684534,-0.6600937160852411,-0.4495282937795674,-0.10523022537859834,-0.21413527105131278,-0.6015002268657699,0.4688538913320424,0.4710287858785493,0.7332220712699337,-0.9683628246447257,0.6286614428274488,-0.6432280212280109,-0.7483397082676193,-0.6573316103529632,-0.153897961860123,-0.749649817912404,0.4673611470622053,0.5956670373020624
0.9254327027044356,0.9443780640399032,0.9140003747767419,0.938343316035063,0.9220632943923786,0.9282312340294532,0.9188117863550096,0.9481681588006591,0.9493978578417411,1.0,0.9525603142782589,0.9392452844566368,0.9562487184847878,0.9314688627973069,0.9074030931238506,0.9101425617317842,0.8467432378013967,0.6883007481431545,0.874146387192303,0.9463031118831251,0.9478705002851845,0.9060396118635217,0.8312759799286469,0.8221302007559589,0.914282844348895,0.8943169285409793,0.939216233001183,0.92980721712122,0.9033708255686742,0.9453832765548895,0.8937710512879824,0.5679625881061643,0.9402564942129852,0.9372065691595353,0.9504050556301041,0.9197336500373634,0.9382728231091824,0.9368152962651324,0.9424042344629195,0.802090032611312,0.9260458632801664,0.9530377104502127,0.9380030022772194,0.9127536858877184,0.9347431478831072,0.921100606015633,0.8948554741885552,0.5741880490286028,0.9065222701961587,-0.9268603649644183,0.6944060783196196,-0.622457410092796,-0.7174751539445108,-0.4531329668156963,-0.1326153906331168,-0.14768155132405758,-0.5261870697949482,0.39934727737341785,0.3975939645737527,0.6746646224874373,-0.9524752194171379,0.6122769866552314,-0.624093522715246,-0.7605624972841244,-0.6924926952452275,-0.14052820887347914,-0.741022898207155,0.4088344479154872,0.5848009089112006
0.9514742057300156,0.9665850666777115,0.9434847043394099,0.9540661034834272,0.9451660593315641,0.9400036515675629,0.9411443328214856,0.9724797894309665,0.9533886575730511,0.9525603142782589,1.0,0.9407173651996015,0.9454660247549994,0.9474559754258346,0.9221787201559387,0.9384113675931975,0.8695239834492353,0.7595277224052008,0.9107438823463797,0.9345505523035598,0.9216172393815235,0.8875505262295863,0.8637547931392539,0.8433670224102584,0.949952018076762,0.9216492113434245,0.9569912746424414,0.9518177741190734,0.9317655602676359,0.9615245680092658,0.9190589784851064,0.518716574691814,0.9608194531743097,0.9602477105298615,0.9631898780483455,0.9408495294732968,0.9595896144086717,0.9571469436303279,0.9572994259839944,0.8552029299296801,0.9433609814503311,0.9575247505035879,0.941292593146161,0.9140075198988107,0.9382100892048744,0.8849838283845789,0.9124318341334748,0.6328274753242296,0.8953446756542629,-0.9513704497736465,0.6698250398788641,-0.6431504818105036,-0.7127201523951955,-0.4553175124095937,-0.15452456132939657,-0.17054574044884527,-0.5591511224434511,0.473344987157288,0.48100063840880497,0.7393461371545889,-0.9683161714426808,0.6049028992000043,-0.6386352405005559,-0.7519828699177352,-0.6802584414393571,-0.16945786546167832,-0.7427491309864126,0.4606726751888631,0.6322688426946486
0.9413288290463727,0.948579366021057,0.9233102318571534,0.9462537584956946,0.9322942369931084,0.9380525262297272,0.9129792166455821,0.9484161403780299,0.9511145263207647,0.9392452844566368,0.9407173651996015,1.0,0.9422521092594247,0.9344788487501927,0.950579886874946,0.9441948472214526,0.8281296585803422,0.7037090231756333,0.8900457152710431,0.9358051284843866,0.9447508442967985,0.8975346794505582,0.8399037679182296,0.8123614806647904,0.9396226948839366,0.8851088101861134,0.9531546255342364,0.9397235818204884,0.9124447613874296,0.9543982249786644,0.8856068064609323,0.5142097766600358,0.9559547805294502,0.9476973603558749,0.9577430733146639,0.9210295167479835,0.9390885420571218,0.9529284576989824,0.9361650797317043,0.8285267213736689,0.9170418082800909,0.9457755060369455,0.9148830016022313,0.936310714956743,0.9228908010191144,0.9078844777668501,0.8816507706633346,0.6031820215673892,0.8470938068111598,-0.9319367882774998,0.681154521367833,-0.6115763897064077,-0.662419576568586,-0.4726705384233352,-0.07645039128756985,-0.15808842144125168,-0.5368227724731186,0.43987962496632704,0.3866042289723805,0.6636549234703879,-0.9549967604306334,0.6132514705669515,-0.6404199230251014,-0.7605235834908316,-0.6950801403802609,-0.1411535722581774,-0.7320977088850789,0.4288192286927161,0.5531639460083825
0.9126566395747279,0.9388137207636205,0.9110074617457223,0.9278249461432092,0.9067227395255091,0.9173525685141246,0.9096236290989853,0.9393360097023007,0.9287922206377556,0.9562487184847878,0.9454660247549994,0.9422521092594247,1.0,0.9307097575648874,0.901010942806311,0.9222507389264655,0.8458647784334613,0.7271303234570466,0.8903478682284224,0.9264759415449152,0.928550855976277,0.8888404191643189,0.8969385425579895,0.8581281255204639,0.9207073664911769,0.8993433779861136,0.9301428768552903,0.9198218404123741,0.9082265708937125,0.9461083374405836,0.9078398151323398,0.5515918817965795,0.9339365171801947,0.9339661790634594,0.9435169807399235,0.9373545566741578,0.9369761129829479,0.9387440583700084,0.9559093833094682,0.8580874429585622,0.9072355408658502,0.9394312224031565,0.9218587716928507,0.8917658319714492,0.9326612267166792,0.8913762112339739,0.9187812334271055,0.6851917831849356,0.870123782037385,-0.9275331197429422,0.6451554324536707,-0.628635566899705,-0.7387463227664596,-0.4973474294694911,-0.13712530877251766,-0.144271259363831,-0.4989494194835576,0.42201885725357124,0.4253342505024675,0.7134757936075833,-0.9471518160981122,0.5793914193313658,-0.6209106545057346,-0.795210176049481,-0.7070980213998987,-0.17987792656209267,-0.6999271026639622,0.3873580681092038,0.557617092792711
0.9552384722774355,0.9723024333262185,0.9602482225209431,0.9659691816611179,0.9487005859914903,0.9519798420264193,0.9506808850089553,0.9716128446929454,0.9582811869707711,0.9314688627973069,0.9474559754258346,0.9344788487501927,0.9307097575648874,1.0,0.9426918314235487,0.9533183620715932,0.8763140224009061,0.7842950127113132,0.9311161386716054,0.9403020191080241,0.9135132418232412,0.8631985600793183,0.8825612516026845,0.8588279670219919,0.953469703662311,0.9407958956294495,0.9734311269222015,0.9614380039082752,0.936710793599744,0.9672502373076013,0.9171794358373669,0.4918881827429825,0.9740330751374554,0.9742798459862481,0.9650870520151522,0.9460901076751517,0.9719077073271677,0.9757206139937376,0.96326081254614,0.8730834049625735,0.9464236100681993,0.9617312791314884,0.9291200304128421,0.9222108068111725,0.9458401594681269,0.8797233836591556,0.9236800294343004,0.6555343382549064,0.8767521637020512,-0.9641966461644986,0.6226035264582741,-0.6453262015525132,-0.687042371875452,-0.4742036111692777,-0.13350970010400387,-0.22438224978806226,-0.6054095740966361,0.49968806839552216,0.4699740271697265,0.759562707772839,-0.9747744091937759,0.6026279785219042,-0.6445043933970037,-0.7771244916822739,-0.683254371514282,-0.16821281762714146,-0.7363134495112267,0.47012408567498454,0.5858190172267665
0.9443894549662033,0.9526449054840753,0.9340499399924844,0.9472722567295422,0.933083019949262,0.9331379249771317,0.9254217060334222,0.9521533409153166,0.9551205689918241,0.9074030931238506,0.9221787201559387,0.950579886874946,0.901010942806311,0.9426918314235487,1.0,0.9565294113323489,0.8458742890693539,0.7470340046953765,0.8955213765322391,0.9338012367705129,0.9138320532594967,0.8850356897031748,0.8343424509753916,0.8169777223296673,0.9415640200897369,0.8983528179176684,0.9650112327648321,0.9421507059534278,0.9232498718709853,0.953476319185762,0.9010466109837396,0.5138976963215992,0.9628017297776991,0.9640636366725037,0.9545647840216902,0.924020974091839,0.9466426816130601,0.9625776008273842,0.9314370590892894,0.8379602507293084,0.9168491528209691,0.9351270843249712,0.9017122229763538,0.9270289965924446,0.9182347758999169,0.9002457518541973,0.877791936007796,0.6102003698707068,0.8249580877115326,-0.9455552121335364,0.6388977945011424,-0.6384339898862069,-0.644824614996847,-0.48934843323874316,-0.07862831780954604,-0.21870676505125916,-0.5993577214660434,0.4536360097037427,0.3907425048624845,0.6889164487801247,-0.9563424381817195,0.6106461294497996,-0.651942689245971,-0.7599029203843742,-0.6673590616107445,-0.13857016123933033,-0.7448177010434696,0.4498386504457021,0.5437396312187588
0.950096894106982,0.9685768645318964,0.9537645185452178,0.9568793442245653,0.9440741652435484,0.9526638957437705,0.9472489995726417,0.9634600293097634,0.947993072372133,0.9101425617317842,0.9384113675931975,0.9441948472214526,0.9222507389264655,0.9533183620715932,0.9565294113323489,1.0,0.8786728129121457,0.8116256046461524,0.938810699717087,0.934449543251514,0.9035643229594125,0.8738860707895248,0.9092913570201111,0.8724655504876442,0.9498534647400153,0.9362895496246396,0.9643361729651435,0.9602379027151644,0.939859244683895,0.9684666800621966,0.9305898509219797,0.5097535390881976,0.9679134146553217,0.9690517085142091,0.9643725333212602,0.956765506605744,0.9593968193795782,0.9785447919404868,0.9643431974860333,0.913836708236226,0.9384757044730205,0.9548675177194423,0.9194608776927246,0.9183008028596826,0.944477542698532,0.8722367414370511,0.9244049246615825,0.7147123934360787,0.8302430028517876,-0.9650134923773898,0.6247015741242088,-0.6573673170552358,-0.6830201802192393,-0.48381263397564367,-0.10969054546248826,-0.20760495130198614,-0.5915118044986943,0.5147718200452663,0.4752741915871502,0.7762562288263116,-0.9672616303103377,0.6109585483499044,-0.642753357180743,-0.7821584190688591,-0.6599526959228342,-0.17946073418102546,-0.7178530995445631,0.4776269183110992,0.5816381263657483
0.8797285821855761,0.9002950343372444,0.9015565044298312,0.8772689044021524,0.8852906516572537,0.8706888053599819,0.9456032064770084,0.8792956533903626,0.8614382393171347,0.8467432378013967,0.8695239834492353,0.8281296585803422,0.8458647784334613,0.8763140224009061,0.8458742890693539,0.8786728129121457,1.0,0.895489240858293,0.8880396487904642,0.8383987007417142,0.7884985316055628,0.8076832393054196,0.8097401243033435,0.8378838792111436,0.8984757610646823,0.9357692025572715,0.8897305862224871,0.8788121147689906,0.8292938967824546,0.8987847272813017,0.90034615063162,0.5698209231346916,0.8903184589642257,0.8864762152815666,0.874989027719778,0.9120181682059149,0.8603344055934374,0.8782835409709456,0.8874836196688373,0.842940235474465,0.8489579903241657,0.8899487043564293,0.9061056987741545,0.7851577072798567,0.9092323017789221,0.8184875819423999,0.9084485448083034,0.6262342962194227,0.7675378609968943,-0.8958857196368095,0.5419861857220142,-0.7009532106137525,-0.6157258079617293,-0.3884846076851726,-0.23277684190860642,-0.3515091302180175,-0.5943669368125389,0.42461792734322995,0.487210020731272,0.8141234891792253,-0.8882162096441326,0.5520282699886281,-0.6844613481007168,-0.7079799681316654,-0.5150644669808393,-0.2621703168702987,-0.6469418140033515,0.369333143966643,0.5235835262625796
0.7898881210776553,0.8144136118209214,0.8346059451946815,0.7870071369352711,0.7933519986549361,0.7817984810097037,0.857410262868262,0.7851323461182188,0.7490895288076893,0.6883007481431545,0.7595277224052008,0.7037090231756333,0.7271303234570466,0.7842950127113132,0.7470340046953765,0.8116256046461524,0.895489240858293,1.0,0.8759067230426909,0.7351445916207846,0.6560049791712771,0.7059751744395683,0.8007116346691217,0.8003199507645621,0.8221144350732781,0.8784519412386742,0.8008734916472604,0.7987693824814233,0.7584308599739661,0.8136656071083337,0.8700446213386811,0.41002840778676386,0.7971944036048072,0.8015830281553722,0.7758590644804452,0.834184403436446,0.7679542814057013,0.7967076645791924,0.8058504312690112,0.8431942437271384,0.7740033572897574,0.7791965630220737,0.783732816265926,0.6656632154160748,0.8029465485764705,0.6310172668649572,0.8174240121658833,0.7232589681430518,0.6377662576021779,-0.8347261273478509,0.41442591928602934,-0.6769210701868298,-0.6155910792619167,-0.44936111558988173,-0.24301788256968432,-0.40254855943173007,-0.6603478418093002,0.4010167112874396,0.5790987753006543,0.8602645936306925,-0.7968754051025932,0.4642496677659094,-0.6155176220628936,-0.6793277510299351,-0.46931878126227894,-0.2905202449520774,-0.6126524279272838,0.2910309005721489,0.4771108481596581
0.9271176533914091,0.9526506639318574,0.9520126774980351,0.9402699622629949,0.9288331805615022,0.9400639766551451,0.9532823262160416,0.9358780837181093,0.9150751720708141,0.874146387192303,0.9107438823463797,0.8900457152710431,0.8903478682284224,0.9311161386716054,0.8955213765322391,0.938810699717087,0.8880396487904642,0.8759067230426909,1.0,0.9092850732971508,0.8541192665875517,0.8280391400675768,0.9025585553810154,0.8686099220180512,0.9326583765483902,0.9518877178792755,0.9401609378354926,0.9416681661458192,0.9203743449320382,0.9461696738100371,0.9339498766861827,0.44239721500417006,0.9397500662533324,0.940941101739376,0.9323909354205017,0.938387015050852,0.931539050267966,0.9439215435895789,0.9467421764411379,0.9023596491162889,0.9315924873721045,0.9401385702921577,0.9133873395430941,0.8679930882511572,0.9254310106327724,0.8085579958851669,0.9161816692280322,0.7240946474990247,0.8025838334572961,-0.9583541195426476,0.5961751220894347,-0.6658462313695183,-0.7022751532863601,-0.4864778247417994,-0.20088555610360767,-0.2936776333216177,-0.6669339137232989,0.4759725499886677,0.5527358683498317,0.8392221354942745,-0.9434894908178799,0.5895505319849921,-0.631827452423243,-0.7570092611671823,-0.621350288305545,-0.20910821161025137,-0.7346268278095027,0.39265428444254996,0.5803876410877448
0.9363965054678033,0.9540787360997197,0.937249173897176,0.9567422104258914,0.926739456741446,0.9458652388851929,0.9316617750736238,0.9529483462037512,0.9485192633725784,0.9463031118831251,0.9345505523035598,0.9358051284843866,0.9264759415449152,0.9403020191080241,0.9338012367705129,0.934449543251514,0.8383987007417142,0.7351445916207846,0.9092850732971508,1.0,0.958396397480635,0.9327452027216008,0.844687118475862,0.8322562634775205,0.917584575261687,0.9059503231484826,0.9556221808740059,0.9415337507434733,0.9072450781770682,0.9551876023933478,0.9125389200875031,0.5321088323480296,0.9490196962233958,0.9521150932711585,0.9561182889501925,0.9159639213127553,0.9407287892497435,0.9520176126069615,0.9452284374076256,0.8127548614881714,0.9480649579420145,0.9486858043635124,0.9297882027230745,0.9194620956884209,0.9206644895517239,0.8964310959488846,0.8754265009179034,0.5980297022015731,0.8859892126456909,-0.9461088825131546,0.6813110775897945,-0.6164949622148991,-0.7175685715640896,-0.509741793196694,-0.10639399609338021,-0.20413295248567417,-0.6248771762919282,0.3859365941456671,0.3685422068312521,0.6816902796183758,-0.9618365697045141,0.6296779470435896,-0.6270140051679035,-0.780741366088729,-0.7128635736351766,-0.13722090129579106,-0.8023228912747428,0.4205432047512645,0.5457287460360704
0.9145321551731025,0.9244190159723086,0.9038685663298172,0.9351160851440704,0.9069127662823148,0.9182315878906124,0.884719242535988,0.9288835029263203,0.9306392873441347,0.9478705002851845,0.9216172393815235,0.9447508442967985,0.928550855976277,0.9135132418232412,0.9138320532594967,0.9035643229594125,0.7884985316055628,0.6560049791712771,0.8541192665875517,0.958396397480635,1.0,0.9352810303929773,0.8065094198432655,0.7909724835125904,0.8913289930854947,0.8575842067823805,0.9285632780393193,0.913248385434884,0.8815707924736098,0.9382312688133144,0.8857659068426476,0.5695193802777185,0.9256111245234718,0.9253347014906455,0.9337640416940628,0.884841787403015,0.9169386784532061,0.9230802857674543,0.9154440340986884,0.7711554242631283,0.9166182030666515,0.9230573541541857,0.907415851483192,0.9041220859518804,0.8924752509394742,0.8960787733089607,0.833377475954049,0.5530925923024463,0.8801784622731065,-0.912337834236539,0.7021997206321171,-0.5739019985329794,-0.7040987108986239,-0.4888771407972347,-0.08575147732168137,-0.16368342320744605,-0.5792149758759394,0.32913965763921094,0.3179257748793389,0.6116910994456858,-0.9385938941084656,0.6172643602382615,-0.5970048520082,-0.7723831836907051,-0.7104584908911663,-0.13869576216988655,-0.7874932278129501,0.3802287963774886,0.5170051766474515
0.8900782257975064,0.8886404072854704,0.869522767471736,0.8895478269821816,0.8748669414636938,0.8733668483671846,0.8651365335205758,0.8874252146933792,0.8911190190924444,0.9060396118635217,0.8875505262295863,0.8975346794505582,0.8888404191643189,0.8631985600793183,0.8850356897031748,0.8738860707895248,0.8076832393054196,0.7059751744395683,0.8280391400675768,0.9327452027216008,0.9352810303929773,1.0,0.7842023433981435,0.7816290446599855,0.8780141772525182,0.8252640324867369,0.8991388688777697,0.8708276870118598,0.8244760855123388,0.9027905647563431,0.8921915335655493,0.6477602940778776,0.8903509007404434,0.8866726544734364,0.9005742911751861,0.8666059276772561,0.8660621549092519,0.881669862755924,0.8816645183724979,0.7579049401493735,0.8727308682606988,0.8714858315334711,0.8830252708605918,0.8512507076556692,0.8499242954285828,0.8530272227974052,0.8081070857367665,0.5744687471076831,0.8469453414262895,-0.883614070279291,0.6730253647775551,-0.6388805880328688,-0.7079802054534978,-0.5333000657140908,-0.08998828993318372,-0.20416506734872947,-0.5917085351703182,0.25832172468280984,0.28862183195108626,0.6310261473444765,-0.9008748244023089,0.6184745362314575,-0.6619200227136267,-0.777295613372369,-0.7018673648464362,-0.16452924740602412,-0.7674287007155558,0.3375878084361277,0.4414035208093027
0.8618191951834292,0.8923601569222022,0.8767998960487813,0.869963982279649,0.8619378994669686,0.8726167320146023,0.8654031083273476,0.8813843182167403,0.8538694117594992,0.8312759799286469,0.8637547931392539,0.8399037679182296,0.8969385425579895,0.8825612516026845,0.8343424509753916,0.9092913570201111,0.8097401243033435,0.8007116346691217,0.9025585553810154,0.844687118475862,0.8065094198432655,0.7842023433981435,1.0,0.8883895824101989,0.8766157569191668,0.8766468239256728,0.8720430774896702,0.8813309753704937,0.8830556389045983,0.8905843975586888,0.8927656581937307,0.4874623621532604,0.8798872359282535,0.8828252613594955,0.8804555208911616,0.9214117715552718,0.8865762338948997,0.9008584683279488,0.9321356212178815,0.9521779648483722,0.8689583887551001,0.8767377995721484,0.8410301751649945,0.8164192256142483,0.8877832353383392,0.7652838916021546,0.9036372054580436,0.8785164437609265,0.7684173875329388,-0.9017100763870171,0.48418354954873705,-0.6120316694940519,-0.6966002495570924,-0.4891808698892606,-0.15299283280995435,-0.1845052653426006,-0.5223878997075727,0.5059238437048309,0.5521276182326719,0.830069489995153,-0.8864633253758967,0.49780685108998446,-0.559096014094409,-0.7580545357617847,-0.6158963873906712,-0.22651492171570872,-0.6096743697726342,0.3913455103537924,0.541837392641963
0.8344290932921662,0.875571952465111,0.8506816346795272,0.8415256897389006,0.8343800159475664,0.8291046852156804,0.8559417009615045,0.8666998570711973,0.8275933550571828,0.8221302007559589,0.8433670224102584,0.8123614806647904,0.8581281255204639,0.8588279670219919,0.8169777223296673,0.8724655504876442,0.8378838792111436,0.8003199507645621,0.8686099220180512,0.8322562634775205,0.7909724835125904,0.7816290446599855,0.8883895824101989,1.0,0.8461953200364066,0.8698962176429023,0.8512953821480754,0.8627309402089127,0.8522428544150223,0.8793889329078775,0.8878970704307256,0.6317916942908592,0.8602463003717854,0.8705212137617907,0.8624494641449939,0.9295276479890091,0.8612066331344517,0.8750591748872859,0.8941751300893426,0.9065612694176165,0.8457912149074976,0.8686636949559929,0.8672526486064208,0.7931833286699749,0.8982381270571794,0.8003389244494843,0.9071952011444776,0.8133974345134978,0.7857324862999913,-0.875136079871289,0.4594369881009092,-0.5289833743542882,-0.6602762444238954,-0.4034688134380195,-0.14745155423065148,-0.1553058362865684,-0.5308740294063659,0.45554307107004116,0.5127069334363028,0.7692310018579931,-0.8697379831625062,0.4727035853267212,-0.48819283702066213,-0.6997325096207039,-0.536511796877928,-0.22091172482585927,-0.6294645054071387,0.3957998455124851,0.5434935817528295
0.9738900041209827,0.9695682811123781,0.9566132959703092,0.9541694928121296,0.9566517209105424,0.9524484897233789,0.95249521564151,0.9606438692160629,0.9509830341873706,0.914282844348895,0.949952018076762,0.9396226948839366,0.9207073664911769,0.953469703662311,0.9415640200897369,0.9498534647400153,0.8984757610646823,0.8221144350732781,0.9326583765483902,0.917584575261687,0.8913289930854947,0.8780141772525182,0.8766157569191668,0.8461953200364066,1.0,0.9327533961926999,0.9743417998583277,0.9632391454014249,0.9339402543864371,0.9613475282870698,0.9290619478696913,0.5149325513255351,0.9745099514524445,0.9611321856613957,0.9586706487085906,0.9458263279481717,0.9469720546286805,0.9590155833365737,0.9509988408105602,0.8774112148445947,0.9348632030559865,0.9529452093340393,0.930126532043369,0.9149482313962372,0.9381047633096954,0.8614107363671365,0.92005471009058,0.6758742790061969,0.8322214139048483,-0.9647268540772198,0.6311514246887784,-0.7100852203502881,-0.6724317108535479,-0.4969827271058668,-0.14766096266684156,-0.3065923118038886,-0.6243705035953574,0.4577046185000405,0.4884943065150971,0.8020340098338756,-0.9645483292208754,0.6173948244241174,-0.7110306956561786,-0.7678139171703813,-0.6589924509535232,-0.19110345178119323,-0.7462263819338503,0.42635483359688997,0.5592824898027869
0.9331438572530967,0.9571418455058256,0.9656652466941457,0.9488797946869625,0.9372297148504504,0.93795299021727,0.9769071851405499,0.9462288062220034,0.917950109769512,0.8943169285409793,0.9216492113434245,0.8851088101861134,0.8993433779861136,0.9407958956294495,0.8983528179176684,0.9362895496246396,0.9357692025572715,0.8784519412386742,0.9518877178792755,0.9059503231484826,0.8575842067823805,0.8252640324867369,0.8766468239256728,0.8698962176429023,0.9327533961926999,1.0,0.9440946015144768,0.9493138704639277,0.9200026393587791,0.9524541959805609,0.9320936776379807,0.47743841238047086,0.9448860471118917,0.9510410953106614,0.9363065070198273,0.9459176038056771,0.9381667510901854,0.9451293601851454,0.9475399569487837,0.8904378780512738,0.9336933142032479,0.9509539197976355,0.9337745527586184,0.861940581476372,0.9446920533923698,0.8309751960539438,0.9328301125513041,0.6814489965570089,0.8136127996984525,-0.9603351005613551,0.5785895903478973,-0.6945138132803896,-0.709394395917241,-0.46981183737228993,-0.20942044412279565,-0.3088286295072066,-0.6587924338997216,0.46490973531878976,0.5094496329496652,0.8301459667959261,-0.9514232942477309,0.5530172885135655,-0.6576224034708071,-0.7653247229803832,-0.6114039313237412,-0.21814768054724773,-0.7473825180498034,0.3942453158345996,0.5813090164324607
0.9753607623292514,0.9834975139026593,0.9721719150573342,0.9772513632051762,0.9629199714033707,0.9668990693991082,0.9637056909032965,0.9782305455957523,0.9712496905533401,0.939216233001183,0.9569912746424414,0.9531546255342364,0.9301428768552903,0.9734311269222015,0.9650112327648321,0.9643361729651435,0.8897305862224871,0.8008734916472604,0.9401609378354926,0.9556221808740059,0.9285632780393193,0.8991388688777697,0.8720430774896702,0.8512953821480754,0.9743417998583277,0.9440946015144768,1.0,0.9753280850414847,0.9501018687299321,0.9781642600809417,0.9367159412140917,0.5184974847456371,0.9863048076959013,0.9821595259786445,0.980241451078576,0.9528734291496456,0.968905844789781,0.9798379658103727,0.9664086464976389,0.8680352031201275,0.956842769620959,0.9698678008894388,0.9434084412122384,0.9406762626549716,0.9505612698615896,0.8916781856980964,0.9181249383312577,0.6463298982117189,0.8675601218244867,-0.9795684823685694,0.6498470808997605,-0.6887652758407488,-0.6989024216586817,-0.5225684660384791,-0.12461296357676242,-0.2681964359114568,-0.6440291739726165,0.4511301798352326,0.442156604086135,0.7654506443305112,-0.9848260664540485,0.62305510641396,-0.6892150385084269,-0.7874337046737656,-0.7004075690148943,-0.16714171071948525,-0.7795035155224401,0.44371693798547207,0.5613738719512971
0.9801797223534621,0.9824364375893988,0.973481740102465,0.9767803275488252,0.9687355229589348,0.9721295112613575,0.9599199302783933,0.9758890938177655,0.9624086730107833,0.92980721712122,0.9518177741190734,0.9397235818204884,0.9198218404123741,0.9614380039082752,0.9421507059534278,0.9602379027151644,0.8788121147689906,0.7987693824814233,0.9416681661458192,0.9415337507434733,0.913248385434884,0.8708276870118598,0.8813309753704937,0.8627309402089127,0.9632391454014249,0.9493138704639277,0.9753280850414847,1.0,0.952635292948402,0.9712755271813482,0.9272742821742799,0.487330798516051,0.9784467600298733,0.9737210435746422,0.9689068859509637,0.9472336092618405,0.9625823646722864,0.9719883709833884,0.9639830013397664,0.8777919020942087,0.974377117741543,0.9750225157564604,0.9326928755650437,0.9345157580880054,0.9535333386985316,0.8730974648121029,0.9204168366934643,0.6689477747425293,0.8580590004283144,-0.9761381154948601,0.630579528575684,-0.6751695553435036,-0.6927110244515873,-0.4716861379670594,-0.14799168564619797,-0.2674086286265734,-0.6565758285275402,0.4825430157785333,0.4927436695243317,0.7907692252863413,-0.976889644799977,0.5972604213408359,-0.6569365586516833,-0.7525299210507478,-0.6540321694417238,-0.17983789671373177,-0.7858176123127021,0.4453413396872458,0.6226576842517612
0.9338895975524011,0.9555205142423653,0.9425577158038059,0.9460678065343812,0.9225177511565191,0.9280007965419482,0.9274347752019463,0.9548194422649379,0.9262779555122413,0.9033708255686742,0.9317655602676359,0.9124447613874296,0.9082265708937125,0.936710793599744,0.9232498718709853,0.939859244683895,0.8292938967824546,0.7584308599739661,0.9203743449320382,0.9072450781770682,0.8815707924736098,0.8244760855123388,0.8830556389045983,0.8522428544150223,0.9339402543864371,0.9200026393587791,0.9501018687299321,0.952635292948402,1.0,0.9511953470891458,0.921602441537608,0.48241412862928706,0.9493171655984974,0.9604405851675957,0.9561135481996231,0.9394856071638645,0.9550080191022392,0.9584054328019289,0.9539676982625124,0.8826058942298455,0.9326644443218745,0.9485969750938691,0.9115142525775763,0.9228319179210221,0.9316938191604067,0.8523459793923099,0.9066349761490361,0.7036717665388575,0.8252203069121966,-0.9625135545737112,0.5825055457316894,-0.6441959780731352,-0.7183311063122739,-0.5422841973674797,-0.14544467840792072,-0.23065222234656857,-0.6133153412929366,0.4630761498287568,0.46963058368890387,0.7528693289230727,-0.959003489554288,0.5396795848064919,-0.6220223944732557,-0.7642828983852664,-0.6887229142487413,-0.1562572244127767,-0.7481886144270226,0.43546266545424056,0.5784688786658455
0.9629632437210353,0.9820779801936523,0.9695711432767558,0.9753299233574378,0.9566222320082669,0.9593561129967886,0.9650886616567457,0.9780806370349662,0.9620090415122288,0.9453832765548895,0.9615245680092658,0.9543982249786644,0.9461083374405836,0.9672502373076013,0.953476319185762,0.9684666800621966,0.8987847272813017,0.8136656071083337,0.9461696738100371,0.9551876023933478,0.9382312688133144,0.9027905647563431,0.8905843975586888,0.8793889329078775,0.9613475282870698,0.9524541959805609,0.9781642600809417,0.9712755271813482,0.9511953470891458,1.0,0.9535323690712816,0.5465234518391467,0.978351197075268,0.9829368982399688,0.9766055657377706,0.9655829310959892,0.9706303044863543,0.9806805831319536,0.9740128653537112,0.8903245250884481,0.9527155694810677,0.9712909123822348,0.9501347482565136,0.9230330772022277,0.9604402346302148,0.8987843800244842,0.9321799844834558,0.6784492859144676,0.8708445643284544,-0.9785988335673403,0.639097678927202,-0.6541771161537238,-0.7148640194124354,-0.48867058863504087,-0.1372187167938332,-0.23982790488907488,-0.630354771045136,0.4515033597023464,0.4616673967372089,0.7652841792130233,-0.9845693809709248,0.5955524722874116,-0.6462933420521494,-0.7902463070984723,-0.6741939912582511,-0.17886461265693723,-0.7697443419339951,0.4340528672807325,0.5881156162858521
