0,1,2,3,4,5,6,7,8,9,10,11,12,13,14,15,16,17,18,19,20,21,22,23,24,25,26,27,28,29,30,31,32,33,34,35,36,37,38,39,40,41,42,43,44,45,46,47,48,49,50,51,52,53,54,55,56,57,58,59,60,61,62,63,64,65,66,67,68
1.0,0.8940921720723874,0.9126544417804101,0.9105002377540583,0.9119085427367181,0.9128050910963045,0.8256177912297833,0.8846806570008793,0.8863445074236834,0.8395351733161724,0.8615674547840649,0.8760592004543831,0.821706837174839,0.8200156842137449,0.8489720351675952,0.8008981650170245,0.7986298354290825,0.749825662938514,0.7385695238685165,0.7853036383506197,0.84070074405027,0.7742718638968015,0.7566792929567111,0.7408445315697981,0.8074400335210988,0.7899075634276443,0.8506254779198511,0.939482926159926,0.9275162098778577,0.8427356104043676,0.8079208827273099,0.693347904118808,0.8756576879339057,0.8665709375296586,0.8497365063946466,0.809633826908006,0.8474669031268028,0.866091020020046,0.8351749232898541,0.6417308813995188,0.8253569809534241,0.8274065557147333,0.841288364620942,0.8001891099839635,0.8553179530265683,0.7151056576388197,0.8200123446688671,0.6116533532848363,0.6230886500632041,-0.8848190866239486,0.2253952667080249,-0.635420743806607,-0.3976837068583335,-0.06608923408234377,-0.26336570553802957,-0.44581333764018455,-0.579778950747506,-0.012907262962758764,0.2687647438170515,0.6534342167502686,-0.8431633554539213,-0.05653642707058728,-0.6243274049506736,-0.4332253691489995,-0.24224915790285229,-0.23696181107956008,-0.5655509617004775,-0.1484734078030852,0.2687042574792335
0.8940921720723874,1.0,0.9615933428979624,0.9554447499473763,0.9368043005999277,0.9460711654970018,0.9620294824203807,0.9683515937616277,0.9623296559215012,0.9521996630500842,0.9266925219407575,0.9338850506265688,0.9422430459070879,0.9327976784789209,0.964449900673184,0.9322063221943736,0.9376068309545751,0.9227890568529975,0.8953346749704465,0.9389411974964589,0.9405821161450733,0.914353403760708,0.9107465775019045,0.893197739986794,0.8799535355799767,0.9356806040798444,0.9595988701197883,0.8741715935678794,0.9734672932882756,0.9590594354996853,0.9388979220873283,0.811828273131484,0.9593406983884147,0.966240074122886,0.9666534229952107,0.957497345821194,0.9572162456345378,0.9721184970154529,0.9650993247100792,0.8257149557196879,0.8768509936768495,0.9531381901974917,0.9601807111359988,0.9017318099719032,0.9519724885313309,0.8470729059113594,0.9511081139240691,0.7464868527155358,0.7918520316726266,-0.966554757405449,0.09866780730214136,-0.6577826003175097,-0.6235627940722777,-0.0073684125894179775,-0.24718885109604546,-0.403662290420485,-0.5446040855722217,-0.03453262296796916,0.24189295627091614,0.5229439804137895,-0.9666280743745426,-0.2507198130656547,-0.6838225999769613,-0.6659275523033107,-0.4026231757331788,-0.22404713669062865,-0.6534145136706729,-0.24764720285622957,0.20064486410550741
0.9126544417804101,0.9615933428979624,1.0,0.9673702013476526,0.9261267170658934,0.9328922644918893,0.9446244702726139,0.9434501644606952,0.9366684754594472,0.9335815555016016,0.9306684024782301,0.9310093667033245,0.9219931663143307,0.923562514336242,0.9444727477657754,0.9107469162380484,0.9260032138210631,0.8975735830943319,0.84952853509712,0.8966299829512151,0.9405749852310206,0.9027730480421251,0.8738124408972214,0.8590117507737848,0.8727192634336676,0.9117120379424657,0.943983894871002,0.8880921828710607,0.9628602500460158,0.9482140888110049,0.9286427935277028,0.7886422552996099,0.9389530807160033,0.9451798676180365,0.9473303173265718,0.9278363608739567,0.9380200795387382,0.9542321803975076,0.9450185684701476,0.7672544905175783,0.836245024965886,0.9145904083114808,0.9420704387011242,0.85333425136967,0.940418136230776,0.8175371992611127,0.9264103832243314,0.690562141961332,0.7646648472234064,-0.9488832094665557,0.12576509275549694,-0.6493001057225077,-0.5806285064972022,-0.025009752850510512,-0.2588091765043127,-0.43504960544900523,-0.55633990309892,-0.09450288154500704,0.2477038427133734,0.5560126499289334,-0.9497763380954808,-0.2221506920218119,-0.6744819480919241,-0.6336043239235315,-0.40652648028233906,-0.26141693954521505,-0.6539626511521025,-0.29205908397763,0.16686669459336292
0.9105002377540583,0.9554447499473763,0.9673702013476526,1.0,0.9281669436710863,0.9548377083816149,0.9363656032167067,0.9318066679086712,0.9327043120789715,0.9185991165455349,0.9054484398941993,0.9310461154224889,0.9397670447780578,0.9197005369694942,0.9435536658529768,0.923589198143282,0.9085852385991409,0.9046674923155473,0.8524787121395999,0.9123319246468291,0.9400311587345075,0.9228675684649841,0.8905062624106902,0.8473119571330036,0.8546200415925799,0.8845066947129763,0.9379287892506776,0.8581976843266115,0.9521898046949651,0.9389826951227384,0.919462429370045,0.7582467357825722,0.9361707875168268,0.939624754598739,0.939822431976924,0.9160349925062846,0.9382614141705758,0.9495880482689955,0.9442999635493033,0.7780350827097046,0.8374316355744916,0.8914458030339936,0.9283156332230086,0.832770954192503,0.9257529398034688,0.7870253371413254,0.925753106892583,0.7047377619596932,0.762676564260545,-0.9440904497384247,0.11159617408605554,-0.6586381693403451,-0.5782198076626335,-0.027015249816483695,-0.2650376465691841,-0.43995055900534774,-0.5963325343114521,-0.09079545833756979,0.2293421733633969,0.5427118001768217,-0.9457427276802107,-0.22393713944259797,-0.6884621619419496,-0.629875963444522,-0.4040104380166982,-0.2509033179574779,-0.6690825932117968,-0.30737143483408047,0.12405767422130742
0.9119085427367181,0.9368043005999277,0.9261267170658934,0.9281669436710863,1.0,0.9558771731529826,0.8883188303130402,0.9136295246128552,0.9198357348513565,0.8893572873214035,0.8720599447137318,0.9042109018726018,0.8933382053344714,0.8589876286688274,0.8947300065874388,0.87285202022805,0.8495066110944215,0.8346506074567168,0.8491055294081149,0.8865661226595116,0.8816452682876328,0.8417200284510189,0.8512722000274648,0.8158353221101645,0.7957653574487191,0.8596255196304737,0.8921043586124261,0.8743463993415708,0.9383015572908232,0.8825672213385718,0.8480994556605715,0.713520331715141,0.9051667889240045,0.9004220913488856,0.8944849088176909,0.8750163045868936,0.887618091054587,0.914225226219772,0.903046687714282,0.7667667647494483,0.904842160271528,0.8953048337576962,0.8994923385533823,0.8507693346536871,0.9021094788159527,0.791522143011168,0.892085964387264,0.669612450070569,0.6930799488436034,-0.9147318233791285,0.1037271397140034,-0.6151958944468057,-0.4943177631746133,0.010302959740135516,-0.2517269534581526,-0.4429076704510324,-0.5931058577772295,-0.0747805173392217,0.16604399847493376,0.5352152971476452,-0.8980058097270524,-0.21436925745726643,-0.6138164575570927,-0.5161015871910035,-0.2701182927292553,-0.2097991232510633,-0.6556278469610793,-0.1844573527469912,0.17515103916522237
0.9128050910963045,0.9460711654970018,0.9328922644918893,0.9548377083816149,0.9558771731529826,1.0,0.9082354013194702,0.9170601497200831,0.9241972892971276,0.8900663688059038,0.8650850134987462,0.9078990632643442,0.9206157501343382,0.8777431893297921,0.9165129903653149,0.9071438899744612,0.8624344144677369,0.8741501528151882,0.8829379011633761,0.9172982262365484,0.8946726591973233,0.8846532478132252,0.8861555831510166,0.8270258813216361,0.8137968113461805,0.8655086435939154,0.9079872011880621,0.8549107435353607,0.9429335088735765,0.897970413079613,0.8663342435840368,0.7080322904790922,0.9214206454537107,0.9147243673849557,0.9127816668042742,0.8846414308800661,0.9091921340283338,0.926297492920841,0.9236668320868573,0.7830623378306579,0.8909380790826271,0.8887290433812837,0.9092490371334543,0.8450296211568227,0.9003328537356048,0.7766042488976171,0.9130881339466399,0.6856029262091466,0.7249174685393361,-0.9244808885357046,0.11543051094146003,-0.6211685478243646,-0.5209076344447299,0.00894316877671921,-0.2419570126251499,-0.4418161371082648,-0.5968781999030802,-0.042842179723104876,0.18116896209713765,0.521762969567434,-0.9162431489231043,-0.21642308058203308,-0.6351251289494158,-0.5557037931749071,-0.3171587173891316,-0.2058709373172992,-0.6723180002981228,-0.24014049662099338,0.14989289775500256
0.8256177912297833,0.9620294824203807,0.9446244702726139,0.9363656032167067,0.8883188303130402,0.9082354013194702,1.0,0.9443051031755972,0.9324837081853256,0.9531191783586603,0.908626071914884,0.904440791468096,0.9369640141815914,0.9363937655541321,0.9583621829519132,0.9365896768085584,0.9709955775939306,0.9509875805250008,0.8920416843223138,0.9344254660127076,0.9417818008245752,0.9367237956397411,0.9193787824594197,0.8979738033243528,0.8766060261908394,0.9542386002287904,0.9546365029124901,0.8085710402616223,0.9386560849972307,0.9575709557436359,0.9430638615077732,0.8276086248930005,0.941508382485501,0.9485139699155929,0.9597836004798792,0.9594190396258582,0.9525055370983978,0.958166509561501,0.9637309808145904,0.8093823035017185,0.8249541211710206,0.9462074763020617,0.9664008615908524,0.8718213596849097,0.9393835842000059,0.854624231061143,0.9529137830770753,0.7261542808583009,0.8269610841409737,-0.9388730853117458,0.07566998232004996,-0.6287083041165988,-0.6872393284603757,0.03541383487026241,-0.26228993954998264,-0.3827612105936284,-0.48447234342536927,-0.040572224911774896,0.2415232507555201,0.44850374252545955,-0.9691852285146244,-0.3085893869261365,-0.6851096475432062,-0.7300124611187482,-0.4738528210259956,-0.2443723458123355,-0.6530714373419517,-0.293316605776899,0.14218443743547227
0.8846806570008793,0.9683515937616277,0.9434501644606952,0.9318066679086712,0.9136295246128552,0.9170601497200831,0.9443051031755972,1.0,0.9549572073041253,0.9430194022376852,0.9441489338700937,0.9387608749351013,0.934347161866181,0.9363635836191794,0.9579557962393431,0.9243292896501901,0.9248541457056524,0.8997123002675437,0.8636165617411391,0.909538654145173,0.9380802200613352,0.8957876010249082,0.8974886964713736,0.8841197692303432,0.8978871999801659,0.9166000805861767,0.9585823697118865,0.8647708186654113,0.9577582083297258,0.9512805774474241,0.9257540594842354,0.8376955374487813,0.9571708500957318,0.9650058804062108,0.9559121128422986,0.9488589675140954,0.9618585438510573,0.9663869313320849,0.9488891144119144,0.8063316494042742,0.8395219212645634,0.9360950356563245,0.9397772731636077,0.9099970660726708,0.9454667855286919,0.8475614406172433,0.9327056912320957,0.7663914797510374,0.7505459844159319,-0.9688159445808928,0.07839702966120793,-0.6761575436480113,-0.6549320779086429,-0.0727413359514545,-0.2595813671837908,-0.3571467203296476,-0.5190006889800134,0.006476451708014763,0.27721361372846,0.5903803344324078,-0.9444786988239152,-0.22592694823016612,-0.6940112015875379,-0.6699072521948664,-0.3909980131070366,-0.2125679072397903,-0.5827295823446843,-0.18526438205480064,0.18348621450317865
0.8863445074236834,0.9623296559215012,0.9366684754594472,0.9327043120789715,0.9198357348513565,0.9241972892971276,0.9324837081853256,0.9549572073041253,1.0,0.9375324314051416,0.9112554796609836,0.9193444036045416,0.9232642420922312,0.904195103096178,0.9410652313060426,0.9030376828506836,0.9141183340302279,0.8788267695612826,0.8499671816795153,0.9163039076527817,0.9059104407949432,0.8790458630595,0.8782526105827121,0.8762953037200653,0.8650336985910052,0.9108540059524147,0.9404294776803955,0.8609277346054693,0.9550070165798807,0.926976505552349,0.8998073065123666,0.8167797553219266,0.9345817681448729,0.9482936962862963,0.9379296658490889,0.9374557640955791,0.9330789707308177,0.9503620531900788,0.9398802721917088,0.7963328816099621,0.8537309798329489,0.9336702235945538,0.9330972377984589,0.8942837669190844,0.9426747179647171,0.8397074755562675,0.9317116787255899,0.7188067020218611,0.7313933650139277,-0.9558889362895143,0.09671483048585428,-0.6784561398075094,-0.6123598301999346,-0.07639621457130819,-0.2666007869153316,-0.4317979643888255,-0.5218810546411934,-0.015763689007391155,0.2201069628249764,0.5589670833783688,-0.9339751697036114,-0.19848116758662743,-0.6735406010455367,-0.6383266214146822,-0.3743082413131379,-0.21632705138229047,-0.596762210789304,-0.195241615685749,0.2017439038431542
0.8395351733161724,0.9521996630500842,0.9335815555016016,0.9185991165455349,0.8893572873214035,0.8900663688059038,0.9531191783586603,0.9430194022376852,0.9375324314051416,1.0,0.9270617000020085,0.9049848959119257,0.9177984207264652,0.9151696530960006,0.9299935829717944,0.8897686911572208,0.9534718365378407,0.8995782378077728,0.8351485475769069,0.9012303533283454,0.9375443924160238,0.8947903176343902,0.8811119259542319,0.8813205983477126,0.862809791111651,0.9226094313165951,0.9299706934889127,0.8379270114096997,0.9335854747043791,0.9458034376193153,0.9293138243832598,0.8331632375206655,0.9301675494801198,0.9296569676341573,0.9415895641564154,0.9497468255027792,0.928826553146288,0.9408820975393305,0.9428958316166105,0.7805928855559252,0.8234222186643518,0.9435919185218595,0.9549388791698333,0.8842366911165228,0.9510530611762481,0.8661886214809813,0.9299340673539305,0.7017719104945035,0.7826570220669081,-0.9320226864464386,0.10344399356085414,-0.6302242558740538,-0.6461202135227697,-0.0009067288470868152,-0.26150153912217516,-0.3886368891387103,-0.46407691252928823,-0.01988383162883696,0.2690938664218786,0.4751673838624087,-0.9502637198769296,-0.24818357572400318,-0.6753414111263358,-0.7003658144015292,-0.43751982151407437,-0.2357179953836939,-0.6071751656607536,-0.22475910744624233,0.20551530493478198
0.8615674547840649,0.9266925219407575,0.9306684024782301,0.9054484398941993,0.8720599447137318,0.8650850134987462,0.908626071914884,0.9441489338700937,0.9112554796609836,0.9270617000020085,1.0,0.9236256583069367,0.9064646086902207,0.8964312245296361,0.912684305936388,0.881680118476109,0.9057725019662937,0.8557718750605642,0.7988388258540366,0.8460844130641855,0.9297804171091948,0.8651367167457711,0.8441737804076052,0.8507941201454579,0.8808210290465075,0.8743064421101687,0.9255872531796543,0.8550250030646113,0.9235396789459877,0.9358643580104825,0.9163535495481051,0.817670414136203,0.9183632093635196,0.9213185685934469,0.9225175815888363,0.9132541144653846,0.9203844672731494,0.9319329343512635,0.9155295555288254,0.745268331054584,0.7732728564823272,0.8841818025693619,0.915301344592785,0.8526176578170308,0.9273044548723433,0.8160446202878424,0.8918465847009778,0.6949844853109495,0.7069259460606355,-0.9335080672310951,0.08716656708759069,-0.6216165743540133,-0.5885327671135608,-0.09072224565129369,-0.25527731878325854,-0.38996290040358517,-0.48931511431579383,-0.04239212807408676,0.31608078805647827,0.596881708725674,-0.9094412190073531,-0.1767466956474513,-0.6519064494836356,-0.6409395039340747,-0.3819757874989327,-0.23011052511368205,-0.5331316396662706,-0.18482228012092933,0.170993560095954
0.8760592004543831,0.9338850506265688,0.9310093667033245,0.9310461154224889,0.9042109018726018,0.9078990632643442,0.904440791468096,0.9387608749351013,0.9193444036045416,0.9049848959119257,0.9236256583069367,1.0,0.9182519179756097,0.9235350582375303,0.9371851663932077,0.9036548818424629,0.8899874417903285,0.8561861193987563,0.8147177018268555,0.8807144873153406,0.9419869613466916,0.8678819009890592,0.8727395528079974,0.8271828241233055,0.8828896875352099,0.856215802123599,0.9323538597554646,0.8366919897069218,0.9254404467378884,0.933549501587244,0.8991473768332775,0.7577893087462177,0.9430010490444096,0.9433829846539075,0.923968493521702,0.9028500020244672,0.9337285138542042,0.9468950772489694,0.9253529594513342,0.7814154190449081,0.8018765976265697,0.875522673402994,0.9039409644978316,0.8498545683628695,0.9304778136781386,0.8144013927080234,0.8994792841267375,0.7222799652258263,0.718851786389072,-0.9382905603626466,0.057091483415537714,-0.6125088471562692,-0.563796471813555,-0.0889240242619818,-0.23491200278892513,-0.39560837781673697,-0.505631643455845,-0.08164896691348013,0.2338807348477632,0.5478010278873682,-0.9222912606048185,-0.21586000782708314,-0.6403193203219527,-0.6001463592834607,-0.3870743223738036,-0.24941617582005077,-0.5869675341428465,-0.2546225929067842,0.13348391541158194
0.821706837174839,0.9422430459070879,0.9219931663143307,0.9397670447780578,0.8933382053344714,0.9206157501343382,0.9369640141815914,0.934347161866181,0.9232642420922312,0.9177984207264652,0.9064646086902207,0.9182519179756097,1.0,0.9127685496593076,0.9445834692542999,0.9480241745275515,0.9080620832971669,0.9307564042383226,0.8888125318372315,0.9388745450957371,0.9364874642442459,0.9401789431261061,0.9203916856065322,0.8787462209226989,0.8535043241949073,0.8895375601071318,0.9411835966744162,0.7767197229255142,0.9206909276181249,0.9432023859246592,0.9252481437935358,0.7920153634230335,0.9282899932007426,0.936465189315805,0.9385523017379438,0.930266198873392,0.9465588477608171,0.9518672681444198,0.9483037429159679,0.8199914572046596,0.809044006290079,0.894422468253584,0.9280969914627268,0.8517777730470815,0.9201781405818182,0.82626710713183,0.9325600674683755,0.7358978938488542,0.7470319569370595,-0.9434019041589377,-0.0021573074864584133,-0.6237650386709266,-0.6518670188805543,-0.04657575411670717,-0.2502732531372214,-0.3838232387303392,-0.5459280194382609,-0.04629425991122755,0.24016070253032595,0.5173217768884756,-0.9329561057077501,-0.27240747191219217,-0.6524462714313152,-0.6906753258773848,-0.39840765021559116,-0.21410124694753063,-0.6189501577205963,-0.2533803192746043,0.09904485138905782
0.8200156842137449,0.9327976784789209,0.923562514336242,0.9197005369694942,0.8589876286688274,0.8777431893297921,0.9363937655541321,0.9363635836191794,0.904195103096178,0.9151696530960006,0.8964312245296361,0.9235350582375303,0.9127685496593076,1.0,0.9543178651076147,0.9040181591451423,0.928420521198692,0.9149939255919365,0.833336169834972,0.8981052258220565,0.9429781799663576,0.9143193002494976,0.8985102790651541,0.8489735149611093,0.9090224437248363,0.8852143612494563,0.9487989512112494,0.7784477907234868,0.9057488293553799,0.944847105984093,0.9283552098902667,0.7987119052864957,0.9524202328174188,0.950791716230078,0.934061359812458,0.9300134269742633,0.9599431478180993,0.9476790146458792,0.9396066919211298,0.7830833483766796,0.7670787183650679,0.8936451180854652,0.9112883585438324,0.8509721494568294,0.9174083485572125,0.8208184378059793,0.9182677868991661,0.7508072124387316,0.8283693050159974,-0.9192630574739308,0.048801264242765985,-0.6373937078502129,-0.6832886836379948,0.023062656553932054,-0.2412067277956159,-0.30272358763268287,-0.4785218477172394,-0.03896836035029856,0.2945631210753987,0.45536611162175417,-0.9476633436690459,-0.31421967041191035,-0.6889638019581468,-0.7128623204302637,-0.4940299415449108,-0.2682953010450369,-0.6049697088861415,-0.3275396938981044,0.11794952684095192
0.8489720351675952,0.964449900673184,0.9444727477657754,0.9435536658529768,0.8947300065874388,0.9165129903653149,0.9583621829519132,0.9579557962393431,0.9410652313060426,0.9299935829717944,0.912684305936388,0.9371851663932077,0.9445834692542999,0.9543178651076147,1.0,0.9471721530106163,0.9379274689420489,0.936243897659757,0.880189136122719,0.932740470160655,0.9474121160875215,0.9292832211551253,0.9227386434048561,0.8830533291552196,0.9081225100141599,0.9215150572691305,0.9695753285744713,0.816942930064734,0.9465797640459667,0.9630564246736596,0.9450658154386494,0.8189559037510592,0.9606990710128158,0.9756293438101102,0.9641743476392588,0.9554399786774255,0.9705602296443975,0.9726778725243207,0.9650545052628197,0.8284194411623457,0.8147294756142069,0.9291771633975513,0.9429167447655352,0.8781685534150981,0.9402614194747141,0.8435984061634378,0.9420600961966137,0.7762662921575337,0.8077758053198891,-0.9602436499690916,0.07884205094835825,-0.6712083176118101,-0.692473290574356,-0.04386789933305577,-0.2577053775292481,-0.3716594405382284,-0.5229544968194443,-0.04240343552432712,0.24965425925953313,0.49714637775902704,-0.9659473868421659,-0.2722784731316565,-0.7022038557253321,-0.7154685572580418,-0.47448069057086817,-0.2512109209848005,-0.6459861223911012,-0.3167630013899308,0.1350635182999256
0.8008981650170245,0.9322063221943736,0.9107469162380484,0.923589198143282,0.87285202022805,0.9071438899744612,0.9365896768085584,0.9243292896501901,0.9030376828506836,0.8897686911572208,0.881680118476109,0.9036548818424629,0.9480241745275515,0.9040181591451423,0.9471721530106163,1.0,0.9018643492696313,0.9405945235442482,0.8972152829167117,0.9214669006787669,0.9155134870576574,0.939671008276805,0.9314623004595017,0.8668471258426778,0.8368673416948862,0.8910805412529321,0.9362305015082255,0.7568616626274127,0.9072349831422692,0.9319530121120194,0.9128464330845772,0.7808219343194707,0.9099454158957042,0.9303522069466855,0.9382198614728192,0.9219410430814831,0.943689608402502,0.9444762121328659,0.943988419026913,0.838232758434902,0.7913200214294859,0.8881799372595753,0.9152982835398538,0.8133303691612849,0.8948670740863398,0.7965009601697873,0.9248980203364006,0.7742220202510501,0.7555146990237275,-0.936269939618489,0.046330882345361785,-0.6513023751184692,-0.6907666575640641,-0.06822011509456176,-0.26391638543383444,-0.3818191183974916,-0.5651133784492828,-0.08097347986685999,0.20885866478739973,0.5044654395074752,-0.9314483135570668,-0.26889380631382065,-0.6870932962538745,-0.7147176919838116,-0.4498138925053139,-0.1987532133755231,-0.6629336668882216,-0.2947855558699404,0.05770491268413979
0.7986298354290825,0.9376068309545751,0.9260032138210631,0.9085852385991409,0.8495066110944215,0.8624344144677369,0.9709955775939306,0.9248541457056524,0.9141183340302279,0.9534718365378407,0.9057725019662937,0.8899874417903285,0.9080620832971669,0.928420521198692,0.9379274689420489,0.9018643492696313,1.0,0.9290915205396847,0.8356983541122106,0.8973356661064278,0.9308066519907128,0.9200118784509277,0.8913672185809678,0.8906632782977277,0.8805926687791179,0.938607719530525,0.9384165412257308,0.7841078882213831,0.9115637071219125,0.9456322507858415,0.9347024933134601,0.8523685543047976,0.9257632544606798,0.9278416938739628,0.9397292653157269,0.9535476290470639,0.9359388804007089,0.93898930382809,0.9444748302544319,0.7689072807269322,0.7717874181930822,0.9329234498283148,0.9560347752312893,0.8554596302113793,0.9272217429914026,0.8567952606617885,0.9361998637695381,0.7005474386505577,0.8275946806538849,-0.9120442675172503,0.08102594965685776,-0.6159590848402383,-0.6910177942585393,0.02390484880286288,-0.2638825209683816,-0.3660840792726094,-0.42292098504865944,-0.04426864113548871,0.27019700165430055,0.4208386027987194,-0.957658404891848,-0.3043072307289308,-0.6845988616360554,-0.7426077627674628,-0.5209082134756975,-0.275046328331641,-0.6108162691948967,-0.29781540556226505,0.15369385701827576
0.749825662938514,0.9227890568529975,0.8975735830943319,0.9046674923155473,0.8346506074567168,0.8741501528151882,0.9509875805250008,0.8997123002675437,0.8788267695612826,0.8995782378077728,0.8557718750605642,0.8561861193987563,0.9307564042383226,0.9149939255919365,0.936243897659757,0.9405945235442482,0.9290915205396847,1.0,0.9180242197280035,0.9309807497997185,0.9123216662313165,0.9541274257687151,0.9317704782182948,0.8716101431737033,0.8371266263772604,0.9137484082050261,0.9304868917960513,0.7093162975914316,0.8832738933891396,0.9303616941569652,0.9301427143067247,0.7782278975807273,0.9061055262754873,0.9146291179138174,0.9332893019848352,0.9301947034995383,0.9336661538199691,0.9282722527607478,0.9413349030263085,0.8175519062874269,0.7745364469820288,0.8945430204375329,0.9278947622051519,0.8094648202617023,0.8799040170840966,0.7969446179197219,0.9300684870576392,0.7397410231669809,0.831372052919717,-0.9034062127170901,0.012960612794800238,-0.6081825821161438,-0.7243420446503043,0.04239626968690458,-0.22267230267278207,-0.339725588818661,-0.5151771751618137,-0.06946575980916389,0.22817589279066988,0.39132299983052227,-0.9415418770223307,-0.35491824578289877,-0.676169971776098,-0.7760196885377338,-0.5024996037624827,-0.22078543231905143,-0.6763824064199466,-0.35398923957445233,0.054217053279862905
0.7385695238685165,0.8953346749704465,0.84952853509712,0.8524787121395999,0.8491055294081149,0.8829379011633761,0.8920416843223138,0.8636165617411391,0.8499671816795153,0.8351485475769069,0.7988388258540366,0.8147177018268555,0.8888125318372315,0.833336169834972,0.880189136122719,0.8972152829167117,0.8356983541122106,0.9180242197280035,1.0,0.91962230611913,0.8385479094167031,0.8644371560691748,0.8900537277226152,0.8369931402063118,0.7645495185057936,0.8914123865218939,0.8708902784996768,0.7212484024568251,0.8688889852177796,0.8654410655521765,0.8530299045799026,0.6847981677412412,0.8577615993662936,0.8686629982313592,0.8827150081030467,0.8680421438183914,0.8676947928500132,0.8826712109473788,0.8879158156361059,0.821724225738109,0.8370456894573913,0.8787819940638668,0.8871006349404321,0.8175466109902807,0.8396319180776004,0.7720843930660186,0.8828643359287833,0.6949871658068362,0.7282189032893167,-0.8740990354585595,-0.012934581430389145,-0.5144009158041002,-0.6034973214344667,0.060227953651080746,-0.16754371514143582,-0.3730231159287992,-0.5211849458131773,-0.032245117007654936,0.1348854737142493,0.399199540179055,-0.8724914410610898,-0.33040315443018664,-0.5560886166608255,-0.6320481542419302,-0.3188047087958059,-0.12641964024178243,-0.6562278067649654,-0.2500139028536774,0.07905723479657
0.7853036383506197,0.9389411974964589,0.8966299829512151,0.9123319246468291,0.8865661226595116,0.9172982262365484,0.9344254660127076,0.909538654145173,0.9163039076527817,0.9012303533283454,0.8460844130641855,0.8807144873153406,0.9388745450957371,0.8981052258220565,0.932740470160655,0.9214669006787669,0.8973356661064278,0.9309807497997185,0.91962230611913,1.0,0.8990532463457813,0.911840661119107,0.9147630316051264,0.8845236315489163,0.8020986373295491,0.9112542651562895,0.9179208448089337,0.755920883826932,0.9091081809986644,0.9142205735619231,0.9026484749422088,0.7605415346905928,0.9121677159465047,0.9224013537657731,0.922134102413696,0.9287763849815945,0.9212829217467671,0.9344728827149232,0.938611486000155,0.8548886050464228,0.8718666939379434,0.9105050160394796,0.9232971122255875,0.86354911883663,0.9033191646636767,0.8197822475224535,0.9253511995480432,0.7425595153842344,0.7960891423576839,-0.9150720366688719,9.643027114803803e-05,-0.5787212129888524,-0.6424746520962809,0.04557084794563824,-0.20551130717681687,-0.3806190231336661,-0.5149189918441384,-0.05178292113545506,0.1724784226209382,0.38851630861485736,-0.9299442617374684,-0.3412425875164697,-0.609709556155656,-0.6847979786989904,-0.398429215610164,-0.18788215154673338,-0.6765840900566671,-0.28780069669689684,0.10404355468866416
0.84070074405027,0.9405821161450733,0.9405749852310206,0.9400311587345075,0.8816452682876328,0.8946726591973233,0.9417818008245752,0.9380802200613352,0.9059104407949432,0.9375443924160238,0.9297804171091948,0.9419869613466916,0.9364874642442459,0.9429781799663576,0.9474121160875215,0.9155134870576574,0.9308066519907128,0.9123216662313165,0.8385479094167031,0.8990532463457813,1.0,0.9166894142583272,0.8918453465146421,0.8507903308298295,0.8881157876163502,0.8916745486294763,0.9439909605860979,0.8169231878220605,0.9232447434821103,0.9624891125813922,0.9526904851956933,0.7960055074799605,0.9426258663178421,0.9419101270984221,0.9447839931416823,0.9292935184636666,0.9474952298443674,0.946316750446488,0.9402642609887191,0.7790734645855959,0.7894993712584768,0.8961061927294888,0.9309292137415696,0.8380413087301747,0.934935022144298,0.8226246730392406,0.9151153710375332,0.7225218842473697,0.7925739608944848,-0.9338139070740537,0.05965658044019507,-0.6197246583161992,-0.6509555835387224,-0.013400405094765198,-0.24454862983973608,-0.35785952567934787,-0.5058413721600088,-0.07703840769538937,0.2784542373727516,0.4784899323317138,-0.9492626167569446,-0.27443308102396546,-0.6703627246242659,-0.6927843704897998,-0.46245317211198644,-0.2517257481424434,-0.6247901203014911,-0.31208504601999326,0.1129298607860143
0.7742718638968015,0.914353403760708,0.9027730480421251,0.9228675684649841,0.8417200284510189,0.8846532478132252,0.9367237956397411,0.8957876010249082,0.8790458630595,0.8947903176343902,0.8651367167457711,0.8678819009890592,0.9401789431261061,0.9143193002494976,0.9292832211551253,0.939671008276805,0.9200118784509277,0.9541274257687151,0.8644371560691748,0.911840661119107,0.9166894142583272,1.0,0.9385991624709422,0.8735149843640517,0.833405490005497,0.8695696700461104,0.922261615070708,0.7118039958389925,0.8784391345014719,0.9332427201934138,0.933089641796305,0.7980039369046552,0.9039155575936745,0.9118528553164167,0.9242548644236701,0.928676855366991,0.9366519693623021,0.9265820027426194,0.9461654310243022,0.8192816041015712,0.7457362791846114,0.8670524211463483,0.913996606952269,0.7925075138675578,0.8801983704116392,0.7837381140324776,0.9293354421675187,0.7605885813817796,0.8241343792978469,-0.8977923173660927,0.0327199735541063,-0.6270488745227442,-0.6976218302703089,0.03178655218171916,-0.2541604004111064,-0.33692129956870087,-0.5144875703518618,-0.07677736953264218,0.26116454002906775,0.4038627875919159,-0.9390960154689602,-0.3245759121118853,-0.6955514447451239,-0.7524675289224648,-0.5307650978255717,-0.2599351683049706,-0.6430808674875761,-0.352533554564666,0.06404662398852647
0.7566792929567111,0.9107465775019045,0.8738124408972214,0.8905062624106902,0.8512722000274648,0.8861555831510166,0.9193787824594197,0.8974886964713736,0.8782526105827121,0.8811119259542319,0.8441737804076052,0.8727395528079974,0.9203916856065322,0.8985102790651541,0.9227386434048561,0.9314623004595017,0.8913672185809678,0.9317704782182948,0.8900537277226152,0.9147630316051264,0.8918453465146421,0.9385991624709422,1.0,0.8581129331955646,0.8123946912686952,0.8635317967868269,0.9096895008611974,0.694400518231507,0.8668132157059427,0.9038817618421986,0.8852741620466946,0.7571536611421187,0.9049405230613314,0.9083010651655372,0.9125052221889975,0.9161693074388523,0.9251188017743395,0.918600850367956,0.9435547041232207,0.8699018089412841,0.7843728685073319,0.8661773698801977,0.9034867062158537,0.820939807438452,0.8702663146736607,0.7991492863364129,0.9245681685115018,0.797639773282211,0.7915779111147865,-0.8962749812742339,0.002690392267109554,-0.6125918969252371,-0.6838748498409818,0.009641370418225392,-0.2436520042377117,-0.3198841251581016,-0.4885837852405087,-0.04444961800644253,0.18570257326178635,0.39054365374549094,-0.9218662380066553,-0.34070354055431856,-0.6786141707816947,-0.7246914489636066,-0.4927145639423851,-0.22578080303158246,-0.6297555725909579,-0.28769072984908467,0.07040061822230624
0.7408445315697981,0.893197739986794,0.8590117507737848,0.8473119571330036,0.8158353221101645,0.8270258813216361,0.8979738033243528,0.8841197692303432,0.8762953037200653,0.8813205983477126,0.8507941201454579,0.8271828241233055,0.8787462209226989,0.8489735149611093,0.8830533291552196,0.8668471258426778,0.8906632782977277,0.8716101431737033,0.8369931402063118,0.8845236315489163,0.8507903308298295,0.8735149843640517,0.8581129331955646,1.0,0.7862785923522506,0.8986165251215513,0.8730829640629287,0.7542796586750254,0.8727331911914202,0.8806264154912008,0.8736073716035858,0.8883655863438729,0.8647801513843855,0.8811588038719422,0.8833758100523077,0.939634062635016,0.8848635839608203,0.8953710752599079,0.8946353987177069,0.8497942620218478,0.7930395848177818,0.8975717809325114,0.8920449869471377,0.8474416224109718,0.8801252457942202,0.8296760980537576,0.9006289863914587,0.7865908197276983,0.7229045228037123,-0.8798561728106548,0.038621332630183296,-0.5253530908784975,-0.6293505078047772,-0.01123203923697832,-0.1823345373082858,-0.3311769790540655,-0.41995320492357574,-0.015463832306437183,0.20867201726670018,0.44119402497107757,-0.8838779004489202,-0.27051496041210615,-0.5731558100633968,-0.6539837259862866,-0.39161341157561946,-0.1814193825856769,-0.5457929201270557,-0.22191129754336725,0.15434245084278644
0.8074400335210988,0.8799535355799767,0.8727192634336676,0.8546200415925799,0.7957653574487191,0.8137968113461805,0.8766060261908394,0.8978871999801659,0.8650336985910052,0.862809791111651,0.8808210290465075,0.8828896875352099,0.8535043241949073,0.9090224437248363,0.9081225100141599,0.8368673416948862,0.8805926687791179,0.8371266263772604,0.7645495185057936,0.8020986373295491,0.8881157876163502,0.833405490005497,0.8123946912686952,0.7862785923522506,1.0,0.8354704021564463,0.9178759825997309,0.7752332739658789,0.8736901971039617,0.9090052042075794,0.886245219249068,0.7595433836985044,0.9292473548888761,0.9121149206707739,0.8963815268723465,0.8690520832024958,0.9052914301386186,0.8934065133328429,0.8799767525985835,0.6789882462228982,0.6701917413449598,0.8402030814742474,0.8640493388953568,0.8191205888264731,0.8716741994793197,0.7806213081673556,0.8572815557702366,0.6580565850937707,0.75026030520989,-0.8760864236666457,0.0784143456563172,-0.5892553592220535,-0.6195617260218647,-0.028243056911430607,-0.2101083038072089,-0.30227057338404273,-0.38047066085694004,0.07728520198023527,0.3806484427152995,0.5056387244765858,-0.889449996328272,-0.22295766909306103,-0.6462755426389049,-0.6396127055912437,-0.4655375712043878,-0.26220404146845483,-0.49334107738902044,-0.2657099353542192,0.18859221763875592
0.7899075634276443,0.9356806040798444,0.9117120379424657,0.8845066947129763,0.8596255196304737,0.8655086435939154,0.9542386002287904,0.9166000805861767,0.9108540059524147,0.9226094313165951,0.8743064421101687,0.856215802123599,0.8895375601071318,0.8852143612494563,0.9215150572691305,0.8910805412529321,0.938607719530525,0.9137484082050261,0.8914123865218939,0.9112542651562895,0.8916745486294763,0.8695696700461104,0.8635317967868269,0.8986165251215513,0.8354704021564463,1.0,0.9163413306817614,0.8142187519561871,0.9216201620108925,0.917371788964264,0.9058402429254148,0.8258366943130615,0.9008601618688356,0.9157822443507936,0.9253717983423442,0.9357852181934454,0.9082215393133434,0.923827458093625,0.9179929884812831,0.790079642383146,0.8378028667269259,0.9472535121127993,0.948755027539234,0.8722928620800546,0.9159689517948579,0.8467614019595826,0.9155063205961437,0.6952197407939849,0.7719357610333363,-0.9154415409710848,0.07144934016081385,-0.5720886648950596,-0.6500326519561429,0.027884820803071243,-0.23269001253907806,-0.39110597662305113,-0.4614530037908482,-0.037527671881443896,0.19730031217442628,0.45132994548498384,-0.9237585097369866,-0.26672213875160633,-0.6052934160434699,-0.6809518197079484,-0.3860015480222967,-0.18997135137158835,-0.6230585055168851,-0.257909610118491,0.15323823112388368
0.8506254779198511,0.9595988701197883,0.943983894871002,0.9379287892506776,0.8921043586124261,0.9079872011880621,0.9546365029124901,0.9585823697118865,0.9404294776803955,0.9299706934889127,0.9255872531796543,0.9323538597554646,0.9411835966744162,0.9487989512112494,0.9695753285744713,0.9362305015082255,0.9384165412257308,0.9304868917960513,0.8708902784996768,0.9179208448089337,0.9439909605860979,0.922261615070708,0.9096895008611974,0.8730829640629287,0.9178759825997309,0.9163413306817614,1.0,0.8147172364165892,0.9428155369647158,0.9616377056614499,0.9405221385945356,0.8183047442376763,0.9543317248748739,0.9630225188115981,0.9639324715847066,0.9476192676379391,0.9680940116769692,0.9679265696029786,0.9575160870602628,0.7962061003065891,0.8027005335962997,0.9193626409180522,0.9366897067289387,0.8675055256380412,0.9365047658879979,0.828892769286678,0.9393993232652563,0.751421086976754,0.7994265893714324,-0.9595369980940921,0.04498034008666316,-0.6803902031424197,-0.6920458133354196,-0.05530045628033997,-0.2560798955579805,-0.35846360297846275,-0.539015910418586,-0.07101275707265299,0.2990787058838021,0.535266271348022,-0.9586137064997512,-0.277166633231267,-0.7075231990624027,-0.7205594544687169,-0.4650128528078864,-0.24694425180819515,-0.6433918275185105,-0.2891828596170086,0.11021040969361674
0.939482926159926,0.8741715935678794,0.8880921828710607,0.8581976843266115,0.8743463993415708,0.8549107435353607,0.8085710402616223,0.8647708186654113,0.8609277346054693,0.8379270114096997,0.8550250030646113,0.8366919897069218,0.7767197229255142,0.7784477907234868,0.816942930064734,0.7568616626274127,0.7841078882213831,0.7093162975914316,0.7212484024568251,0.755920883826932,0.8169231878220605,0.7118039958389925,0.694400518231507,0.7542796586750254,0.7752332739658789,0.8142187519561871,0.8147172364165892,1.0,0.9192165071166839,0.8270179135647939,0.7995489376520992,0.7268519898133574,0.8388651949935256,0.8415319919744256,0.8299904108201751,0.8041788007671211,0.8041221423209419,0.8379173558546091,0.8003191253588,0.6281655852246799,0.8395591783153061,0.8441524260516005,0.8344387450193109,0.8016040510103829,0.851093698174318,0.7319687060886636,0.7843798135477603,0.5903404239775885,0.581320186774724,-0.8659409752540472,0.2441964498367714,-0.5668144420602803,-0.38305590739499795,-0.05208323409095253,-0.223644403371718,-0.4370650022239764,-0.5243658153615458,0.0006742196369687015,0.25732391227774914,0.6327723439208466,-0.8122256993917484,-0.012687157967344456,-0.5536814286984847,-0.4030850140296661,-0.18249431596496762,-0.19387489980001393,-0.529175915051702,-0.10311280580811946,0.33399603928027544
0.9275162098778577,0.9734672932882756,0.9628602500460158,0.9521898046949651,0.9383015572908232,0.9429335088735765,0.9386560849972307,0.9577582083297258,0.9550070165798807,0.9335854747043791,0.9235396789459877,0.9254404467378884,0.9206909276181249,0.9057488293553799,0.9465797640459667,0.9072349831422692,0.9115637071219125,0.8832738933891396,0.8688889852177796,0.9091081809986644,0.9232447434821103,0.8784391345014719,0.8668132157059427,0.8727331911914202,0.8736901971039617,0.9216201620108925,0.9428155369647158,0.9192165071166839,1.0,0.9433250103795313,0.9208642404207206,0.803314520199613,0.9430434694387574,0.9532796079084842,0.9499894361763462,0.9324034979142864,0.9352830752813239,0.9568895013572695,0.9385320719268665,0.7877164858216192,0.8765294077873197,0.9405144463031024,0.9424174741994129,0.8917783957106273,0.9423213198235871,0.8339432592533564,0.9220357297205956,0.7163060890183205,0.7391760893269258,-0.963090755422213,0.1391051237937812,-0.651845669502608,-0.5758579494581457,-0.0448589793422444,-0.25304420799372995,-0.4326336772892832,-0.5575107095257239,-0.029342424359878102,0.24896546478488205,0.5806198062553363,-0.9418573642894881,-0.18437002476292386,-0.6629881652999964,-0.6055453267654999,-0.35338830590320286,-0.21510142974120988,-0.6350144986615694,-0.22475106150038687,0.2306212412693894
0.8427356104043676,0.9590594354996853,0.9482140888110049,0.9389826951227384,0.8825672213385718,0.897970413079613,0.9575709557436359,0.9512805774474241,0.926976505552349,0.9458034376193153,0.9358643580104825,0.933549501587244,0.9432023859246592,0.944847105984093,0.9630564246736596,0.9319530121120194,0.9456322507858415,0.9303616941569652,0.8654410655521765,0.9142205735619231,0.9624891125813922,0.9332427201934138,0.9038817618421986,0.8806264154912008,0.9090052042075794,0.917371788964264,0.9616377056614499,0.8270179135647939,0.9433250103795313,1.0,0.9737047775629147,0.8192024428683364,0.9532918116857703,0.9594083114135843,0.9678078074061981,0.9544552725008951,0.9619085923189401,0.9639892029635662,0.9597306148556418,0.8168293372497933,0.7949213514489218,0.9253242274156761,0.9507215906134645,0.8683584825579057,0.9425726051886499,0.83943940866258,0.9322833328599951,0.7546527866268826,0.8135230405953708,-0.9487657418325914,0.06158490426964166,-0.626751921918463,-0.6670636791898937,-0.008990999744839924,-0.2514822848125543,-0.34961964444778193,-0.49154792767320155,-0.057000633140093404,0.3047162115642939,0.47663910283481925,-0.966515536060172,-0.28237727059548773,-0.6858992067402561,-0.7163380944703367,-0.4821353409859808,-0.24957849568905444,-0.6314307294975386,-0.3023466286503759,0.16782691046513917
