0,1,2,3,4,5,6,7,8,9,10,11,12,13,14,15,16,17,18,19,20,21,22,23,24,25,26,27,28,29,30,31,32,33,34,35,36,37,38,39,40,41,42,43,44,45,46,47,48,49,50,51,52,53,54,55,56,57,58,59,60,61,62,63,64,65,66,67,68
1.0,0.9190532642567775,0.9254545842470646,0.9138738486033184,0.8325948733925908,0.8135753132633001,0.8503990250042985,0.9254977574748559,0.8725665700561165,0.8858875693936861,0.8877311972828207,0.8822459212969326,0.8377816109970222,0.817531592155827,0.909808006579448,0.8299693462658904,0.795474330060716,0.6648226234398462,0.6951935268387609,0.728852255955175,0.8500555300045891,0.8330434899289243,0.8219542442990948,0.5912356482250555,0.8006989950434396,0.7936658030069352,0.8873388827497624,0.8875792618181457,0.9228569829178564,0.9049159179756845,0.8454640035705884,0.6497932678562265,0.9236555840801588,0.9155765066915335,0.8741169454776447,0.8595631014290973,0.904304434162325,0.9073827362854868,0.8740987532700287,0.6930960133402454,0.7778878470920317,0.8114625026283326,0.8515881529087712,0.7466201296773278,0.8441516869558707,0.7777131039607871,0.8194986388711226,0.5433167506311664,0.7640505246284767,-0.9159020383977392,0.33433658003492256,-0.6034073489122661,-0.3913006793711126,-0.33015301654545587,-0.12916243332104735,-0.3081817231101717,-0.3811158368383246,0.00798960516614634,0.290429495481176,0.7193937685764233,-0.9081519730348384,0.3870017313933378,-0.6060269565993561,-0.25959324422375013,-0.3210472812801123,-0.08304573681331452,-0.4055725086381182,-0.056110820022332156,0.45328128474810725
0.9190532642567775,1.0,0.9389755117454905,0.9535987648386234,0.8382428013678271,0.8822885627065968,0.9478063528998871,0.9506721380839602,0.9413187811863623,0.9184357008735126,0.903244077450263,0.8520360785847163,0.8524774802136569,0.8729356661730048,0.9492427644806622,0.9175851108219173,0.9016174908287964,0.752390810249893,0.7868834665784695,0.8248599914538305,0.8357722049341864,0.8929880959908374,0.9204944593880007,0.63944120441503,0.7773083747264851,0.8921956214262291,0.9434065489997254,0.8559892376102056,0.972257726661248,0.9476896352282832,0.9090518082360592,0.7101426478140255,0.9584731063485558,0.960169307228788,0.9423804650512823,0.9406824822954051,0.9374111338681971,0.9628440454137119,0.949564452650724,0.7567656344173542,0.8314299119409421,0.915429213033258,0.9268663630085479,0.8277236815096203,0.8926860261904602,0.8417694015003871,0.8818025256649458,0.5852511878614318,0.8470489790083507,-0.9718256759072047,0.4070458880206212,-0.6069621612970082,-0.5118937733135626,-0.3495132842650528,-0.1399149619098391,-0.2704182038688375,-0.3955799066689506,0.0027445181854415875,0.2583304395745383,0.7794481741616686,-0.9686573071188491,0.43576534044486104,-0.6314403020378839,-0.39088003886488454,-0.392370395037493,-0.07709278613233618,-0.46539110017599206,-0.07712656437794027,0.42699540548777126
0.9254545842470646,0.9389755117454905,1.0,0.9364606804419837,0.846721536178336,0.8355272859451538,0.9086697935360082,0.9211328962365407,0.8845123810725842,0.8997508720719573,0.9192084421616307,0.840958836419154,0.8447037668287452,0.8751566406765007,0.8970793761885727,0.8641343662740028,0.862367561604317,0.7593802376764508,0.7607453175026287,0.7598051604920638,0.8541524936298301,0.8687744818669803,0.8481547066981276,0.5640593565001649,0.7809572713294595,0.87663742743976,0.9108598025908515,0.8539502574099122,0.9397952084207261,0.9086204861661722,0.8765048030956079,0.6069281642097044,0.9223413046103615,0.923386980683533,0.9089621998545038,0.8837705107235599,0.9080412392886985,0.9287806080550634,0.9234906016913218,0.6870807916325057,0.7859705893779009,0.8444744962024725,0.894885705929808,0.7319244326818779,0.8583497646212459,0.765431334944049,0.8572864197943675,0.47186542582850816,0.7847916177853484,-0.9401451772727547,0.35530784907736584,-0.59362212675867,-0.4658542683661826,-0.37402949783100714,-0.08442351965637442,-0.2628230618601304,-0.41654612593773904,-0.053867129637209944,0.21591094606628985,0.7975049504900821,-0.9276081130248777,0.4340491509221161,-0.5847615826657254,-0.33543689527986625,-0.36105903831806846,-0.06940091231118843,-0.46773837405335716,-0.15781047718056532,0.37363954001329824
0.9138738486033184,0.9535987648386234,0.9364606804419837,1.0,0.8492878899024479,0.872211557915933,0.8949169121709422,0.9322335206978402,0.9273904078013799,0.8990961017104009,0.875740091326636,0.8703828461307483,0.8719363259279649,0.8324520055094323,0.935279717160829,0.9165156052646802,0.846278843332971,0.7543930008590002,0.7605866987818757,0.8365710704712318,0.8710841663270802,0.8973315026259218,0.8909703801813926,0.5867448360623769,0.7566637789880115,0.8400576677801662,0.9159437325160664,0.8223788572751952,0.9442908042140346,0.9405101458860531,0.90765731604874,0.6484222381364753,0.9390881740582671,0.9377783556251709,0.9169696345120248,0.9020118031409085,0.9280718710292083,0.9391729788683437,0.921305041131588,0.7188232857058002,0.798556866117348,0.8477587610889025,0.8850618445788507,0.7790668663256377,0.861534173650634,0.8019836698661558,0.8429664557678923,0.548413982216139,0.7954015975320899,-0.9533789114326809,0.3924677540121635,-0.6132334737061703,-0.47742943071335525,-0.3902871729231548,-0.12021056046432285,-0.3029726505014393,-0.42568052443907106,-0.021528741986969684,0.2622468575387389,0.7591801387185954,-0.9437103525267956,0.41298092227907773,-0.6146304345963456,-0.35186821997985984,-0.3990612437319924,-0.07854260190227702,-0.47198751884894685,-0.08354865056288277,0.41974993263080795
0.8325948733925908,0.8382428013678271,0.846721536178336,0.8492878899024479,1.0,0.829932163408791,0.7807833526257143,0.8394997390733744,0.8147690852106059,0.8599243899128856,0.7757991848378482,0.7806837559392381,0.8029942555279573,0.726203080003698,0.8061184764906753,0.7889215680700518,0.7175368412130984,0.6443935860173755,0.6613188400923972,0.7892094839606452,0.8177059096170656,0.7563335578488851,0.77747245460332,0.46815132595643466,0.6235759548682127,0.7199042374169353,0.7793806960116851,0.7499465718123718,0.8389408367610227,0.79447186801413,0.7278641906876145,0.5207059770237386,0.8639315825551064,0.8074848706686734,0.7858676065420543,0.7480797378677754,0.8106241791669749,0.809044968275608,0.7959060663978609,0.5795628082754803,0.7557808396400105,0.7328635058148304,0.8050650106067914,0.6996708618278411,0.792066237909441,0.7101381363172717,0.7025539246703106,0.41008085942621725,0.61802114543432,-0.8205237363652995,0.3079430199118144,-0.46786548676756534,-0.34001521308473875,-0.28839238654746707,-0.13609875378943548,-0.32387821151162877,-0.4023703451244213,0.02213742390270287,0.18931370739125317,0.6236766635769789,-0.8171086752708956,0.33392938474251516,-0.5191261654827526,-0.26398655412155275,-0.2571117813073275,-0.10449554029473478,-0.4787225901887415,-0.015438064370882026,0.35040453806786653
0.8135753132633001,0.8822885627065968,0.8355272859451538,0.872211557915933,0.829932163408791,1.0,0.8458040236638152,0.8394074174422629,0.8702695539994285,0.8126356419214539,0.7337093928987991,0.7014687904422088,0.7125381763890636,0.7615340062690525,0.8663703145907842,0.8541584916437298,0.7823467390924108,0.7326436141869441,0.8535168194887693,0.8755354596189425,0.7123098039583616,0.7615086483985285,0.8525922324348394,0.49472430016812174,0.5951409180619329,0.8452531415507322,0.8260137316475021,0.7280032359106203,0.8854048349343937,0.809634008957336,0.7883793407058017,0.598417083746166,0.8702172377057034,0.8494775860750459,0.825727403673841,0.8018344170316849,0.8377042779910694,0.8425864324847112,0.8330541233565426,0.6137950485272444,0.8406458750579774,0.8618523612889826,0.8382366923281427,0.8215592092126883,0.8142389595060092,0.8129091468427868,0.7284999646133404,0.45215279207050324,0.7034454055613422,-0.8678232484017067,0.3380697282384335,-0.5223376047366186,-0.36842105768497063,-0.258751253637952,-0.16399606209917084,-0.3385569155827706,-0.44147837548013447,0.002735803532383201,0.22623900555049098,0.6743034943109311,-0.8557721117705678,0.3414308545971615,-0.5651552336812155,-0.2746051317478103,-0.2702534975978949,-0.08513386006511044,-0.5225002244471277,-0.04117969413778954,0.3824964868074273
0.8503990250042985,0.9478063528998871,0.9086697935360082,0.8949169121709422,0.7807833526257143,0.8458040236638152,1.0,0.8936666207547586,0.9005036439285466,0.8736071086712762,0.8706415009007266,0.7683110186417046,0.7949169187353448,0.8699068373197704,0.8983066169169808,0.8840071222613831,0.9484217714922679,0.7605288662619096,0.7853221973569261,0.7892906757257638,0.7559043931312849,0.8557643197550358,0.8934230128398143,0.6216395229036212,0.7414562877307993,0.9309444972063321,0.917620715872315,0.806548795436151,0.9392594674322344,0.8975390043134933,0.8705782447733611,0.7006310413650962,0.9037126841509531,0.9158271733018571,0.9124166365270074,0.9212402196266493,0.8874873200552013,0.9292147519222898,0.9328234415359018,0.7146106973704042,0.7934519671364019,0.92643481060688,0.9390763752759608,0.8018709648528123,0.871946341760575,0.8239832907425404,0.8713050444511576,0.52052236155797,0.8256964947427567,-0.9328115468601365,0.4087775013045406,-0.5603233671211628,-0.5238908641767301,-0.32378235806472144,-0.10854734231093265,-0.2519872387958518,-0.3543681378407389,-0.019270040259311897,0.19883462733279478,0.7759926297385952,-0.9328705274101278,0.4627098906384471,-0.5903190937669027,-0.4316742629093267,-0.38591531359154324,-0.10583600063177248,-0.4540900770296016,-0.11714266621005964,0.3512199678313358
0.9254977574748559,0.9506721380839602,0.9211328962365407,0.9322335206978402,0.8394997390733744,0.8394074174422629,0.8936666207547586,1.0,0.9308053126590713,0.9291031593518206,0.9208357854550633,0.9038359968777854,0.8811250182852746,0.8446889750409835,0.953491588223029,0.8946446099430121,0.8517320272468986,0.7237617209063913,0.7209117847276513,0.7714634656612978,0.832588486964718,0.861309592411588,0.8907873371669699,0.5981258365017827,0.82460005941067,0.8323460964287548,0.9296983985818896,0.8431141936680613,0.9434150025546051,0.937076727778155,0.8717250837691853,0.6677934064117448,0.9673930754140898,0.9668484323780054,0.9263386959854482,0.9040847836068087,0.956974688969493,0.9566607786843211,0.923317330967107,0.7176583423644304,0.7780537690751645,0.857768052334428,0.8917740933995844,0.8207912894702638,0.8766940153314488,0.8145944388487584,0.8630880986645365,0.5826771109237697,0.8142316537922094,-0.9551248603685846,0.37634245230220637,-0.6429739433907073,-0.5111742747008827,-0.39071015712240803,-0.1534467908196724,-0.2538093477914725,-0.31340506465684875,0.12244330554000457,0.31415979538202266,0.7411398747530874,-0.9557350986834214,0.369266725825481,-0.6834647307909067,-0.37489665640501296,-0.42503315229207683,-0.11520804250502978,-0.38340402590812694,0.05089707670905522,0.48103445761598096
0.8725665700561165,0.9413187811863623,0.8845123810725842,0.9273904078013799,0.8147690852106059,0.8702695539994285,0.9005036439285466,0.9308053126590713,1.0,0.9070826914212535,0.8534673536297153,0.8476689091002902,0.8525257015173264,0.8356479433967814,0.9314847949376327,0.9022327836383491,0.8619601948159102,0.7057645974983662,0.7306899978246653,0.8038900142783793,0.7896792530024451,0.8516765570594316,0.894832130602217,0.6140351931725627,0.7697607567284226,0.839774521897755,0.9283768133911278,0.8172602478517599,0.92968613481431,0.9204309015392786,0.8708146903806401,0.6879898597604761,0.9377133196456564,0.933698098058398,0.9127724850040422,0.9131149202831833,0.9084945603544187,0.9355937596935444,0.9194507159224464,0.7327203770474987,0.7930068269228938,0.8810570627778181,0.8886424930114735,0.8256334895347861,0.8714708573405089,0.8439487788444195,0.8503990449607098,0.5993635378399144,0.8212977679136072,-0.9375966795125341,0.45039763193984295,-0.5970169597868191,-0.4885464942130834,-0.34835393355751826,-0.1904774724447979,-0.3175940552886285,-0.3615951152617759,0.026907659419073908,0.259435254038883,0.7237430209392499,-0.9486071700212136,0.41530750634324254,-0.653493673190374,-0.3860916618677747,-0.42894709303857065,-0.12641701757994364,-0.4539758917637144,-0.028601992804459006,0.4397817000702201
0.8858875693936861,0.9184357008735126,0.8997508720719573,0.8990961017104009,0.8599243899128856,0.8126356419214539,0.8736071086712762,0.9291031593518206,0.9070826914212535,1.0,0.9194858913536251,0.8802303469268447,0.908143421682436,0.863073049470315,0.8803675502652965,0.8478301956961463,0.8515331918641571,0.6440892780643936,0.6641882307768621,0.7350846531265637,0.8500369728953624,0.841707195486179,0.8771510477924263,0.6130169981144802,0.8055937452988112,0.8018378219797575,0.9121648455576903,0.8547218576868048,0.9052277682050257,0.9088131977410849,0.8270782510332981,0.6592636918050389,0.9273684595114731,0.9133133530980985,0.9050175717015597,0.8956824277043213,0.881985686956282,0.9265155737620218,0.9165643150723515,0.7452634669436744,0.7718761270923119,0.8507343565964216,0.8928494919686654,0.7910562867311843,0.8891609005850124,0.8154922909630118,0.871725792016008,0.5818919992560797,0.7748516966490999,-0.9130135238448127,0.396464289100553,-0.541230088979085,-0.4957749883534652,-0.346570937249619,-0.11271651609378515,-0.2658566214591625,-0.26844108096686226,0.07164829788984851,0.24858027294958018,0.6995285412360077,-0.9301114920826228,0.40715907464553286,-0.6005636862110912,-0.4043073112367467,-0.4062115407360461,-0.10492583967824776,-0.36884869265153153,-0.01545150803244247,0.4306630148677527
0.8877311972828207,0.903244077450263,0.9192084421616307,0.875740091326636,0.7757991848378482,0.7337093928987991,0.8706415009007266,0.9208357854550633,0.8534673536297153,0.9194858913536251,1.0,0.8732520411285264,0.887496897583196,0.868582859679432,0.8656443394695924,0.8371012279975852,0.8534264421395777,0.6958595803999063,0.6615300008748958,0.6473732874498471,0.8099809812098738,0.8772661406356239,0.8499191273171911,0.6069398803914454,0.8744642936759716,0.7966572643137108,0.9165613522871363,0.8524252834238468,0.8920981178464119,0.909678236863182,0.8540855216839425,0.6244018280839166,0.9015131063972007,0.9108458359550442,0.9120714842548361,0.8895563482095173,0.8767314571544276,0.9263237028106612,0.9229773646032845,0.7515412640054369,0.67684996759566,0.8140696684695866,0.8647720814296492,0.6960791266535953,0.8325645149737732,0.7267756147386814,0.8995335512133805,0.5659847734807016,0.7770389521535204,-0.9134189311169651,0.38029763835343433,-0.5719177376143926,-0.5411142069842293,-0.4188501405154531,-0.0977257672696076,-0.21423747105327834,-0.23759920287575206,0.034013900842370014,0.22439032605920503,0.7600000383201762,-0.9185419568926475,0.43003788837996465,-0.6020389459321291,-0.41328281665873895,-0.43563285303192845,-0.12723892773031573,-0.31076416313814814,-0.08392931552898852,0.39542115020081003
0.8822459212969326,0.8520360785847163,0.840958836419154,0.8703828461307483,0.7806837559392381,0.7014687904422088,0.7683110186417046,0.9038359968777854,0.8476689091002902,0.8802303469268447,0.8732520411285264,1.0,0.9195448176865797,0.744179730415937,0.8716149738590874,0.8093018512847676,0.7524497830171988,0.5841929710052305,0.5398250751250431,0.6249658871118285,0.847231886193958,0.8060892341212684,0.79414662978445,0.5412038041365705,0.8594694256294895,0.6644287302042484,0.8641391370465158,0.8332201089783362,0.8376299619772098,0.888026447763124,0.7633738787893448,0.5488896933020321,0.886732942988834,0.8809066025265175,0.8518957324011733,0.8205346098714387,0.8621105911723239,0.8775194152475154,0.8371909886467955,0.7021022706151261,0.6438359438626194,0.7236035503689158,0.7957294118059401,0.6731712956429322,0.805993662352977,0.7240549017983813,0.8025325776950318,0.5796498068467161,0.68165895601607,-0.8681115284686748,0.3988951942892822,-0.5447293037440074,-0.4212666061606791,-0.4017088797314628,-0.1567862796719759,-0.2711341507393922,-0.22502535878074517,0.06114498962845504,0.2810404983492129,0.6356489936128676,-0.876204268785789,0.3924152078618182,-0.598334151130472,-0.2892287680098877,-0.42257106739170086,-0.11923598450764403,-0.28212885654540903,0.005604611584533697,0.47612412447199687
0.8377816109970222,0.8524774802136569,0.8447037668287452,0.8719363259279649,0.8029942555279573,0.7125381763890636,0.7949169187353448,0.8811250182852746,0.8525257015173264,0.908143421682436,0.887496897583196,0.9195448176865797,1.0,0.8022981916763956,0.8420926013656305,0.8292753385832438,0.7890274250927928,0.6220375900871167,0.5657859621536054,0.6538249884774799,0.8246011680327768,0.853369617592416,0.8167278333377291,0.548174434217916,0.8555110884123253,0.6974996192730935,0.8816697885068067,0.805363787827228,0.834769223096895,0.8931821044148164,0.7868451082424219,0.5464999395339527,0.8711888068387618,0.8743305858575466,0.865068230516462,0.8416537389857209,0.8470681623542058,0.8891970919812492,0.8711865256108551,0.7140890710779132,0.619979050760768,0.7443689602269216,0.8224355609706295,0.6587594011770413,0.7994750939871396,0.7051395975713234,0.8449294847305717,0.5619212927389974,0.6765745579818099,-0.8680953414148658,0.42079760159882984,-0.5102466120962662,-0.5000548815060057,-0.42669860735579807,-0.11294155749114093,-0.2428795725034722,-0.1860750668359931,0.08236436161994509,0.22393084059534396,0.687835215118699,-0.8782034976694658,0.44310089809799424,-0.5650350210685254,-0.38292022733905806,-0.43871695223736995,-0.13333908174522222,-0.2507021725385753,-0.01637028517984501,0.41138383475676626
0.817531592155827,0.8729356661730048,0.8751566406765007,0.8324520055094323,0.726203080003698,0.7615340062690525,0.8699068373197704,0.8446889750409835,0.8356479433967814,0.863073049470315,0.868582859679432,0.744179730415937,0.8022981916763956,1.0,0.8302107580639679,0.7901765133481494,0.8465723456366119,0.6767652262683616,0.7024388790740144,0.6853182055461585,0.7504500602044153,0.8271642405284788,0.8402554841311789,0.6105099390310047,0.7380403822876931,0.8260753653383459,0.904022124065981,0.7808720440879169,0.864037066973708,0.853681896252838,0.8206834712493658,0.667210519325158,0.8571794489147246,0.8804809293648644,0.8703712920077423,0.8841201056612215,0.8209232092408701,0.9050331368431522,0.9048012762299672,0.7257518297684062,0.71945881087298,0.8345203502971084,0.8433173330173998,0.7204290011729466,0.8242906324982815,0.7608867331583645,0.8479710005241778,0.5713621664515092,0.7908271826125323,-0.8841824021501787,0.3757122098812402,-0.5614895552827104,-0.5714598205060495,-0.37048116933822384,-0.031069629236727122,-0.17927955492584857,-0.2936273153797883,-0.02010419242403546,0.15029879030976268,0.7406329865087913,-0.8875777562216461,0.44637047443554834,-0.5706626469409876,-0.4842453465871125,-0.4563734116115457,-0.09231078590601093,-0.3885088719848761,-0.1636665688845552,0.30233666521739483
0.909808006579448,0.9492427644806622,0.8970793761885727,0.935279717160829,0.8061184764906753,0.8663703145907842,0.8983066169169808,0.953491588223029,0.9314847949376327,0.8803675502652965,0.8656443394695924,0.8716149738590874,0.8420926013656305,0.8302107580639679,1.0,0.9209641829465013,0.851356712085269,0.757826579678084,0.7683863132634795,0.8242316620734921,0.8039339114541739,0.8698042558354919,0.9060897880228413,0.5874649674601825,0.7791235614276795,0.8427598158978775,0.9291084942103607,0.7979716549291067,0.949519015155539,0.9345154608421388,0.8927527718095459,0.6843648287270365,0.9525937397041337,0.9627894732320308,0.9209846269802618,0.9003638274062433,0.9434421564656198,0.9471776049681913,0.9142851799601118,0.7053020914043858,0.7788822601043325,0.861708355234895,0.8815954713042748,0.8285596398210812,0.8617496749967362,0.8214627208448407,0.8367087246150589,0.5907028172121551,0.8136645746192221,-0.95795735905735,0.3835651597156292,-0.6640372537007531,-0.519860551531574,-0.41924699849093194,-0.18527585674748256,-0.2801016879340478,-0.3835369729425006,0.05752621488254711,0.27266260188615443,0.7399493284705615,-0.952647523011153,0.3767756373064132,-0.6871297642900619,-0.39116071336613867,-0.45394025387870574,-0.12914777294724503,-0.4499719686119976,-0.00876365300057136,0.4466736197869828
0.8299693462658904,0.9175851108219173,0.8641343662740028,0.9165156052646802,0.7889215680700518,0.8541584916437298,0.8840071222613831,0.8946446099430121,0.9022327836383491,0.8478301956961463,0.8371012279975852,0.8093018512847676,0.8292753385832438,0.7901765133481494,0.9209641829465013,1.0,0.8408402061190868,0.8164527730734956,0.8021544467496006,0.8561341869596332,0.767703761851227,0.9051249890924183,0.9203102022301031,0.532239283186875,0.7149501324690898,0.8205852084110026,0.8979742148550377,0.7224289037000464,0.913578762387064,0.9013595080056248,0.892233677215767,0.6349826267750057,0.9007055561313313,0.9080474550185281,0.8955100844087837,0.8697386925399648,0.8886100648526915,0.9149159045984236,0.9064112481920451,0.6832442777446375,0.7182719292058682,0.8188181551956235,0.8444510978446587,0.753312972836339,0.8046127856845314,0.7566883756877733,0.8041844118304134,0.5507947625119828,0.781163767408354,-0.929663829166369,0.43611514026615666,-0.6368655969287581,-0.5967610457985305,-0.4922085296567903,-0.18318188272562705,-0.31096986384720987,-0.3751195712489043,-0.0035645461810400415,0.21288167515771467,0.7788840674541047,-0.9243721634323154,0.44394690461486364,-0.6695018962316733,-0.4494830537742847,-0.5010757767040195,-0.1585529141587443,-0.4732562628856286,-0.07578343344448844,0.3653773481609174
0.795474330060716,0.9016174908287964,0.862367561604317,0.846278843332971,0.7175368412130984,0.7823467390924108,0.9484217714922679,0.8517320272468986,0.8619601948159102,0.8515331918641571,0.8534264421395777,0.7524497830171988,0.7890274250927928,0.8465723456366119,0.851356712085269,0.8408402061190868,1.0,0.7533022609023199,0.7491193079255118,0.7244827658773177,0.7267891626969039,0.8309020552070888,0.8671712084950302,0.5821975385640341,0.7312541450882436,0.8918415360131707,0.8826243751590492,0.7559842816820749,0.8829057245405294,0.8545057760151695,0.8114656399853489,0.6849091787854406,0.8538244204324902,0.8795740462843102,0.8761031281807067,0.8839644943400311,0.8501683329197609,0.8933824457368409,0.9070165054750252,0.6752018179185143,0.715569660281047,0.8969241951306944,0.9214162440177148,0.7459123594731604,0.8310595205626905,0.7820272590505043,0.8522743828315339,0.4834638001089611,0.7733631385176531,-0.8884350967599994,0.40127399838686373,-0.5571604507180008,-0.5256147325766389,-0.349062240366453,-0.07541884117293515,-0.21644573492671126,-0.3130504231657641,-0.011348220342089101,0.15011989206570267,0.7267592995022999,-0.8909902109616287,0.4763221451232035,-0.579447672598509,-0.46660528397228446,-0.4264852531748117,-0.11948330036237037,-0.38550381599175715,-0.1304333389586378,0.30034452469863276
0.6648226234398462,0.752390810249893,0.7593802376764508,0.7543930008590002,0.6443935860173755,0.7326436141869441,0.7605288662619096,0.7237617209063913,0.7057645974983662,0.6440892780643936,0.6958595803999063,0.5841929710052305,0.6220375900871167,0.6767652262683616,0.757826579678084,0.8164527730734956,0.7533022609023199,1.0,0.86825588340984,0.7450472519573983,0.5673705410585674,0.7977816016074257,0.7599624733704978,0.2856892881284006,0.5621433387163072,0.7734083611601641,0.7346993987871547,0.5117092703688804,0.7689326873228137,0.704581636052916,0.7423192726332376,0.44246001745186436,0.734572493475375,0.7591456491667358,0.7343222727179699,0.6566208043878033,0.7600987049771862,0.7469665604541881,0.7608183478842067,0.3860254437730484,0.5474801935964656,0.6602377692627398,0.7292953474046635,0.5713177441493923,0.604626902612362,0.5409770236569884,0.6296431661506343,0.2351882058424097,0.5899577369561272,-0.7735210567981099,0.28374402880697497,-0.6337657493756191,-0.5214744837422061,-0.4879165726817837,-0.1265553699781322,-0.2298819365027238,-0.413845280086533,-0.04041668435653375,0.10285916669774416,0.7181435908698134,-0.7435287836549513,0.3690832808453724,-0.6158922850789544,-0.42586516547310743,-0.4461753732261314,-0.1998920783620339,-0.41894493114634906,-0.14039827096459676,0.19508097599175991
0.6951935268387609,0.7868834665784695,0.7607453175026287,0.7605866987818757,0.6613188400923972,0.8535168194887693,0.7853221973569261,0.7209117847276513,0.7306899978246653,0.6641882307768621,0.6615300008748958,0.5398250751250431,0.5657859621536054,0.7024388790740144,0.7683863132634795,0.8021544467496006,0.7491193079255118,0.86825588340984,1.0,0.8138592431371728,0.5741699019229864,0.7342983944418618,0.779310883141032,0.3692906141819426,0.4897254140737646,0.8265950187028966,0.7260905388912825,0.554436788713803,0.8019802475584759,0.6999411116303192,0.7424997372801097,0.510810718232948,0.7471669779036233,0.7562899965999376,0.7294149294721197,0.6943132935055291,0.7437986726262494,0.7481817229887651,0.7594280578467424,0.4559512669919315,0.6811916768877843,0.7665554959769525,0.7433729169826531,0.698179608816212,0.659614098513654,0.6374996543227098,0.6434814582603621,0.2816131879056083,0.6121559747534537,-0.7777362621527686,0.24649099322507909,-0.5664161410287285,-0.46402701461613,-0.35725523635707335,-0.12051365388507265,-0.2890450444556078,-0.455507759195303,-0.04876186999132504,0.09283067513911118,0.6772501292800731,-0.7505186890983904,0.3446761865947475,-0.5464211769751846,-0.3634224742608372,-0.3401673892139037,-0.11818905403944911,-0.49156715408374935,-0.12320215453808657,0.1959559704138334
0.728852255955175,0.8248599914538305,0.7598051604920638,0.8365710704712318,0.7892094839606452,0.8755354596189425,0.7892906757257638,0.7714634656612978,0.8038900142783793,0.7350846531265637,0.6473732874498471,0.6249658871118285,0.6538249884774799,0.6853182055461585,0.8242316620734921,0.8561341869596332,0.7244827658773177,0.7450472519573983,0.8138592431371728,1.0,0.7219258916715259,0.761541592437145,0.831351555388766,0.4305822517908847,0.4411088227081619,0.7674768800309419,0.7334120562674358,0.5718173491618987,0.8276123536658101,0.7516883899684208,0.7720717299510281,0.5827649122751843,0.8029896209190084,0.7863882844010651,0.7554771872845087,0.7248071901910422,0.7894075523012686,0.7695353352526084,0.7631550916506099,0.5143586145921463,0.7807904694504665,0.7587641330351151,0.7690220363082988,0.7757157707518333,0.7496599693505914,0.7461794912872973,0.6274389821676735,0.38625952023285753,0.678940193111173,-0.8138796742167032,0.2512519543116463,-0.5843534349119378,-0.45442293827895625,-0.33721749429512676,-0.18283891551225145,-0.31999326704078507,-0.485938825884822,-0.0019591484055353397,0.17955179805809737,0.6297738395185598,-0.7832169284311338,0.31542184770138026,-0.5684351351985081,-0.3635933750002327,-0.3288239805683655,-0.09145829603640519,-0.5365555806081774,0.016088402787857854,0.3049354360431622
0.8500555300045891,0.8357722049341864,0.8541524936298301,0.8710841663270802,0.8177059096170656,0.7123098039583616,0.7559043931312849,0.832588486964718,0.7896792530024451,0.8500369728953624,0.8099809812098738,0.847231886193958,0.8246011680327768,0.7504500602044153,0.8039339114541739,0.767703761851227,0.7267891626969039,0.5673705410585674,0.5741699019229864,0.7219258916715259,1.0,0.7866131604132955,0.7809133892292665,0.516110105862426,0.6339723689187413,0.6815830860868842,0.7774892931811205,0.7694271907127225,0.8209407428355953,0.8338874162991747,0.7820999488884882,0.5536055446185753,0.8332699319453606,0.8208032928085116,0.8031052320727898,0.7805153153680766,0.8074763384433137,0.8177032333063835,0.8011389504877986,0.6569262536632864,0.7467118982623954,0.7072932165781795,0.7807100940600437,0.659108111068236,0.7807885968359625,0.6883295678168901,0.7318952030658389,0.48704042500838274,0.7104816395720335,-0.8382385170223409,0.2861286584551167,-0.5329940517025753,-0.40694393790591965,-0.3349631952256055,-0.08351109593510848,-0.24416647766342037,-0.3721753923719928,-0.039015514251652714,0.21546566407105716,0.6149736573778292,-0.8192061457476802,0.3678704023775594,-0.4870601681156541,-0.29819590991814426,-0.32497658455583983,-0.013950192896957484,-0.4077992543985593,-0.06805909699410356,0.3596160888101238
0.8330434899289243,0.8929880959908374,0.8687744818669803,0.8973315026259218,0.7563335578488851,0.7615086483985285,0.8557643197550358,0.861309592411588,0.8516765570594316,0.841707195486179,0.8772661406356239,0.8060892341212684,0.853369617592416,0.8271642405284788,0.8698042558354919,0.9051249890924183,0.8309020552070888,0.7977816016074257,0.7342983944418618,0.761541592437145,0.7866131604132955,1.0,0.9042761098644964,0.5784176417093538,0.7687356082348178,0.7683728053580682,0.8896768877365081,0.7473902905166828,0.8828659006254742,0.9016733628778901,0.9128879346019044,0.6461853714752281,0.862300388545174,0.883436218729325,0.8884473717036804,0.8732227352306716,0.8584093453475079,0.9038708652461026,0.914983896583608,0.7558541551788371,0.6566754239885644,0.781855578467759,0.8248334054139124,0.6524803959170626,0.7742722207134906,0.6966439523222009,0.8358290070273418,0.5938052694801816,0.7642085789263876,-0.9041220593750933,0.37360852684086227,-0.5994027222002419,-0.566883252843443,-0.4490465782119276,-0.09654881031957013,-0.24086639428808174,-0.34782142654823844,-0.053217492619599585,0.16340913194266918,0.7736042854331386,-0.8981465258025134,0.44442392416282234,-0.5810190314299564,-0.451433421563102,-0.4670019556548313,-0.1370748865780627,-0.398727531287054,-0.14505214425811006,0.2965159117603142
0.8219542442990948,0.9204944593880007,0.8481547066981276,0.8909703801813926,0.77747245460332,0.8525922324348394,0.8934230128398143,0.8907873371669699,0.894832130602217,0.8771510477924263,0.8499191273171911,0.79414662978445,0.8167278333377291,0.8402554841311789,0.9060897880228413,0.9203102022301031,0.8671712084950302,0.7599624733704978,0.779310883141032,0.831351555388766,0.7809133892292665,0.9042761098644964,1.0,0.6071494120503445,0.7180025409545832,0.818231742936301,0.8983543205025222,0.7481925776956155,0.9083890824823154,0.899446048300886,0.8740171773827599,0.6911426658215006,0.8990735300398637,0.9057715980149523,0.8981605637663573,0.897563749870414,0.8714630235953191,0.9202370266126666,0.925698914436818,0.7809589531943499,0.7518096856968753,0.8539418163741119,0.8671678016036748,0.7866902075374939,0.8356777570983531,0.8019635462610578,0.8370483840030893,0.6512074393608379,0.8099927185981507,-0.9255543923019018,0.3697572199284054,-0.5860954769237482,-0.5693177525833034,-0.397144862265178,-0.13216349954728254,-0.29366726431871787,-0.3340547883378225,0.015721639004659355,0.21714729511612982,0.735676274954126,-0.9206373685551411,0.410654043529995,-0.6031907344249761,-0.4507263493713712,-0.4516088697026044,-0.12381329641901037,-0.42378953336890496,-0.031745287556542844,0.36188932107554955
0.5912356482250555,0.63944120441503,0.5640593565001649,0.5867448360623769,0.46815132595643466,0.49472430016812174,0.6216395229036212,0.5981258365017827,0.6140351931725627,0.6130169981144802,0.6069398803914454,0.5412038041365705,0.548174434217916,0.6105099390310047,0.5874649674601825,0.532239283186875,0.5821975385640341,0.2856892881284006,0.3692906141819426,0.4305822517908847,0.516110105862426,0.5784176417093538,0.6071494120503445,1.0,0.5476349735702871,0.5428502364624488,0.6186208821414187,0.657707480954279,0.6279629823593624,0.6492942995797701,0.5946748677970431,0.8308311780699972,0.5971117479584217,0.5977990345169787,0.6041509895925143,0.7572362622184975,0.547377032298928,0.632253242510829,0.6107095579531461,0.799470579977925,0.589260928596512,0.6645681267720317,0.5843548812633385,0.5868686381838707,0.6572995671494559,0.6377273308885145,0.6893417966989129,0.7828874823376483,0.6259854013737027,-0.6067368683007637,0.24758906289890653,-0.2510963250862598,-0.27640833566391687,-0.033799959237243146,-0.011426213368522726,-0.1680648082432332,-0.1415286770689498,0.0003954349365947926,0.22839218440441064,0.45453413487571287,-0.6380218991864189,0.27159275772975655,-0.2805749632406162,-0.2427558772431025,-0.17375854111002761,0.0830022742503305,-0.24289612933601654,-0.029494436168489464,0.3788962618773512
0.8006989950434396,0.7773083747264851,0.7809572713294595,0.7566637789880115,0.6235759548682127,0.5951409180619329,0.7414562877307993,0.82460005941067,0.7697607567284226,0.8055937452988112,0.8744642936759716,0.8594694256294895,0.8555110884123253,0.7380403822876931,0.7791235614276795,0.7149501324690898,0.7312541450882436,0.5621433387163072,0.4897254140737646,0.4411088227081619,0.6339723689187413,0.7687356082348178,0.7180025409545832,0.5476349735702871,1.0,0.6510055769869082,0.8547799775690026,0.8119762139875564,0.7684518679654272,0.8348858828276824,0.7291944091187422,0.5030845041572618,0.8004751242139753,0.8156158324148992,0.8116398534311899,0.7995895541331962,0.7839832261144416,0.8357940757672149,0.8135329552139865,0.6982810381798855,0.4961894503009051,0.691526935124894,0.7468524618777929,0.5776851083482982,0.7289524864892087,0.633076027912267,0.8365815716511,0.5643453547451152,0.6385160348957201,-0.7987673023747116,0.4240137219746005,-0.45439449838524915,-0.429368863830578,-0.3596902107729697,-0.10614239939569393,-0.21885959716757966,-0.08978960027296772,0.10376102251038208,0.27400899463691986,0.6706500564297627,-0.8210406071333103,0.41935246485038635,-0.5336794256382025,-0.2956978726600161,-0.39892356675193047,-0.17978864297179625,-0.13051937991538942,-0.05632349385814009,0.44628398356381
0.7936658030069352,0.8921956214262291,0.87663742743976,0.8400576677801662,0.7199042374169353,0.8452531415507322,0.9309444972063321,0.8323460964287548,0.839774521897755,0.8018378219797575,0.7966572643137108,0.6644287302042484,0.6974996192730935,0.8260753653383459,0.8427598158978775,0.8205852084110026,0.8918415360131707,0.7734083611601641,0.8265950187028966,0.7674768800309419,0.6815830860868842,0.7683728053580682,0.818231742936301,0.5428502364624488,0.6510055769869082,1.0,0.847931845995449,0.7301027672468064,0.8910978848497059,0.82659382811601,0.8191154075826639,0.657734913676569,0.8377515066726957,0.8596043854624474,0.8486001200909059,0.8546870162975736,0.8404596800366052,0.8656759540182423,0.8712802247080486,0.6060670170884511,0.7822508126584805,0.9033133696972943,0.9075728252092687,0.7829386257298036,0.8152463489141643,0.7791180356705082,0.7978295895910906,0.40106336329297326,0.7729006593868797,-0.879623763622063,0.35171481007183614,-0.5604974113876751,-0.492575207413174,-0.28837695996108526,-0.11205436483872827,-0.2212268624413053,-0.3994343569407245,-0.021488540378998253,0.17624217607102083,0.7415668176876395,-0.8645390994230767,0.40710426813164574,-0.5699691951549971,-0.4023514931924483,-0.30825467845217674,-0.08346680449400103,-0.4669237786813642,-0.12213460772682344,0.3034646904936555
0.8873388827497624,0.9434065489997254,0.9108598025908515,0.9159437325160664,0.7793806960116851,0.8260137316475021,0.917620715872315,0.9296983985818896,0.9283768133911278,0.9121648455576903,0.9165613522871363,0.8641391370465158,0.8816697885068067,0.904022124065981,0.9291084942103607,0.8979742148550377,0.8826243751590492,0.7346993987871547,0.7260905388912825,0.7334120562674358,0.7774892931811205,0.8896768877365081,0.8983543205025222,0.6186208821414187,0.8547799775690026,0.847931845995449,1.0,0.8599981130794024,0.9375527959514626,0.9458721453774696,0.8906474348200579,0.6735365580200416,0.9413491489322836,0.9506813016296627,0.9531102174719737,0.936078343340132,0.9016337256351823,0.9646150385426986,0.9550310650528411,0.7631344935549165,0.7499773331754855,0.8796815233408939,0.8934594377362839,0.7906394784771142,0.8724148139435447,0.8131877917884291,0.9051477537163632,0.619063214711465,0.820599194055398,-0.9573691075390413,0.4642303469813181,-0.598815770222201,-0.5677677684480521,-0.4277282989441855,-0.1341682429320276,-0.2635696439894072,-0.30155817349715286,-0.004471951602000112,0.22486448712746623,0.797069079652894,-0.9664412947620795,0.4598408477990127,-0.6520369307635557,-0.44017364680015525,-0.49145413334638505,-0.14354780707729434,-0.40595755573615455,-0.1252253943368751,0.41601241493013386
0.8875792618181457,0.8559892376102056,0.8539502574099122,0.8223788572751952,0.7499465718123718,0.7280032359106203,0.806548795436151,0.8431141936680613,0.8172602478517599,0.8547218576868048,0.8524252834238468,0.8332201089783362,0.805363787827228,0.7808720440879169,0.7979716549291067,0.7224289037000464,0.7559842816820749,0.5117092703688804,0.554436788713803,0.5718173491618987,0.7694271907127225,0.7473902905166828,0.7481925776956155,0.657707480954279,0.8119762139875564,0.7301027672468064,0.8599981130794024,1.0,0.8609888731767835,0.8589905093672358,0.7599415414849647,0.6245050651967793,0.8617417710979797,0.8343551366414345,0.8440360517574551,0.847083656128134,0.7902268110340821,0.8512950725864619,0.8349035434563511,0.7431944079086819,0.7889595630491225,0.8078856008800063,0.8185624056954571,0.7089161782010137,0.8343903231920232,0.7656800979805524,0.8416636271731202,0.5674103443883695,0.727847802193939,-0.8385292372126592,0.3901422680971632,-0.4100139058622719,-0.296591482784614,-0.18798848417916061,-0.06001298949510295,-0.2550159134127076,-0.213052317904412,-0.03228943774884406,0.32824737144911154,0.6555825015864566,-0.8535824438233024,0.44383586306795064,-0.45127033449342163,-0.17476838980840603,-0.22673927758749735,0.007708391170512507,-0.2793576825387742,-0.1203006487486348,0.49028494573334697
0.9228569829178564,0.972257726661248,0.9397952084207261,0.9442908042140346,0.8389408367610227,0.8854048349343937,0.9392594674322344,0.9434150025546051,0.92968613481431,0.9052277682050257,0.8920981178464119,0.8376299619772098,0.834769223096895,0.864037066973708,0.949519015155539,0.913578762387064,0.8829057245405294,0.7689326873228137,0.8019802475584759,0.8276123536658101,0.8209407428355953,0.8828659006254742,0.9083890824823154,0.6279629823593624,0.7684518679654272,0.8910978848497059,0.9375527959514626,0.8609888731767835,1.0,0.9386988255018384,0.9104940107707133,0.6999891102195906,0.9542842680285637,0.9514843515367822,0.9356701373748877,0.9234861009994472,0.9257305342090681,0.954419575082384,0.940336648364969,0.7252571822847198,0.8390006044679975,0.9048471329181192,0.9194313917392016,0.8344864389188339,0.8864317799594128,0.8331175756954596,0.873488193761124,0.5566523657795337,0.8308521789106964,-0.9648620433611439,0.38148021580842223,-0.6002973905785156,-0.4946223653519407,-0.35920289670314,-0.1415142879397667,-0.29586165668602793,-0.39232669349230953,-0.0010571570840196757,0.2656006249332013,0.785309965764184,-0.9589745633018627,0.42765562199545476,-0.6206301668066878,-0.3614071936694003,-0.37862955120451813,-0.08589699962939555,-0.46930760753171746,-0.08290543622020088,0.4272023646104315
0.9049159179756845,0.9476896352282832,0.9086204861661722,0.9405101458860531,0.79447186801413,0.809634008957336,0.8975390043134933,0.937076727778155,0.9204309015392786,0.9088131977410849,0.909678236863182,0.888026447763124,0.8931821044148164,0.853681896252838,0.9345154608421388,0.9013595080056248,0.8545057760151695,0.704581636052916,0.6999411116303192,0.7516883899684208,0.8338874162991747,0.9016733628778901,0.899446048300886,0.6492942995797701,0.8348858828276824,0.82659382811601,0.9458721453774696,0.8589905093672358,0.9386988255018384,1.0,0.9160949810868257,0.6972887255773994,0.9349768071831878,0.9418727047973159,0.9304163290511211,0.9391575636597546,0.9130662888194001,0.955967368855801,0.941011607447601,0.7963509708892607,0.7471468893765142,0.8503368920552018,0.8821733660518183,0.766934473261479,0.8613607198779163,0.7955126393623657,0.8941452129469586,0.6380393221298373,0.8259762076657144,-0.9540878555200809,0.437006213472364,-0.5778570764217666,-0.5474999826991731,-0.4154231517371083,-0.13508315280501074,-0.26837077530486547,-0.3238375514061466,0.01476653531887115,0.2644435634695993,0.7605089674544883,-0.95808049034256,0.43385611396832796,-0.6073888717791426,-0.419879447043376,-0.464997006799015,-0.08915297971781663,-0.39035540399384,-0.10027879180429765,0.4507702021455386
